101,1000,1,0
101,1050,2,0
101,1660,3,0
101,1665,4,0
101,1730,5,0
101,1750,6,0
101,1760,7,0
101,1765,8,0
101,1785,9,0
101,1790,10,0
101,1815,11,0
101,6205,12,0
101,6215,13,0
101,6285,14,0
101,6295,15,0
101,6305,16,0
101,6315,17,0
101,6325,18,0
101,6335,19,0
101,6345,20,0
101,6355,21,0
101,6580,22,0
101,6590,23,0
101,6935,24,0
101,7000,25,0
101,7010,26,0
101,7020,27,0
101,7030,28,0
101,7235,29,0
101,7240,30,0
101,7250,31,0
101,7280,32,0
101,7290,33,0
101,7300,34,0
101,7225,35,0
101,7220,36,0
101,7215,37,0
101,7210,38,0
101,7205,39,0
101,7060,40,0
101,7055,41,0
101,7050,42,0
101,7045,43,0
101,7040,44,0
101,7155,45,0
101,7160,46,0
101,7170,47,0
101,7175,48,0
101,7180,49,0
101,7185,50,0
101,7190,51,0
101,7195,52,0
101,7165,53,0
101,7150,54,0
101,7145,55,0
101,7135,56,0
101,7125,57,0
101,8075,58,0
101,7005,59,0
101,6995,60,0
101,6585,61,0
101,6575,62,0
101,6350,63,0
101,6340,64,0
101,6330,65,0
101,6320,66,0
101,6310,67,0
101,6300,68,0
101,6290,69,0
101,6280,70,0
101,6210,71,0
101,1820,72,0
101,1795,73,0
101,1787,74,0
101,1780,75,0
101,1770,76,0
101,1755,77,0
101,1745,78,0
101,1675,79,0
101,1670,80,0
101,1655,81,0
101,1051,82,0
101,1045,83,0
101,1125,84,0
101,5025,85,0
101,5030,86,0
101,5040,87,0
101,5480,88,0
101,5490,89,0
101,5505,90,0
101,5515,91,0
101,5517,92,0
101,5520,93,0
101,5510,94,0
101,5500,95,0
101,5725,96,0
101,5735,97,0
101,5740,98,0
101,5750,99,0
101,5760,100,0
101,5770,101,0
101,5800,102,0
101,5810,103,0
101,5822,104,0
101,5826,105,0
101,5830,106,0
101,5825,107,0
101,5820,108,0
101,5812,109,0
101,5805,110,0
101,5785,111,0
101,5854,112,0
101,5840,113,0
101,5833,114,0
101,8170,115,0
101,8165,116,0
101,5870,117,0
101,6010,118,0
101,6020,119,0
101,6030,120,0
101,6040,121,0
101,6050,122,0
101,6060,123,0
101,8190,124,0
101,6110,125,0
101,6120,126,0
101,6130,127,0
101,6140,128,0
101,6150,129,0
101,8195,130,0
101,6200,131,0
101,6000,132,0
101,5990,133,0
101,5980,134,0
101,5970,135,0
101,5960,136,0
101,5950,137,0
101,5940,138,0
101,8175,139,0
101,8180,140,0
101,5895,141,0
101,5905,142,0
101,5915,143,0
101,5925,144,0
101,5927,145,0
101,8185,146,0
101,5775,147,0
101,5765,148,0
101,5755,149,0
101,5745,150,0
101,5730,151,0
101,5660,152,0
101,5495,153,0
101,5485,154,0
101,5475,155,0
101,5035,156,0
101,5020,157,0
101,1130,158,1
201,1000,1,0
201,1035,2,0
201,4165,3,0
201,4167,4,0
201,4168,5,0
201,4170,6,0
201,4172,7,0
201,4185,8,0
201,4325,9,0
201,4335,10,0
201,4346,11,0
201,4366,12,0
201,4373,13,0
201,4356,14,0
201,6600,15,0
201,6770,16,0
201,6785,17,0
201,6915,18,0
201,6925,19,0
201,7070,20,0
201,7080,21,0
201,7090,22,0
201,7100,23,0
201,7110,24,1
202,7110,1,0
202,7095,2,0
202,7085,3,0
202,7075,4,0
202,7065,5,0
202,6930,6,0
202,6920,7,0
202,6780,8,0
202,6775,9,0
202,6595,10,0
202,4361,11,0
202,4371,12,0
202,4351,13,0
202,4341,14,0
202,4330,15,0
202,4320,16,0
202,4190,17,0
202,4180,18,0
202,4175,19,0
202,4162,20,0
202,4163,21,0
202,4160,22,0
202,1040,23,0
202,1025,24,0
202,1015,25,0
202,1000,26,1
301,1000,1,0
301,1002,2,0
301,1075,3,0
301,1085,4,0
301,1115,5,0
301,1090,6,0
301,4805,7,0
301,4815,8,0
301,4830,9,0
301,4840,10,0
301,4850,11,0
301,4860,12,0
301,4870,13,0
301,4985,14,0
301,4995,15,0
301,5005,16,0
301,5015,17,0
301,5010,18,0
301,5420,19,0
301,5430,20,0
301,5440,21,0
301,5450,22,0
301,5460,23,0
301,5470,24,0
301,5660,25,0
301,5505,26,0
301,5515,27,0
301,5525,28,0
301,5540,29,0
301,5550,30,0
301,5620,31,0
301,5630,32,0
301,5640,33,0
301,5650,34,0
301,5655,35,0
301,5645,36,0
301,5635,37,0
301,5625,38,0
301,5603,39,0
301,5601,40,0
301,5596,41,0
301,5595,42,0
301,5590,43,0
301,5575,44,0
301,5565,45,1
302,5565,1,0
302,5555,2,0
302,5551,3,0
302,5553,4,0
302,5545,5,0
302,5535,6,0
302,5530,7,0
302,5520,8,0
302,5510,9,0
302,5500,10,0
302,5465,11,0
302,5455,12,0
302,5445,13,0
302,5435,14,0
302,5425,15,0
302,5415,16,0
302,5000,17,0
302,4990,18,0
302,4865,19,0
302,4855,20,0
302,4845,21,0
302,4835,22,0
302,4825,23,0
302,4820,24,0
302,4810,25,0
302,1105,26,0
302,1110,27,0
302,1080,28,0
302,1060,29,0
302,1005,30,0
302,1000,31,1
1001,1000,1,0
1001,1002,2,0
1001,1075,3,0
1001,1085,4,0
1001,1115,5,0
1001,3990,6,0
1001,4000,7,0
1001,4013,8,0
1001,4015,9,0
1001,4045,10,0
1001,4055,11,0
1001,4074,12,0
1001,4080,13,0
1001,4090,14,0
1001,4100,15,0
1001,4114,16,0
1001,4110,17,0
1001,4120,18,0
1001,4130,19,0
1001,4140,20,0
1001,4150,21,0
1001,4275,22,0
1001,4285,23,0
1001,4295,24,0
1001,4305,25,0
1001,4315,26,0
1001,4385,27,0
1001,8045,28,0
1001,8050,29,0
1001,4575,30,0
1001,4580,31,0
1001,4585,32,0
1001,4590,33,0
1001,4600,34,0
1001,4605,35,0
1001,4614,36,0
1001,4620,37,0
1001,4640,38,0
1001,4645,39,0
1001,4650,40,0
1001,4652,41,0
1001,4670,42,0
1001,4675,43,0
1001,4680,44,0
1001,4685,45,0
1001,4635,46,1
1002,4635,1,0
1002,4630,2,0
1002,4625,3,0
1002,4622,4,0
1002,4615,5,0
1002,4610,6,0
1002,4595,7,0
1002,4545,8,0
1002,4542,9,0
1002,4540,10,0
1002,4539,11,0
1002,4380,12,0
1002,4310,13,0
1002,4300,14,0
1002,4290,15,0
1002,4280,16,0
1002,4270,17,0
1002,4155,18,0
1002,4145,19,0
1002,4135,20,0
1002,4125,21,0
1002,4115,22,0
1002,4113,23,0
1002,4105,24,0
1002,4095,25,0
1002,4085,26,0
1002,4075,27,0
1002,4073,28,0
1002,4050,29,0
1002,4040,30,0
1002,4020,31,0
1002,4010,32,0
1002,4005,33,0
1002,3995,34,0
1002,1110,35,0
1002,1080,36,0
1002,1060,37,0
1002,1005,38,0
1002,1000,39,1
1101,1000,1,0
1101,1002,2,0
1101,1440,3,0
1101,1450,4,0
1101,1460,5,0
1101,1465,6,0
1101,1475,7,0
1101,1485,8,0
1101,1495,9,0
1101,1505,10,0
1101,8470,11,0
1101,8010,12,0
1101,8015,13,0
1101,8020,14,0
1101,8030,15,0
1101,8035,16,0
1101,1900,17,0
1101,1905,18,0
1101,1910,19,0
1101,6205,20,0
1101,6215,21,0
1101,6285,22,0
1101,6295,23,0
1101,6305,24,0
1101,6315,25,0
1101,6325,26,0
1101,6335,27,0
1101,6345,28,0
1101,6355,29,0
1101,6580,30,0
1101,6590,31,1
1102,6585,1,0
1102,6575,2,0
1102,6350,3,0
1102,6340,4,0
1102,6330,5,0
1102,6320,6,0
1102,6310,7,0
1102,6300,8,0
1102,6290,9,0
1102,6280,10,0
1102,6210,11,0
1102,8040,12,0
1102,1900,13,0
1102,1530,14,0
1102,1535,15,0
1102,1540,16,0
1102,1545,17,0
1102,1550,18,0
1102,1555,19,0
1102,1560,20,0
1102,1565,21,0
1102,1570,22,0
1102,1500,23,0
1102,1490,24,0
1102,1480,25,0
1102,1470,26,0
1102,1455,27,0
1102,1445,28,0
1102,1452,29,0
1102,1060,30,0
1102,1005,31,0
1102,1000,32,1
1201,1000,1,0
1201,1035,2,0
1201,4165,3,0
1201,4167,4,0
1201,4168,5,0
1201,4170,6,0
1201,4172,7,0
1201,4185,8,0
1201,4195,9,0
1201,4205,10,0
1201,4215,11,0
1201,4220,12,0
1201,4230,13,0
1201,4245,14,0
1201,4255,15,0
1201,4265,16,0
1201,4275,17,0
1201,4285,18,0
1201,4295,19,0
1201,4305,20,0
1201,4315,21,0
1201,4395,22,0
1201,4405,23,0
1201,4415,24,0
1201,4425,25,0
1201,4430,26,0
1201,4435,27,0
1201,4505,28,0
1201,8005,29,0
1201,4356,30,0
1201,6610,31,0
1201,6618,32,0
1201,6620,33,0
1201,6630,34,0
1201,6640,35,0
1201,6650,36,0
1201,6660,37,0
1201,6680,38,0
1201,6690,39,0
1201,6700,40,0
1201,6915,41,0
1201,6940,42,1
1202,6940,1,0
1202,6930,2,0
1202,6705,3,0
1202,6695,4,0
1202,6685,5,0
1202,6655,6,0
1202,6645,7,0
1202,6635,8,0
1202,6625,9,0
1202,6615,10,0
1202,6605,11,0
1202,4515,12,0
1202,4500,13,0
1202,4440,14,0
1202,4420,15,0
1202,4410,16,0
1202,4400,17,0
1202,4390,18,0
1202,4310,19,0
1202,4300,20,0
1202,4290,21,0
1202,4280,22,0
1202,4270,23,0
1202,4260,24,0
1202,4250,25,0
1202,4240,26,0
1202,4235,27,0
1202,4225,28,0
1202,4210,29,0
1202,4202,30,0
1202,4200,31,0
1202,4190,32,0
1202,4180,33,0
1202,4175,34,0
1202,4162,35,0
1202,4163,36,0
1202,4160,37,0
1202,1040,38,0
1202,1025,39,0
1202,1015,40,0
1202,1000,41,1
1301,1000,1,0
1301,1002,2,0
1301,1070,3,0
1301,1145,4,0
1301,1155,5,0
1301,1065,6,0
1301,1175,7,0
1301,1925,8,0
1301,1930,9,0
1301,1940,10,0
1301,1950,11,0
1301,1960,12,0
1301,1965,13,0
1301,2000,14,0
1301,2005,15,0
1301,2020,16,0
1301,2030,17,0
1301,2040,18,0
1301,2045,19,0
1301,2060,20,0
1301,2070,21,0
1301,2075,22,0
1301,2085,23,0
1301,2100,24,0
1301,2095,25,0
1301,2110,26,0
1301,2125,27,0
1301,2135,28,0
1301,2145,29,0
1301,2150,30,0
1301,8055,31,0
1301,2235,32,0
1301,2245,33,0
1301,2255,34,0
1301,2265,35,0
1301,2275,36,0
1301,2285,37,0
1301,2290,38,0
1301,2280,39,0
1301,2270,40,0
1301,2260,41,0
1301,2240,42,0
1301,2230,43,0
1301,2225,44,0
1301,2220,45,0
1301,2170,46,0
1301,2175,47,0
1301,2180,48,0
1301,2185,49,1
1302,2185,1,0
1302,2115,2,0
1302,2090,3,0
1302,2100,4,0
1302,2080,5,0
1302,2065,6,0
1302,2055,7,0
1302,2050,8,0
1302,2035,9,0
1302,2025,10,0
1302,2015,11,0
1302,2010,12,0
1302,1995,13,0
1302,1980,14,0
1302,1970,15,0
1302,1955,16,0
1302,1945,17,0
1302,1935,18,0
1302,1920,19,0
1302,1922,20,0
1302,1170,21,0
1302,1160,22,0
1302,1150,23,0
1302,1140,24,0
1302,1071,25,0
1302,1060,26,0
1302,1005,27,0
1302,1000,28,1
1401,1000,1,0
1401,1005,2,0
1401,1095,3,0
1401,1090,4,0
1401,4875,5,0
1401,4885,6,0
1401,4895,7,0
1401,4905,8,0
1401,4915,9,0
1401,4925,10,0
1401,4935,11,0
1401,4945,12,0
1401,4955,13,0
1401,4965,14,0
1401,4975,15,0
1401,5120,16,0
1401,5130,17,0
1401,5140,18,0
1401,5150,19,0
1401,5160,20,0
1401,5170,21,0
1401,5180,22,0
1401,5190,23,0
1401,5200,24,0
1401,5210,25,0
1401,5220,26,0
1401,5230,27,0
1401,5240,28,0
1401,5250,29,0
1401,5260,30,0
1401,5270,31,0
1401,5320,32,0
1401,5330,33,0
1401,5340,34,0
1401,5350,35,0
1401,5360,36,0
1401,8060,37,0
1401,5690,38,0
1401,5705,39,0
1401,5710,40,0
1401,5720,41,0
1401,5800,42,0
1401,5810,43,0
1401,5822,44,0
1401,5826,45,0
1401,5830,46,1
1402,5830,1,0
1402,5825,2,0
1402,5820,3,0
1402,5812,4,0
1402,5805,5,0
1402,5715,6,0
1402,5695,7,0
1402,5700,8,0
1402,5685,9,0
1402,8065,10,0
1402,5355,11,0
1402,5345,12,0
1402,5335,13,0
1402,5325,14,0
1402,5315,15,0
1402,5265,16,0
1402,5255,17,0
1402,5245,18,0
1402,5235,19,0
1402,5225,20,0
1402,5215,21,0
1402,5205,22,0
1402,5195,23,0
1402,5185,24,0
1402,5175,25,0
1402,5165,26,0
1402,5155,27,0
1402,5145,28,0
1402,5135,29,0
1402,5125,30,0
1402,5115,31,0
1402,4980,32,0
1402,4970,33,0
1402,4960,34,0
1402,4950,35,0
1402,4940,36,0
1402,4930,37,0
1402,4920,38,0
1402,4910,39,0
1402,4900,40,0
1402,4890,41,0
1402,4880,42,0
1402,1105,43,0
1402,1110,44,0
1402,1080,45,0
1402,1060,46,0
1402,1005,47,0
1402,1000,48,1
2001,6935,1,0
2001,7000,2,0
2001,7010,3,0
2001,7020,4,0
2001,7030,5,0
2001,7235,6,0
2001,7240,7,0
2001,7250,8,0
2001,7280,9,0
2001,7290,10,0
2001,7300,11,0
2001,7225,12,0
2001,7220,13,0
2001,7215,14,0
2001,7210,15,0
2001,7205,16,0
2001,7060,17,0
2001,7055,18,0
2001,7050,19,0
2001,7045,20,0
2001,7040,21,0
2001,7155,22,0
2001,7160,23,0
2001,7170,24,0
2001,7175,25,0
2001,7180,26,1
2002,7180,1,0
2002,7185,2,0
2002,7190,3,0
2002,7195,4,0
2002,7165,5,0
2002,7150,6,0
2002,7145,7,0
2002,7135,8,0
2002,7125,9,0
2002,8075,10,0
2002,7005,11,0
2002,6995,12,0
2002,6935,13,1
2201,6935,1,0
2201,6585,2,0
2201,6575,3,0
2201,6565,4,0
2201,6555,5,0
2201,6550,6,0
2201,6545,7,0
2201,6535,8,0
2201,6525,9,0
2201,6505,10,0
2201,6490,11,0
2201,6480,12,0
2201,6470,13,0
2201,6460,14,0
2201,6450,15,0
2201,6440,16,0
2201,6435,17,0
2201,6420,18,0
2201,6410,19,0
2201,6400,20,0
2201,6390,21,0
2201,6380,22,0
2201,6370,23,0
2201,6360,24,1
2202,6305,1,0
2202,6315,2,0
2202,6325,3,0
2202,6335,4,0
2202,6345,5,0
2202,6355,6,0
2202,6580,7,0
2202,6590,8,0
2202,6935,9,1
2301,6935,1,0
2301,6920,2,0
2301,6910,3,0
2301,6900,4,0
2301,6890,5,0
2301,6880,6,0
2301,6870,7,0
2301,6860,8,0
2301,6850,9,0
2301,6840,10,0
2301,6830,11,0
2301,6820,12,0
2301,6810,13,0
2301,6800,14,0
2301,6790,15,0
2301,6595,16,0
2301,4361,17,1
2302,4361,1,0
2302,8080,2,0
2302,4520,3,0
2302,6610,4,0
2302,6618,5,0
2302,6620,6,0
2302,6945,7,0
2302,6950,8,0
2302,6960,9,0
2302,8090,10,0
2302,8085,11,0
2302,7245,12,0
2302,7237,13,0
2302,7230,14,0
2302,7025,15,0
2302,7015,16,0
2302,7005,17,0
2302,6995,18,0
2302,6935,19,1
2401,1000,1,0
2401,1050,2,0
2401,1660,3,0
2401,1680,4,0
2401,1685,5,0
2401,1690,6,0
2401,1695,7,0
2401,1700,8,0
2401,1850,9,0
2401,1855,10,0
2401,1860,11,0
2401,1865,12,0
2401,1870,13,0
2401,1875,14,0
2401,1880,15,0
2401,1885,16,0
2401,8070,17,0
2401,1785,18,0
2401,1790,19,0
2401,1805,20,1
2402,1805,1,0
2402,1795,2,0
2402,1787,3,0
2402,1780,4,0
2402,1770,5,0
2402,1755,6,0
2402,1745,7,0
2402,1675,8,0
2402,1670,9,0
2402,1655,10,0
2402,1051,11,0
2402,1045,12,0
2402,1000,13,1
2501,1000,1,0
2501,1002,2,0
2501,1070,3,0
2501,1180,4,0
2501,1190,5,0
2501,1220,6,0
2501,8095,7,0
2501,8100,8,0
2501,1240,9,0
2501,1245,10,0
2501,1250,11,0
2501,1255,12,0
2501,1260,13,0
2501,1265,14,0
2501,1270,15,0
2501,1275,16,0
2501,1280,17,0
2501,1285,18,0
2501,1290,19,0
2501,1295,20,0
2501,1300,21,0
2501,1310,22,0
2501,1315,23,0
2501,1322,24,0
2501,1320,25,0
2501,1325,26,0
2501,1330,27,1
2502,1330,1,0
2502,1335,2,0
2502,1340,3,0
2502,1210,4,0
2502,1205,5,0
2502,1195,6,0
2502,1185,7,0
2502,1140,8,0
2502,1071,9,0
2502,1055,10,0
2502,1000,11,1
2601,1000,1,0
2601,8130,2,0
2601,8135,3,0
2601,8140,4,0
2601,1505,5,0
2601,1510,6,0
2601,8105,7,0
2601,8110,8,0
2601,8115,9,0
2601,8120,10,0
2601,8125,11,0
2601,1365,12,0
2601,1370,13,0
2601,1373,14,0
2601,1375,15,1
2602,1375,1,0
2602,1380,2,0
2602,1385,3,0
2602,1390,4,0
2602,1360,5,0
2602,1395,6,0
2602,1400,7,0
2602,1405,8,0
2602,1410,9,0
2602,1415,10,0
2602,1420,11,0
2602,8465,12,0
2602,1210,13,0
2602,1205,14,0
2602,1195,15,0
2602,1185,16,0
2602,1140,17,0
2602,1071,18,0
2602,1060,19,0
2602,1005,20,0
2602,1000,21,1
2701,1000,1,0
2701,1050,2,0
2701,1575,3,0
2701,1580,4,0
2701,1585,5,0
2701,8160,6,0
2701,1615,7,0
2701,1620,8,0
2701,1625,9,0
2701,1630,10,0
2701,1635,11,0
2701,1645,12,0
2701,1650,13,0
2701,1825,14,0
2701,1830,15,1
2702,1830,1,0
2702,1835,2,0
2702,1837,3,0
2702,1840,4,0
2702,1845,5,0
2702,1705,6,0
2702,1710,7,0
2702,1715,8,0
2702,1720,9,0
2702,1725,10,0
2702,1045,11,0
2702,1000,12,1
2801,5830,1,0
2801,5825,2,0
2801,5820,3,0
2801,5812,4,0
2801,5805,5,0
2801,5785,6,0
2801,5854,7,0
2801,5840,8,0
2801,5833,9,0
2801,8170,10,0
2801,8165,11,0
2801,5870,12,0
2801,6010,13,0
2801,6020,14,0
2801,6030,15,0
2801,6040,16,0
2801,6050,17,0
2801,6060,18,0
2801,8190,19,0
2801,6110,20,0
2801,6120,21,0
2801,6130,22,0
2801,6140,23,0
2801,6150,24,0
2801,8195,25,0
2801,6200,26,1
2802,6200,1,0
2802,6000,2,0
2802,5990,3,0
2802,5980,4,0
2802,5970,5,0
2802,5960,6,0
2802,5950,7,0
2802,5940,8,0
2802,8175,9,0
2802,8180,10,0
2802,5905,11,0
2802,5915,12,0
2802,5925,13,0
2802,5927,14,0
2802,8185,15,0
2802,5830,16,1
2901,5830,1,0
2901,5825,2,0
2901,5820,3,0
2901,5812,4,0
2901,5805,5,0
2901,5715,6,0
2901,5695,7,0
2901,5700,8,0
2901,5685,9,0
2901,8065,10,0
2901,5380,11,0
2901,5390,12,0
2901,5400,13,0
2901,5410,14,0
2901,5455,15,0
2901,5445,16,0
2901,5505,17,0
2901,5515,18,0
2901,5517,19,1
2902,5517,1,0
2902,5520,2,0
2902,5510,3,0
2902,5500,4,0
2902,5725,5,0
2902,5735,6,0
2902,5740,7,0
2902,5750,8,0
2902,5760,9,0
2902,5770,10,0
2902,5800,11,0
2902,5810,12,0
2902,5822,13,0
2902,5826,14,0
2902,5830,15,1
10101,1000,1,0
10101,1070,2,0
10101,1145,3,0
10101,1155,4,0
10101,1065,5,0
10101,1175,6,0
10101,1925,7,0
10101,1940,8,0
10101,1950,9,0
10101,1960,10,0
10101,1965,11,0
10101,2085,12,0
10101,2095,13,0
10101,2110,14,0
10101,2125,15,0
10101,2135,16,0
10101,2145,17,0
10101,2150,18,0
10101,2160,19,0
10101,2192,20,0
10101,2170,21,0
10101,2175,22,0
10101,2180,23,0
10101,2185,24,0
10101,2295,25,0
10101,2305,26,0
10101,2310,27,0
10101,2320,28,0
10101,2330,29,0
10101,2350,30,0
10101,2360,31,0
10101,8230,32,0
10101,8235,33,0
10101,8250,34,0
10101,8255,35,0
10101,8260,36,0
10101,8275,37,0
10101,8285,38,0
10101,8290,39,0
10101,8000,40,0
10101,8280,41,0
10101,8270,42,0
10101,8265,43,0
10101,2478,44,0
10101,8245,45,0
10101,8240,46,0
10101,2462,47,0
10101,2380,48,0
10101,2390,49,0
10101,2400,50,0
10101,2413,51,0
10101,2417,52,0
10101,2427,53,0
10101,2433,54,0
10101,2437,55,0
10101,2443,56,0
10101,2447,57,0
10101,2453,58,1
10102,2453,1,0
10102,2457,2,0
10102,2423,3,0
10102,2424,4,0
10102,2419,5,0
10102,8230,6,0
10102,8235,7,0
10102,8250,8,0
10102,8255,9,0
10102,8260,10,0
10102,8275,11,0
10102,8285,12,0
10102,8290,13,0
10102,8000,14,0
10102,8280,15,0
10102,8270,16,0
10102,8265,17,0
10102,2478,18,0
10102,8245,19,0
10102,8240,20,0
10102,2462,21,0
10102,2370,22,0
10102,2365,23,0
10102,2355,24,0
10102,2345,25,0
10102,2335,26,0
10102,2325,27,0
10102,2315,28,0
10102,2304,29,0
10102,2300,30,0
10102,2195,31,0
10102,2175,32,0
10102,2180,33,0
10102,2185,34,0
10102,2167,35,0
10102,2165,36,0
10102,2155,37,0
10102,2140,38,0
10102,2130,39,0
10102,2120,40,0
10102,2115,41,0
10102,2090,42,0
10102,1980,43,0
10102,1970,44,0
10102,1955,45,0
10102,1945,46,0
10102,1935,47,0
10102,1920,48,0
10102,1922,49,0
10102,1170,50,0
10102,1160,51,0
10102,1150,52,0
10102,1140,53,0
10102,1071,54,0
10102,1060,55,0
10102,1005,56,0
10102,1000,57,1
10201,6935,1,0
10201,7000,2,0
10201,7010,3,0
10201,7020,4,0
10201,7030,5,0
10201,7235,6,0
10201,7240,7,0
10201,7250,8,0
10201,7280,9,0
10201,7290,10,0
10201,7310,11,0
10201,7320,12,0
10201,7330,13,0
10201,7340,14,0
10201,7350,15,0
10201,7360,16,0
10201,7370,17,0
10201,7380,18,0
10201,7390,19,0
10201,7460,20,1
10202,7460,1,0
10202,7445,2,0
10202,7435,3,0
10202,7425,4,0
10202,7415,5,0
10202,7405,6,0
10202,7395,7,0
10202,7385,8,0
10202,7375,9,0
10202,7365,10,0
10202,7355,11,0
10202,7345,12,0
10202,7335,13,0
10202,7325,14,0
10202,7315,15,0
10202,7305,16,0
10202,7295,17,0
10202,7285,18,0
10202,7245,19,0
10202,7237,20,0
10202,7230,21,0
10202,7025,22,0
10202,7015,23,0
10202,7005,24,0
10202,6995,25,0
10202,6935,26,1
10301,6935,1,0
10301,6920,2,0
10301,6780,3,0
10301,6775,4,0
10301,6595,5,0
10301,4361,6,0
10301,8080,7,0
10301,4520,8,0
10301,4535,9,0
10301,4652,10,0
10301,8295,11,0
10301,8300,12,0
10301,8305,13,0
10301,8310,14,0
10301,4760,15,0
10301,8315,16,0
10301,8320,17,0
10301,8325,18,1
10302,8325,1,0
10302,8330,2,0
10302,8335,3,0
10302,8340,4,0
10302,8345,5,0
10302,4635,6,0
10302,4630,7,0
10302,4625,8,0
10302,4622,9,0
10302,4615,10,0
10302,4610,11,0
10302,4595,12,0
10302,4545,13,0
10302,4542,14,0
10302,4540,15,0
10302,4532,16,0
10302,4490,17,0
10302,4480,18,0
10302,4470,19,0
10302,4460,20,0
10302,4455,21,0
10302,4445,22,0
10302,4435,23,0
10302,4505,24,0
10302,8005,25,0
10302,4356,26,0
10302,6600,27,0
10302,6770,28,0
10302,6785,29,0
10302,6915,30,0
10302,6925,31,0
10302,6935,32,1
10401,1000,1,0
10401,1070,2,0
10401,1180,3,0
10401,1190,4,0
10401,1200,5,0
10401,1208,6,0
10401,1215,7,0
10401,3585,8,0
10401,3595,9,0
10401,3605,10,0
10401,3607,11,0
10401,3615,12,0
10401,3625,13,0
10401,3635,14,0
10401,3645,15,0
10401,3650,16,0
10401,3665,17,0
10401,3675,18,0
10401,3685,19,0
10401,3695,20,0
10401,3705,21,0
10401,3715,22,0
10401,3725,23,0
10401,3735,24,0
10401,3775,25,0
10401,3785,26,0
10401,3793,27,0
10401,3795,28,0
10401,3805,29,0
10401,3815,30,0
10401,3825,31,0
10401,3835,32,0
10401,3845,33,0
10401,3855,34,0
10401,3865,35,0
10401,8350,36,0
10401,8355,37,0
10401,8360,38,0
10401,3985,39,1
10402,3985,1,0
10402,8365,2,0
10402,8370,3,0
10402,8375,4,0
10402,8380,5,0
10402,8385,6,0
10402,8390,7,0
10402,8400,8,0
10402,8405,9,0
10402,8410,10,0
10402,3905,11,0
10402,8415,12,0
10402,8420,13,0
10402,3860,14,0
10402,3850,15,0
10402,3840,16,0
10402,3830,17,0
10402,3820,18,0
10402,3810,19,0
10402,3800,20,0
10402,3798,21,0
10402,3790,22,0
10402,3780,23,0
10402,3770,24,0
10402,3760,25,0
10402,3750,26,0
10402,3740,27,0
10402,3730,28,0
10402,3720,29,0
10402,3710,30,0
10402,3700,31,0
10402,3690,32,0
10402,3680,33,0
10402,3670,34,0
10402,3655,35,0
10402,3660,36,0
10402,3640,37,0
10402,3630,38,0
10402,3620,39,0
10402,3608,40,0
10402,3610,41,0
10402,3600,42,0
10402,3590,43,0
10402,1210,44,0
10402,1205,45,0
10402,1195,46,0
10402,1185,47,0
10402,1140,48,0
10402,1071,49,0
10402,1055,50,0
10402,1000,51,1
10501,1000,1,0
10501,1050,2,0
10501,1660,3,0
10501,1665,4,0
10501,1730,5,0
10501,1750,6,0
10501,1760,7,0
10501,1765,8,0
10501,1785,9,0
10501,1790,10,0
10501,1815,11,0
10501,2620,12,0
10501,2630,13,0
10501,2640,14,0
10501,2650,15,0
10501,2660,16,0
10501,2670,17,0
10501,2680,18,0
10501,2690,19,0
10501,2710,20,0
10501,2720,21,0
10501,2730,22,0
10501,2740,23,0
10501,2750,24,0
10501,2760,25,0
10501,2770,26,0
10501,2865,27,0
10501,2870,28,0
10501,2885,29,0
10501,2890,30,0
10501,2900,31,0
10501,2910,32,0
10501,2920,33,0
10501,2930,34,0
10501,2940,35,0
10501,2950,36,0
10501,2960,37,0
10501,2970,38,0
10501,2980,39,0
10501,2990,40,0
10501,3005,41,0
10501,3015,42,0
10501,3025,43,0
10501,3035,44,0
10501,3120,45,0
10501,3130,46,0
10501,3140,47,0
10501,3150,48,0
10501,3160,49,0
10501,3230,50,0
10501,3240,51,0
10501,3250,52,0
10501,3260,53,0
10501,3270,54,0
10501,3280,55,0
10501,3290,56,0
10501,3300,57,0
10501,3310,58,0
10501,3320,59,0
10501,3330,60,0
10501,3340,61,0
10501,3350,62,0
10501,3360,63,0
10501,3390,64,0
10501,3395,65,0
10501,3400,66,0
10501,3405,67,0
10501,3410,68,0
10501,3415,69,0
10501,3420,70,0
10501,3465,71,0
10501,3475,72,0
10501,3485,73,0
10501,3495,74,0
10501,3505,75,0
10501,3515,76,0
10501,3525,77,0
10501,3535,78,0
10501,3545,79,0
10501,3555,80,0
10501,3565,81,0
10501,3570,82,0
10501,3575,83,0
10501,3580,84,1
10502,3580,1,0
10502,3571,2,0
10502,3560,3,0
10502,3550,4,0
10502,3540,5,0
10502,3530,6,0
10502,3520,7,0
10502,3510,8,0
10502,3500,9,0
10502,3490,10,0
10502,3480,11,0
10502,3470,12,0
10502,3460,13,0
10502,3440,14,0
10502,3455,15,0
10502,3450,16,0
10502,3445,17,0
10502,3435,18,0
10502,3425,19,0
10502,3365,20,0
10502,3355,21,0
10502,3345,22,0
10502,3335,23,0
10502,3325,24,0
10502,3315,25,0
10502,3305,26,0
10502,3295,27,0
10502,3285,28,0
10502,3275,29,0
10502,3225,30,0
10502,3220,31,0
10502,3215,32,0
10502,3210,33,0
10502,8440,34,0
10502,3205,35,0
10502,3200,36,0
10502,3195,37,0
10502,3190,38,0
10502,3185,39,0
10502,3180,40,0
10502,3175,41,0
10502,3170,42,0
10502,3155,43,0
10502,3145,44,0
10502,3125,45,0
10502,3123,46,0
10502,3040,47,0
10502,3030,48,0
10502,3020,49,0
10502,3010,50,0
10502,3000,51,0
10502,2995,52,0
10502,2985,53,0
10502,2975,54,0
10502,2965,55,0
10502,2955,56,0
10502,2945,57,0
10502,2935,58,0
10502,2925,59,0
10502,2915,60,0
10502,2905,61,0
10502,2895,62,0
10502,2880,63,0
10502,2875,64,0
10502,2785,65,0
10502,2795,66,0
10502,2805,67,0
10502,2807,68,0
10502,2815,69,0
10502,2825,70,0
10502,2835,71,0
10502,2845,72,0
10502,2855,73,0
10502,2860,74,0
10502,2850,75,0
10502,2852,76,0
10502,2840,77,0
10502,2830,78,0
10502,2820,79,0
10502,2822,80,0
10502,2810,81,0
10502,2800,82,0
10502,2790,83,0
10502,2780,84,0
10502,2775,85,0
10502,2765,86,0
10502,2755,87,0
10502,2745,88,0
10502,2725,89,0
10502,2715,90,0
10502,2695,91,0
10502,2685,92,0
10502,2675,93,0
10502,2665,94,0
10502,2655,95,0
10502,2645,96,0
10502,2635,97,0
10502,2625,98,0
10502,1820,99,0
10502,1795,100,0
10502,1787,101,0
10502,1780,102,0
10502,1770,103,0
10502,1755,104,0
10502,1745,105,0
10502,1675,106,0
10502,1670,107,0
10502,1655,108,0
10502,1051,109,0
10502,1045,110,0
10502,1000,111,1
