101,6935,1,0
101,6585,2,0
101,6575,3,0
101,6350,4,0
101,6340,5,0
101,6330,6,0
101,6320,7,0
101,6310,8,0
101,6300,9,0
101,6290,10,0
101,6280,11,0
101,6210,12,0
101,1820,13,0
101,1795,14,0
101,1780,15,0
101,1770,16,0
101,1755,17,0
101,1745,18,0
101,1735,19,0
101,1675,20,0
101,1670,21,0
101,1655,22,0
101,1051,23,0
101,1045,24,0
101,1000,25,0
101,1125,26,0
101,5025,27,0
101,5030,28,0
101,5040,29,0
101,5480,30,0
101,5490,31,0
101,5505,32,0
101,5515,33,0
101,5517,34,0
101,5520,35,0
101,5510,36,0
101,5500,37,0
101,5725,38,0
101,5735,39,0
101,5740,40,0
101,5750,41,0
101,5760,42,0
101,5770,43,0
101,5800,44,0
101,5810,45,0
101,5822,46,0
101,5826,47,0
101,5830,48,1
102,5830,1,0
102,5825,2,0
102,5820,3,0
102,5812,4,0
102,5805,5,0
102,5775,6,0
102,5765,7,0
102,5755,8,0
102,5745,9,0
102,5730,10,0
102,5660,11,0
102,5505,12,0
102,5515,13,0
102,5517,14,0
102,5520,15,0
102,5495,16,0
102,5485,17,0
102,5475,18,0
102,5035,19,0
102,5020,20,0
102,1130,21,0
102,1000,22,0
102,1050,23,0
102,1660,24,0
102,1665,25,0
102,1730,26,0
102,1740,27,0
102,1750,28,0
102,1760,29,0
102,1765,30,0
102,1785,31,0
102,1790,32,0
102,1815,33,0
102,6205,34,0
102,6215,35,0
102,6285,36,0
102,6295,37,0
102,6305,38,0
102,6315,39,0
102,6325,40,0
102,6335,41,0
102,6345,42,0
102,6355,43,0
102,6580,44,0
102,6590,45,0
102,6940,46,1
201,1000,1,0
201,1035,2,0
201,4165,3,0
201,4167,4,0
201,4168,5,0
201,4170,6,0
201,4172,7,0
201,4185,8,0
201,4325,9,0
201,4335,10,0
201,4346,11,0
201,4366,12,0
201,4373,13,0
201,4356,14,0
201,6600,15,0
201,6770,16,0
201,6785,17,0
201,6915,18,0
201,6925,19,0
201,7070,20,0
201,7080,21,0
201,7090,22,0
201,7100,23,0
201,7110,24,1
202,7110,1,0
202,7095,2,0
202,7085,3,0
202,7075,4,0
202,7065,5,0
202,6930,6,0
202,6920,7,0
202,6780,8,0
202,6775,9,0
202,6595,10,0
202,4361,11,0
202,4371,12,0
202,4351,13,0
202,4341,14,0
202,4330,15,0
202,4320,16,0
202,4190,17,0
202,4180,18,0
202,4175,19,0
202,4162,20,0
202,4163,21,0
202,4160,22,0
202,1040,23,0
202,1025,24,0
202,1015,25,0
202,1000,26,1
301,1000,1,0
301,1002,2,0
301,1075,3,0
301,1085,4,0
301,1090,5,0
301,4805,6,0
301,4815,7,0
301,4830,8,0
301,4840,9,0
301,4850,10,0
301,4860,11,0
301,4870,12,0
301,4985,13,0
301,4995,14,0
301,5420,15,0
301,5430,16,0
301,5440,17,0
301,5450,18,0
301,5460,19,0
301,5470,20,0
301,5660,21,0
301,5505,22,0
301,5515,23,0
301,5525,24,0
301,5540,25,0
301,5550,26,0
301,5620,27,0
301,5630,28,0
301,5640,29,0
301,5650,30,0
301,5655,31,0
301,5645,32,0
301,5635,33,0
301,5625,34,0
301,5603,35,0
301,5595,36,0
301,5590,37,0
301,5575,38,0
301,5565,39,1
302,5565,1,0
302,5555,2,0
302,5551,3,0
302,5553,4,0
302,5545,5,0
302,5535,6,0
302,5530,7,0
302,5520,8,0
302,5510,9,0
302,5500,10,0
302,5465,11,0
302,5455,12,0
302,5445,13,0
302,5435,14,0
302,5425,15,0
302,5415,16,0
302,5000,17,0
302,4990,18,0
302,4865,19,0
302,4855,20,0
302,4845,21,0
302,4835,22,0
302,4825,23,0
302,4820,24,0
302,4810,25,0
302,1105,26,0
302,1110,27,0
302,1080,28,0
302,1060,29,0
302,1005,30,0
302,1000,31,1
401,1000,1,0
401,1002,2,0
401,1075,3,0
401,1085,4,0
401,1115,5,0
401,1135,6,0
401,5025,7,0
401,5030,8,0
401,5040,9,0
401,5480,10,0
401,5490,11,0
401,5505,12,0
401,5515,13,0
401,5525,14,0
401,5540,15,0
401,5550,16,0
401,5603,17,0
401,5601,18,0
401,5595,19,0
401,5590,20,0
401,5575,21,0
401,5565,22,1
402,5565,1,0
402,5555,2,0
402,5551,3,0
402,5553,4,0
402,5545,5,0
402,5535,6,0
402,5530,7,0
402,5520,8,0
402,5510,9,0
402,5495,10,0
402,5485,11,0
402,5475,12,0
402,5035,13,0
402,5020,14,0
402,1110,15,0
402,1080,16,0
402,1060,17,0
402,1005,18,0
402,1000,19,1
1001,1000,1,0
1001,1002,2,0
1001,1075,3,0
1001,1085,4,0
1001,1115,5,0
1001,3990,6,0
1001,4000,7,0
1001,4013,8,0
1001,4015,9,0
1001,4045,10,0
1001,4055,11,0
1001,4074,12,0
1001,4080,13,0
1001,4090,14,0
1001,4100,15,0
1001,4114,16,0
1001,4110,17,0
1001,4120,18,0
1001,4130,19,0
1001,4140,20,0
1001,4150,21,0
1001,4275,22,0
1001,4285,23,0
1001,4295,24,0
1001,4305,25,0
1001,4315,26,0
1001,4385,27,0
1001,8045,28,0
1001,8050,29,0
1001,4575,30,0
1001,4580,31,0
1001,4585,32,0
1001,4590,33,0
1001,4600,34,0
1001,4605,35,0
1001,4614,36,0
1001,4620,37,0
1001,4640,38,0
1001,4645,39,0
1001,4650,40,0
1001,4652,41,0
1001,4670,42,0
1001,4675,43,0
1001,4680,44,0
1001,4685,45,0
1001,4635,46,1
1002,4635,1,0
1002,4630,2,0
1002,4625,3,0
1002,4622,4,0
1002,4615,5,0
1002,4610,6,0
1002,4595,7,0
1002,4545,8,0
1002,4542,9,0
1002,4540,10,0
1002,4539,11,0
1002,4380,12,0
1002,4310,13,0
1002,4300,14,0
1002,4290,15,0
1002,4280,16,0
1002,4270,17,0
1002,4155,18,0
1002,4145,19,0
1002,4135,20,0
1002,4125,21,0
1002,4115,22,0
1002,4113,23,0
1002,4105,24,0
1002,4095,25,0
1002,4085,26,0
1002,4075,27,0
1002,4073,28,0
1002,4050,29,0
1002,4040,30,0
1002,4020,31,0
1002,4010,32,0
1002,4005,33,0
1002,3995,34,0
1002,1110,35,0
1002,1080,36,0
1002,1060,37,0
1002,1005,38,0
1002,1000,39,1
1101,1000,1,0
1101,1002,2,0
1101,1440,3,0
1101,1450,4,0
1101,1460,5,0
1101,1465,6,0
1101,1475,7,0
1101,1485,8,0
1101,1495,9,0
1101,1505,10,0
1101,8010,11,0
1101,8015,12,0
1101,8020,13,0
1101,8030,14,0
1101,8035,15,0
1101,1900,16,0
1101,1905,17,0
1101,1910,18,0
1101,6205,19,0
1101,6215,20,0
1101,6285,21,0
1101,6295,22,0
1101,6305,23,0
1101,6315,24,0
1101,6325,25,0
1101,6335,26,0
1101,6345,27,0
1101,6355,28,0
1101,6580,29,0
1101,6590,30,0
1101,6940,31,0
1101,6935,32,0
1101,7070,33,0
1101,7080,34,0
1101,7090,35,0
1101,7100,36,0
1101,7113,37,1
1102,7113,1,0
1102,7095,2,0
1102,7090,3,0
1102,7075,4,0
1102,7065,5,0
1102,6585,6,0
1102,6575,7,0
1102,6350,8,0
1102,6340,9,0
1102,6330,10,0
1102,6320,11,0
1102,6310,12,0
1102,6300,13,0
1102,6290,14,0
1102,6280,15,0
1102,6210,16,0
1102,8040,17,0
1102,1900,18,0
1102,1530,19,0
1102,1535,20,0
1102,1540,21,0
1102,1545,22,0
1102,1550,23,0
1102,1555,24,0
1102,1560,25,0
1102,1565,26,0
1102,1570,27,0
1102,1500,28,0
1102,1490,29,0
1102,1480,30,0
1102,1470,31,0
1102,1455,32,0
1102,1445,33,0
1102,1452,34,0
1102,1060,35,0
1102,1005,36,0
1102,1000,37,1
1201,1000,1,0
1201,1035,2,0
1201,4165,3,0
1201,4167,4,0
1201,4168,5,0
1201,4170,6,0
1201,4172,7,0
1201,4185,8,0
1201,4195,9,0
1201,4205,10,0
1201,4215,11,0
1201,4220,12,0
1201,4230,13,0
1201,4245,14,0
1201,4255,15,0
1201,4265,16,0
1201,4275,17,0
1201,4285,18,0
1201,4295,19,0
1201,4305,20,0
1201,4315,21,0
1201,4395,22,0
1201,4405,23,0
1201,4415,24,0
1201,4425,25,0
1201,4430,26,0
1201,4435,27,0
1201,4505,28,0
1201,8005,29,0
1201,4356,30,0
1201,6610,31,0
1201,6618,32,0
1201,6620,33,0
1201,6630,34,0
1201,6640,35,0
1201,6650,36,0
1201,6660,37,0
1201,6680,38,0
1201,6690,39,0
1201,6700,40,0
1201,6915,41,0
1201,6940,42,1
1202,6940,1,0
1202,6930,2,0
1202,6705,3,0
1202,6695,4,0
1202,6685,5,0
1202,6655,6,0
1202,6645,7,0
1202,6635,8,0
1202,6625,9,0
1202,6615,10,0
1202,6605,11,0
1202,4500,12,0
1202,4440,13,0
1202,4420,14,0
1202,4410,15,0
1202,4400,16,0
1202,4390,17,0
1202,4310,18,0
1202,4300,19,0
1202,4290,20,0
1202,4280,21,0
1202,4270,22,0
1202,4260,23,0
1202,4250,24,0
1202,4240,25,0
1202,4235,26,0
1202,4225,27,0
1202,4210,28,0
1202,4202,29,0
1202,4200,30,0
1202,4190,31,0
1202,4180,32,0
1202,4175,33,0
1202,4162,34,0
1202,4163,35,0
1202,4160,36,0
1202,1040,37,0
1202,1025,38,0
1202,1015,39,0
1202,1000,40,1
1301,1000,1,0
1301,1002,2,0
1301,1070,3,0
1301,1145,4,0
1301,1155,5,0
1301,1065,6,0
1301,1175,7,0
1301,1925,8,0
1301,1940,9,0
1301,1950,10,0
1301,1960,11,0
1301,1965,12,0
1301,2000,13,0
1301,2005,14,0
1301,2020,15,0
1301,2030,16,0
1301,2040,17,0
1301,2045,18,0
1301,2060,19,0
1301,2070,20,0
1301,2075,21,0
1301,2085,22,0
1301,2100,23,0
1301,2095,24,0
1301,2110,25,0
1301,2125,26,0
1301,2135,27,0
1301,2145,28,0
1301,2150,29,0
1301,8055,30,0
1301,2235,31,0
1301,2245,32,0
1301,2255,33,0
1301,2265,34,0
1301,2275,35,0
1301,2285,36,0
1301,2290,37,0
1301,2280,38,0
1301,2270,39,0
1301,2260,40,0
1301,2240,41,0
1301,2230,42,0
1301,2225,43,0
1301,2170,44,0
1301,2175,45,0
1301,2180,46,0
1301,2185,47,1
1302,2185,1,0
1302,2115,2,0
1302,2090,3,0
1302,2100,4,0
1302,2080,5,0
1302,2065,6,0
1302,2055,7,0
1302,2050,8,0
1302,2035,9,0
1302,2025,10,0
1302,2015,11,0
1302,2010,12,0
1302,1995,13,0
1302,1980,14,0
1302,1970,15,0
1302,1955,16,0
1302,1945,17,0
1302,1935,18,0
1302,1920,19,0
1302,1922,20,0
1302,1170,21,0
1302,1160,22,0
1302,1150,23,0
1302,1140,24,0
1302,1071,25,0
1302,1060,26,0
1302,1005,27,0
1302,1000,28,1
1401,1000,1,0
1401,1005,2,0
1401,1095,3,0
1401,1090,4,0
1401,4875,5,0
1401,4885,6,0
1401,4895,7,0
1401,4905,8,0
1401,4915,9,0
1401,4925,10,0
1401,4935,11,0
1401,4945,12,0
1401,4955,13,0
1401,4965,14,0
1401,4975,15,0
1401,5120,16,0
1401,5130,17,0
1401,5140,18,0
1401,5150,19,0
1401,5160,20,0
1401,5170,21,0
1401,5180,22,0
1401,5190,23,0
1401,5200,24,0
1401,5210,25,0
1401,5220,26,0
1401,5230,27,0
1401,5240,28,0
1401,5250,29,0
1401,5260,30,0
1401,5270,31,0
1401,5320,32,0
1401,5330,33,0
1401,5340,34,0
1401,5350,35,0
1401,5360,36,0
1401,8060,37,0
1401,5690,38,0
1401,5705,39,0
1401,5710,40,0
1401,5720,41,0
1401,5800,42,0
1401,5810,43,0
1401,5822,44,0
1401,5826,45,0
1401,5830,46,1
1402,5830,1,0
1402,5825,2,0
1402,5820,3,0
1402,5812,4,0
1402,5805,5,0
1402,5715,6,0
1402,5695,7,0
1402,5700,8,0
1402,8065,9,0
1402,5685,10,0
1402,5355,11,0
1402,5345,12,0
1402,5335,13,0
1402,5325,14,0
1402,5315,15,0
1402,5265,16,0
1402,5255,17,0
1402,5245,18,0
1402,5235,19,0
1402,5225,20,0
1402,5215,21,0
1402,5205,22,0
1402,5195,23,0
1402,5185,24,0
1402,5175,25,0
1402,5165,26,0
1402,5155,27,0
1402,5145,28,0
1402,5135,29,0
1402,5125,30,0
1402,5115,31,0
1402,4980,32,0
1402,4970,33,0
1402,4960,34,0
1402,4950,35,0
1402,4940,36,0
1402,4930,37,0
1402,4920,38,0
1402,4910,39,0
1402,4900,40,0
1402,4890,41,0
1402,4880,42,0
1402,1105,43,0
1402,1110,44,0
1402,1080,45,0
1402,1060,46,0
1402,1005,47,0
1402,1000,48,1
2001,6935,1,0
2001,7000,2,0
2001,7010,3,0
2001,7020,4,0
2001,7030,5,0
2001,7235,6,0
2001,7240,7,0
2001,7250,8,0
2001,7280,9,0
2001,7290,10,0
2001,7300,11,0
2001,7225,12,0
2001,7220,13,0
2001,7215,14,0
2001,7210,15,0
2001,7205,16,0
2001,7060,17,0
2001,7055,18,0
2001,7050,19,0
2001,7045,20,0
2001,7040,21,0
2001,7155,22,0
2001,7160,23,0
2001,7170,24,0
2001,7175,25,0
2001,7180,26,1
2002,7180,1,0
2002,7185,2,0
2002,7190,3,0
2002,7195,4,0
2002,7165,5,0
2002,7150,6,0
2002,7145,7,0
2002,7135,8,0
2002,7125,9,0
2002,8075,10,0
2002,7005,11,0
2002,6995,12,0
2002,6935,13,1
2101,1000,1,0
2101,1050,2,0
2101,1660,3,0
2101,1665,4,0
2101,1730,5,0
2101,1740,6,0
2101,1750,7,0
2101,1760,8,0
2101,1765,9,0
2101,1785,10,0
2101,1790,11,0
2101,1815,12,0
2101,6205,13,0
2101,6215,14,0
2101,6285,15,0
2101,6295,16,0
2101,6305,17,0
2101,6315,18,0
2101,6325,19,0
2101,6335,20,0
2101,6345,21,0
2101,6870,22,0
2101,6860,23,0
2101,6850,24,0
2101,6840,25,0
2101,6830,26,0
2101,6820,27,0
2101,6810,28,0
2101,6800,29,0
2101,6770,30,0
2101,6785,31,0
2101,6915,32,0
2101,6925,33,0
2101,7070,34,0
2101,7080,35,0
2101,7090,36,0
2101,7100,37,0
2101,7110,38,1
2102,7110,1,0
2102,6505,2,0
2102,6490,3,0
2102,6480,4,0
2102,6470,5,0
2102,6460,6,0
2102,6450,7,0
2102,6440,8,0
2102,6435,9,0
2102,6420,10,0
2102,6410,11,0
2102,6400,12,0
2102,6390,13,0
2102,6380,14,0
2102,6370,15,0
2102,6360,16,0
2102,6290,17,0
2102,6280,18,0
2102,6210,19,0
2102,1820,20,0
2102,1795,21,0
2102,1780,22,0
2102,1770,23,0
2102,1755,24,0
2102,1745,25,0
2102,1735,26,0
2102,1675,27,0
2102,1670,28,0
2102,1655,29,0
2102,1051,30,0
2102,1045,31,0
2102,1000,32,1
2201,6940,1,0
2201,6585,2,0
2201,6575,3,0
2201,6565,4,0
2201,6555,5,0
2201,6550,6,0
2201,6545,7,0
2201,6535,8,0
2201,6525,9,0
2201,6505,10,0
2201,6490,11,0
2201,6480,12,0
2201,6470,13,0
2201,6460,14,0
2201,6450,15,0
2201,6440,16,0
2201,6435,17,0
2201,6420,18,0
2201,6410,19,0
2201,6400,20,0
2201,6390,21,0
2201,6380,22,0
2201,6370,23,0
2201,6360,24,1
2202,6305,1,0
2202,6315,2,0
2202,6325,3,0
2202,6335,4,0
2202,6345,5,0
2202,6355,6,0
2202,6580,7,0
2202,6590,8,0
2202,6940,9,1
2301,6940,1,0
2301,6920,2,0
2301,6910,3,0
2301,6900,4,0
2301,6890,5,0
2301,6880,6,0
2301,6870,7,0
2301,6860,8,0
2301,6850,9,0
2301,6840,10,0
2301,6830,11,0
2301,6820,12,0
2301,6810,13,0
2301,6800,14,0
2301,6790,15,0
2301,6595,16,0
2301,4361,17,1
2302,4361,1,0
2302,4510,2,0
2302,8080,3,0
2302,4500,4,0
2302,4520,5,0
2302,6610,6,0
2302,6618,7,0
2302,6620,8,0
2302,6945,9,0
2302,6950,10,0
2302,6960,11,0
2302,8090,12,0
2302,8085,13,0
2302,7245,14,0
2302,7237,15,0
2302,7230,16,0
2302,7025,17,0
2302,7015,18,0
2302,7005,19,0
2302,6995,20,0
2302,6940,21,1
2401,1000,1,0
2401,1050,2,0
2401,1660,3,0
2401,1680,4,0
2401,1685,5,0
2401,1690,6,0
2401,1695,7,0
2401,1700,8,0
2401,1850,9,0
2401,1855,10,0
2401,1860,11,0
2401,1865,12,0
2401,1870,13,0
2401,1875,14,0
2401,1880,15,0
2401,1885,16,0
2401,8070,17,0
2401,1785,18,0
2401,1790,19,0
2401,1805,20,1
2402,1805,1,0
2402,1795,2,0
2402,1780,3,0
2402,1770,4,0
2402,1755,5,0
2402,1745,6,0
2402,1735,7,0
2402,1675,8,0
2402,1670,9,0
2402,1655,10,0
2402,1051,11,0
2402,1045,12,0
2402,1000,13,1
2501,1000,1,0
2501,1002,2,0
2501,1070,3,0
2501,1180,4,0
2501,1190,5,0
2501,1220,6,0
2501,8095,7,0
2501,8100,8,0
2501,1240,9,0
2501,1245,10,0
2501,1250,11,0
2501,1255,12,0
2501,1260,13,0
2501,1265,14,0
2501,1270,15,0
2501,1275,16,0
2501,1280,17,0
2501,1285,18,0
2501,1290,19,0
2501,1295,20,0
2501,1300,21,0
2501,1310,22,0
2501,1315,23,0
2501,1322,24,0
2501,1320,25,0
2501,1325,26,0
2501,1330,27,1
2502,1330,1,0
2502,1335,2,0
2502,1340,3,0
2502,1210,4,0
2502,1205,5,0
2502,1195,6,0
2502,1185,7,0
2502,1140,8,0
2502,1071,9,0
2502,1055,10,0
2502,1000,11,1
2601,1000,1,0
2601,1505,2,0
2601,1510,3,0
2601,8105,4,0
2601,8110,5,0
2601,8115,6,0
2601,8125,7,0
2601,1365,8,0
2601,1370,9,0
2601,1373,10,0
2601,1375,11,1
2602,1375,1,0
2602,1380,2,0
2602,1385,3,0
2602,1390,4,0
2602,1360,5,0
2602,1395,6,0
2602,1400,7,0
2602,1405,8,0
2602,1410,9,0
2602,1415,10,0
2602,1420,11,0
2602,1210,12,0
2602,1205,13,0
2602,1195,14,0
2602,1185,15,0
2602,1140,16,0
2602,1071,17,0
2602,1060,18,0
2602,1005,19,0
2602,1000,20,1
2701,1000,1,0
2701,1030,2,0
2701,1035,3,0
2701,8145,4,0
2701,8150,5,0
2701,8155,6,0
2701,1615,7,0
2701,1620,8,0
2701,1625,9,0
2701,1630,10,0
2701,1635,11,0
2701,1645,12,0
2701,1650,13,0
2701,1825,14,0
2701,1830,15,1
2702,1830,1,0
2702,1835,2,0
2702,1837,3,0
2702,1840,4,0
2702,1845,5,0
2702,1705,6,0
2702,1710,7,0
2702,1715,8,0
2702,1720,9,0
2702,1725,10,0
2702,1045,11,0
2702,1000,12,1
2801,5830,1,0
2801,5825,2,0
2801,5820,3,0
2801,5785,4,0
2801,5854,5,0
2801,5833,6,0
2801,8170,7,0
2801,5870,8,0
2801,6010,9,0
2801,6050,10,0
2801,6060,11,0
2801,6110,12,0
2801,6120,13,0
2801,6130,14,0
2801,6140,15,0
2801,6150,16,0
2801,8195,17,0
2801,6200,18,1
2802,6200,1,0
2802,6000,2,0
2802,5990,3,0
2802,5980,4,0
2802,5970,5,0
2802,5960,6,0
2802,5950,7,0
2802,5940,8,0
2802,8175,9,0
2802,8180,10,0
2802,5895,11,0
2802,5905,12,0
2802,5915,13,0
2802,5925,14,0
2802,5927,15,0
2802,8185,16,0
2802,5830,17,1
10101,5830,1,0
10101,5825,2,0
10101,5820,3,0
10101,5812,4,0
10101,5805,5,0
10101,5715,6,0
10101,5695,7,0
10101,5700,8,0
10101,5685,9,0
10101,5675,10,0
10101,5665,11,0
10101,5405,12,0
10101,5395,13,0
10101,5385,14,0
10101,5375,15,0
10101,5305,16,0
10101,5295,17,0
10101,5285,18,0
10101,5275,19,0
10101,5245,20,0
10101,5235,21,0
10101,5240,22,0
10101,8200,23,0
10101,8210,24,0
10101,8220,25,0
10101,2125,26,0
10101,2135,27,0
10101,2145,28,0
10101,2150,29,0
10101,2160,30,0
10101,2192,31,0
10101,2170,32,0
10101,2175,33,0
10101,2180,34,0
10101,2185,35,0
10101,2295,36,0
10101,2305,37,0
10101,2310,38,0
10101,2320,39,0
10101,2330,40,0
10101,2340,41,0
10101,2350,42,0
10101,2360,43,0
10101,2460,44,0
10101,8230,45,0
10101,8235,46,0
10101,8240,47,0
10101,8250,48,0
10101,8255,49,0
10101,8260,50,0
10101,8275,51,0
10101,8280,52,0
10101,8000,53,0
10101,8285,54,0
10101,2478,55,0
10101,8245,56,0
10101,2462,57,0
10101,2380,58,0
10101,2390,59,0
10101,2400,60,0
10101,2413,61,0
10101,2417,62,0
10101,2423,63,0
10101,2427,64,0
10101,2433,65,0
10101,2437,66,0
10101,2443,67,0
10101,2447,68,0
10101,2453,69,1
10102,2453,1,0
10102,2457,2,0
10102,2424,3,0
10102,2419,4,0
10102,2460,5,0
10102,2478,6,0
10102,8230,7,0
10102,8235,8,0
10102,8250,9,0
10102,8255,10,0
10102,8260,11,0
10102,8275,12,0
10102,8280,13,0
10102,8000,14,0
10102,8265,15,0
10102,8245,16,0
10102,8240,17,0
10102,2462,18,0
10102,2370,19,0
10102,2365,20,0
10102,2355,21,0
10102,2345,22,0
10102,2335,23,0
10102,2325,24,0
10102,2315,25,0
10102,2304,26,0
10102,2300,27,0
10102,2195,28,0
10102,2175,29,0
10102,2180,30,0
10102,2185,31,0
10102,2167,32,0
10102,2165,33,0
10102,2155,34,0
10102,2140,35,0
10102,2130,36,0
10102,2120,37,0
10102,8225,38,0
10102,8215,39,0
10102,8205,40,0
10102,5250,41,0
10102,5280,42,0
10102,5290,43,0
10102,5300,44,0
10102,5310,45,0
10102,5380,46,0
10102,5390,47,0
10102,5400,48,0
10102,5410,49,0
10102,5670,50,0
10102,5680,51,0
10102,5690,52,0
10102,5705,53,0
10102,5710,54,0
10102,5720,55,0
10102,5800,56,0
10102,5810,57,0
10102,5822,58,0
10102,5826,59,0
10102,5830,60,0
10102,5825,61,0
10102,5820,62,0
10102,5812,63,0
10102,5805,64,0
10102,5715,65,0
10102,5695,66,0
10102,5700,67,0
10102,5685,68,0
10102,5675,69,0
10102,5665,70,0
10102,5405,71,0
10102,5395,72,0
10102,5385,73,0
10102,5375,74,0
10102,5305,75,0
10102,5295,76,0
10102,5285,77,0
10102,5275,78,0
10102,5245,79,0
10102,5235,80,0
10102,5240,81,0
10102,8200,82,0
10102,8210,83,0
10102,8220,84,0
10102,2125,85,0
10102,2135,86,0
10102,2145,87,0
10102,2150,88,0
10102,2160,89,0
10102,2192,90,0
10102,2170,91,1
10201,6935,1,0
10201,7000,2,0
10201,7010,3,0
10201,7020,4,0
10201,7030,5,0
10201,7235,6,0
10201,7240,7,0
10201,7250,8,0
10201,7280,9,0
10201,7290,10,0
10201,7310,11,0
10201,7320,12,0
10201,7330,13,0
10201,7340,14,0
10201,7350,15,0
10201,7360,16,0
10201,7370,17,0
10201,7380,18,0
10201,7390,19,0
10201,7460,20,1
10202,7460,1,0
10202,7445,2,0
10202,7435,3,0
10202,7425,4,0
10202,7415,5,0
10202,7405,6,0
10202,7395,7,0
10202,7385,8,0
10202,7375,9,0
10202,7365,10,0
10202,7355,11,0
10202,7345,12,0
10202,7335,13,0
10202,7325,14,0
10202,7315,15,0
10202,7305,16,0
10202,7295,17,0
10202,7285,18,0
10202,7245,19,0
10202,7237,20,0
10202,7230,21,0
10202,7025,22,0
10202,7015,23,0
10202,7005,24,0
10202,6995,25,0
10202,6935,26,1
10301,1000,1,0
10301,1035,2,0
10301,4165,3,0
10301,4167,4,0
10301,4168,5,0
10301,4170,6,0
10301,4172,7,0
10301,4185,8,0
10301,4325,9,0
10301,4335,10,0
10301,4346,11,0
10301,4366,12,0
10301,4373,13,0
10301,4356,14,0
10301,6600,15,0
10301,6770,16,0
10301,6785,17,0
10301,6915,18,0
10301,6925,19,0
10301,6940,20,0
10301,6935,21,0
10301,6920,22,0
10301,6780,23,0
10301,6775,24,0
10301,6595,25,0
10301,4361,26,0
10301,4510,27,0
10301,4520,28,0
10301,4535,29,0
10301,4652,30,0
10301,4665,31,0
10301,4670,32,0
10301,4675,33,0
10301,4680,34,0
10301,4685,35,0
10301,4690,36,0
10301,4695,37,0
10301,4700,38,0
10301,4702,39,0
10301,8295,40,0
10301,8305,41,0
10301,8310,42,0
10301,8315,43,0
10301,8320,44,0
10301,8325,45,0
10301,4703,46,0
10301,4705,47,0
10301,4710,48,0
10301,4715,49,0
10301,4790,50,0
10301,4785,51,0
10301,4780,52,0
10301,4775,53,0
10301,4770,54,0
10301,4765,55,0
10301,4795,56,0
10301,4800,57,0
10301,4760,58,0
10301,4755,59,0
10301,4750,60,0
10301,4745,61,0
10301,4740,62,0
10301,4735,63,0
10301,4730,64,0
10301,4725,65,0
10301,4720,66,0
10301,4530,67,0
10301,4525,68,0
10301,4330,69,0
10301,4320,70,0
10301,4190,71,0
10301,4180,72,0
10301,4175,73,0
10301,4162,74,0
10301,4163,75,0
10301,4160,76,0
10301,1040,77,0
10301,1025,78,0
10301,1015,79,1
10302,4703,1,0
10302,8325,2,0
10302,8330,3,0
10302,8335,4,0
10302,8340,5,0
10302,8345,6,0
10302,4635,7,0
10302,4630,8,0
10302,4625,9,0
10302,4622,10,0
10302,4615,11,0
10302,4610,12,0
10302,4595,13,0
10302,4545,14,0
10302,4542,15,0
10302,4540,16,0
10302,4532,17,0
10302,4490,18,0
10302,4480,19,0
10302,4470,20,0
10302,4460,21,0
10302,4455,22,0
10302,4445,23,0
10302,4505,24,0
10302,4356,25,0
10302,6600,26,0
10302,6770,27,0
10302,6785,28,0
10302,6915,29,0
10302,6925,30,0
10302,6935,31,1
10401,1000,1,0
10401,1070,2,0
10401,1180,3,0
10401,1190,4,0
10401,1200,5,0
10401,1208,6,0
10401,1215,7,0
10401,3585,8,0
10401,3595,9,0
10401,3605,10,0
10401,3607,11,0
10401,3615,12,0
10401,3625,13,0
10401,3635,14,0
10401,3645,15,0
10401,3650,16,0
10401,3665,17,0
10401,3675,18,0
10401,3685,19,0
10401,3695,20,0
10401,3705,21,0
10401,3715,22,0
10401,3725,23,0
10401,3735,24,0
10401,3775,25,0
10401,3785,26,0
10401,3793,27,0
10401,3795,28,0
10401,3805,29,0
10401,3815,30,0
10401,3825,31,0
10401,3835,32,0
10401,3845,33,0
10401,3855,34,0
10401,3865,35,0
10401,8355,36,0
10401,3985,37,1
10402,3985,1,0
10402,8370,2,0
10402,8375,3,0
10402,8385,4,0
10402,8390,5,0
10402,8400,6,0
10402,8405,7,0
10402,8410,8,0
10402,3905,9,0
10402,8380,10,0
10402,8415,11,0
10402,8420,12,0
10402,3860,13,0
10402,3850,14,0
10402,3840,15,0
10402,3830,16,0
10402,3820,17,0
10402,3810,18,0
10402,3800,19,0
10402,3798,20,0
10402,3790,21,0
10402,3780,22,0
10402,3770,23,0
10402,3760,24,0
10402,3750,25,0
10402,3740,26,0
10402,3730,27,0
10402,3720,28,0
10402,3710,29,0
10402,3700,30,0
10402,3690,31,0
10402,3680,32,0
10402,3670,33,0
10402,3655,34,0
10402,3660,35,0
10402,3640,36,0
10402,3630,37,0
10402,3620,38,0
10402,3608,39,0
10402,3610,40,0
10402,3600,41,0
10402,3590,42,0
10402,1210,43,0
10402,1205,44,0
10402,1195,45,0
10402,1185,46,0
10402,1140,47,0
10402,1071,48,0
10402,1055,49,0
10402,1000,50,1
10501,1000,1,0
10501,1050,2,0
10501,1660,3,0
10501,1665,4,0
10501,1730,5,0
10501,1740,6,0
10501,1750,7,0
10501,1760,8,0
10501,1765,9,0
10501,1785,10,0
10501,1790,11,0
10501,1815,12,0
10501,2620,13,0
10501,2630,14,0
10501,2640,15,0
10501,2650,16,0
10501,2660,17,0
10501,2670,18,0
10501,2680,19,0
10501,2690,20,0
10501,2710,21,0
10501,2720,22,0
10501,2730,23,0
10501,2740,24,0
10501,2750,25,0
10501,2760,26,0
10501,2770,27,0
10501,2785,28,0
10501,2795,29,0
10501,2805,30,0
10501,2807,31,0
10501,2815,32,0
10501,2825,33,0
10501,2835,34,0
10501,2845,35,0
10501,2855,36,0
10501,2860,37,0
10501,2852,38,0
10501,2840,39,0
10501,2830,40,0
10501,2820,41,0
10501,2822,42,0
10501,2810,43,0
10501,2800,44,0
10501,2790,45,0
10501,2875,46,0
10501,2865,47,0
10501,2885,48,0
10501,2890,49,0
10501,2900,50,0
10501,2910,51,0
10501,2920,52,0
10501,2930,53,0
10501,2940,54,0
10501,2950,55,0
10501,2960,56,0
10501,2970,57,0
10501,2980,58,0
10501,2990,59,0
10501,3005,60,0
10501,3015,61,0
10501,3025,62,0
10501,3035,63,0
10501,3050,64,0
10501,3060,65,0
10501,3070,66,0
10501,3080,67,0
10501,3090,68,0
10501,3100,69,0
10501,3110,70,0
10501,3115,71,0
10501,3120,72,0
10501,3130,73,0
10501,3140,74,0
10501,3150,75,0
10501,3160,76,0
10501,3230,77,0
10501,3240,78,0
10501,3250,79,0
10501,3260,80,0
10501,3225,81,0
10501,3220,82,0
10501,3215,83,0
10501,3210,84,0
10501,3205,85,0
10501,3200,86,0
10501,3195,87,0
10501,3190,88,0
10501,3185,89,0
10501,3180,90,0
10501,3175,91,0
10501,3170,92,0
10501,3265,93,0
10501,3255,94,0
10501,3245,95,0
10501,3235,96,0
10501,3165,97,0
10501,3155,98,0
10501,3145,99,0
10501,3125,100,0
10501,3123,101,0
10501,3105,102,0
10501,3095,103,0
10501,3085,104,0
10501,3075,105,0
10501,3065,106,0
10501,3055,107,0
10501,3045,108,0
10501,2945,109,0
10501,2935,110,0
10501,2925,111,0
10501,2915,112,0
10501,2905,113,0
10501,2895,114,0
10501,2880,115,0
10501,2850,116,0
10501,2870,117,0
10501,3270,118,0
10501,3280,119,0
10501,3290,120,0
10501,3300,121,0
10501,3310,122,0
10501,3320,123,0
10501,3330,124,0
10501,3340,125,0
10501,3350,126,0
10501,3360,127,0
10501,3390,128,0
10501,3395,129,0
10501,3400,130,0
10501,3405,131,0
10501,3410,132,0
10501,3415,133,0
10501,3420,134,0
10501,3465,135,0
10501,3475,136,0
10501,3485,137,0
10501,3495,138,0
10501,3505,139,0
10501,3515,140,0
10501,3525,141,0
10501,3535,142,0
10501,3545,143,0
10501,3555,144,0
10501,3565,145,0
10501,3570,146,0
10501,3575,147,0
10501,3580,148,1
10502,3580,1,0
10502,3571,2,0
10502,3560,3,0
10502,3550,4,0
10502,3540,5,0
10502,3530,6,0
10502,3520,7,0
10502,3510,8,0
10502,3500,9,0
10502,3490,10,0
10502,3480,11,0
10502,3470,12,0
10502,3460,13,0
10502,3440,14,0
10502,3455,15,0
10502,3450,16,0
10502,3445,17,0
10502,3435,18,0
10502,3425,19,0
10502,8455,20,0
10502,8445,21,0
10502,8425,22,0
10502,8430,23,0
10502,8435,24,0
10502,3365,25,0
10502,3355,26,0
10502,3345,27,0
10502,3335,28,0
10502,3325,29,0
10502,3315,30,0
10502,3305,31,0
10502,3295,32,0
10502,3285,33,0
10502,3275,34,0
10502,3265,35,0
10502,3255,36,0
10502,3245,37,0
10502,3235,38,0
10502,3165,39,0
10502,3205,40,0
10502,3200,41,0
10502,3195,42,0
10502,3190,43,0
10502,3185,44,0
10502,3180,45,0
10502,3175,46,0
10502,3170,47,0
10502,3155,48,0
10502,3145,49,0
10502,3125,50,0
10502,3123,51,0
10502,3040,52,0
10502,3030,53,0
10502,3020,54,0
10502,3010,55,0
10502,3000,56,0
10502,2995,57,0
10502,2975,58,0
10502,2965,59,0
10502,2955,60,0
10502,3115,61,0
10502,3105,62,0
10502,3095,63,0
10502,3085,64,0
10502,3075,65,0
10502,3065,66,0
10502,3055,67,0
10502,3045,68,0
10502,2945,69,0
10502,2935,70,0
10502,2925,71,0
10502,2915,72,0
10502,2905,73,0
10502,2895,74,0
10502,2880,75,0
10502,2875,76,0
10502,2785,77,0
10502,2795,78,0
10502,2805,79,0
10502,2807,80,0
10502,2815,81,0
10502,2825,82,0
10502,2835,83,0
10502,2845,84,0
10502,2855,85,0
10502,2860,86,0
10502,2852,87,0
10502,2840,88,0
10502,2830,89,0
10502,2820,90,0
10502,2822,91,0
10502,2810,92,0
10502,2800,93,0
10502,2790,94,0
10502,2780,95,0
10502,2775,96,0
10502,2765,97,0
10502,2755,98,0
10502,2745,99,0
10502,2725,100,0
10502,2715,101,0
10502,2695,102,0
10502,2685,103,0
10502,2675,104,0
10502,2665,105,0
10502,2655,106,0
10502,2645,107,0
10502,2635,108,0
10502,2625,109,0
10502,1820,110,0
10502,1795,111,0
10502,1780,112,0
10502,1770,113,0
10502,1755,114,0
10502,1745,115,0
10502,1735,116,0
10502,1675,117,0
10502,1670,118,0
10502,1655,119,0
10502,1051,120,0
10502,1045,121,0
10502,1000,122,1
14702,1000,1,0
14702,1002,2,0
14702,1440,3,0
14702,1450,4,0
14702,1460,5,0
14702,1465,6,0
14702,1475,7,0
14702,1485,8,0
14702,1495,9,0
14702,1505,10,0
14702,1510,11,0
14702,1515,12,0
14702,1520,13,0
14702,1525,14,0
14702,1530,15,0
14702,1535,16,0
14702,1540,17,0
14702,1545,18,0
14702,1550,19,0
14702,1555,20,0
14702,1560,21,0
14702,1565,22,0
14702,1570,23,0
14702,1500,24,0
14702,1490,25,0
14702,1480,26,0
14702,1470,27,0
14702,1455,28,0
14702,1445,29,0
14702,1452,30,0
14702,1055,31,0
14702,1050,32,0
14702,1575,33,0
14702,1580,34,0
14702,1585,35,0
14702,1590,36,0
14702,1595,37,0
14702,1600,38,0
14702,1605,39,0
14702,1615,40,0
14702,1620,41,0
14702,1625,42,0
14702,1630,43,0
14702,1635,44,0
14702,1645,45,0
14702,1650,46,0
14702,1675,47,0
14702,1670,48,0
14702,1680,49,0
14702,1685,50,0
14702,1690,51,0
14702,1695,52,0
14702,1700,53,0
14702,1850,54,0
14702,1855,55,0
14702,1860,56,0
14702,1865,57,0
14702,1870,58,0
14702,1875,59,0
14702,1880,60,0
14702,1885,61,0
14702,1890,62,0
14702,1895,63,0
14702,1900,64,0
14702,1905,65,0
14702,1910,66,0
14702,1820,67,0
14702,1805,68,0
14702,1795,69,0
14702,1787,70,0
14702,1780,71,0
14702,1770,72,0
14702,1755,73,0
14702,1745,74,0
14702,1735,75,0
14702,1655,76,0
14702,1051,77,0
14702,1045,78,1
18901,1000,1,0
18901,1005,2,0
18901,1095,3,0
18901,1135,4,0
18901,5025,5,0
18901,5030,6,0
18901,5040,7,0
18901,5480,8,0
18901,5530,9,0
18901,5532,10,0
18901,5520,11,0
18901,5510,12,0
18901,5500,13,0
18901,5725,14,0
18901,5735,15,0
18901,5740,16,0
18901,5750,17,0
18901,5760,18,0
18901,5770,19,0
18901,5785,20,0
18901,5795,21,0
18901,6010,22,0
18901,6020,23,0
18901,6030,24,0
18901,6040,25,0
18901,6050,26,0
18901,6060,27,0
18901,6110,28,0
18901,6120,29,0
18901,6130,30,0
18901,6140,31,0
18901,6150,32,0
18901,6200,33,0
18901,6000,34,0
18901,5990,35,0
18901,5980,36,0
18901,5970,37,0
18901,5960,38,0
18901,5950,39,0
18901,5940,40,0
18901,5930,41,0
18901,5927,42,0
18901,5830,43,1
18902,5830,1,0
18902,5825,2,0
18902,5820,3,0
18902,5812,4,0
18902,5800,5,0
18902,5715,6,0
18902,5695,7,0
18902,5700,8,0
18902,5685,9,0
18902,5675,10,0
18902,5665,11,0
18902,5405,12,0
18902,5395,13,0
18902,5385,14,0
18902,5375,15,0
18902,5365,16,0
18902,5355,17,0
18902,5345,18,0
18902,5335,19,0
18902,5325,20,0
18902,5315,21,0
18902,5265,22,0
18902,5255,23,0
18902,5245,24,0
18902,5235,25,0
18902,5225,26,0
18902,5215,27,0
18902,5205,28,0
18902,5195,29,0
18902,5185,30,0
18902,5175,31,0
18902,5165,32,0
18902,5155,33,0
18902,5145,34,0
18902,5135,35,0
18902,5125,36,0
18902,5115,37,0
18902,4980,38,0
18902,4970,39,0
18902,4960,40,0
18902,4950,41,0
18902,4940,42,0
18902,4930,43,0
18902,4920,44,0
18902,4910,45,0
18902,4900,46,0
18902,4890,47,0
18902,4880,48,0
18902,1105,49,0
18902,1000,50,1
24101,1000,1,0
24101,1005,2,0
24101,1095,3,0
24101,3990,4,0
24101,4000,5,0
24101,4013,6,0
24101,4015,7,0
24101,4045,8,0
24101,4055,9,0
24101,4074,10,0
24101,4080,11,0
24101,4090,12,0
24101,4100,13,0
24101,4114,14,0
24101,4110,15,0
24101,4125,16,0
24101,4130,17,0
24101,4140,18,0
24101,4150,19,0
24101,4275,20,0
24101,4285,21,0
24101,4295,22,0
24101,4305,23,0
24101,4315,24,0
24101,4385,25,0
24101,4560,26,0
24101,4565,27,0
24101,4570,28,0
24101,4575,29,0
24101,4580,30,0
24101,4585,31,0
24101,4590,32,0
24101,4600,33,0
24101,4605,34,0
24101,4614,35,0
24101,4620,36,0
24101,4640,37,0
24101,4645,38,0
24101,4650,39,0
24101,4652,40,0
24101,4670,41,0
24101,4675,42,0
24101,4680,43,0
24101,4685,44,0
24101,7525,45,0
24101,4635,46,1
24102,4635,1,0
24102,4630,2,0
24102,4625,3,0
24102,4622,4,0
24102,4615,5,0
24102,4610,6,0
24102,4595,7,0
24102,4545,8,0
24102,4542,9,0
24102,4540,10,0
24102,4539,11,0
24102,4380,12,0
24102,4395,13,0
24102,4405,14,0
24102,4415,15,0
24102,4425,16,0
24102,4430,17,0
24102,4435,18,0
24102,4505,19,0
24102,4520,20,0
24102,6610,21,0
24102,6618,22,0
24102,6620,23,0
24102,6630,24,0
24102,6640,25,0
24102,6650,26,0
24102,6660,27,0
24102,6680,28,0
24102,6690,29,0
24102,6700,30,0
24102,6915,31,0
24102,6940,32,0
24102,6930,33,0
24102,6920,34,0
24102,6780,35,0
24102,6775,36,0
24102,6595,37,0
24102,4360,38,0
24102,4361,39,0
24102,4371,40,0
24102,4351,41,0
24102,4341,42,0
24102,4330,43,0
24102,4320,44,0
24102,4190,45,0
24102,4180,46,0
24102,4175,47,0
24102,4162,48,0
24102,4163,49,0
24102,4160,50,0
24102,1040,51,0
24102,1025,52,0
24102,1015,53,0
24102,1000,54,1
30001,1000,1,0
30001,1050,2,0
30001,1660,3,0
30001,1665,4,0
30001,1730,5,0
30001,1740,6,0
30001,1750,7,0
30001,1760,8,0
30001,1765,9,0
30001,1785,10,0
30001,1790,11,0
30001,1815,12,0
30001,6205,13,0
30001,6215,14,0
30001,6285,15,0
30001,6295,16,0
30001,6305,17,0
30001,6315,18,0
30001,6325,19,0
30001,6335,20,0
30001,6345,21,0
30001,6355,22,0
30001,6580,23,0
30001,6590,24,0
30001,7000,25,0
30001,7010,26,0
30001,7020,27,0
30001,7030,28,0
30001,7235,29,0
30001,7240,30,0
30001,7250,31,0
30001,7280,32,0
30001,7290,33,0
30001,7300,34,1
30002,7300,1,0
30002,7225,2,0
30002,7220,3,0
30002,7215,4,0
30002,7210,5,0
30002,7205,6,0
30002,7200,7,0
30002,7160,8,0
30002,7170,9,0
30002,7175,10,0
30002,7180,11,0
30002,7185,12,0
30002,7190,13,0
30002,7195,14,0
30002,7165,15,0
30002,7150,16,0
30002,7145,17,0
30002,7135,18,0
30002,7125,19,0
30002,7127,20,0
30002,7110,21,0
30002,7095,22,0
30002,7085,23,0
30002,7075,24,0
30002,7065,25,0
30002,6585,26,0
30002,6575,27,0
30002,6350,28,0
30002,6340,29,0
30002,6330,30,0
30002,6320,31,0
30002,6310,32,0
30002,6300,33,0
30002,6290,34,0
30002,6280,35,0
30002,6210,36,0
30002,1820,37,0
30002,1795,38,0
30002,1787,39,0
30002,1780,40,0
30002,1770,41,0
30002,1755,42,0
30002,1745,43,0
30002,1735,44,0
30002,1675,45,0
30002,1670,46,0
30002,1655,47,0
30002,1051,48,0
30002,1045,49,0
30002,1000,50,0
30002,7320,51,0
30002,7330,52,0
30002,7340,53,0
30002,7350,54,0
30002,7360,55,0
30002,7370,56,0
30002,7380,57,0
30002,7390,58,0
30002,7464,59,0
30002,7510,60,0
30002,7515,61,0
30002,7520,62,1
30301,1000,1,0
30301,1035,2,0
30301,4165,3,0
30301,4167,4,0
30301,4168,5,0
30301,4170,6,0
30301,4172,7,0
30301,4185,8,0
30301,4325,9,0
30301,4335,10,0
30301,4346,11,0
30301,4366,12,0
30301,4373,13,0
30301,4356,14,0
30301,6600,15,0
30301,6770,16,0
30301,6785,17,0
30301,6915,18,0
30301,6925,19,0
30301,7000,20,0
30301,7010,21,0
30301,7020,22,0
30301,7030,23,0
30301,7235,24,0
30301,7240,25,0
30301,7250,26,0
30301,7280,27,0
30301,7290,28,0
30301,7310,29,0
30301,7320,30,0
30301,7330,31,0
30301,7340,32,0
30301,7350,33,0
30301,7360,34,0
30301,7370,35,0
30301,7380,36,0
30301,7390,37,0
30301,7464,38,0
30301,7510,39,0
30301,7515,40,0
30301,7520,41,0
30301,7463,42,0
30301,7385,43,0
30301,7375,44,0
30301,7365,45,0
30301,7355,46,0
30301,7345,47,0
30301,7335,48,0
30301,7325,49,0
30301,7315,50,0
30301,7305,51,0
30301,7300,52,0
30301,7285,53,0
30301,7245,54,0
30301,7237,55,0
30301,7230,56,0
30301,7025,57,0
30301,7015,58,0
30301,7005,59,0
30301,6995,60,0
30301,6930,61,0
30301,6920,62,0
30301,6780,63,0
30301,6775,64,0
30301,6595,65,0
30301,4330,66,0
30301,4320,67,0
30301,4190,68,0
30301,4180,69,0
30301,4175,70,0
30301,4162,71,0
30301,4163,72,0
30301,4160,73,0
30301,1040,74,0
30301,1025,75,0
30301,1015,76,1
30501,1000,1,0
30501,1050,2,0
30501,1660,3,0
30501,1665,4,0
30501,1730,5,0
30501,1740,6,0
30501,1750,7,0
30501,1760,8,0
30501,1765,9,0
30501,1785,10,0
30501,1790,11,0
30501,1815,12,0
30501,6205,13,0
30501,6215,14,0
30501,6285,15,0
30501,6295,16,0
30501,6305,17,0
30501,6315,18,0
30501,6325,19,0
30501,6335,20,0
30501,6345,21,0
30501,6355,22,0
30501,6580,23,0
30501,6590,24,0
30501,7000,25,0
30501,7010,26,0
30501,7020,27,0
30501,7030,28,0
30501,7235,29,0
30501,7240,30,0
30501,7250,31,0
30501,7280,32,0
30501,7290,33,0
30501,7300,34,0
30501,7225,35,0
30501,7220,36,0
30501,7215,37,0
30501,7210,38,0
30501,7205,39,0
30501,7200,40,0
30501,7160,41,0
30501,7170,42,0
30501,7175,43,0
30501,7180,44,0
30501,7185,45,0
30501,7190,46,0
30501,7195,47,0
30501,7165,48,0
30501,7150,49,0
30501,7035,50,0
30501,7025,51,0
30501,7015,52,0
30501,7005,53,0
30501,6995,54,0
30501,6585,55,0
30501,6575,56,0
30501,6350,57,0
30501,6340,58,0
30501,6330,59,0
30501,6320,60,0
30501,6310,61,0
30501,6300,62,0
30501,6290,63,0
30501,6280,64,0
30501,6210,65,0
30501,1820,66,0
30501,1795,67,0
30501,1787,68,0
30501,1780,69,0
30501,1770,70,0
30501,1755,71,0
30501,1745,72,0
30501,1735,73,0
30501,1675,74,0
30501,1670,75,0
30501,1655,76,0
30501,1051,77,0
30501,1045,78,1
40201,1000,1,0
40201,1035,2,0
40201,4165,3,0
40201,4167,4,0
40201,4168,5,0
40201,4170,6,0
40201,4172,7,0
40201,4185,8,0
40201,4325,9,0
40201,4335,10,0
40201,4346,11,0
40201,4366,12,0
40201,4373,13,0
40201,4356,14,0
40201,6600,15,0
40201,6770,16,0
40201,6785,17,0
40201,6915,18,0
40201,6925,19,0
40201,7000,20,0
40201,7010,21,0
40201,7020,22,0
40201,7030,23,0
40201,7145,24,0
40201,7135,25,0
40201,7125,26,0
40201,7127,27,0
40201,7110,28,1
40202,7110,1,0
40202,7095,2,0
40202,7085,3,0
40202,7075,4,0
40202,7065,5,0
40202,6930,6,0
40202,6920,7,0
40202,6780,8,0
40202,6775,9,0
40202,6595,10,0
40202,4361,11,0
40202,4371,12,0
40202,4351,13,0
40202,4341,14,0
40202,4330,15,0
40202,4320,16,0
40202,4190,17,0
40202,4180,18,0
40202,4175,19,0
40202,4162,20,0
40202,4163,21,0
40202,4160,22,0
40202,1040,23,0
40202,1025,24,0
40202,1015,25,0
40202,1000,26,1
50201,1000,1,0
50201,1005,2,0
50201,1095,3,0
50201,1090,4,0
50201,4805,5,0
50201,4815,6,0
50201,4830,7,0
50201,4840,8,0
50201,4850,9,0
50201,4860,10,0
50201,4870,11,0
50201,4985,12,0
50201,4995,13,0
50201,5005,14,0
50201,5015,15,0
50201,5010,16,0
50201,5420,17,0
50201,5430,18,0
50201,5440,19,0
50201,5450,20,0
50201,5460,21,0
50201,5670,22,0
50201,5680,23,0
50201,5690,24,0
50201,5705,25,0
50201,5710,26,0
50201,5720,27,0
50201,5775,28,0
50201,5765,29,0
50201,5755,30,0
50201,5745,31,0
50201,5730,32,0
50201,5660,33,0
50201,5505,34,0
50201,5515,35,0
50201,5517,36,0
50201,5525,37,0
50201,5540,38,0
50201,5550,39,0
50201,5620,40,0
50201,5630,41,0
50201,5640,42,0
50201,5650,43,0
50201,5655,44,1
50202,5655,1,0
50202,5645,2,0
50202,5635,3,0
50202,5625,4,0
50202,5603,5,0
50202,5601,6,0
50202,5595,7,0
50202,5590,8,0
50202,5575,9,0
50202,5565,10,0
50202,5555,11,0
50202,5551,12,0
50202,5553,13,0
50202,5545,14,0
50202,5535,15,0
50202,5530,16,0
50202,5532,17,0
50202,5520,18,0
50202,5510,19,0
50202,5500,20,0
50202,5465,21,0
50202,5455,22,0
50202,5445,23,0
50202,5435,24,0
50202,5425,25,0
50202,5415,26,0
50202,5005,27,0
50202,5015,28,0
50202,5010,29,0
50202,5105,30,0
50202,5085,31,0
50202,5075,32,0
50202,5065,33,0
50202,5055,34,0
50202,5045,35,0
50202,5035,36,0
50202,5020,37,0
50202,1130,38,0
50202,1000,39,1
64001,1000,1,0
64001,1002,2,0
64001,1070,3,0
64001,1180,4,0
64001,1190,5,0
64001,1200,6,0
64001,1208,7,0
64001,1341,8,0
64001,1336,9,0
64001,1331,10,0
64001,1326,11,0
64001,1321,12,0
64001,1323,13,0
64001,1316,14,0
64001,1311,15,0
64001,1306,16,0
64001,1246,17,0
64001,1248,18,0
64001,1175,19,0
64001,1925,20,0
64001,1940,21,0
64001,1950,22,0
64001,1960,23,0
64001,1965,24,0
64001,1985,25,0
64001,2095,26,0
64001,2110,27,0
64001,2125,28,0
64001,2135,29,0
64001,2140,30,0
64001,2150,31,0
64001,2160,32,0
64001,2192,33,0
64001,2170,34,0
64001,2175,35,0
64001,2180,36,0
64001,2185,37,0
64001,2195,38,0
64001,2167,39,0
64001,2235,40,0
64001,2245,41,0
64001,2255,42,0
64001,2265,43,0
64001,2275,44,0
64001,2285,45,0
64001,2290,46,1
64002,2290,1,0
64002,2280,2,0
64002,2270,3,0
64002,2260,4,0
64002,2240,5,0
64002,2230,6,0
64002,2155,7,0
64002,2145,8,0
64002,2130,9,0
64002,2120,10,0
64002,2115,11,0
64002,2090,12,0
64002,2080,13,0
64002,2065,14,0
64002,2055,15,0
64002,2050,16,0
64002,2035,17,0
64002,2025,18,0
64002,2015,19,0
64002,2010,20,0
64002,1995,21,0
64002,1980,22,0
64002,1970,23,0
64002,1955,24,0
64002,1945,25,0
64002,1935,26,0
64002,1930,27,0
64002,1920,28,0
64002,1245,29,0
64002,1300,30,0
64002,1310,31,0
64002,1315,32,0
64002,1322,33,0
64002,1320,34,0
64002,1325,35,0
64002,1330,36,0
64002,1335,37,0
64002,1340,38,0
64002,1210,39,0
64002,1205,40,0
64002,1195,41,0
64002,1185,42,0
64002,1140,43,0
64002,1071,44,0
64002,1055,45,0
64002,1000,46,1
70101,1000,1,0
70101,1070,2,0
70101,1145,3,0
70101,1155,4,0
70101,1065,5,0
70101,1175,6,0
70101,1925,7,0
70101,1935,8,0
70101,1940,9,0
70101,1950,10,0
70101,1960,11,0
70101,1965,12,0
70101,1985,13,0
70101,2095,14,0
70101,2110,15,0
70101,2125,16,0
70101,2135,17,0
70101,2140,18,0
70101,2150,19,0
70101,2160,20,0
70101,2192,21,0
70101,2170,22,0
70101,2190,23,0
70101,2295,24,0
70101,2305,25,0
70101,2310,26,0
70101,2320,27,0
70101,2330,28,0
70101,2340,29,0
70101,2350,30,0
70101,2360,31,0
70101,2460,32,0
70101,2465,33,0
70101,2477,34,0
70101,2475,35,0
70101,2485,36,0
70101,2495,37,0
70101,2505,38,0
70101,2510,39,0
70101,2525,40,0
70101,2535,41,0
70101,2541,42,0
70101,2546,43,0
70101,2550,44,0
70101,2561,45,0
70101,2566,46,0
70101,2570,47,0
70101,2580,48,0
70101,2590,49,0
70101,2600,50,0
70101,2605,51,0
70101,2610,52,0
70101,2612,53,0
70101,2478,54,0
70101,2462,55,0
70101,2450,56,0
70101,2440,57,0
70101,2430,58,0
70101,2420,59,0
70101,2410,60,0
70101,2417,61,0
70101,2423,62,0
70101,2427,63,0
70101,2433,64,0
70101,2437,65,0
70101,2443,66,0
70101,2447,67,0
70101,2453,68,1
70102,2453,1,0
70102,2457,2,0
70102,2424,3,0
70102,2419,4,0
70102,2413,5,0
70102,2400,6,0
70102,2390,7,0
70102,2380,8,0
70102,2460,9,0
70102,2465,10,0
70102,2477,11,0
70102,2475,12,0
70102,2485,13,0
70102,2495,14,0
70102,2505,15,0
70102,2510,16,0
70102,2525,17,0
70102,2535,18,0
70102,2541,19,0
70102,2546,20,0
70102,2550,21,0
70102,2561,22,0
70102,2566,23,0
70102,2570,24,0
70102,2580,25,0
70102,2590,26,0
70102,2600,27,0
70102,2605,28,0
70102,2610,29,0
70102,2612,30,0
70102,2478,31,0
70102,2462,32,0
70102,2370,33,0
70102,2365,34,0
70102,2355,35,0
70102,2345,36,0
70102,2335,37,0
70102,2325,38,0
70102,2315,39,0
70102,2304,40,0
70102,2300,41,0
70102,2195,42,0
70102,2167,43,0
70102,2165,44,0
70102,2155,45,0
70102,2145,46,0
70102,2130,47,0
70102,2120,48,0
70102,2115,49,0
70102,2090,50,0
70102,1990,51,0
70102,1980,52,0
70102,1970,53,0
70102,1955,54,0
70102,1945,55,0
70102,1935,56,0
70102,1930,57,0
70102,1920,58,0
70102,1922,59,0
70102,1170,60,0
70102,1160,61,0
70102,1150,62,0
70102,1140,63,0
70102,1071,64,0
70102,1055,65,0
70102,1000,66,1
70201,1000,1,0
70201,1070,2,0
70201,1180,3,0
70201,1190,4,0
70201,1200,5,0
70201,1208,6,0
70201,1215,7,0
70201,3585,8,0
70201,3595,9,0
70201,3605,10,0
70201,3607,11,0
70201,3615,12,0
70201,3625,13,0
70201,3635,14,0
70201,3645,15,0
70201,3650,16,0
70201,3665,17,0
70201,3675,18,0
70201,3685,19,0
70201,3695,20,0
70201,3705,21,0
70201,3715,22,0
70201,3725,23,0
70201,3735,24,0
70201,3775,25,0
70201,3785,26,0
70201,3793,27,0
70201,3795,28,0
70201,3805,29,0
70201,3815,30,0
70201,3825,31,0
70201,3835,32,0
70201,3846,33,0
70201,3845,34,0
70201,3855,35,0
70201,3865,36,0
70201,3890,37,0
70201,3895,38,0
70201,3900,39,0
70201,3910,40,0
70201,3915,41,0
70201,3920,42,0
70201,3925,43,0
70201,3930,44,0
70201,3935,45,0
70201,3940,46,0
70201,3945,47,0
70201,3950,48,0
70201,3955,49,0
70201,3960,50,0
70201,3965,51,0
70201,3970,52,0
70201,3975,53,0
70201,3980,54,0
70201,3985,55,1
70202,3985,1,0
70202,3885,2,0
70202,3880,3,0
70202,3965,4,0
70202,3960,5,0
70202,3955,6,0
70202,3950,7,0
70202,3945,8,0
70202,3940,9,0
70202,3935,10,0
70202,3930,11,0
70202,3925,12,0
70202,3920,13,0
70202,3915,14,0
70202,3910,15,0
70202,3905,16,0
70202,3900,17,0
70202,3895,18,0
70202,3890,19,0
70202,3865,20,0
70202,3875,21,0
70202,3870,22,0
70202,3860,23,0
70202,3850,24,0
70202,3840,25,0
70202,3830,26,0
70202,3820,27,0
70202,3810,28,0
70202,3800,29,0
70202,3798,30,0
70202,3790,31,0
70202,3780,32,0
70202,3770,33,0
70202,3760,34,0
70202,3750,35,0
70202,3740,36,0
70202,3730,37,0
70202,3720,38,0
70202,3710,39,0
70202,3700,40,0
70202,3690,41,0
70202,3680,42,0
70202,3670,43,0
70202,3655,44,0
70202,3660,45,0
70202,3640,46,0
70202,3630,47,0
70202,3620,48,0
70202,3608,49,0
70202,3610,50,0
70202,3600,51,0
70202,3590,52,0
70202,1210,53,0
70202,1205,54,0
70202,1195,55,0
70202,1185,56,0
70202,1140,57,0
70202,1071,58,0
70202,1055,59,0
70202,1000,60,1
70301,1000,1,0
70301,1050,2,0
70301,1660,3,0
70301,1665,4,0
70301,1730,5,0
70301,1740,6,0
70301,1750,7,0
70301,1760,8,0
70301,1765,9,0
70301,1785,10,0
70301,1790,11,0
70301,1815,12,0
70301,2620,13,0
70301,2630,14,0
70301,2640,15,0
70301,2650,16,0
70301,2660,17,0
70301,2670,18,0
70301,2680,19,0
70301,2690,20,0
70301,2710,21,0
70301,2720,22,0
70301,2730,23,0
70301,2740,24,0
70301,2750,25,0
70301,2760,26,0
70301,2770,27,0
70301,2865,28,0
70301,2875,29,0
70301,2885,30,0
70301,2890,31,0
70301,2900,32,0
70301,2910,33,0
70301,2920,34,0
70301,2930,35,0
70301,2940,36,0
70301,2950,37,0
70301,2960,38,0
70301,2970,39,0
70301,2980,40,0
70301,2990,41,0
70301,3005,42,0
70301,3015,43,0
70301,3025,44,0
70301,3035,45,0
70301,3115,46,0
70301,3120,47,0
70301,3130,48,0
70301,3140,49,0
70301,3150,50,0
70301,3160,51,0
70301,3230,52,0
70301,3240,53,0
70301,3250,54,0
70301,3260,55,0
70301,3270,56,0
70301,3280,57,0
70301,3290,58,0
70301,3300,59,0
70301,3310,60,0
70301,3320,61,0
70301,3330,62,0
70301,3340,63,0
70301,3350,64,0
70301,3360,65,0
70301,3390,66,0
70301,3395,67,0
70301,3400,68,0
70301,3405,69,0
70301,3410,70,0
70301,3415,71,0
70301,3420,72,0
70301,3465,73,0
70301,3475,74,0
70301,3485,75,0
70301,3495,76,0
70301,3505,77,0
70301,3515,78,0
70301,3525,79,0
70301,3535,80,0
70301,3545,81,0
70301,3555,82,0
70301,3565,83,0
70301,3570,84,0
70301,3575,85,0
70301,3580,86,0
70301,3571,87,0
70301,3560,88,0
70301,3550,89,0
70301,3540,90,0
70301,3530,91,0
70301,3520,92,0
70301,3510,93,0
70301,3500,94,0
70301,3490,95,0
70301,3480,96,0
70301,3470,97,0
70301,3460,98,0
70301,3440,99,0
70301,3455,100,1
70302,3455,1,0
70302,3450,2,0
70302,3445,3,0
70302,3435,4,0
70302,3425,5,0
70302,3385,6,0
70302,3380,7,0
70302,3375,8,0
70302,3370,9,0
70302,3365,10,0
70302,3355,11,0
70302,3345,12,0
70302,3335,13,0
70302,3325,14,0
70302,3315,15,0
70302,3305,16,0
70302,3295,17,0
70302,3285,18,0
70302,3275,19,0
70302,3265,20,0
70302,3255,21,0
70302,3245,22,0
70302,3235,23,0
70302,3165,24,0
70302,3155,25,0
70302,3145,26,0
70302,3125,27,0
70302,3123,28,0
70302,3115,29,0
70302,3040,30,0
70302,3030,31,0
70302,3020,32,0
70302,3010,33,0
70302,3000,34,0
70302,2995,35,0
70302,2985,36,0
70302,2975,37,0
70302,2965,38,0
70302,2955,39,0
70302,2945,40,0
70302,2935,41,0
70302,2925,42,0
70302,2915,43,0
70302,2905,44,0
70302,2895,45,0
70302,2880,46,0
70302,2870,47,0
70302,2780,48,0
70302,2775,49,0
70302,2765,50,0
70302,2755,51,0
70302,2745,52,0
70302,2735,53,0
70302,2725,54,0
70302,2715,55,0
70302,2695,56,0
70302,2685,57,0
70302,2675,58,0
70302,2665,59,0
70302,2655,60,0
70302,2645,61,0
70302,2635,62,0
70302,2625,63,0
70302,1820,64,0
70302,1795,65,0
70302,1787,66,0
70302,1780,67,0
70302,1770,68,0
70302,1755,69,0
70302,1745,70,0
70302,1735,71,0
70302,1675,72,0
70302,1670,73,0
70302,1655,74,0
70302,1051,75,0
70302,1045,76,0
70302,1000,77,1
