105019,'1190616',2234,,9291,59,,,0
105019,'1190769',1425,,9292,59,,,0
105019,'1190825',1634,,9293,59,,,0
105019,'1190865',1825,,9294,59,,,0
105019,'1190975',1855,,9295,59,,,0
105019,'1190992',1818,,9296,59,,,0
105019,'1190998',1218,,9297,59,,,0
105019,'1191007',1725,,9298,59,,,0
105019,'1191038',1518,,9299,59,,,0
105019,'1191063',1007,,9300,59,,,0
105019,'1191065',1325,,9301,59,,,0
105019,'1191145',703,,9302,59,,,0
105019,'1191217',2316,,9303,59,,,0
105019,'1191294',1418,,9304,59,,,0
105019,'1191329',916,,9305,59,,,0
105019,'1191413',1034,,9306,59,,,0
105019,'1191457',1318,,9307,59,,,0
105019,'1191557',907,,9308,59,,,0
105019,'1191709',807,,9309,59,,,0
105019,'1191750',2303,,9310,59,,,0
105019,'1191859',716,,9311,59,,,0
105019,'1191891',1755,,9312,59,,,0
105019,'1192052',1918,,9313,59,,,0
105019,'1192113',633,,9314,59,,,0
105019,'1192142',1618,,9315,59,,,0
105019,'1192176',834,,9316,59,,,0
105019,'1192218',2403,,9317,59,,,0
105019,'1192236',1434,,9318,59,,,0
105019,'1192248',2103,,9319,59,,,0
105019,'1192267',1718,,9320,59,,,0
105019,'1192318',1118,,9321,59,,,0
105019,'1192337',1640,,9322,59,,,0
105019,'1192353',1510,,9323,59,,,0
105019,'1192579',1210,,9324,59,,,0
105019,'1192586',1234,,9325,59,,,0
105019,'1192598',2034,,9326,59,,,0
105019,'1192614',737,,9327,59,,,0
105019,'1192661',2203,,9328,59,,,0
105019,'1192725',1540,,9329,59,,,0
105019,'1192735',1933,,9330,59,,,0
105019,'1192821',2116,,9331,59,,,0
105019,'1192836',1834,,9332,59,,,0
105019,'1192847',603,,9333,59,,,0
105019,'1192875',1610,,9334,59,,,0
105019,'1193045',837,,9335,59,,,0
105019,'1193298',1110,,9336,59,,,0
106029,'1190782',741,,9389,10,,,0
106029,'1191556',1843,,9390,10,,,0
106029,'1191771',1613,,9391,10,,,0
106029,'1192044',1728,,9392,10,,,0
106029,'1192429',856,,9393,10,,,0
106029,'1193063',1011,,9394,10,,,0
