13029,'1190748',1603,,8029,24,,,0
13029,'1190784',1805,,8030,24,,,0
13029,'1190796',2132,,8031,24,,,0
13029,'1190929',1102,,8032,24,,,0
13029,'1190969',1032,,8033,24,,,0
13029,'1191018',1302,,8034,24,,,0
13029,'1191033',632,,8035,24,,,0
13029,'1191057',1802,,8036,24,,,0
13029,'1191072',2102,,8037,24,,,0
13029,'1191114',1305,,8038,24,,,0
13029,'1191152',2202,,8039,24,,,0
13029,'1191172',802,,8040,24,,,0
13029,'1191186',1505,,8041,24,,,0
13029,'1191234',2402,,8042,24,,,0
13029,'1191244',2302,,8043,24,,,0
13029,'1191326',2102,,8044,24,,,0
13029,'1191368',1635,,8045,24,,,0
13029,'1191623',1205,,8046,24,,,0
13029,'1191693',1703,,8047,24,,,0
13029,'1191716',802,,8048,24,,,0
13029,'1191725',702,,8049,24,,,0
13029,'1191812',702,,8050,24,,,0
13029,'1191861',2002,,8051,24,,,0
13029,'1191866',802,,8052,24,,,0
13029,'1191929',1605,,8053,24,,,0
13029,'1191941',1902,,8054,24,,,0
13029,'1191987',1503,,8055,24,,,0
13029,'1192037',1402,,8056,24,,,0
13029,'1192114',2002,,8057,24,,,0
13029,'1192117',902,,8058,24,,,0
13029,'1192120',1403,,8059,24,,,0
13029,'1192134',2302,,8060,24,,,0
13029,'1192157',1002,,8061,24,,,0
13029,'1192158',1502,,8062,24,,,0
13029,'1192164',902,,8063,24,,,0
13029,'1192190',1202,,8064,24,,,0
13029,'1192202',2202,,8065,24,,,0
13029,'1192230',1405,,8066,24,,,0
13029,'1192308',1902,,8067,24,,,0
13029,'1192320',832,,8068,24,,,0
13029,'1192403',933,,8069,24,,,0
13029,'1192519',1602,,8070,24,,,0
13029,'1192654',1735,,8071,24,,,0
13029,'1192739',2232,,8072,24,,,0
13029,'1192740',2332,,8073,24,,,0
13029,'1192743',1102,,8074,24,,,0
13029,'1192770',1702,,8075,24,,,0
13029,'1192773',1705,,8076,24,,,0
13029,'1192843',2402,,8077,24,,,0
13029,'1192910',1002,,8078,24,,,0
13029,'1192970',1536,,8079,25,,,0
13029,'1192977',1932,,8080,24,,,0
13029,'1193002',1203,,8081,24,,,0
13029,'1193005',1106,,8082,24,,,0
13029,'1193028',1832,,8083,24,,,0
13029,'1193062',732,,8084,24,,,0
13029,'1193086',2032,,8085,24,,,0
13029,'1193110',1803,,8086,24,,,0
13029,'1193245',1003,,8087,24,,,0
13029,'1193295',1303,,8088,24,,,0
13029,'1193310',903,,8089,24,,,0
25029,'1190606',1435,,8541,8,,,0
25029,'1190639',2251,,8542,8,,,0
25029,'1190681',1851,,8543,8,,,0
25029,'1190696',851,,8544,8,,,0
25029,'1190757',1321,,8545,8,,,0
25029,'1190759',2035,,8546,8,,,0
25029,'1190867',2350,,8547,8,,,0
25029,'1190933',835,,8548,8,,,0
25029,'1191086',1721,,8549,8,,,0
25029,'1191090',1735,,8550,8,,,0
25029,'1191121',951,,8551,8,,,0
25029,'1191148',1421,,8552,8,,,0
25029,'1191164',2051,,8553,8,,,0
25029,'1191237',1335,,8554,8,,,0
25029,'1191248',1951,,8555,8,,,0
25029,'1191431',1235,,8556,8,,,0
25029,'1191455',1451,,8557,8,,,0
25029,'1191456',1535,,8558,8,,,0
25029,'1191625',1635,,8559,8,,,0
25029,'1191647',1035,,8560,8,,,0
25029,'1191657',1935,,8561,8,,,0
25029,'1191704',1621,,8562,8,,,0
25029,'1191717',821,,8563,8,,,0
25029,'1191742',735,,8564,8,,,0
25029,'1191780',1835,,8565,8,,,0
25029,'1191786',1221,,8566,8,,,0
25029,'1191806',1751,,8567,8,,,0
25029,'1191817',650,,8568,8,,,0
25029,'1191832',1651,,8569,8,,,0
25029,'1191940',1551,,8570,8,,,0
25029,'1191958',951,,8571,8,,,0
25029,'1191959',1551,,8572,8,,,0
25029,'1191976',1021,,8573,8,,,0
25029,'1192031',935,,8574,8,,,0
25029,'1192155',1451,,8575,8,,,0
25029,'1192159',1151,,8576,8,,,0
25029,'1192273',721,,8577,8,,,0
25029,'1192310',2335,,8578,8,,,0
25029,'1192362',751,,8579,8,,,0
25029,'1192399',1751,,8580,8,,,0
25029,'1192480',1521,,8581,8,,,0
25029,'1192553',2251,,8582,8,,,0
25029,'1192583',2135,,8583,8,,,0
25029,'1192645',2235,,8584,8,,,0
25029,'1192707',1651,,8585,8,,,0
25029,'1192719',1351,,8586,8,,,0
25029,'1192746',1121,,8587,8,,,0
25029,'1192792',1251,,8588,8,,,0
25029,'1192820',750,,8589,8,,,0
25029,'1192892',2051,,8590,8,,,0
25029,'1192914',1051,,8591,8,,,0
25029,'1192943',2151,,8592,8,,,0
25029,'1192972',1851,,8593,8,,,0
25029,'1192978',2411,,8594,8,,,0
25029,'1193015',1951,,8595,8,,,0
25029,'1193160',2151,,8596,8,,,0
25029,'1193191',921,,8597,8,,,0
25029,'1193262',851,,8598,8,,,0
25029,'1193288',1135,,8599,8,,,0
25029,'1193320',651,,8600,8,,,0
26029,'1190602',1222,,8654,17,,,0
26029,'1190667',2206,,8655,17,,,0
26029,'1190669',2221,,8656,17,,,0
26029,'1190670',1906,,8657,17,,,0
26029,'1190686',1822,,8658,17,,,0
26029,'1190712',1306,,8659,17,,,0
26029,'1190727',1722,,8660,17,,,0
26029,'1190889',620,,8661,17,,,0
26029,'1190895',1921,,8662,17,,,0
26029,'1190902',2121,,8663,17,,,0
26029,'1190943',1021,,8664,17,,,0
26029,'1191009',922,,8665,17,,,0
26029,'1191080',1522,,8666,17,,,0
26029,'1191118',1452,,8667,17,,,0
26029,'1191163',2106,,8668,17,,,0
26029,'1191253',2220,,8669,17,,,0
26029,'1191395',906,,8670,17,,,0
26029,'1191440',822,,8671,17,,,0
26029,'1191476',1206,,8672,17,,,0
26029,'1191491',720,,8673,17,,,0
26029,'1191544',1052,,8674,17,,,0
26029,'1191695',622,,8675,17,,,0
26029,'1191702',2121,,8676,17,,,0
26029,'1191808',2321,,8677,17,,,0
26029,'1191881',1721,,8678,17,,,0
26029,'1191902',820,,8679,17,,,0
26029,'1191938',1352,,8680,17,,,0
26029,'1191960',2006,,8681,17,,,0
26029,'1191972',1322,,8682,17,,,0
26029,'1192035',1606,,8683,17,,,0
26029,'1192047',1522,,8684,17,,,0
26029,'1192090',1106,,8685,17,,,0
26029,'1192249',2306,,8686,17,,,0
26029,'1192289',1122,,8687,17,,,0
26029,'1192423',1422,,8688,17,,,0
26029,'1192540',722,,8689,17,,,0
26029,'1192618',1623,,8690,17,,,0
26029,'1192622',2320,,8691,17,,,0
26029,'1192646',1406,,8692,17,,,0
26029,'1192657',1821,,8693,17,,,0
26029,'1192671',1152,,8694,17,,,0
26029,'1192730',2021,,8695,17,,,0
26029,'1192771',1806,,8696,17,,,0
26029,'1192852',920,,8697,17,,,0
26029,'1192897',1506,,8698,17,,,0
26029,'1192921',1006,,8699,17,,,0
26029,'1192966',1252,,8700,17,,,0
26029,'1193122',806,,8701,17,,,0
26029,'1193153',1621,,8702,17,,,0
26029,'1193187',2021,,8703,17,,,0
26029,'1193205',1022,,8704,17,,,0
26029,'1193258',1706,,8705,17,,,0
26029,'1193297',1921,,8706,17,,,0
101019,'1190633',1216,,8977,57,,,0
101019,'1190779',1353,,8978,57,,,0
101019,'1190804',1154,,8979,57,,,0
101019,'1190956',2153,,8980,57,,,0
101019,'1191198',616,,8981,57,,,0
101019,'1191312',954,,8982,57,,,0
101019,'1191333',2316,,8983,57,,,0
101019,'1191377',1553,,8984,57,,,0
101019,'1191380',2154,,8985,57,,,0
101019,'1191432',1753,,8986,57,,,0
101019,'1191480',1418,,8987,57,,,0
101019,'1191543',1954,,8988,57,,,0
101019,'1191977',1354,,8989,57,,,0
101019,'1192063',916,,8990,57,,,0
101019,'1192135',1116,,8991,57,,,0
101019,'1192166',1916,,8992,57,,,0
101019,'1192271',1016,,8993,57,,,0
101019,'1192368',1554,,8994,57,,,0
101019,'1192448',953,,8995,57,,,0
101019,'1192613',816,,8996,57,,,0
101019,'1192782',1718,,8997,57,,,0
101019,'1192859',1153,,8998,57,,,0
101019,'1192896',1953,,8999,57,,,0
101019,'1192902',754,,9000,57,,,0
101019,'1192958',2115,,9001,57,,,0
101019,'1192961',753,,9002,57,,,0
101019,'1192963',2353,,9003,57,,,0
101019,'1193022',1518,,9004,57,,,0
101019,'1193099',1754,,9005,57,,,0
101019,'1193164',1618,,9006,57,,,0
101019,'1193193',1818,,9007,57,,,0
104029,'1190618',1434,,9248,44,,,0
104029,'1190628',1821,,9249,44,,,0
104029,'1190725',821,,9250,44,,,0
104029,'1190754',1051,,9251,44,,,0
104029,'1190787',1321,,9252,44,,,0
104029,'1190793',1851,,9253,44,,,0
104029,'1190961',1706,,9254,44,,,0
104029,'1191015',1604,,9255,44,,,0
104029,'1191060',1021,,9256,44,,,0
104029,'1191138',821,,9257,44,,,0
104029,'1191264',2321,,9258,44,,,0
104029,'1191265',936,,9259,44,,,0
104029,'1191297',706,,9260,44,,,0
104029,'1191332',1649,,9261,44,,,0
104029,'1191339',851,,9262,44,,,0
104029,'1191360',1551,,9263,44,,,0
104029,'1191502',1436,,9264,44,,,0
104029,'1191606',1621,,9265,44,,,0
104029,'1191664',2051,,9266,44,,,0
104029,'1191668',2206,,9267,44,,,0
104029,'1191699',821,,9268,44,,,0
104029,'1191901',2021,,9269,44,,,0
104029,'1191931',621,,9270,44,,,0
104029,'1192136',1221,,9271,44,,,0
104029,'1192243',1821,,9272,44,,,0
104029,'1192264',1734,,9273,44,,,0
104029,'1192282',1421,,9274,44,,,0
104029,'1192296',2221,,9275,44,,,0
104029,'1192329',736,,9276,44,,,0
104029,'1192460',1051,,9277,44,,,0
104029,'1192482',1519,,9278,44,,,0
104029,'1192831',1936,,9279,44,,,0
104029,'1192874',1806,,9280,44,,,0
104029,'1192986',2021,,9281,44,,,0
104029,'1192990',706,,9282,44,,,0
104029,'1193096',1006,,9283,44,,,0
104029,'1193112',936,,9284,44,,,0
104029,'1193117',1219,,9285,44,,,0
104029,'1193136',2321,,9286,44,,,0
104029,'1193149',1349,,9287,44,,,0
104029,'1193215',1304,,9288,44,,,0
104029,'1193253',2151,,9289,44,,,0
104029,'1193281',1206,,9290,44,,,0
