26029,'1190602',1214,,8654,5,,,0
26029,'1190667',2158,,8655,5,,,0
26029,'1190669',2214,,8656,5,,,0
26029,'1190670',1858,,8657,5,,,0
26029,'1190686',1814,,8658,5,,,0
26029,'1190712',1258,,8659,5,,,0
26029,'1190727',1714,,8660,5,,,0
26029,'1190889',613,,8661,5,,,0
26029,'1190895',1914,,8662,5,,,0
26029,'1190902',2114,,8663,5,,,0
26029,'1190943',1014,,8664,5,,,0
26029,'1191009',914,,8665,5,,,0
26029,'1191080',1514,,8666,5,,,0
26029,'1191118',1444,,8667,5,,,0
26029,'1191163',2058,,8668,5,,,0
26029,'1191253',2213,,8669,5,,,0
26029,'1191395',858,,8670,5,,,0
26029,'1191440',814,,8671,5,,,0
26029,'1191476',1158,,8672,5,,,0
26029,'1191491',713,,8673,5,,,0
26029,'1191544',1044,,8674,5,,,0
26029,'1191695',614,,8675,5,,,0
26029,'1191702',2114,,8676,5,,,0
26029,'1191808',2314,,8677,5,,,0
26029,'1191881',1714,,8678,5,,,0
26029,'1191902',813,,8679,5,,,0
26029,'1191938',1344,,8680,5,,,0
26029,'1191960',1958,,8681,5,,,0
26029,'1191972',1314,,8682,5,,,0
26029,'1192035',1558,,8683,5,,,0
26029,'1192047',1514,,8684,5,,,0
26029,'1192090',1058,,8685,5,,,0
26029,'1192249',2258,,8686,5,,,0
26029,'1192289',1114,,8687,5,,,0
26029,'1192423',1414,,8688,5,,,0
26029,'1192540',714,,8689,5,,,0
26029,'1192618',1615,,8690,5,,,0
26029,'1192622',2313,,8691,5,,,0
26029,'1192646',1358,,8692,5,,,0
26029,'1192657',1814,,8693,5,,,0
26029,'1192671',1144,,8694,5,,,0
26029,'1192730',2014,,8695,5,,,0
26029,'1192771',1758,,8696,5,,,0
26029,'1192852',913,,8697,5,,,0
26029,'1192897',1458,,8698,5,,,0
26029,'1192921',958,,8699,5,,,0
26029,'1192966',1244,,8700,5,,,0
26029,'1193122',758,,8701,5,,,0
26029,'1193153',1614,,8702,5,,,0
26029,'1193187',2014,,8703,5,,,0
26029,'1193205',1014,,8704,5,,,0
26029,'1193258',1658,,8705,5,,,0
26029,'1193297',1914,,8706,5,,,0
