101019,'1190633',1126,,8977,2,,,0
101019,'1190779',1306,,8978,2,,,0
101019,'1190804',1106,,8979,2,,,0
101019,'1190956',2106,,8980,2,,,0
101019,'1191198',526,,8981,2,,,0
101019,'1191312',906,,8982,2,,,0
101019,'1191333',2226,,8983,2,,,0
101019,'1191377',1506,,8984,2,,,0
101019,'1191380',2106,,8985,2,,,0
101019,'1191432',1706,,8986,2,,,0
101019,'1191480',1329,,8987,2,,,0
101019,'1191543',1906,,8988,2,,,0
101019,'1191977',1306,,8989,2,,,0
101019,'1192063',826,,8990,2,,,0
101019,'1192135',1026,,8991,2,,,0
101019,'1192166',1826,,8992,2,,,0
101019,'1192271',926,,8993,2,,,0
101019,'1192368',1506,,8994,2,,,0
101019,'1192448',906,,8995,2,,,0
101019,'1192613',726,,8996,2,,,0
101019,'1192782',1629,,8997,2,,,0
101019,'1192859',1106,,8998,2,,,0
101019,'1192896',1906,,8999,2,,,0
101019,'1192902',706,,9000,2,,,0
101019,'1192958',2025,,9001,2,,,0
101019,'1192961',706,,9002,2,,,0
101019,'1192963',2306,,9003,2,,,0
101019,'1193022',1429,,9004,2,,,0
101019,'1193099',1706,,9005,2,,,0
101019,'1193164',1529,,9006,2,,,0
101019,'1193193',1729,,9007,2,,,0
