13029,'1190748',1559,,8029,18,,,0
13029,'1190784',1801,,8030,18,,,0
13029,'1190796',2129,,8031,18,,,0
13029,'1190929',1059,,8032,18,,,0
13029,'1190969',1029,,8033,18,,,0
13029,'1191018',1259,,8034,18,,,0
13029,'1191033',629,,8035,18,,,0
13029,'1191057',1759,,8036,18,,,0
13029,'1191072',2058,,8037,18,,,0
13029,'1191114',1301,,8038,18,,,0
13029,'1191152',2159,,8039,18,,,0
13029,'1191172',759,,8040,18,,,0
13029,'1191186',1501,,8041,18,,,0
13029,'1191234',2359,,8042,18,,,0
13029,'1191244',2259,,8043,18,,,0
13029,'1191326',2059,,8044,18,,,0
13029,'1191368',1631,,8045,18,,,0
13029,'1191623',1201,,8046,18,,,0
13029,'1191693',1659,,8047,18,,,0
13029,'1191716',759,,8048,18,,,0
13029,'1191725',658,,8049,18,,,0
13029,'1191812',659,,8050,18,,,0
13029,'1191861',1958,,8051,18,,,0
13029,'1191866',758,,8052,18,,,0
13029,'1191929',1601,,8053,18,,,0
13029,'1191941',1858,,8054,18,,,0
13029,'1191987',1459,,8055,18,,,0
13029,'1192037',1359,,8056,18,,,0
13029,'1192114',1959,,8057,18,,,0
13029,'1192117',858,,8058,18,,,0
13029,'1192120',1359,,8059,18,,,0
13029,'1192134',2258,,8060,18,,,0
13029,'1192157',959,,8061,18,,,0
13029,'1192158',1459,,8062,18,,,0
13029,'1192164',859,,8063,18,,,0
13029,'1192190',1159,,8064,18,,,0
13029,'1192202',2158,,8065,18,,,0
13029,'1192230',1401,,8066,18,,,0
13029,'1192308',1859,,8067,18,,,0
13029,'1192320',829,,8068,18,,,0
13029,'1192403',930,,8069,18,,,0
13029,'1192519',1559,,8070,18,,,0
13029,'1192654',1731,,8071,18,,,0
13029,'1192739',2229,,8072,18,,,0
13029,'1192740',2329,,8073,18,,,0
13029,'1192743',1058,,8074,18,,,0
13029,'1192770',1659,,8075,18,,,0
13029,'1192773',1701,,8076,18,,,0
13029,'1192843',2358,,8077,18,,,0
13029,'1192910',958,,8078,18,,,0
13029,'1192970',1532,,8079,19,,,0
13029,'1192977',1929,,8080,18,,,0
13029,'1193002',1159,,8081,18,,,0
13029,'1193005',1102,,8082,18,,,0
13029,'1193028',1829,,8083,18,,,0
13029,'1193062',729,,8084,18,,,0
13029,'1193086',2029,,8085,18,,,0
13029,'1193110',1759,,8086,18,,,0
13029,'1193245',1000,,8087,18,,,0
13029,'1193295',1259,,8088,18,,,0
13029,'1193310',900,,8089,18,,,0
101019,'1190633',1213,,8977,51,,,0
101019,'1190779',1350,,8978,51,,,0
101019,'1190804',1151,,8979,51,,,0
101019,'1190956',2150,,8980,51,,,0
101019,'1191198',613,,8981,51,,,0
101019,'1191312',951,,8982,51,,,0
101019,'1191333',2313,,8983,51,,,0
101019,'1191377',1550,,8984,51,,,0
101019,'1191380',2151,,8985,51,,,0
101019,'1191432',1750,,8986,51,,,0
101019,'1191480',1415,,8987,51,,,0
101019,'1191543',1951,,8988,51,,,0
101019,'1191977',1351,,8989,51,,,0
101019,'1192063',913,,8990,51,,,0
101019,'1192135',1113,,8991,51,,,0
101019,'1192166',1913,,8992,51,,,0
101019,'1192271',1013,,8993,51,,,0
101019,'1192368',1551,,8994,51,,,0
101019,'1192448',950,,8995,51,,,0
101019,'1192613',813,,8996,51,,,0
101019,'1192782',1715,,8997,51,,,0
101019,'1192859',1150,,8998,51,,,0
101019,'1192896',1950,,8999,51,,,0
101019,'1192902',751,,9000,51,,,0
101019,'1192958',2112,,9001,51,,,0
101019,'1192961',750,,9002,51,,,0
101019,'1192963',2350,,9003,51,,,0
101019,'1193022',1515,,9004,51,,,0
101019,'1193099',1751,,9005,51,,,0
101019,'1193164',1615,,9006,51,,,0
101019,'1193193',1815,,9007,51,,,0
