3029,'1190608',756,,7499,17,,,0
3029,'1190611',1943,,7500,17,,,0
3029,'1190627',1745,,7501,17,,,0
3029,'1190644',1516,,7502,17,,,0
3029,'1190703',856,,7503,17,,,0
3029,'1190736',1216,,7504,17,,,0
3029,'1190789',1645,,7505,17,,,0
3029,'1190824',2243,,7506,17,,,0
3029,'1190826',1056,,7507,17,,,0
3029,'1190828',1756,,7508,17,,,0
3029,'1190874',744,,7509,17,,,0
3029,'1190893',1156,,7510,17,,,0
3029,'1190909',1114,,7511,17,,,0
3029,'1190946',1445,,7512,17,,,0
3029,'1190994',743,,7513,17,,,0
3029,'1191014',914,,7514,17,,,0
3029,'1191024',1816,,7515,17,,,0
3029,'1191040',1546,,7516,17,,,0
3029,'1191098',1843,,7517,17,,,0
3029,'1191158',2343,,7518,17,,,0
3029,'1191226',943,,7519,17,,,0
3029,'1191231',1246,,7520,17,,,0
3029,'1191245',956,,7521,17,,,0
3029,'1191258',714,,7522,17,,,0
3029,'1191314',1446,,7523,17,,,0
3029,'1191341',1556,,7524,17,,,0
3029,'1191381',1656,,7525,17,,,0
3029,'1191407',2156,,7526,17,,,0
3029,'1191474',2356,,7527,17,,,0
3029,'1191535',1043,,7528,17,,,0
3029,'1191540',1746,,7529,17,,,0
3029,'1191586',2243,,7530,17,,,0
3029,'1191666',2143,,7531,17,,,0
3029,'1191712',1416,,7532,17,,,0
3029,'1191791',1646,,7533,17,,,0
3029,'1191888',1956,,7534,17,,,0
3029,'1191899',1943,,7535,17,,,0
3029,'1191925',1545,,7536,17,,,0
3029,'1191939',2340,,7537,17,,,0
3029,'1192011',1856,,7538,17,,,0
3029,'1192084',2143,,7539,17,,,0
3029,'1192087',944,,7540,17,,,0
3029,'1192092',1356,,7541,17,,,0
3029,'1192097',643,,7542,17,,,0
3029,'1192186',1843,,7543,17,,,0
3029,'1192237',1345,,7544,17,,,0
3029,'1192250',2256,,7545,17,,,0
3029,'1192257',1716,,7546,17,,,0
3029,'1192374',2043,,7547,17,,,0
3029,'1192469',1146,,7548,17,,,0
3029,'1192581',2056,,7549,17,,,0
3029,'1192585',1245,,7550,17,,,0
3029,'1192635',844,,7551,17,,,0
3029,'1192717',644,,7552,17,,,0
3029,'1192825',1256,,7553,17,,,0
3029,'1192832',1316,,7554,17,,,0
3029,'1192839',2043,,7555,17,,,0
3029,'1192856',1014,,7556,17,,,0
3029,'1192861',1044,,7557,17,,,0
3029,'1193034',1456,,7558,17,,,0
3029,'1193061',843,,7559,17,,,0
3029,'1193095',814,,7560,17,,,0
3029,'1193126',1616,,7561,17,,,0
3029,'1193264',1145,,7562,17,,,0
3029,'1193282',1346,,7563,17,,,0
