105029,'1190637',840,,9337,72,,,0
105029,'1190832',728,,9338,72,,,0
105029,'1190854',1531,,9339,72,,,0
105029,'1190856',1346,,9340,72,,,0
105029,'1190924',2433,,9341,72,,,0
105029,'1190926',1442,,9342,72,,,0
105029,'1190965',1501,,9343,72,,,0
105029,'1190981',658,,9344,72,,,0
105029,'1191222',2240,,9345,72,,,0
105029,'1191223',1716,,9346,72,,,0
105029,'1191285',2028,,9347,72,,,0
105029,'1191307',1601,,9348,72,,,0
105029,'1191404',1542,,9349,72,,,0
105029,'1191423',1431,,9350,72,,,0
105029,'1191572',1042,,9351,72,,,0
105029,'1191670',1758,,9352,72,,,0
105029,'1191739',1816,,9353,72,,,0
105029,'1191784',1342,,9354,72,,,0
105029,'1191846',1031,,9355,72,,,0
105029,'1191848',1246,,9356,72,,,0
105029,'1191910',2440,,9357,72,,,0
105029,'1191936',1558,,9358,72,,,0
105029,'1192016',758,,9359,72,,,0
105029,'1192019',1842,,9360,72,,,0
105029,'1192058',2358,,9361,72,,,0
105029,'1192150',758,,9362,72,,,0
105029,'1192180',1958,,9363,72,,,0
105029,'1192198',2328,,9364,72,,,0
105029,'1192205',640,,9365,72,,,0
105029,'1192224',1646,,9366,72,,,0
105029,'1192338',1858,,9367,72,,,0
105029,'1192379',2128,,9368,72,,,0
105029,'1192463',1358,,9369,72,,,0
105029,'1192488',1142,,9370,72,,,0
105029,'1192491',828,,9371,72,,,0
105029,'1192500',928,,9372,72,,,0
105029,'1192511',2040,,9373,72,,,0
105029,'1192662',1642,,9374,72,,,0
105029,'1192694',1131,,9375,72,,,0
105029,'1192728',2158,,9376,72,,,0
105029,'1193038',1242,,9377,72,,,0
105029,'1193130',1158,,9378,72,,,0
105029,'1193181',1742,,9379,72,,,0
105029,'1193225',1746,,9380,72,,,0
105029,'1193234',958,,9381,72,,,0
105029,'1193316',2228,,9382,72,,,0
