105019,'1190616',2206,,9291,5,,,0
105019,'1190769',1353,,9292,5,,,0
105019,'1190825',1606,,9293,5,,,0
105019,'1190865',1753,,9294,5,,,0
105019,'1190975',1823,,9295,5,,,0
105019,'1190992',1749,,9296,5,,,0
105019,'1190998',1149,,9297,5,,,0
105019,'1191007',1653,,9298,5,,,0
105019,'1191038',1449,,9299,5,,,0
105019,'1191063',935,,9300,5,,,0
105019,'1191065',1253,,9301,5,,,0
105019,'1191145',633,,9302,5,,,0
105019,'1191217',2247,,9303,5,,,0
105019,'1191294',1349,,9304,5,,,0
105019,'1191329',847,,9305,5,,,0
105019,'1191413',1006,,9306,5,,,0
105019,'1191457',1249,,9307,5,,,0
105019,'1191557',835,,9308,5,,,0
105019,'1191709',735,,9309,5,,,0
105019,'1191750',2233,,9310,5,,,0
105019,'1191859',647,,9311,5,,,0
105019,'1191891',1723,,9312,5,,,0
105019,'1192052',1849,,9313,5,,,0
105019,'1192113',603,,9314,5,,,0
105019,'1192142',1549,,9315,5,,,0
105019,'1192176',806,,9316,5,,,0
105019,'1192218',2333,,9317,5,,,0
105019,'1192236',1406,,9318,5,,,0
105019,'1192248',2033,,9319,5,,,0
105019,'1192267',1649,,9320,5,,,0
105019,'1192318',1049,,9321,5,,,0
105019,'1192337',1608,,9322,5,,,0
105019,'1192353',1438,,9323,5,,,0
105019,'1192579',1138,,9324,5,,,0
105019,'1192586',1206,,9325,5,,,0
105019,'1192598',2006,,9326,5,,,0
105019,'1192614',705,,9327,5,,,0
105019,'1192661',2133,,9328,5,,,0
105019,'1192725',1508,,9329,5,,,0
105019,'1192735',1903,,9330,5,,,0
105019,'1192821',2047,,9331,5,,,0
105019,'1192836',1806,,9332,5,,,0
105019,'1192847',533,,9333,5,,,0
105019,'1192875',1538,,9334,5,,,0
105019,'1193045',805,,9335,5,,,0
105019,'1193298',1038,,9336,5,,,0
