102029,'1190835',1919,,9081,18,,,0
102029,'1190937',639,,9082,18,,,0
102029,'1191107',2219,,9083,18,,,0
102029,'1191135',749,,9084,18,,,0
102029,'1191154',1532,,9085,18,,,0
102029,'1191181',1149,,9086,18,,,0
102029,'1191262',1449,,9087,18,,,0
102029,'1191304',719,,9088,18,,,0
102029,'1191433',919,,9089,18,,,0
102029,'1191481',1232,,9090,18,,,0
102029,'1191496',2249,,9091,18,,,0
102029,'1191671',849,,9092,18,,,0
102029,'1191758',2302,,9093,18,,,0
102029,'1191805',1604,,9094,18,,,0
102029,'1191922',619,,9095,18,,,0
102029,'1191944',1402,,9096,18,,,0
102029,'1192040',1319,,9097,18,,,0
102029,'1192054',1349,,9098,18,,,0
102029,'1192104',2132,,9099,18,,,0
102029,'1192165',1019,,9100,18,,,0
102029,'1192219',2119,,9101,18,,,0
102029,'1192229',1832,,9102,18,,,0
102029,'1192269',1519,,9103,18,,,0
102029,'1192425',1219,,9104,18,,,0
102029,'1192453',2002,,9105,18,,,0
102029,'1192474',2349,,9106,18,,,0
102029,'1192505',704,,9107,18,,,0
102029,'1192509',1949,,9108,18,,,0
102029,'1192621',1734,,9109,18,,,0
102029,'1192631',1004,,9110,18,,,0
102029,'1192823',802,,9111,18,,,0
102029,'1192857',1702,,9112,18,,,0
102029,'1192870',1619,,9113,18,,,0
102029,'1192893',1819,,9114,18,,,0
102029,'1192925',1649,,9115,18,,,0
102029,'1192999',932,,9116,18,,,0
102029,'1193000',2419,,9117,18,,,0
102029,'1193010',1049,,9118,18,,,0
102029,'1193070',834,,9119,18,,,0
102029,'1193101',1102,,9120,18,,,0
102029,'1193141',2049,,9121,18,,,0
102029,'1193243',1749,,9122,18,,,0
102029,'1193313',1434,,9123,18,,,0
