11029,'1190662',1421,,7754,9,,,0
11029,'1190674',1551,,7755,9,,,0
11029,'1190679',1221,,7756,9,,,0
11029,'1190687',2221,,7757,9,,,0
11029,'1190702',621,,7758,9,,,0
11029,'1190707',951,,7759,9,,,0
11029,'1190740',1021,,7760,9,,,0
11029,'1190760',1351,,7761,9,,,0
11029,'1190767',1721,,7762,9,,,0
11029,'1190846',1251,,7763,9,,,0
11029,'1190868',1451,,7764,9,,,0
11029,'1190908',751,,7765,9,,,0
11029,'1190991',651,,7766,9,,,0
11029,'1191027',1321,,7767,9,,,0
11029,'1191113',1051,,7768,9,,,0
11029,'1191117',1221,,7769,9,,,0
11029,'1191127',1321,,7770,9,,,0
11029,'1191176',821,,7771,9,,,0
11029,'1191206',1921,,7772,9,,,0
11029,'1191220',1721,,7773,9,,,0
11029,'1191225',2051,,7774,9,,,0
11029,'1191261',1621,,7775,9,,,0
11029,'1191301',721,,7776,9,,,0
11029,'1191458',1551,,7777,9,,,0
11029,'1191541',2021,,7778,9,,,0
11029,'1191571',2021,,7779,9,,,0
11029,'1191589',1221,,7780,9,,,0
11029,'1191607',1651,,7781,9,,,0
11029,'1191727',1521,,7782,9,,,0
11029,'1191782',1351,,7783,9,,,0
11029,'1191889',2321,,7784,9,,,0
11029,'1191897',1151,,7785,9,,,0
11029,'1191898',1521,,7786,9,,,0
11029,'1191943',1021,,7787,9,,,0
11029,'1191963',1121,,7788,9,,,0
11029,'1191968',1121,,7789,9,,,0
11029,'1191999',1951,,7790,9,,,0
11029,'1192027',1851,,7791,9,,,0
11029,'1192028',721,,7792,9,,,0
11029,'1192111',2121,,7793,9,,,0
11029,'1192172',2356,,7794,9,,,0
11029,'1192183',921,,7795,9,,,0
11029,'1192286',821,,7796,9,,,0
11029,'1192326',1921,,7797,9,,,0
11029,'1192339',851,,7798,9,,,0
11029,'1192422',2251,,7799,9,,,0
11029,'1192445',1321,,7800,9,,,0
11029,'1192481',1621,,7801,9,,,0
11029,'1192490',2221,,7802,9,,,0
11029,'1192503',2321,,7803,9,,,0
11029,'1192528',921,,7804,9,,,0
11029,'1192532',2151,,7805,9,,,0
11029,'1192574',1121,,7806,9,,,0
11029,'1192626',1021,,7807,9,,,0
11029,'1192737',1721,,7808,9,,,0
11029,'1192757',721,,7809,9,,,0
11029,'1192779',1821,,7810,9,,,0
11029,'1192802',1151,,7811,9,,,0
11029,'1192807',1651,,7812,9,,,0
11029,'1192884',1521,,7813,9,,,0
11029,'1192947',1421,,7814,9,,,0
11029,'1193001',921,,7815,9,,,0
11029,'1193017',1621,,7816,9,,,0
11029,'1193076',1251,,7817,9,,,0
11029,'1193105',1751,,7818,9,,,0
11029,'1193146',1451,,7819,9,,,0
11029,'1193240',1421,,7820,9,,,0
11029,'1193251',2121,,7821,9,,,0
11029,'1193290',1821,,7822,9,,,0
11029,'1193300',821,,7823,9,,,0
