3029,'1184583',1555,,4653,16,,,0
3029,'1184601',2141,,4654,16,,,0
3029,'1184610',1415,,4655,16,,,0
3029,'1184667',1041,,4656,16,,,0
3029,'1184671',1444,,4657,16,,,0
3029,'1184694',743,,4658,16,,,0
3029,'1184700',1013,,4659,16,,,0
3029,'1184711',1244,,4660,16,,,0
3029,'1184727',1355,,4661,16,,,0
3029,'1184828',1841,,4662,16,,,0
3029,'1184849',1744,,4663,16,,,0
3029,'1184920',741,,4664,16,,,0
3029,'1184950',1715,,4665,16,,,0
3029,'1185062',1544,,4666,16,,,0
3029,'1185076',1955,,4667,16,,,0
3029,'1185084',1455,,4668,16,,,0
3029,'1185088',1043,,4669,16,,,0
3029,'1185097',1941,,4670,16,,,0
3029,'1185158',1255,,4671,16,,,0
3029,'1185208',913,,4672,16,,,0
3029,'1185224',1144,,4673,16,,,0
3029,'1185236',1941,,4674,16,,,0
3029,'1185245',2255,,4675,16,,,0
3029,'1185267',1145,,4676,16,,,0
3029,'1185330',1344,,4677,16,,,0
3029,'1185341',2141,,4678,16,,,0
3029,'1185366',2241,,4679,16,,,0
3029,'1185384',1855,,4680,16,,,0
3029,'1185426',2155,,4681,16,,,0
3029,'1185635',813,,4682,16,,,0
3029,'1185703',643,,4683,16,,,0
3029,'1185734',2338,,4684,16,,,0
3029,'1185742',2241,,4685,16,,,0
3029,'1185753',713,,4686,16,,,0
3029,'1185782',1615,,4687,16,,,0
3029,'1185939',955,,4688,16,,,0
3029,'1186038',1645,,4689,16,,,0
3029,'1186062',941,,4690,16,,,0
3029,'1186084',1113,,4691,16,,,0
3029,'1186099',1445,,4692,16,,,0
3029,'1186101',1515,,4693,16,,,0
3029,'1186106',855,,4694,16,,,0
3029,'1186140',1755,,4695,16,,,0
3029,'1186193',2341,,4696,16,,,0
3029,'1186194',1055,,4697,16,,,0
3029,'1186202',841,,4698,16,,,0
3029,'1186260',943,,4699,16,,,0
3029,'1186349',2041,,4700,16,,,0
3029,'1186422',641,,4701,16,,,0
3029,'1186437',1545,,4702,16,,,0
3029,'1186458',2055,,4703,16,,,0
3029,'1186467',1155,,4704,16,,,0
3029,'1186578',1815,,4705,16,,,0
3029,'1186616',755,,4706,16,,,0
3029,'1186621',1644,,4707,16,,,0
3029,'1186659',1841,,4708,16,,,0
3029,'1186686',1315,,4709,16,,,0
3029,'1186714',1245,,4710,16,,,0
3029,'1186742',1655,,4711,16,,,0
3029,'1186750',2355,,4712,16,,,0
3029,'1186807',1215,,4713,16,,,0
3029,'1186848',2041,,4714,16,,,0
3029,'1186943',843,,4715,16,,,0
3029,'1187014',1745,,4716,16,,,0
3029,'1187130',1345,,4717,16,,,0
