12019,'1190645',1635,,7824,30,,,0
12019,'1190657',1803,,7825,30,,,0
12019,'1190716',704,,7826,30,,,0
12019,'1190720',1903,,7827,30,,,0
12019,'1190795',1703,,7828,30,,,0
12019,'1190815',1503,,7829,30,,,0
12019,'1190831',2203,,7830,30,,,0
12019,'1190872',904,,7831,30,,,0
12019,'1190904',2103,,7832,30,,,0
12019,'1190905',903,,7833,30,,,0
12019,'1190925',2033,,7834,30,,,0
12019,'1190938',1635,,7835,30,,,0
12019,'1191207',1805,,7836,30,,,0
12019,'1191227',1735,,7837,30,,,0
12019,'1191292',1003,,7838,30,,,0
12019,'1191300',1535,,7839,30,,,0
12019,'1191320',2333,,7840,30,,,0
12019,'1191398',2203,,7841,30,,,0
12019,'1191414',1735,,7842,30,,,0
12019,'1191419',1505,,7843,30,,,0
12019,'1191420',2133,,7844,30,,,0
12019,'1191448',804,,7845,30,,,0
12019,'1191466',1705,,7846,30,,,0
12019,'1191470',1505,,7847,30,,,0
12019,'1191522',1105,,7848,30,,,0
12019,'1191559',1403,,7849,30,,,0
12019,'1191598',1205,,7850,30,,,0
12019,'1191639',1235,,7851,30,,,0
12019,'1191674',1135,,7852,30,,,0
12019,'1191686',1335,,7853,30,,,0
12019,'1191724',1603,,7854,30,,,0
12019,'1191785',1203,,7855,30,,,0
12019,'1191790',1103,,7856,30,,,0
12019,'1191803',1305,,7857,30,,,0
12019,'1191804',1605,,7858,30,,,0
12019,'1191818',1405,,7859,30,,,0
12019,'1191855',1903,,7860,30,,,0
12019,'1191973',1135,,7861,30,,,0
12019,'1191984',2403,,7862,30,,,0
12019,'1192006',1034,,7863,30,,,0
12019,'1192018',1305,,7864,30,,,0
12019,'1192022',1933,,7865,30,,,0
12019,'1192099',834,,7866,30,,,0
12019,'1192145',1405,,7867,30,,,0
12019,'1192151',803,,7868,30,,,0
12019,'1192194',734,,7869,30,,,0
12019,'1192261',1205,,7870,30,,,0
12019,'1192280',2233,,7871,30,,,0
12019,'1192281',1335,,7872,30,,,0
12019,'1192299',803,,7873,30,,,0
12019,'1192301',1235,,7874,30,,,0
12019,'1192340',1435,,7875,30,,,0
12019,'1192366',1833,,7876,30,,,0
12019,'1192412',934,,7877,30,,,0
12019,'1192428',903,,7878,30,,,0
12019,'1192530',1535,,7879,30,,,0
12019,'1192561',2403,,7880,30,,,0
12019,'1192582',2003,,7881,30,,,0
12019,'1192611',2303,,7882,30,,,0
12019,'1192642',634,,7883,30,,,0
12019,'1193003',1605,,7884,30,,,0
12019,'1193055',1705,,7885,30,,,0
12019,'1193068',1003,,7886,30,,,0
12019,'1193119',2103,,7887,30,,,0
12019,'1193147',1105,,7888,30,,,0
12019,'1193167',1435,,7889,30,,,0
12019,'1193176',705,,7890,30,,,0
12019,'1193179',2003,,7891,30,,,0
12019,'1193229',1805,,7892,30,,,0
12019,'1193248',1303,,7893,30,,,0
12019,'1193280',2303,,7894,30,,,0
12019,'1193305',1004,,7895,30,,,0
