10029,'1190625',2018,,7624,6,,,0
10029,'1190724',2318,,7625,6,,,0
10029,'1190730',2048,,7626,6,,,0
10029,'1190839',918,,7627,6,,,0
10029,'1190853',1918,,7628,6,,,0
10029,'1190869',1118,,7629,6,,,0
10029,'1190878',918,,7630,6,,,0
10029,'1191049',848,,7631,6,,,0
10029,'1191062',1718,,7632,6,,,0
10029,'1191108',818,,7633,6,,,0
10029,'1191123',1518,,7634,6,,,0
10029,'1191144',1418,,7635,6,,,0
10029,'1191159',1118,,7636,6,,,0
10029,'1191202',718,,7637,6,,,0
10029,'1191277',2353,,7638,6,,,0
10029,'1191483',1518,,7639,6,,,0
10029,'1191570',1318,,7640,6,,,0
10029,'1191573',1318,,7641,6,,,0
10029,'1191576',1218,,7642,6,,,0
10029,'1191584',2218,,7643,6,,,0
10029,'1191619',1518,,7644,6,,,0
10029,'1191622',1318,,7645,6,,,0
10029,'1191648',1718,,7646,6,,,0
10029,'1191723',1818,,7647,6,,,0
10029,'1191745',1018,,7648,6,,,0
10029,'1191751',1718,,7649,6,,,0
10029,'1191792',1418,,7650,6,,,0
10029,'1191801',1618,,7651,6,,,0
10029,'1191827',2018,,7652,6,,,0
10029,'1191830',618,,7653,6,,,0
10029,'1191857',1748,,7654,6,,,0
10029,'1191872',1848,,7655,6,,,0
10029,'1191903',1218,,7656,6,,,0
10029,'1191920',718,,7657,6,,,0
10029,'1191954',2118,,7658,6,,,0
10029,'1192064',718,,7659,6,,,0
10029,'1192201',1948,,7660,6,,,0
10029,'1192263',2248,,7661,6,,,0
10029,'1192276',818,,7662,6,,,0
10029,'1192303',818,,7663,6,,,0
10029,'1192360',648,,7664,6,,,0
10029,'1192391',918,,7665,6,,,0
10029,'1192433',1418,,7666,6,,,0
10029,'1192440',1448,,7667,6,,,0
10029,'1192529',1818,,7668,6,,,0
10029,'1192588',1618,,7669,6,,,0
10029,'1192664',2118,,7670,6,,,0
10029,'1192697',2218,,7671,6,,,0
10029,'1192781',1218,,7672,6,,,0
10029,'1192785',2148,,7673,6,,,0
10029,'1192846',1918,,7674,6,,,0
10029,'1192873',1618,,7675,6,,,0
10029,'1192880',1018,,7676,6,,,0
10029,'1192980',1118,,7677,6,,,0
10029,'1192995',748,,7678,6,,,0
10029,'1193051',1548,,7679,6,,,0
10029,'1193143',1648,,7680,6,,,0
10029,'1193171',1018,,7681,6,,,0
10029,'1193319',2318,,7682,6,,,0
