2029,'1190626',1034,,7325,19,,,0
2029,'1190688',1805,,7326,19,,,0
2029,'1190708',2133,,7327,19,,,0
2029,'1190719',2403,,7328,19,,,0
2029,'1190781',751,,7329,19,,,0
2029,'1190788',735,,7330,19,,,0
2029,'1190794',920,,7331,19,,,0
2029,'1190810',1135,,7332,19,,,0
2029,'1190833',734,,7333,19,,,0
2029,'1190838',2119,,7334,19,,,0
2029,'1190875',1104,,7335,19,,,0
2029,'1190877',805,,7336,19,,,0
2029,'1190894',1851,,7337,19,,,0
2029,'1190915',1105,,7338,19,,,0
2029,'1190967',720,,7339,19,,,0
2029,'1191031',1605,,7340,19,,,0
2029,'1191050',1205,,7341,19,,,0
2029,'1191076',1620,,7342,19,,,0
2029,'1191116',905,,7343,19,,,0
2029,'1191190',2419,,7344,19,,,0
2029,'1191228',1551,,7345,19,,,0
2029,'1191232',1235,,7346,19,,,0
2029,'1191236',2051,,7347,19,,,0
2029,'1191243',2203,,7348,19,,,0
2029,'1191246',1535,,7349,19,,,0
2029,'1191282',2233,,7350,19,,,0
2029,'1191283',1805,,7351,19,,,0
2029,'1191345',1435,,7352,19,,,0
2029,'1191378',1435,,7353,19,,,0
2029,'1191445',1050,,7354,19,,,0
2029,'1191452',705,,7355,19,,,0
2029,'1191453',2333,,7356,19,,,0
2029,'1191464',1505,,7357,19,,,0
2029,'1191468',935,,7358,19,,,0
2029,'1191482',649,,7359,19,,,0
2029,'1191486',1720,,7360,19,,,0
2029,'1191507',1450,,7361,19,,,0
2029,'1191548',1705,,7362,19,,,0
2029,'1191564',1250,,7363,19,,,0
2029,'1191566',1320,,7364,19,,,0
2029,'1191577',2423,,7365,19,,,0
2029,'1191587',750,,7366,19,,,0
2029,'1191640',2004,,7367,19,,,0
2029,'1191649',1051,,7368,19,,,0
2029,'1191678',1635,,7369,19,,,0
2029,'1191684',1735,,7370,19,,,0
2029,'1191701',1949,,7371,19,,,0
2029,'1191721',1451,,7372,19,,,0
2029,'1191726',1904,,7373,19,,,0
2029,'1191736',2334,,7374,19,,,0
2029,'1191799',1834,,7375,19,,,0
2029,'1191815',951,,7376,19,,,0
2029,'1191824',1605,,7377,19,,,0
2029,'1191863',2034,,7378,19,,,0
2029,'1191887',1005,,7379,19,,,0
2029,'1191900',2251,,7380,19,,,0
2029,'1191908',1951,,7381,19,,,0
2029,'1191923',2249,,7382,19,,,0
2029,'1191934',1305,,7383,19,,,0
2029,'1191979',1135,,7384,19,,,0
2029,'1192014',850,,7385,19,,,0
2029,'1192038',1735,,7386,19,,,0
2029,'1192039',1120,,7387,19,,,0
2029,'1192049',2151,,7388,19,,,0
2029,'1192067',1235,,7389,19,,,0
2029,'1192095',1834,,7390,19,,,0
2029,'1192143',2351,,7391,19,,,0
2029,'1192161',1405,,7392,19,,,0
2029,'1192177',904,,7393,19,,,0
2029,'1192187',1335,,7394,19,,,0
2029,'1192206',1651,,7395,19,,,0
2029,'1192222',1820,,7396,19,,,0
2029,'1192235',1505,,7397,19,,,0
2029,'1192245',820,,7398,19,,,0
2029,'1192247',1335,,7399,19,,,0
2029,'1192371',1305,,7400,19,,,0
2029,'1192372',835,,7401,19,,,0
2029,'1192395',1035,,7402,19,,,0
2029,'1192415',2034,,7403,19,,,0
2029,'1192421',950,,7404,19,,,0
2029,'1192494',819,,7405,19,,,0
2029,'1192515',1650,,7406,19,,,0
2029,'1192587',1405,,7407,19,,,0
2029,'1192639',949,,7408,19,,,0
2029,'1192647',1420,,7409,19,,,0
2029,'1192656',1904,,7410,19,,,0
2029,'1192681',1150,,7411,19,,,0
2029,'1192709',1151,,7412,19,,,0
2029,'1192718',1535,,7413,19,,,0
2029,'1192745',1705,,7414,19,,,0
2029,'1192753',1251,,7415,19,,,0
2029,'1192778',1351,,7416,19,,,0
2029,'1192790',2104,,7417,19,,,0
2029,'1192793',2303,,7418,19,,,0
2029,'1192868',1220,,7419,19,,,0
2029,'1192872',650,,7420,19,,,0
2029,'1192912',1635,,7421,19,,,0
2029,'1192917',851,,7422,19,,,0
2029,'1192918',1350,,7423,19,,,0
2029,'1193030',1550,,7424,19,,,0
2029,'1193075',1934,,7425,19,,,0
2029,'1193081',1750,,7426,19,,,0
2029,'1193140',1020,,7427,19,,,0
2029,'1193168',2204,,7428,19,,,0
2029,'1193194',1205,,7429,19,,,0
2029,'1193219',1520,,7430,19,,,0
2029,'1193269',1751,,7431,19,,,0
12019,'1190645',1637,,7824,34,,,0
12019,'1190657',1805,,7825,34,,,0
12019,'1190716',706,,7826,34,,,0
12019,'1190720',1905,,7827,34,,,0
12019,'1190795',1705,,7828,34,,,0
12019,'1190815',1505,,7829,34,,,0
12019,'1190831',2205,,7830,34,,,0
12019,'1190872',906,,7831,34,,,0
12019,'1190904',2105,,7832,34,,,0
12019,'1190905',905,,7833,34,,,0
12019,'1190925',2035,,7834,34,,,0
12019,'1190938',1637,,7835,34,,,0
12019,'1191207',1807,,7836,34,,,0
12019,'1191227',1737,,7837,34,,,0
12019,'1191292',1005,,7838,34,,,0
12019,'1191300',1537,,7839,34,,,0
12019,'1191320',2335,,7840,34,,,0
12019,'1191398',2205,,7841,34,,,0
12019,'1191414',1737,,7842,34,,,0
12019,'1191419',1507,,7843,34,,,0
12019,'1191420',2135,,7844,34,,,0
12019,'1191448',806,,7845,34,,,0
12019,'1191466',1707,,7846,34,,,0
12019,'1191470',1507,,7847,34,,,0
12019,'1191522',1107,,7848,34,,,0
12019,'1191559',1405,,7849,34,,,0
12019,'1191598',1207,,7850,34,,,0
12019,'1191639',1237,,7851,34,,,0
12019,'1191674',1137,,7852,34,,,0
12019,'1191686',1337,,7853,34,,,0
12019,'1191724',1605,,7854,34,,,0
12019,'1191785',1205,,7855,34,,,0
12019,'1191790',1105,,7856,34,,,0
12019,'1191803',1307,,7857,34,,,0
12019,'1191804',1607,,7858,34,,,0
12019,'1191818',1407,,7859,34,,,0
12019,'1191855',1905,,7860,34,,,0
12019,'1191973',1137,,7861,34,,,0
12019,'1191984',2405,,7862,34,,,0
12019,'1192006',1036,,7863,34,,,0
12019,'1192018',1307,,7864,34,,,0
12019,'1192022',1935,,7865,34,,,0
12019,'1192099',836,,7866,34,,,0
12019,'1192145',1407,,7867,34,,,0
12019,'1192151',805,,7868,34,,,0
12019,'1192194',736,,7869,34,,,0
12019,'1192261',1207,,7870,34,,,0
12019,'1192280',2235,,7871,34,,,0
12019,'1192281',1337,,7872,34,,,0
12019,'1192299',805,,7873,34,,,0
12019,'1192301',1237,,7874,34,,,0
12019,'1192340',1437,,7875,34,,,0
12019,'1192366',1835,,7876,34,,,0
12019,'1192412',936,,7877,34,,,0
12019,'1192428',905,,7878,34,,,0
12019,'1192530',1537,,7879,34,,,0
12019,'1192561',2405,,7880,34,,,0
12019,'1192582',2005,,7881,34,,,0
12019,'1192611',2305,,7882,34,,,0
12019,'1192642',636,,7883,34,,,0
12019,'1193003',1607,,7884,34,,,0
12019,'1193055',1707,,7885,34,,,0
12019,'1193068',1005,,7886,34,,,0
12019,'1193119',2105,,7887,34,,,0
12019,'1193147',1107,,7888,34,,,0
12019,'1193167',1437,,7889,34,,,0
12019,'1193176',707,,7890,34,,,0
12019,'1193179',2005,,7891,34,,,0
12019,'1193229',1807,,7892,34,,,0
12019,'1193248',1305,,7893,34,,,0
12019,'1193280',2305,,7894,34,,,0
12019,'1193305',1006,,7895,34,,,0
