101019,'1190633',1136,,8977,9,,,0
101019,'1190779',1315,,8978,9,,,0
101019,'1190804',1115,,8979,9,,,0
101019,'1190956',2115,,8980,9,,,0
101019,'1191198',536,,8981,9,,,0
101019,'1191312',915,,8982,9,,,0
101019,'1191333',2236,,8983,9,,,0
101019,'1191377',1515,,8984,9,,,0
101019,'1191380',2115,,8985,9,,,0
101019,'1191432',1715,,8986,9,,,0
101019,'1191480',1339,,8987,9,,,0
101019,'1191543',1915,,8988,9,,,0
101019,'1191977',1315,,8989,9,,,0
101019,'1192063',836,,8990,9,,,0
101019,'1192135',1036,,8991,9,,,0
101019,'1192166',1836,,8992,9,,,0
101019,'1192271',936,,8993,9,,,0
101019,'1192368',1515,,8994,9,,,0
101019,'1192448',915,,8995,9,,,0
101019,'1192613',736,,8996,9,,,0
101019,'1192782',1639,,8997,9,,,0
101019,'1192859',1115,,8998,9,,,0
101019,'1192896',1915,,8999,9,,,0
101019,'1192902',715,,9000,9,,,0
101019,'1192958',2035,,9001,9,,,0
101019,'1192961',715,,9002,9,,,0
101019,'1192963',2315,,9003,9,,,0
101019,'1193022',1439,,9004,9,,,0
101019,'1193099',1715,,9005,9,,,0
101019,'1193164',1539,,9006,9,,,0
101019,'1193193',1739,,9007,9,,,0
101029,'1190605',1102,,9008,38,,,0
101029,'1190678',1304,,9009,38,,,0
101029,'1190897',1645,,9010,38,,,0
101029,'1190957',1002,,9011,38,,,0
101029,'1191059',845,,9012,38,,,0
101029,'1191088',1245,,9013,38,,,0
101029,'1191099',2045,,9014,38,,,0
101029,'1191397',1604,,9015,38,,,0
101029,'1191401',1045,,9016,38,,,0
101029,'1191454',1646,,9017,38,,,0
101029,'1191537',2046,,9018,38,,,0
101029,'1191600',1846,,9019,38,,,0
101029,'1191837',2246,,9020,38,,,0
101029,'1191844',1246,,9021,38,,,0
101029,'1191946',1404,,9022,38,,,0
101029,'1192220',2002,,9023,38,,,0
101029,'1192246',702,,9024,38,,,0
101029,'1192291',1446,,9025,38,,,0
101029,'1192305',2422,,9026,38,,,0
101029,'1192354',2245,,9027,38,,,0
101029,'1192401',846,,9028,38,,,0
101029,'1192520',1704,,9029,38,,,0
101029,'1192526',1445,,9030,38,,,0
101029,'1192600',2202,,9031,38,,,0
101029,'1192680',1504,,9032,38,,,0
101029,'1192726',1046,,9033,38,,,0
101029,'1192973',1802,,9034,38,,,0
101029,'1193049',802,,9035,38,,,0
101029,'1193165',1845,,9036,38,,,0
101029,'1193166',646,,9037,38,,,0
101029,'1193226',902,,9038,38,,,0
