104019,'1191170',2411,,9211,15,,,0
104019,'1191355',2431,,9216,15,,,0
104019,'1191549',2355,,9221,15,,,0
104029,'1190618',1406,,9248,15,,,0
104029,'1190628',1756,,9249,15,,,0
104029,'1190725',756,,9250,15,,,0
104029,'1190754',1026,,9251,15,,,0
104029,'1190787',1256,,9252,15,,,0
104029,'1190793',1826,,9253,15,,,0
104029,'1190961',1641,,9254,15,,,0
104029,'1191015',1536,,9255,15,,,0
104029,'1191060',955,,9256,15,,,0
104029,'1191138',755,,9257,15,,,0
104029,'1191264',2256,,9258,15,,,0
104029,'1191265',911,,9259,15,,,0
104029,'1191297',641,,9260,15,,,0
104029,'1191332',1621,,9261,15,,,0
104029,'1191339',826,,9262,15,,,0
104029,'1191360',1526,,9263,15,,,0
104029,'1191502',1411,,9264,15,,,0
104029,'1191606',1555,,9265,15,,,0
104029,'1191664',2026,,9266,15,,,0
104029,'1191668',2141,,9267,15,,,0
104029,'1191699',756,,9268,15,,,0
104029,'1191901',1956,,9269,15,,,0
104029,'1191931',556,,9270,15,,,0
104029,'1192136',1155,,9271,15,,,0
104029,'1192243',1755,,9272,15,,,0
104029,'1192264',1706,,9273,15,,,0
104029,'1192282',1355,,9274,15,,,0
104029,'1192296',2155,,9275,15,,,0
104029,'1192329',711,,9276,15,,,0
104029,'1192460',1026,,9277,15,,,0
104029,'1192482',1451,,9278,15,,,0
104029,'1192831',1911,,9279,15,,,0
104029,'1192874',1741,,9280,15,,,0
104029,'1192986',1955,,9281,15,,,0
104029,'1192990',641,,9282,15,,,0
104029,'1193096',941,,9283,15,,,0
104029,'1193112',911,,9284,15,,,0
104029,'1193117',1151,,9285,15,,,0
104029,'1193136',2256,,9286,15,,,0
104029,'1193149',1321,,9287,15,,,0
104029,'1193215',1236,,9288,15,,,0
104029,'1193253',2126,,9289,15,,,0
104029,'1193281',1141,,9290,15,,,0
