11019,'1184526',2234,,4837,29,,,0
11019,'1184558',1137,,4838,29,,,0
11019,'1184570',905,,4839,29,,,0
11019,'1184627',1406,,4840,29,,,0
11019,'1184646',2304,,4841,29,,,0
11019,'1184679',2334,,4842,29,,,0
11019,'1184687',1736,,4843,29,,,0
11019,'1184719',1934,,4844,29,,,0
11019,'1184732',1004,,4845,29,,,0
11019,'1184752',807,,4846,29,,,0
11019,'1184759',1706,,4847,29,,,0
11019,'1184769',735,,4848,29,,,0
11019,'1184814',1536,,4849,29,,,0
11019,'1184824',705,,4850,29,,,0
11019,'1184835',704,,4851,29,,,0
11019,'1184858',1107,,4852,29,,,0
11019,'1184883',1407,,4853,29,,,0
11019,'1184974',2207,,4854,29,,,0
11019,'1185068',1834,,4855,29,,,0
11019,'1185073',1236,,4856,29,,,0
11019,'1185206',1606,,4857,29,,,0
11019,'1185216',2107,,4858,29,,,0
11019,'1185225',2134,,4859,29,,,0
11019,'1185298',1707,,4860,29,,,0
11019,'1185313',1107,,4861,29,,,0
11019,'1185369',1207,,4862,29,,,0
11019,'1185409',2204,,4863,29,,,0
11019,'1185422',1106,,4864,29,,,0
11019,'1185501',1807,,4865,29,,,0
11019,'1185545',804,,4866,29,,,0
11019,'1185559',935,,4867,29,,,0
11019,'1185588',907,,4868,29,,,0
11019,'1185593',1007,,4869,29,,,0
11019,'1185662',1507,,4870,29,,,0
11019,'1185690',1507,,4871,29,,,0
11019,'1185710',2404,,4872,29,,,0
11019,'1185761',1907,,4873,29,,,0
11019,'1185776',1035,,4874,29,,,0
11019,'1185795',1537,,4875,29,,,0
11019,'1185877',1207,,4876,29,,,0
11019,'1185900',1237,,4877,29,,,0
11019,'1185913',2307,,4878,29,,,0
11019,'1186010',1607,,4879,29,,,0
11019,'1186027',1307,,4880,29,,,0
11019,'1186051',904,,4881,29,,,0
11019,'1186120',1607,,4882,29,,,0
11019,'1186124',805,,4883,29,,,0
11019,'1186241',2104,,4884,29,,,0
11019,'1186252',1737,,4885,29,,,0
11019,'1186257',1506,,4886,29,,,0
11019,'1186291',1005,,4887,29,,,0
11019,'1186326',1636,,4888,29,,,0
11019,'1186347',1337,,4889,29,,,0
11019,'1186375',2007,,4890,29,,,0
11019,'1186394',1307,,4891,29,,,0
11019,'1186419',1637,,4892,29,,,0
11019,'1186475',835,,4893,29,,,0
11019,'1186499',2034,,4894,29,,,0
11019,'1186523',1336,,4895,29,,,0
11019,'1186528',1904,,4896,29,,,0
11019,'1186543',1306,,4897,29,,,0
11019,'1186565',635,,4898,29,,,0
11019,'1186593',2004,,4899,29,,,0
11019,'1186600',1707,,4900,29,,,0
11019,'1186722',1407,,4901,29,,,0
11019,'1186872',1806,,4902,29,,,0
11019,'1186939',1206,,4903,29,,,0
11019,'1186960',1436,,4904,29,,,0
11019,'1187079',1807,,4905,29,,,0
11019,'1187084',2407,,4906,29,,,0
11019,'1187164',1437,,4907,29,,,0
