105019,'1190616',2208,,9291,13,,,0
105019,'1190769',1355,,9292,13,,,0
105019,'1190825',1608,,9293,13,,,0
105019,'1190865',1755,,9294,13,,,0
105019,'1190975',1825,,9295,13,,,0
105019,'1190992',1750,,9296,13,,,0
105019,'1190998',1150,,9297,13,,,0
105019,'1191007',1655,,9298,13,,,0
105019,'1191038',1450,,9299,13,,,0
105019,'1191063',937,,9300,13,,,0
105019,'1191065',1255,,9301,13,,,0
105019,'1191145',635,,9302,13,,,0
105019,'1191217',2248,,9303,13,,,0
105019,'1191294',1350,,9304,13,,,0
105019,'1191329',848,,9305,13,,,0
105019,'1191413',1008,,9306,13,,,0
105019,'1191457',1250,,9307,13,,,0
105019,'1191557',837,,9308,13,,,0
105019,'1191709',737,,9309,13,,,0
105019,'1191750',2235,,9310,13,,,0
105019,'1191859',648,,9311,13,,,0
105019,'1191891',1725,,9312,13,,,0
105019,'1192052',1850,,9313,13,,,0
105019,'1192113',605,,9314,13,,,0
105019,'1192142',1550,,9315,13,,,0
105019,'1192176',808,,9316,13,,,0
105019,'1192218',2335,,9317,13,,,0
105019,'1192236',1408,,9318,13,,,0
105019,'1192248',2035,,9319,13,,,0
105019,'1192267',1650,,9320,13,,,0
105019,'1192318',1050,,9321,13,,,0
105019,'1192337',1610,,9322,13,,,0
105019,'1192353',1440,,9323,13,,,0
105019,'1192579',1140,,9324,13,,,0
105019,'1192586',1208,,9325,13,,,0
105019,'1192598',2008,,9326,13,,,0
105019,'1192614',707,,9327,13,,,0
105019,'1192661',2135,,9328,13,,,0
105019,'1192725',1510,,9329,13,,,0
105019,'1192735',1905,,9330,13,,,0
105019,'1192821',2048,,9331,13,,,0
105019,'1192836',1808,,9332,13,,,0
105019,'1192847',535,,9333,13,,,0
105019,'1192875',1540,,9334,13,,,0
105019,'1193045',807,,9335,13,,,0
105019,'1193298',1040,,9336,13,,,0
