104019,'1191170',2406,,9211,10,,,0
104019,'1191355',2426,,9216,10,,,0
104019,'1191549',2350,,9221,10,,,0
104029,'1190618',1400,,9248,10,,,0
104029,'1190628',1751,,9249,10,,,0
104029,'1190725',751,,9250,10,,,0
104029,'1190754',1021,,9251,10,,,0
104029,'1190787',1251,,9252,10,,,0
104029,'1190793',1821,,9253,10,,,0
104029,'1190961',1636,,9254,10,,,0
104029,'1191015',1530,,9255,10,,,0
104029,'1191060',950,,9256,10,,,0
104029,'1191138',750,,9257,10,,,0
104029,'1191264',2251,,9258,10,,,0
104029,'1191265',906,,9259,10,,,0
104029,'1191297',636,,9260,10,,,0
104029,'1191332',1615,,9261,10,,,0
104029,'1191339',821,,9262,10,,,0
104029,'1191360',1521,,9263,10,,,0
104029,'1191502',1406,,9264,10,,,0
104029,'1191606',1550,,9265,10,,,0
104029,'1191664',2021,,9266,10,,,0
104029,'1191668',2136,,9267,10,,,0
104029,'1191699',751,,9268,10,,,0
104029,'1191901',1951,,9269,10,,,0
104029,'1191931',551,,9270,10,,,0
104029,'1192136',1150,,9271,10,,,0
104029,'1192243',1750,,9272,10,,,0
104029,'1192264',1700,,9273,10,,,0
104029,'1192282',1350,,9274,10,,,0
104029,'1192296',2150,,9275,10,,,0
104029,'1192329',706,,9276,10,,,0
104029,'1192460',1021,,9277,10,,,0
104029,'1192482',1445,,9278,10,,,0
104029,'1192831',1906,,9279,10,,,0
104029,'1192874',1736,,9280,10,,,0
104029,'1192986',1950,,9281,10,,,0
104029,'1192990',636,,9282,10,,,0
104029,'1193096',936,,9283,10,,,0
104029,'1193112',906,,9284,10,,,0
104029,'1193117',1145,,9285,10,,,0
104029,'1193136',2251,,9286,10,,,0
104029,'1193149',1315,,9287,10,,,0
104029,'1193215',1230,,9288,10,,,0
104029,'1193253',2121,,9289,10,,,0
104029,'1193281',1136,,9290,10,,,0
