3019,'1190650',1327,,7432,41,,,0
3019,'1190836',1557,,7433,41,,,0
3019,'1190847',1442,,7434,41,,,0
3019,'1190866',1027,,7435,41,,,0
3019,'1190945',1927,,7436,41,,,0
3019,'1190971',1257,,7437,41,,,0
3019,'1191034',842,,7438,41,,,0
3019,'1191126',2027,,7439,41,,,0
3019,'1191134',2027,,7440,41,,,0
3019,'1191168',1727,,7441,41,,,0
3019,'1191214',1757,,7442,41,,,0
3019,'1191270',1427,,7443,41,,,0
3019,'1191302',927,,7444,41,,,0
3019,'1191317',1927,,7445,41,,,0
3019,'1191328',727,,7446,41,,,0
3019,'1191509',2326,,7447,41,,,0
3019,'1191526',827,,7448,41,,,0
3019,'1191582',1042,,7449,41,,,0
3019,'1191597',629,,7450,11,,,0
3019,'1191602',957,,7451,41,,,0
3019,'1191652',1627,,7452,41,,,0
3019,'1191729',2327,,7453,41,,,0
3019,'1191754',1157,,7454,41,,,0
3019,'1191767',1657,,7455,41,,,0
3019,'1191779',1127,,7456,41,,,0
3019,'1191821',1142,,7457,41,,,0
3019,'1191856',1627,,7458,41,,,0
3019,'1191868',657,,7459,41,,,0
3019,'1191905',1942,,7460,41,,,0
3019,'1191978',1357,,7461,41,,,0
3019,'1191997',1227,,7462,41,,,0
3019,'1192065',2042,,7463,41,,,0
3019,'1192079',2227,,7464,41,,,0
3019,'1192105',2127,,7465,41,,,0
3019,'1192112',2427,,7466,41,,,0
3019,'1192146',1327,,7467,41,,,0
3019,'1192160',2127,,7468,41,,,0
3019,'1192171',827,,7469,41,,,0
3019,'1192197',1727,,7470,41,,,0
3019,'1192385',1342,,7471,41,,,0
3019,'1192413',1542,,7472,41,,,0
3019,'1192416',1057,,7473,41,,,0
3019,'1192443',742,,7474,41,,,0
3019,'1192454',857,,7475,41,,,0
3019,'1192472',629,,7476,11,,,0
3019,'1192525',2142,,7477,41,,,0
3019,'1192527',1642,,7478,41,,,0
3019,'1192640',1227,,7479,41,,,0
3019,'1192641',1127,,7480,41,,,0
3019,'1192643',2227,,7481,41,,,0
3019,'1192658',1842,,7482,41,,,0
3019,'1192695',942,,7483,41,,,0
3019,'1192711',2342,,7484,41,,,0
3019,'1192747',1427,,7485,41,,,0
3019,'1192824',2416,,7486,41,,,0
3019,'1192891',1457,,7487,41,,,0
3019,'1192906',757,,7488,41,,,0
3019,'1192926',2242,,7489,41,,,0
3019,'1192964',1527,,7490,41,,,0
3019,'1192967',1027,,7491,41,,,0
3019,'1192982',727,,7492,41,,,0
3019,'1193008',1827,,7493,41,,,0
3019,'1193046',1742,,7494,41,,,0
3019,'1193092',1242,,7495,41,,,0
3019,'1193159',1827,,7496,41,,,0
3019,'1193189',927,,7497,41,,,0
3019,'1193294',1527,,7498,41,,,0
