105029,'1190637',830,,9337,52,,,0
105029,'1190832',717,,9338,52,,,0
105029,'1190854',1520,,9339,52,,,0
105029,'1190856',1335,,9340,52,,,0
105029,'1190924',2422,,9341,52,,,0
105029,'1190926',1432,,9342,52,,,0
105029,'1190965',1450,,9343,52,,,0
105029,'1190981',647,,9344,52,,,0
105029,'1191222',2230,,9345,52,,,0
105029,'1191223',1705,,9346,52,,,0
105029,'1191285',2017,,9347,52,,,0
105029,'1191307',1550,,9348,52,,,0
105029,'1191404',1532,,9349,52,,,0
105029,'1191423',1420,,9350,52,,,0
105029,'1191572',1032,,9351,52,,,0
105029,'1191670',1747,,9352,52,,,0
105029,'1191739',1805,,9353,52,,,0
105029,'1191784',1332,,9354,52,,,0
105029,'1191846',1020,,9355,52,,,0
105029,'1191848',1235,,9356,52,,,0
105029,'1191910',2430,,9357,52,,,0
105029,'1191936',1547,,9358,52,,,0
105029,'1192016',747,,9359,52,,,0
105029,'1192019',1832,,9360,52,,,0
105029,'1192058',2347,,9361,52,,,0
105029,'1192150',747,,9362,52,,,0
105029,'1192180',1947,,9363,52,,,0
105029,'1192198',2317,,9364,52,,,0
105029,'1192205',630,,9365,52,,,0
105029,'1192224',1635,,9366,52,,,0
105029,'1192338',1847,,9367,52,,,0
105029,'1192379',2117,,9368,52,,,0
105029,'1192463',1347,,9369,52,,,0
105029,'1192488',1132,,9370,52,,,0
105029,'1192491',817,,9371,52,,,0
105029,'1192500',917,,9372,52,,,0
105029,'1192511',2030,,9373,52,,,0
105029,'1192662',1632,,9374,52,,,0
105029,'1192694',1120,,9375,52,,,0
105029,'1192728',2147,,9376,52,,,0
105029,'1193038',1232,,9377,52,,,0
105029,'1193130',1147,,9378,52,,,0
105029,'1193181',1732,,9379,52,,,0
105029,'1193225',1735,,9380,52,,,0
105029,'1193234',947,,9381,52,,,0
105029,'1193316',2217,,9382,52,,,0
