101029,'1184516',2436,,6162,58,,,0
101029,'1184584',1259,,6163,58,,,0
101029,'1184684',1816,,6164,58,,,0
101029,'1184724',1016,,6165,58,,,0
101029,'1184785',1519,,6166,58,,,0
101029,'1184855',1459,,6167,58,,,0
101029,'1184926',1859,,6168,58,,,0
101029,'1185015',816,,6169,58,,,0
101029,'1185081',2259,,6170,58,,,0
101029,'1185143',2059,,6171,58,,,0
101029,'1185204',1059,,6172,58,,,0
101029,'1185400',1659,,6173,58,,,0
101029,'1185619',1116,,6174,58,,,0
101029,'1185726',2059,,6175,58,,,0
101029,'1185794',1259,,6176,58,,,0
101029,'1185824',1459,,6177,58,,,0
101029,'1185854',1859,,6178,58,,,0
101029,'1186045',859,,6179,58,,,0
101029,'1186082',1719,,6180,58,,,0
101029,'1186107',659,,6181,58,,,0
101029,'1186135',716,,6182,58,,,0
101029,'1186138',1659,,6183,58,,,0
101029,'1186184',916,,6184,58,,,0
101029,'1186356',2216,,6185,58,,,0
101029,'1186395',859,,6186,58,,,0
101029,'1186597',1619,,6187,58,,,0
101029,'1186712',2259,,6188,58,,,0
101029,'1186784',2016,,6189,58,,,0
101029,'1186801',1059,,6190,58,,,0
101029,'1186815',1419,,6191,58,,,0
101029,'1187194',1319,,6192,58,,,0
