11019,'1190643',1003,,7683,27,,,0
11019,'1190656',1536,,7684,27,,,0
11019,'1190700',1706,,7685,27,,,0
11019,'1190734',2303,,7686,27,,,0
11019,'1190739',1136,,7687,27,,,0
11019,'1190806',704,,7688,27,,,0
11019,'1190843',806,,7689,27,,,0
11019,'1190863',1004,,7690,27,,,0
11019,'1190899',1606,,7691,27,,,0
11019,'1190901',1736,,7692,27,,,0
11019,'1190931',2003,,7693,27,,,0
11019,'1190935',2133,,7694,27,,,0
11019,'1191012',1806,,7695,27,,,0
11019,'1191045',1306,,7696,27,,,0
11019,'1191105',1235,,7697,27,,,0
11019,'1191132',2106,,7698,27,,,0
11019,'1191187',1306,,7699,27,,,0
11019,'1191230',734,,7700,27,,,0
11019,'1191238',1506,,7701,27,,,0
11019,'1191240',1706,,7702,27,,,0
11019,'1191293',2103,,7703,27,,,0
11019,'1191319',634,,7704,27,,,0
11019,'1191389',2233,,7705,27,,,0
11019,'1191427',1105,,7706,27,,,0
11019,'1191450',1606,,7707,27,,,0
11019,'1191492',804,,7708,27,,,0
11019,'1191497',1705,,7709,27,,,0
11019,'1191518',2206,,7710,27,,,0
11019,'1191624',1636,,7711,27,,,0
11019,'1191660',803,,7712,27,,,0
11019,'1191669',1735,,7713,27,,,0
11019,'1191675',903,,7714,27,,,0
11019,'1191680',2203,,7715,27,,,0
11019,'1191681',2403,,7716,27,,,0
11019,'1191687',834,,7717,27,,,0
11019,'1191697',1406,,7718,27,,,0
11019,'1191719',1635,,7719,27,,,0
11019,'1191737',1506,,7720,27,,,0
11019,'1191835',1206,,7721,27,,,0
11019,'1191884',1205,,7722,27,,,0
11019,'1191966',1006,,7723,27,,,0
11019,'1192002',1435,,7724,27,,,0
11019,'1192081',906,,7725,27,,,0
11019,'1192101',1236,,7726,27,,,0
11019,'1192118',1106,,7727,27,,,0
11019,'1192123',2406,,7728,27,,,0
11019,'1192175',1933,,7729,27,,,0
11019,'1192293',703,,7730,27,,,0
11019,'1192335',1805,,7731,27,,,0
11019,'1192350',1906,,7732,27,,,0
11019,'1192404',1206,,7733,27,,,0
11019,'1192406',1806,,7734,27,,,0
11019,'1192430',1903,,7735,27,,,0
11019,'1192493',1405,,7736,27,,,0
11019,'1192513',1305,,7737,27,,,0
11019,'1192569',1336,,7738,27,,,0
11019,'1192573',1335,,7739,27,,,0
11019,'1192733',904,,7740,27,,,0
11019,'1192768',2333,,7741,27,,,0
11019,'1192799',1406,,7742,27,,,0
11019,'1192975',1505,,7743,27,,,0
11019,'1193059',1605,,7744,27,,,0
11019,'1193066',1436,,7745,27,,,0
11019,'1193090',1833,,7746,27,,,0
11019,'1193120',934,,7747,27,,,0
11019,'1193180',1106,,7748,27,,,0
11019,'1193235',2033,,7749,27,,,0
11019,'1193239',1034,,7750,27,,,0
11019,'1193241',2006,,7751,27,,,0
11019,'1193277',2306,,7752,27,,,0
11019,'1193279',1535,,7753,27,,,0
