101019,'1190633',1151,,8977,31,,,0
101019,'1190779',1328,,8978,31,,,0
101019,'1190804',1128,,8979,31,,,0
101019,'1190956',2128,,8980,31,,,0
101019,'1191198',551,,8981,31,,,0
101019,'1191312',928,,8982,31,,,0
101019,'1191333',2251,,8983,31,,,0
101019,'1191377',1528,,8984,31,,,0
101019,'1191380',2128,,8985,31,,,0
101019,'1191432',1728,,8986,31,,,0
101019,'1191480',1353,,8987,31,,,0
101019,'1191543',1928,,8988,31,,,0
101019,'1191977',1328,,8989,31,,,0
101019,'1192063',851,,8990,31,,,0
101019,'1192135',1051,,8991,31,,,0
101019,'1192166',1851,,8992,31,,,0
101019,'1192271',951,,8993,31,,,0
101019,'1192368',1528,,8994,31,,,0
101019,'1192448',928,,8995,31,,,0
101019,'1192613',751,,8996,31,,,0
101019,'1192782',1653,,8997,31,,,0
101019,'1192859',1128,,8998,31,,,0
101019,'1192896',1928,,8999,31,,,0
101019,'1192902',728,,9000,31,,,0
101019,'1192958',2050,,9001,31,,,0
101019,'1192961',728,,9002,31,,,0
101019,'1192963',2328,,9003,31,,,0
101019,'1193022',1453,,9004,31,,,0
101019,'1193099',1728,,9005,31,,,0
101019,'1193164',1553,,9006,31,,,0
101019,'1193193',1753,,9007,31,,,0
