105019,'1184475',1847,,6445,44,,,0
105019,'1184709',1817,,6446,44,,,0
105019,'1184754',1110,,6447,44,,,0
105019,'1184819',759,,6448,44,,,0
105019,'1184825',2255,,6449,44,,,0
105019,'1184879',1502,,6450,44,,,0
105019,'1184888',959,,6451,44,,,0
105019,'1184928',1210,,6452,44,,,0
105019,'1184969',2308,,6453,44,,,0
105019,'1185022',2108,,6454,44,,,0
105019,'1185176',655,,6455,44,,,0
105019,'1185212',625,,6456,44,,,0
105019,'1185354',1910,,6457,44,,,0
105019,'1185498',1925,,6458,44,,,0
105019,'1185528',2026,,6459,44,,,0
105019,'1185550',1410,,6460,44,,,0
105019,'1185555',2226,,6461,44,,,0
105019,'1185569',1747,,6462,44,,,0
105019,'1185641',859,,6463,44,,,0
105019,'1185643',1826,,6464,44,,,0
105019,'1185695',1317,,6465,44,,,0
105019,'1185708',2055,,6466,44,,,0
105019,'1185807',1626,,6467,44,,,0
105019,'1185822',1310,,6468,44,,,0
105019,'1185894',1202,,6469,44,,,0
105019,'1186015',1417,,6470,44,,,0
105019,'1186061',1602,,6471,44,,,0
105019,'1186284',1426,,6472,44,,,0
105019,'1186380',1102,,6473,44,,,0
105019,'1186411',1226,,6474,44,,,0
105019,'1186477',1632,,6475,44,,,0
105019,'1186479',1026,,6476,44,,,0
105019,'1186519',1710,,6477,44,,,0
105019,'1186601',1717,,6478,44,,,0
105019,'1186602',729,,6479,44,,,0
105019,'1186613',826,,6480,44,,,0
105019,'1186624',1610,,6481,44,,,0
105019,'1186706',1810,,6482,44,,,0
105019,'1186813',908,,6483,44,,,0
105019,'1186864',2355,,6484,44,,,0
105019,'1186870',555,,6485,44,,,0
105019,'1186896',829,,6486,44,,,0
105019,'1187008',708,,6487,44,,,0
105019,'1187009',2155,,6488,44,,,0
105019,'1187061',1532,,6489,44,,,0
105019,'1187069',1510,,6490,44,,,0
