2029,'1190626',1029,,7325,11,,,0
2029,'1190688',1759,,7326,11,,,0
2029,'1190708',2128,,7327,11,,,0
2029,'1190719',2358,,7328,11,,,0
2029,'1190781',745,,7329,11,,,0
2029,'1190788',730,,7330,11,,,0
2029,'1190794',915,,7331,11,,,0
2029,'1190810',1129,,7332,11,,,0
2029,'1190833',729,,7333,11,,,0
2029,'1190838',2114,,7334,11,,,0
2029,'1190875',1059,,7335,11,,,0
2029,'1190877',800,,7336,11,,,0
2029,'1190894',1845,,7337,11,,,0
2029,'1190915',1100,,7338,11,,,0
2029,'1190967',715,,7339,11,,,0
2029,'1191031',1600,,7340,11,,,0
2029,'1191050',1159,,7341,11,,,0
2029,'1191076',1615,,7342,11,,,0
2029,'1191116',900,,7343,11,,,0
2029,'1191190',2414,,7344,11,,,0
2029,'1191228',1545,,7345,11,,,0
2029,'1191232',1229,,7346,11,,,0
2029,'1191236',2045,,7347,11,,,0
2029,'1191243',2158,,7348,11,,,0
2029,'1191246',1529,,7349,11,,,0
2029,'1191282',2228,,7350,11,,,0
2029,'1191283',1800,,7351,11,,,0
2029,'1191345',1429,,7352,11,,,0
2029,'1191378',1430,,7353,11,,,0
2029,'1191445',1045,,7354,11,,,0
2029,'1191452',700,,7355,11,,,0
2029,'1191453',2328,,7356,11,,,0
2029,'1191464',1459,,7357,11,,,0
2029,'1191468',930,,7358,11,,,0
2029,'1191482',644,,7359,11,,,0
2029,'1191486',1715,,7360,11,,,0
2029,'1191507',1445,,7361,11,,,0
2029,'1191548',1659,,7362,11,,,0
2029,'1191564',1245,,7363,11,,,0
2029,'1191566',1315,,7364,11,,,0
2029,'1191577',2418,,7365,11,,,0
2029,'1191587',745,,7366,11,,,0
2029,'1191640',1959,,7367,11,,,0
2029,'1191649',1045,,7368,11,,,0
2029,'1191678',1630,,7369,11,,,0
2029,'1191684',1730,,7370,11,,,0
2029,'1191701',1944,,7371,11,,,0
2029,'1191721',1445,,7372,11,,,0
2029,'1191726',1859,,7373,11,,,0
2029,'1191736',2329,,7374,11,,,0
2029,'1191799',1829,,7375,11,,,0
2029,'1191815',945,,7376,11,,,0
2029,'1191824',1559,,7377,11,,,0
2029,'1191863',2029,,7378,11,,,0
2029,'1191887',1000,,7379,11,,,0
2029,'1191900',2245,,7380,11,,,0
2029,'1191908',1945,,7381,11,,,0
2029,'1191923',2244,,7382,11,,,0
2029,'1191934',1259,,7383,11,,,0
2029,'1191979',1130,,7384,11,,,0
2029,'1192014',845,,7385,11,,,0
2029,'1192038',1729,,7386,11,,,0
2029,'1192039',1115,,7387,11,,,0
2029,'1192049',2145,,7388,11,,,0
2029,'1192067',1230,,7389,11,,,0
2029,'1192095',1829,,7390,11,,,0
2029,'1192143',2345,,7391,11,,,0
2029,'1192161',1359,,7392,11,,,0
2029,'1192177',859,,7393,11,,,0
2029,'1192187',1330,,7394,11,,,0
2029,'1192206',1645,,7395,11,,,0
2029,'1192222',1815,,7396,11,,,0
2029,'1192235',1500,,7397,11,,,0
2029,'1192245',815,,7398,11,,,0
2029,'1192247',1329,,7399,11,,,0
2029,'1192371',1300,,7400,11,,,0
2029,'1192372',830,,7401,11,,,0
2029,'1192395',1030,,7402,11,,,0
2029,'1192415',2029,,7403,11,,,0
2029,'1192421',945,,7404,11,,,0
2029,'1192494',814,,7405,11,,,0
2029,'1192515',1645,,7406,11,,,0
2029,'1192587',1400,,7407,11,,,0
2029,'1192639',944,,7408,11,,,0
2029,'1192647',1415,,7409,11,,,0
2029,'1192656',1859,,7410,11,,,0
2029,'1192681',1145,,7411,11,,,0
2029,'1192709',1145,,7412,11,,,0
2029,'1192718',1530,,7413,11,,,0
2029,'1192745',1700,,7414,11,,,0
2029,'1192753',1245,,7415,11,,,0
2029,'1192778',1345,,7416,11,,,0
2029,'1192790',2059,,7417,11,,,0
2029,'1192793',2258,,7418,11,,,0
2029,'1192868',1215,,7419,11,,,0
2029,'1192872',645,,7420,11,,,0
2029,'1192912',1629,,7421,11,,,0
2029,'1192917',845,,7422,11,,,0
2029,'1192918',1345,,7423,11,,,0
2029,'1193030',1545,,7424,11,,,0
2029,'1193075',1929,,7425,11,,,0
2029,'1193081',1745,,7426,11,,,0
2029,'1193140',1015,,7427,11,,,0
2029,'1193168',2159,,7428,11,,,0
2029,'1193194',1200,,7429,11,,,0
2029,'1193219',1515,,7430,11,,,0
2029,'1193269',1745,,7431,11,,,0
23019,'1191008',1547,,8343,17,4,,0
23019,'1191438',915,,8344,17,4,,0
23019,'1191575',1116,,8345,17,4,,0
23019,'1191853',1347,,8346,17,4,,0
23019,'1192386',945,,8347,17,4,,0
23019,'1192599',1147,,8348,17,4,,0
23019,'1193094',1516,,8349,17,4,,0
23019,'1193162',1716,,8350,17,4,,0
23019,'1193307',1317,,8351,17,4,,0
23029,'1190732',1347,,8352,1,,,0
23029,'1190742',1147,,8353,1,,,0
23029,'1190848',1516,,8354,1,,,0
23029,'1191071',915,,8355,1,,,0
23029,'1191280',1317,,8356,1,,,0
23029,'1191342',945,,8357,1,,,0
23029,'1191679',1716,,8358,1,,,0
23029,'1192283',1116,,8359,1,,,0
23029,'1192955',1547,,8360,1,,,0
103019,'1190614',1719,,9124,6,,,0
103019,'1190775',1549,,9125,6,,,0
103019,'1191005',949,,9126,6,,,0
103019,'1191109',1838,,9127,6,,,0
103019,'1191130',1239,,9128,6,,,0
103019,'1191167',2149,,9129,6,,,0
103019,'1191203',1709,,9130,6,,,0
103019,'1191247',2008,,9131,6,,,0
103019,'1191446',1849,,9132,6,,,0
103019,'1191553',2019,,9133,6,,,0
103019,'1191632',1509,,9134,6,,,0
103019,'1191705',2308,,9135,6,,,0
103019,'1191773',1409,,9136,6,,,0
103019,'1191800',1454,,9137,6,,,0
103019,'1191826',638,,9139,6,,,0
103019,'1191854',1119,,9140,6,,,0
103019,'1191877',1109,,9141,6,,,0
103019,'1191892',1419,,9142,6,,,0
103019,'1192012',2238,,9143,6,,,0
103019,'1192046',938,,9144,6,,,0
103019,'1192093',1249,,9145,6,,,0
103019,'1192234',1539,,9146,6,,,0
103019,'1192444',808,,9147,6,,,0
103019,'1192450',1038,,9148,6,,,0
103019,'1192461',1808,,9149,6,,,0
103019,'1192624',853,,9150,6,,,0
103019,'1192801',908,,9151,6,,,0
103019,'1192848',738,,9152,6,,,0
103019,'1192864',2108,,9153,6,,,0
103019,'1192885',1938,,9154,6,,,0
103019,'1192886',1639,,9155,6,,,0
103019,'1192894',819,,9156,6,,,0
103019,'1192968',1624,,9157,6,,,0
103019,'1192976',2319,,9158,6,,,0
103019,'1193060',723,,9159,6,,,0
103019,'1193217',2138,,9160,6,,,0
103019,'1193247',1339,,9161,6,,,0
103019,'1193317',1209,,9162,6,,,0
