3029,'1190608',758,,7499,22,,,0
3029,'1190611',1945,,7500,22,,,0
3029,'1190627',1748,,7501,22,,,0
3029,'1190644',1519,,7502,22,,,0
3029,'1190703',858,,7503,22,,,0
3029,'1190736',1219,,7504,22,,,0
3029,'1190789',1648,,7505,22,,,0
3029,'1190824',2245,,7506,22,,,0
3029,'1190826',1058,,7507,22,,,0
3029,'1190828',1758,,7508,22,,,0
3029,'1190874',747,,7509,22,,,0
3029,'1190893',1158,,7510,22,,,0
3029,'1190909',1117,,7511,22,,,0
3029,'1190946',1448,,7512,22,,,0
3029,'1190994',745,,7513,22,,,0
3029,'1191014',917,,7514,22,,,0
3029,'1191024',1819,,7515,22,,,0
3029,'1191040',1549,,7516,22,,,0
3029,'1191098',1845,,7517,22,,,0
3029,'1191158',2345,,7518,22,,,0
3029,'1191226',945,,7519,22,,,0
3029,'1191231',1249,,7520,22,,,0
3029,'1191245',958,,7521,22,,,0
3029,'1191258',717,,7522,22,,,0
3029,'1191314',1449,,7523,22,,,0
3029,'1191341',1558,,7524,22,,,0
3029,'1191381',1658,,7525,22,,,0
3029,'1191407',2158,,7526,22,,,0
3029,'1191474',2358,,7527,22,,,0
3029,'1191535',1045,,7528,22,,,0
3029,'1191540',1749,,7529,22,,,0
3029,'1191586',2245,,7530,22,,,0
3029,'1191666',2145,,7531,22,,,0
3029,'1191712',1419,,7532,22,,,0
3029,'1191791',1649,,7533,22,,,0
3029,'1191888',1958,,7534,22,,,0
3029,'1191899',1945,,7535,22,,,0
3029,'1191925',1548,,7536,22,,,0
3029,'1191939',2342,,7537,22,,,0
3029,'1192011',1858,,7538,22,,,0
3029,'1192084',2145,,7539,22,,,0
3029,'1192087',947,,7540,22,,,0
3029,'1192092',1358,,7541,22,,,0
3029,'1192097',645,,7542,22,,,0
3029,'1192186',1845,,7543,22,,,0
3029,'1192237',1348,,7544,22,,,0
3029,'1192250',2258,,7545,22,,,0
3029,'1192257',1719,,7546,22,,,0
3029,'1192374',2045,,7547,22,,,0
3029,'1192469',1149,,7548,22,,,0
3029,'1192581',2058,,7549,22,,,0
3029,'1192585',1248,,7550,22,,,0
3029,'1192635',847,,7551,22,,,0
3029,'1192717',647,,7552,22,,,0
3029,'1192825',1258,,7553,22,,,0
3029,'1192832',1319,,7554,22,,,0
3029,'1192839',2045,,7555,22,,,0
3029,'1192856',1017,,7556,22,,,0
3029,'1192861',1047,,7557,22,,,0
3029,'1193034',1458,,7558,22,,,0
3029,'1193061',845,,7559,22,,,0
3029,'1193095',817,,7560,22,,,0
3029,'1193126',1619,,7561,22,,,0
3029,'1193264',1148,,7562,22,,,0
3029,'1193282',1349,,7563,22,,,0
