101019,'1190633',1129,,8977,4,,,0
101019,'1190779',1309,,8978,4,,,0
101019,'1190804',1109,,8979,4,,,0
101019,'1190956',2109,,8980,4,,,0
101019,'1191198',529,,8981,4,,,0
101019,'1191312',909,,8982,4,,,0
101019,'1191333',2229,,8983,4,,,0
101019,'1191377',1509,,8984,4,,,0
101019,'1191380',2109,,8985,4,,,0
101019,'1191432',1709,,8986,4,,,0
101019,'1191480',1332,,8987,4,,,0
101019,'1191543',1909,,8988,4,,,0
101019,'1191977',1309,,8989,4,,,0
101019,'1192063',829,,8990,4,,,0
101019,'1192135',1029,,8991,4,,,0
101019,'1192166',1829,,8992,4,,,0
101019,'1192271',929,,8993,4,,,0
101019,'1192368',1509,,8994,4,,,0
101019,'1192448',909,,8995,4,,,0
101019,'1192613',729,,8996,4,,,0
101019,'1192782',1632,,8997,4,,,0
101019,'1192859',1109,,8998,4,,,0
101019,'1192896',1909,,8999,4,,,0
101019,'1192902',709,,9000,4,,,0
101019,'1192958',2028,,9001,4,,,0
101019,'1192961',709,,9002,4,,,0
101019,'1192963',2309,,9003,4,,,0
101019,'1193022',1432,,9004,4,,,0
101019,'1193099',1709,,9005,4,,,0
101019,'1193164',1532,,9006,4,,,0
101019,'1193193',1732,,9007,4,,,0
