2019,'1190609',1602,,7220,3,,,0
2019,'1190673',1217,,7221,3,,,0
2019,'1190685',1202,,7222,3,,,0
2019,'1190689',1932,,7223,3,,,0
2019,'1190717',1702,,7224,3,,,0
2019,'1190761',1417,,7225,3,,,0
2019,'1190765',1232,,7226,3,,,0
2019,'1190771',1317,,7227,3,,,0
2019,'1190817',1302,,7228,3,,,0
2019,'1190891',2117,,7229,3,,,0
2019,'1190941',1517,,7230,3,,,0
2019,'1190953',802,,7231,3,,,0
2019,'1190999',1702,,7232,3,,,0
2019,'1191046',1732,,7233,3,,,0
2019,'1191054',2352,,7234,3,,,0
2019,'1191067',847,,7235,3,,,0
2019,'1191084',1417,,7236,3,,,0
2019,'1191125',1717,,7237,3,,,0
2019,'1191149',717,,7238,3,,,0
2019,'1191199',832,,7239,3,,,0
2019,'1191211',1547,,7240,3,,,0
2019,'1191224',1147,,7241,3,,,0
2019,'1191233',2217,,7242,3,,,0
2019,'1191252',2347,,7243,3,,,0
2019,'1191275',717,,7244,3,,,0
2019,'1191287',1317,,7245,3,,,0
2019,'1191383',1802,,7246,3,,,0
2019,'1191405',817,,7247,3,,,0
2019,'1191408',1247,,7248,3,,,0
2019,'1191447',1432,,7249,3,,,0
2019,'1191485',2102,,7250,3,,,0
2019,'1191495',1617,,7251,3,,,0
2019,'1191512',1302,,7252,3,,,0
2019,'1191527',917,,7253,3,,,0
2019,'1191539',1332,,7254,3,,,0
2019,'1191561',1732,,7255,3,,,0
2019,'1191615',2032,,7256,3,,,0
2019,'1191644',1002,,7257,3,,,0
2019,'1191646',1017,,7258,3,,,0
2019,'1191661',1632,,7259,3,,,0
2019,'1191691',1747,,7260,3,,,0
2019,'1191768',917,,7261,3,,,0
2019,'1191793',702,,7262,3,,,0
2019,'1191820',1017,,7263,3,,,0
2019,'1191850',732,,7264,3,,,0
2019,'1191864',1602,,7265,3,,,0
2019,'1191867',2217,,7266,3,,,0
2019,'1191873',1517,,7267,3,,,0
2019,'1191904',947,,7268,3,,,0
2019,'1191918',1917,,7269,3,,,0
2019,'1191932',2202,,7270,3,,,0
2019,'1191992',2332,,7271,3,,,0
2019,'1192029',1047,,7272,3,,,0
2019,'1192053',2132,,7273,3,,,0
2019,'1192089',1532,,7274,3,,,0
2019,'1192091',1202,,7275,3,,,0
2019,'1192130',1032,,7276,3,,,0
2019,'1192210',1817,,7277,3,,,0
2019,'1192225',1832,,7278,3,,,0
2019,'1192227',1647,,7279,3,,,0
2019,'1192252',2002,,7280,3,,,0
2019,'1192285',632,,7281,3,,,0
2019,'1192330',1002,,7282,3,,,0
2019,'1192352',1117,,7283,3,,,0
2019,'1192380',1232,,7284,3,,,0
2019,'1192437',747,,7285,3,,,0
2019,'1192442',1132,,7286,3,,,0
2019,'1192449',1217,,7287,3,,,0
2019,'1192523',1532,,7288,3,,,0
2019,'1192531',1502,,7289,3,,,0
2019,'1192546',1132,,7290,3,,,0
2019,'1192565',2017,,7291,3,,,0
2019,'1192577',2232,,7292,3,,,0
2019,'1192650',1917,,7293,3,,,0
2019,'1192668',1102,,7294,3,,,0
2019,'1192678',1432,,7295,3,,,0
2019,'1192698',817,,7296,3,,,0
2019,'1192722',1632,,7297,3,,,0
2019,'1192754',832,,7298,3,,,0
2019,'1192756',917,,7299,3,,,0
2019,'1192760',1617,,7300,3,,,0
2019,'1192800',1832,,7301,3,,,0
2019,'1192812',2317,,7302,3,,,0
2019,'1192865',1447,,7303,3,,,0
2019,'1192869',932,,7304,3,,,0
2019,'1192915',1402,,7305,3,,,0
2019,'1192923',1032,,7306,3,,,0
2019,'1192928',2002,,7307,3,,,0
2019,'1192930',1902,,7308,3,,,0
2019,'1192936',702,,7309,3,,,0
2019,'1192939',647,,7310,3,,,0
2019,'1192940',902,,7311,3,,,0
2019,'1192992',1347,,7312,3,,,0
2019,'1192994',1402,,7313,3,,,0
2019,'1193012',1717,,7314,3,,,0
2019,'1193057',1332,,7315,3,,,0
2019,'1193080',2047,,7316,3,,,0
2019,'1193128',747,,7317,3,,,0
2019,'1193163',1117,,7318,3,,,0
2019,'1193170',1102,,7319,3,,,0
2019,'1193177',2132,,7320,3,,,0
2019,'1193178',2302,,7321,3,,,0
2019,'1193210',1502,,7322,3,,,0
2019,'1193284',1802,,7323,3,,,0
2019,'1193308',2302,,7324,3,,,0
12029,'1190603',1218,,7896,3,,,0
12029,'1190623',918,,7897,3,,,0
12029,'1190638',1818,,7898,3,,,0
12029,'1190684',2218,,7899,3,,,0
12029,'1190691',2048,,7900,3,,,0
12029,'1190731',1618,,7901,3,,,0
12029,'1190743',1918,,7902,3,,,0
12029,'1190753',2118,,7903,3,,,0
12029,'1190777',748,,7904,3,,,0
12029,'1190812',2248,,7905,3,,,0
12029,'1190880',2148,,7906,3,,,0
12029,'1190932',1418,,7907,3,,,0
12029,'1190940',1748,,7908,3,,,0
12029,'1191029',1348,,7909,3,,,0
12029,'1191043',1718,,7910,3,,,0
12029,'1191093',1648,,7911,3,,,0
12029,'1191133',1048,,7912,3,,,0
12029,'1191256',918,,7913,3,,,0
12029,'1191281',1118,,7914,3,,,0
12029,'1191303',818,,7915,3,,,0
12029,'1191335',1618,,7916,3,,,0
12029,'1191382',1048,,7917,3,,,0
12029,'1191410',1648,,7918,3,,,0
12029,'1191500',1148,,7919,3,,,0
12029,'1191501',2018,,7920,3,,,0
12029,'1191528',1418,,7921,3,,,0
12029,'1191555',2118,,7922,3,,,0
12029,'1191588',2353,,7923,3,,,0
12029,'1191595',1318,,7924,3,,,0
12029,'1191653',618,,7925,3,,,0
12029,'1191692',818,,7926,3,,,0
12029,'1191696',1918,,7927,3,,,0
12029,'1191708',2018,,7928,3,,,0
12029,'1191789',1518,,7929,3,,,0
12029,'1191811',1118,,7930,3,,,0
12029,'1191813',918,,7931,3,,,0
12029,'1191831',1018,,7932,3,,,0
12029,'1191874',1348,,7933,3,,,0
12029,'1191998',1718,,7934,3,,,0
12029,'1192059',2318,,7935,3,,,0
12029,'1192129',1818,,7936,3,,,0
12029,'1192133',1118,,7937,3,,,0
12029,'1192152',1548,,7938,3,,,0
12029,'1192260',848,,7939,3,,,0
12029,'1192279',1248,,7940,3,,,0
12029,'1192294',718,,7941,3,,,0
12029,'1192306',948,,7942,3,,,0
12029,'1192361',1248,,7943,3,,,0
12029,'1192410',818,,7944,3,,,0
12029,'1192567',1218,,7945,3,,,0
12029,'1192578',1618,,7946,3,,,0
12029,'1192673',1148,,7947,3,,,0
12029,'1192741',1418,,7948,3,,,0
12029,'1192809',648,,7949,3,,,0
12029,'1192877',2318,,7950,3,,,0
12029,'1192898',1448,,7951,3,,,0
12029,'1192950',718,,7952,3,,,0
12029,'1193043',718,,7953,3,,,0
12029,'1193053',1018,,7954,3,,,0
12029,'1193054',1948,,7955,3,,,0
12029,'1193056',1548,,7956,3,,,0
12029,'1193058',1318,,7957,3,,,0
12029,'1193093',1718,,7958,3,,,0
12029,'1193102',1518,,7959,3,,,0
12029,'1193103',1448,,7960,3,,,0
12029,'1193156',1018,,7961,3,,,0
12029,'1193195',1318,,7962,3,,,0
12029,'1193220',1218,,7963,3,,,0
12029,'1193227',1848,,7964,3,,,0
12029,'1193272',1518,,7965,3,,,0
12029,'1193321',2218,,7966,3,,,0
