190001019,'1184477',730,,6823,14,,,0
190001019,'1184482',1301,,6824,14,,,0
190001019,'1184538',1116,,6825,14,,,0
190001019,'1184546',1516,,6826,14,,,0
190001019,'1184623',715,,6827,14,,,0
190001019,'1184628',2329,,6828,14,,,0
190001019,'1184634',1116,,6829,14,,,0
190001019,'1184636',1201,,6830,14,,,0
190001019,'1184663',1031,,6831,14,,,0
190001019,'1184686',2159,,6832,14,,,0
190001019,'1184692',2259,,6833,14,,,0
190001019,'1184712',930,,6834,14,,,0
190001019,'1184722',700,,6835,14,,,0
190001019,'1184775',1231,,6836,14,,,0
190001019,'1184788',1816,,6837,14,,,0
190001019,'1184812',1401,,6838,14,,,0
190001019,'1184822',1316,,6839,14,,,0
190001019,'1184841',2000,,6840,14,,,0
190001019,'1184844',800,,6841,14,,,0
190001019,'1184867',1616,,6842,14,,,0
190001019,'1184871',859,,6843,14,,,0
190001019,'1184891',2029,,6844,14,,,0
190001019,'1184895',1446,,6845,14,,,0
190001019,'1184915',1538,,6846,14,,,0
190001019,'1184930',1438,,6847,14,,,0
190001019,'1185008',815,,6848,14,,,0
190001019,'1185018',2359,,6849,14,,,0
190001019,'1185052',1316,,6850,14,,,0
190001019,'1185064',1746,,6851,14,,,0
190001019,'1185066',1601,,6852,14,,,0
190001019,'1185077',2015,,6853,14,,,0
190001019,'1185090',845,,6854,14,,,0
190001019,'1185150',1753,,6855,14,,,0
190001019,'1185161',1738,,6856,14,,,0
190001019,'1185178',1930,,6857,14,,,0
190001019,'1185194',2359,,6858,14,,,0
190001019,'1185221',2100,,6859,14,,,0
190001019,'1185231',1653,,6860,14,,,0
190001019,'1185242',1801,,6861,14,,,0
190001019,'1185274',1731,,6862,14,,,0
190001019,'1185329',903,,6863,14,,,0
190001019,'1185343',1608,,6864,14,,,0
190001019,'1185352',1915,,6865,14,,,0
190001019,'1185368',2203,,6866,14,,,0
190001019,'1185392',945,,6867,14,,,0
190001019,'1185448',915,,6868,14,,,0
190001019,'1185479',1508,,6869,14,,,0
190001019,'1185506',2003,,6870,14,,,0
190001019,'1185515',1246,,6871,14,,,0
190001019,'1185532',1000,,6872,14,,,0
190001019,'1185537',2419,,6873,14,,,0
190001019,'1185538',1203,,6874,14,,,0
190001019,'1185572',1638,,6875,14,,,0
190001019,'1185596',1631,,6876,14,,,0
190001019,'1185600',2329,,6877,14,,,0
190001019,'1185605',1723,,6878,14,,,0
190001019,'1185609',2030,,6879,14,,,0
190001019,'1185611',1046,,6880,14,,,0
190001019,'1185622',1331,,6881,14,,,0
190001019,'1185645',2144,,6882,14,,,0
190001019,'1185657',1803,,6883,14,,,0
190001019,'1185667',1201,,6884,14,,,0
190001019,'1185675',659,,6885,14,,,0
190001019,'1185709',1708,,6886,14,,,0
190001019,'1185730',1959,,6887,14,,,0
190001019,'1185739',1303,,6888,14,,,0
190001019,'1185759',1014,,6889,14,,,0
190001019,'1185760',1431,,6890,14,,,0
190001019,'1185796',1553,,6891,14,,,0
190001019,'1185810',1031,,6892,14,,,0
190001019,'1185821',2129,,6893,14,,,0
190001019,'1185844',1103,,6894,14,,,0
190001019,'1185883',645,,6895,14,,,0
190001019,'1185909',1829,,6896,14,,,0
190001019,'1185923',1216,,6897,14,,,0
190001019,'1185950',900,,6898,14,,,0
190001019,'1185966',1929,,6899,14,,,0
190001019,'1185995',803,,6900,14,,,0
190001019,'1186036',759,,6901,14,,,0
190001019,'1186040',1246,,6902,14,,,0
190001019,'1186058',2115,,6903,14,,,0
190001019,'1186059',1815,,6904,14,,,0
190001019,'1186089',2159,,6905,14,,,0
190001019,'1186104',1646,,6906,14,,,0
190001019,'1186110',1301,,6907,14,,,0
190001019,'1186115',1101,,6908,14,,,0
190001019,'1186128',1701,,6909,14,,,0
190001019,'1186133',1346,,6910,14,,,0
190001019,'1186141',1423,,6911,14,,,0
190001019,'1186145',1900,,6912,14,,,0
190001019,'1186149',1146,,6913,14,,,0
190001019,'1186152',629,,6914,14,,,0
190001019,'1186164',1703,,6915,14,,,0
190001019,'1186198',1903,,6916,14,,,0
190001019,'1186215',2403,,6917,14,,,0
190001019,'1186229',1131,,6918,14,,,0
190001019,'1186230',2303,,6919,14,,,0
190001019,'1186254',1231,,6920,14,,,0
190001019,'1186262',1716,,6921,14,,,0
190001019,'1186272',1945,,6922,14,,,0
190001019,'1186285',2045,,6923,14,,,0
190001019,'1186294',1623,,6924,14,,,0
190001019,'1186296',1003,,6925,14,,,0
190001019,'1186301',729,,6926,14,,,0
190001019,'1186318',1503,,6927,14,,,0
190001019,'1186369',1403,,6928,14,,,0
190001019,'1186371',830,,6929,14,,,0
190001019,'1186401',959,,6930,14,,,0
190001019,'1186413',2229,,6931,14,,,0
190001019,'1186456',1146,,6932,14,,,0
190001019,'1186474',1501,,6933,14,,,0
190001019,'1186503',829,,6934,14,,,0
190001019,'1186526',1401,,6935,14,,,0
190001019,'1186619',1845,,6936,14,,,0
190001019,'1186635',745,,6937,14,,,0
190001019,'1186646',1802,,6938,14,,,0
190001019,'1186716',1216,,6939,14,,,0
190001019,'1186726',1046,,6940,14,,,0
190001019,'1186728',1844,,6941,14,,,0
190001019,'1186751',1101,,6942,14,,,0
190001019,'1186788',2129,,6943,14,,,0
190001019,'1186822',1859,,6944,14,,,0
190001019,'1186846',2229,,6945,14,,,0
190001019,'1186873',1346,,6946,14,,,0
190001019,'1186889',1546,,6947,14,,,0
190001019,'1186969',1830,,6948,14,,,0
190001019,'1186979',1603,,6949,14,,,0
190001019,'1186993',1416,,6950,14,,,0
190001019,'1187001',1131,,6951,14,,,0
190001019,'1187019',1531,,6952,14,,,0
190001019,'1187056',2059,,6953,14,,,0
190001019,'1187081',1015,,6954,14,,,0
190001019,'1187092',1523,,6955,14,,,0
190001019,'1187147',2103,,6956,14,,,0
190001019,'1187150',2259,,6957,14,,,0
190001019,'1187160',929,,6958,14,,,0
190001019,'1187182',1453,,6959,14,,,0
190001019,'1187190',1331,,6960,14,,,0
190001029,'1184490',1653,,6961,10,,,0
190001029,'1184527',1154,,6962,10,,,0
190001029,'1184534',853,,6963,10,,,0
190001029,'1184609',638,,6964,10,,,0
190001029,'1184616',1039,,6965,10,,,0
190001029,'1184651',2038,,6966,10,,,0
190001029,'1184661',1624,,6967,10,,,0
190001029,'1184721',2338,,6968,10,,,0
190001029,'1184789',638,,6969,10,,,0
190001029,'1184791',2138,,6970,10,,,0
190001029,'1184794',1338,,6971,10,,,0
190001029,'1184799',1254,,6972,10,,,0
190001029,'1184802',2358,,6973,10,,,0
190001029,'1184839',823,,6974,10,,,0
190001029,'1184889',2208,,6975,10,,,0
190001029,'1184906',1239,,6976,10,,,0
190001029,'1184907',822,,6977,10,,,0
190001029,'1184944',1439,,6978,10,,,0
190001029,'1184952',922,,6979,10,,,0
190001029,'1184954',2022,,6980,10,,,0
190001029,'1184980',1953,,6981,10,,,0
190001029,'1184997',1454,,6982,10,,,0
190001029,'1185011',2222,,6983,10,,,0
190001029,'1185017',2138,,6984,10,,,0
190001029,'1185025',1353,,6985,10,,,0
190001029,'1185053',1224,,6986,10,,,0
190001029,'1185071',1654,,6987,10,,,0
190001029,'1185119',2238,,6988,10,,,0
190001029,'1185120',1623,,6989,10,,,0
190001029,'1185125',1109,,6990,10,,,0
190001029,'1185141',1222,,6991,10,,,0
190001029,'1185166',1053,,6992,10,,,0
190001029,'1185167',1753,,6993,10,,,0
190001029,'1185180',2038,,6994,10,,,0
190001029,'1185201',1823,,6995,10,,,0
190001029,'1185223',1738,,6996,10,,,0
190001029,'1185234',923,,6997,10,,,0
190001029,'1185246',708,,6998,10,,,0
190001029,'1185252',1009,,6999,10,,,0
190001029,'1185262',1253,,7000,10,,,0
190001029,'1185321',2008,,7001,10,,,0
190001029,'1185331',1923,,7002,10,,,0
190001029,'1185351',908,,7003,10,,,0
190001029,'1185355',1524,,7004,10,,,0
190001029,'1185367',908,,7005,10,,,0
190001029,'1185389',2108,,7006,10,,,0
190001029,'1185390',1808,,7007,10,,,0
190001029,'1185410',2308,,7008,10,,,0
190001029,'1185424',808,,7009,10,,,0
190001029,'1185432',738,,7010,10,,,0
190001029,'1185483',1124,,7011,10,,,0
190001029,'1185504',1609,,7012,10,,,0
190001029,'1185587',1508,,7013,10,,,0
190001029,'1185591',1324,,7014,10,,,0
190001029,'1185606',1554,,7015,10,,,0
190001029,'1185626',1838,,7016,10,,,0
190001029,'1185646',1223,,7017,10,,,0
190001029,'1185689',1509,,7018,10,,,0
190001029,'1185714',1139,,7019,10,,,0
190001029,'1185744',1354,,7020,10,,,0
190001029,'1185775',1538,,7021,10,,,0
190001029,'1185840',1822,,7022,10,,,0
190001029,'1185841',1422,,7023,10,,,0
190001029,'1185855',1408,,7024,10,,,0
190001029,'1185865',953,,7025,10,,,0
190001029,'1185898',1638,,7026,10,,,0
190001029,'1185905',1853,,7027,10,,,0
190001029,'1185932',1639,,7028,10,,,0
190001029,'1185953',722,,7029,10,,,0
190001029,'1185962',753,,7030,10,,,0
190001029,'1186000',1138,,7031,10,,,0
190001029,'1186001',723,,7032,10,,,0
190001029,'1186004',1208,,7033,10,,,0
190001029,'1186023',1238,,7034,10,,,0
190001029,'1186073',1453,,7035,10,,,0
190001029,'1186074',608,,7036,10,,,0
190001029,'1186081',938,,7037,10,,,0
190001029,'1186094',2053,,7038,10,,,0
190001029,'1186100',1723,,7039,10,,,0
190001029,'1186108',1153,,7040,10,,,0
190001029,'1186109',1708,,7041,10,,,0
190001029,'1186134',1309,,7042,10,,,0
190001029,'1186143',1409,,7043,10,,,0
190001029,'1186171',1753,,7044,10,,,0
190001029,'1186182',1023,,7045,10,,,0
190001029,'1186183',2023,,7046,10,,,0
190001029,'1186248',623,,7047,10,,,0
190001029,'1186250',1323,,7048,10,,,0
190001029,'1186255',1522,,7049,10,,,0
190001029,'1186307',1908,,7050,10,,,0
190001029,'1186324',2008,,7051,10,,,0
190001029,'1186336',653,,7052,10,,,0
190001029,'1186339',2122,,7053,10,,,0
190001029,'1186400',738,,7054,10,,,0
190001029,'1186407',1523,,7055,10,,,0
190001029,'1186448',1553,,7056,10,,,0
190001029,'1186464',1722,,7057,10,,,0
190001029,'1186468',1608,,7058,10,,,0
190001029,'1186469',1024,,7059,10,,,0
190001029,'1186472',1823,,7060,10,,,0
190001029,'1186480',1908,,7061,10,,,0
190001029,'1186542',1008,,7062,10,,,0
190001029,'1186570',838,,7063,10,,,0
190001029,'1186592',1724,,7064,10,,,0
190001029,'1186595',1922,,7065,10,,,0
190001029,'1186617',1438,,7066,10,,,0
190001029,'1186627',2123,,7067,10,,,0
190001029,'1186676',1622,,7068,10,,,0
190001029,'1186718',2308,,7069,10,,,0
190001029,'1186758',1038,,7070,10,,,0
190001029,'1186764',1108,,7071,10,,,0
190001029,'1186785',1122,,7072,10,,,0
190001029,'1186808',2238,,7073,10,,,0
190001029,'1186828',1339,,7074,10,,,0
190001029,'1186840',938,,7075,10,,,0
190001029,'1186842',1938,,7076,10,,,0
190001029,'1186847',2108,,7077,10,,,0
190001029,'1186858',1308,,7078,10,,,0
190001029,'1186862',953,,7079,10,,,0
190001029,'1186865',1423,,7080,10,,,0
190001029,'1186868',1938,,7081,10,,,0
190001029,'1186899',1808,,7082,10,,,0
190001029,'1186910',2208,,7083,10,,,0
190001029,'1186913',1322,,7084,10,,,0
190001029,'1186923',808,,7085,10,,,0
190001029,'1186934',1022,,7086,10,,,0
190001029,'1186947',708,,7087,10,,,0
190001029,'1186965',1539,,7088,10,,,0
190001029,'1186988',1054,,7089,10,,,0
190001029,'1186997',1123,,7090,10,,,0
190001029,'1187034',838,,7091,10,,,0
190001029,'1187095',2322,,7092,10,,,0
190001029,'1187119',1209,,7093,10,,,0
190001029,'1187129',1738,,7094,10,,,0
190001029,'1187140',2338,,7095,10,,,0
190001029,'1187146',1709,,7096,10,,,0
190001029,'1187167',1838,,7097,10,,,0
190001029,'1187176',1424,,7098,10,,,0
