12029,'1190603',1222,,7896,9,,,0
12029,'1190623',921,,7897,9,,,0
12029,'1190638',1821,,7898,9,,,0
12029,'1190684',2222,,7899,9,,,0
12029,'1190691',2051,,7900,9,,,0
12029,'1190731',1621,,7901,9,,,0
12029,'1190743',1921,,7902,9,,,0
12029,'1190753',2122,,7903,9,,,0
12029,'1190777',751,,7904,9,,,0
12029,'1190812',2251,,7905,9,,,0
12029,'1190880',2151,,7906,9,,,0
12029,'1190932',1422,,7907,9,,,0
12029,'1190940',1751,,7908,9,,,0
12029,'1191029',1351,,7909,9,,,0
12029,'1191043',1721,,7910,9,,,0
12029,'1191093',1651,,7911,9,,,0
12029,'1191133',1051,,7912,9,,,0
12029,'1191256',922,,7913,9,,,0
12029,'1191281',1121,,7914,9,,,0
12029,'1191303',821,,7915,9,,,0
12029,'1191335',1621,,7916,9,,,0
12029,'1191382',1051,,7917,9,,,0
12029,'1191410',1651,,7918,9,,,0
12029,'1191500',1151,,7919,9,,,0
12029,'1191501',2022,,7920,9,,,0
12029,'1191528',1421,,7921,9,,,0
12029,'1191555',2121,,7922,9,,,0
12029,'1191588',2356,,7923,9,,,0
12029,'1191595',1321,,7924,9,,,0
12029,'1191653',621,,7925,9,,,0
12029,'1191692',822,,7926,9,,,0
12029,'1191696',1922,,7927,9,,,0
12029,'1191708',2021,,7928,9,,,0
12029,'1191789',1522,,7929,9,,,0
12029,'1191811',1122,,7930,9,,,0
12029,'1191813',921,,7931,9,,,0
12029,'1191831',1022,,7932,9,,,0
12029,'1191874',1351,,7933,9,,,0
12029,'1191998',1721,,7934,9,,,0
12029,'1192059',2322,,7935,9,,,0
12029,'1192129',1822,,7936,9,,,0
12029,'1192133',1121,,7937,9,,,0
12029,'1192152',1551,,7938,9,,,0
12029,'1192260',851,,7939,9,,,0
12029,'1192279',1251,,7940,9,,,0
12029,'1192294',722,,7941,9,,,0
12029,'1192306',951,,7942,9,,,0
12029,'1192361',1251,,7943,9,,,0
12029,'1192410',821,,7944,9,,,0
12029,'1192567',1221,,7945,9,,,0
12029,'1192578',1622,,7946,9,,,0
12029,'1192673',1151,,7947,9,,,0
12029,'1192741',1421,,7948,9,,,0
12029,'1192809',651,,7949,9,,,0
12029,'1192877',2321,,7950,9,,,0
12029,'1192898',1451,,7951,9,,,0
12029,'1192950',721,,7952,9,,,0
12029,'1193043',721,,7953,9,,,0
12029,'1193053',1021,,7954,9,,,0
12029,'1193054',1951,,7955,9,,,0
12029,'1193056',1551,,7956,9,,,0
12029,'1193058',1322,,7957,9,,,0
12029,'1193093',1722,,7958,9,,,0
12029,'1193102',1521,,7959,9,,,0
12029,'1193103',1451,,7960,9,,,0
12029,'1193156',1021,,7961,9,,,0
12029,'1193195',1321,,7962,9,,,0
12029,'1193220',1221,,7963,9,,,0
12029,'1193227',1851,,7964,9,,,0
12029,'1193272',1521,,7965,9,,,0
12029,'1193321',2221,,7966,9,,,0
