105019,'1190616',2235,,9291,62,,,0
105019,'1190769',1427,,9292,62,,,0
105019,'1190825',1635,,9293,62,,,0
105019,'1190865',1827,,9294,62,,,0
105019,'1190975',1857,,9295,62,,,0
105019,'1190992',1819,,9296,62,,,0
105019,'1190998',1219,,9297,62,,,0
105019,'1191007',1727,,9298,62,,,0
105019,'1191038',1519,,9299,62,,,0
105019,'1191063',1009,,9300,62,,,0
105019,'1191065',1327,,9301,62,,,0
105019,'1191145',705,,9302,62,,,0
105019,'1191217',2317,,9303,62,,,0
105019,'1191294',1419,,9304,62,,,0
105019,'1191329',917,,9305,62,,,0
105019,'1191413',1035,,9306,62,,,0
105019,'1191457',1319,,9307,62,,,0
105019,'1191557',909,,9308,62,,,0
105019,'1191709',809,,9309,62,,,0
105019,'1191750',2304,,9310,62,,,0
105019,'1191859',717,,9311,62,,,0
105019,'1191891',1757,,9312,62,,,0
105019,'1192052',1919,,9313,62,,,0
105019,'1192113',635,,9314,62,,,0
105019,'1192142',1619,,9315,62,,,0
105019,'1192176',835,,9316,62,,,0
105019,'1192218',2404,,9317,62,,,0
105019,'1192236',1435,,9318,62,,,0
105019,'1192248',2104,,9319,62,,,0
105019,'1192267',1719,,9320,62,,,0
105019,'1192318',1119,,9321,62,,,0
105019,'1192337',1642,,9322,62,,,0
105019,'1192353',1512,,9323,62,,,0
105019,'1192579',1212,,9324,62,,,0
105019,'1192586',1235,,9325,62,,,0
105019,'1192598',2035,,9326,62,,,0
105019,'1192614',739,,9327,62,,,0
105019,'1192661',2204,,9328,62,,,0
105019,'1192725',1542,,9329,62,,,0
105019,'1192735',1934,,9330,62,,,0
105019,'1192821',2117,,9331,62,,,0
105019,'1192836',1835,,9332,62,,,0
105019,'1192847',605,,9333,62,,,0
105019,'1192875',1612,,9334,62,,,0
105019,'1193045',839,,9335,62,,,0
105019,'1193298',1112,,9336,62,,,0
106029,'1190782',743,,9389,13,,,0
106029,'1191556',1845,,9390,13,,,0
106029,'1191771',1615,,9391,13,,,0
106029,'1192044',1730,,9392,13,,,0
106029,'1192429',858,,9393,13,,,0
106029,'1193063',1013,,9394,13,,,0
