104029,'1190618',1409,,9248,19,,,0
104029,'1190628',1758,,9249,19,,,0
104029,'1190725',758,,9250,19,,,0
104029,'1190754',1028,,9251,19,,,0
104029,'1190787',1258,,9252,19,,,0
104029,'1190793',1828,,9253,19,,,0
104029,'1190961',1643,,9254,19,,,0
104029,'1191015',1539,,9255,19,,,0
104029,'1191060',958,,9256,19,,,0
104029,'1191138',758,,9257,19,,,0
104029,'1191264',2258,,9258,19,,,0
104029,'1191265',913,,9259,19,,,0
104029,'1191297',643,,9260,19,,,0
104029,'1191332',1624,,9261,19,,,0
104029,'1191339',828,,9262,19,,,0
104029,'1191360',1528,,9263,19,,,0
104029,'1191502',1413,,9264,19,,,0
104029,'1191606',1558,,9265,19,,,0
104029,'1191664',2028,,9266,19,,,0
104029,'1191668',2143,,9267,19,,,0
104029,'1191699',758,,9268,19,,,0
104029,'1191901',1958,,9269,19,,,0
104029,'1191931',558,,9270,19,,,0
104029,'1192136',1158,,9271,19,,,0
104029,'1192243',1758,,9272,19,,,0
104029,'1192264',1709,,9273,19,,,0
104029,'1192282',1358,,9274,19,,,0
104029,'1192296',2158,,9275,19,,,0
104029,'1192329',713,,9276,19,,,0
104029,'1192460',1028,,9277,19,,,0
104029,'1192482',1454,,9278,19,,,0
104029,'1192831',1913,,9279,19,,,0
104029,'1192874',1743,,9280,19,,,0
104029,'1192986',1958,,9281,19,,,0
104029,'1192990',643,,9282,19,,,0
104029,'1193096',943,,9283,19,,,0
104029,'1193112',913,,9284,19,,,0
104029,'1193117',1154,,9285,19,,,0
104029,'1193136',2258,,9286,19,,,0
104029,'1193149',1324,,9287,19,,,0
104029,'1193215',1239,,9288,19,,,0
104029,'1193253',2128,,9289,19,,,0
104029,'1193281',1143,,9290,19,,,0
