20019,'1190619',642,,8208,10,,,0
20019,'1190641',1712,,8209,10,,,0
20019,'1190738',611,,8210,10,,,0
20019,'1190758',1642,,8211,10,,,0
20019,'1190774',1842,,8212,10,,,0
20019,'1190805',1412,,8213,10,,,0
20019,'1190807',1536,,8214,10,,,0
20019,'1190842',936,,8215,10,,,0
20019,'1190858',2341,,8216,10,,,0
20019,'1190934',1736,,8217,10,,,0
20019,'1190997',812,,8218,10,,,0
20019,'1191053',842,,8219,10,,,0
20019,'1191089',2142,,8220,10,,,0
20019,'1191136',1912,,8221,10,,,0
20019,'1191180',1342,,8222,10,,,0
20019,'1191184',2236,,8223,10,,,0
20019,'1191306',712,,8224,10,,,0
20019,'1191365',2112,,8225,10,,,0
20019,'1191367',2042,,8226,10,,,0
20019,'1191384',1036,,8227,10,,,0
20019,'1191430',1542,,8228,10,,,0
20019,'1191441',1742,,8229,10,,,0
20019,'1191475',1836,,8230,10,,,0
20019,'1191503',942,,8231,10,,,0
20019,'1191504',1936,,8232,10,,,0
20019,'1191515',641,,8233,10,,,0
20019,'1191641',1812,,8234,10,,,0
20019,'1191710',2136,,8235,10,,,0
20019,'1191735',1942,,8236,10,,,0
20019,'1191765',1042,,8237,10,,,0
20019,'1191794',836,,8238,10,,,0
20019,'1191882',2242,,8239,10,,,0
20019,'1191930',1642,,8240,10,,,0
20019,'1191994',1112,,8241,10,,,0
20019,'1192132',1312,,8242,10,,,0
20019,'1192365',1742,,8243,10,,,0
20019,'1192376',1212,,8244,10,,,0
20019,'1192411',1336,,8245,10,,,0
20019,'1192417',1436,,8246,10,,,0
20019,'1192420',1236,,8247,10,,,0
20019,'1192518',742,,8248,10,,,0
20019,'1192652',2336,,8249,10,,,0
20019,'1192666',2036,,8250,10,,,0
20019,'1192708',736,,8251,10,,,0
20019,'1192714',1142,,8252,10,,,0
20019,'1192729',1012,,8253,10,,,0
20019,'1192784',2212,,8254,10,,,0
20019,'1192905',1612,,8255,10,,,0
20019,'1192913',1136,,8256,10,,,0
20019,'1192933',2012,,8257,10,,,0
20019,'1193041',2312,,8258,10,,,0
20019,'1193116',2412,,8259,10,,,0
20019,'1193175',742,,8260,10,,,0
20019,'1193197',912,,8261,10,,,0
20019,'1193231',1242,,8262,10,,,0
20019,'1193236',1442,,8263,10,,,0
20019,'1193271',1636,,8264,10,,,0
20019,'1193274',1512,,8265,10,,,0
102019,'1190597',2056,,9039,10,,,0
102019,'1190642',1210,,9040,10,,,0
102019,'1190683',1326,,9041,10,,,0
102019,'1190693',2226,,9042,10,,,0
102019,'1190718',1856,,9043,10,,,0
102019,'1190741',1126,,9044,10,,,0
102019,'1190744',2240,,9045,10,,,0
102019,'1190821',1640,,9046,10,,,0
102019,'1190958',2326,,9047,10,,,0
102019,'1191221',641,,9048,10,,,0
102019,'1191235',956,,9049,10,,,0
102019,'1191363',826,,9050,10,,,0
102019,'1191366',1940,,9051,10,,,0
102019,'1191400',2110,,9052,10,,,0
102019,'1191449',1626,,9053,10,,,0
102019,'1191519',1426,,9054,10,,,0
102019,'1191533',941,,9055,10,,,0
102019,'1191546',910,,9056,10,,,0
102019,'1191550',1556,,9057,10,,,0
102019,'1191628',1726,,9058,10,,,0
102019,'1191743',1256,,9059,10,,,0
102019,'1191774',856,,9060,10,,,0
102019,'1191788',1411,,9061,10,,,0
102019,'1191823',2026,,9062,10,,,0
102019,'1192057',1340,,9063,10,,,0
102019,'1192080',1926,,9064,10,,,0
102019,'1192239',1156,,9065,10,,,0
102019,'1192244',2356,,9066,10,,,0
102019,'1192255',1026,,9067,10,,,0
102019,'1192441',556,,9068,10,,,0
102019,'1192464',656,,9069,10,,,0
102019,'1192471',1040,,9070,10,,,0
102019,'1192484',811,,9071,10,,,0
102019,'1192625',1711,,9072,10,,,0
102019,'1192766',2156,,9073,10,,,0
102019,'1192942',1756,,9074,10,,,0
102019,'1192981',1510,,9075,10,,,0
102019,'1193042',1810,,9076,10,,,0
102019,'1193104',1541,,9077,10,,,0
102019,'1193216',1456,,9078,10,,,0
102019,'1193256',740,,9079,10,,,0
102019,'1193275',726,,9080,10,,,0
