3029,'1190608',754,,7499,14,,,0
3029,'1190611',1940,,7500,14,,,0
3029,'1190627',1742,,7501,14,,,0
3029,'1190644',1513,,7502,14,,,0
3029,'1190703',854,,7503,14,,,0
3029,'1190736',1213,,7504,14,,,0
3029,'1190789',1642,,7505,14,,,0
3029,'1190824',2240,,7506,14,,,0
3029,'1190826',1054,,7507,14,,,0
3029,'1190828',1754,,7508,14,,,0
3029,'1190874',741,,7509,14,,,0
3029,'1190893',1154,,7510,14,,,0
3029,'1190909',1111,,7511,14,,,0
3029,'1190946',1442,,7512,14,,,0
3029,'1190994',740,,7513,14,,,0
3029,'1191014',911,,7514,14,,,0
3029,'1191024',1813,,7515,14,,,0
3029,'1191040',1543,,7516,14,,,0
3029,'1191098',1840,,7517,14,,,0
3029,'1191158',2340,,7518,14,,,0
3029,'1191226',940,,7519,14,,,0
3029,'1191231',1243,,7520,14,,,0
3029,'1191245',954,,7521,14,,,0
3029,'1191258',711,,7522,14,,,0
3029,'1191314',1443,,7523,14,,,0
3029,'1191341',1554,,7524,14,,,0
3029,'1191381',1654,,7525,14,,,0
3029,'1191407',2154,,7526,14,,,0
3029,'1191474',2354,,7527,14,,,0
3029,'1191535',1040,,7528,14,,,0
3029,'1191540',1743,,7529,14,,,0
3029,'1191586',2240,,7530,14,,,0
3029,'1191666',2140,,7531,14,,,0
3029,'1191712',1413,,7532,14,,,0
3029,'1191791',1643,,7533,14,,,0
3029,'1191888',1954,,7534,14,,,0
3029,'1191899',1940,,7535,14,,,0
3029,'1191925',1542,,7536,14,,,0
3029,'1191939',2337,,7537,14,,,0
3029,'1192011',1854,,7538,14,,,0
3029,'1192084',2140,,7539,14,,,0
3029,'1192087',941,,7540,14,,,0
3029,'1192092',1354,,7541,14,,,0
3029,'1192097',640,,7542,14,,,0
3029,'1192186',1840,,7543,14,,,0
3029,'1192237',1342,,7544,14,,,0
3029,'1192250',2254,,7545,14,,,0
3029,'1192257',1713,,7546,14,,,0
3029,'1192374',2040,,7547,14,,,0
3029,'1192469',1143,,7548,14,,,0
3029,'1192581',2054,,7549,14,,,0
3029,'1192585',1242,,7550,14,,,0
3029,'1192635',841,,7551,14,,,0
3029,'1192717',641,,7552,14,,,0
3029,'1192825',1254,,7553,14,,,0
3029,'1192832',1313,,7554,14,,,0
3029,'1192839',2040,,7555,14,,,0
3029,'1192856',1011,,7556,14,,,0
3029,'1192861',1041,,7557,14,,,0
3029,'1193034',1454,,7558,14,,,0
3029,'1193061',840,,7559,14,,,0
3029,'1193095',811,,7560,14,,,0
3029,'1193126',1613,,7561,14,,,0
3029,'1193264',1142,,7562,14,,,0
3029,'1193282',1343,,7563,14,,,0
