14029,'1190709',1904,,8149,38,,,0
14029,'1190764',1804,,8150,38,,,0
14029,'1190906',704,,8151,38,,,0
14029,'1190920',2332,,8152,38,,,0
14029,'1190927',1635,,8153,38,,,0
14029,'1190947',2132,,8154,38,,,0
14029,'1191037',1505,,8155,38,,,0
14029,'1191042',1134,,8156,38,,,0
14029,'1191055',1032,,8157,38,,,0
14029,'1191078',834,,8158,38,,,0
14029,'1191085',732,,8159,38,,,0
14029,'1191268',2032,,8160,38,,,0
14029,'1191308',1434,,8161,38,,,0
14029,'1191322',1035,,8162,38,,,0
14029,'1191348',1235,,8163,38,,,0
14029,'1191415',2234,,8164,38,,,0
14029,'1191429',1834,,8165,38,,,0
14029,'1191444',932,,8166,38,,,0
14029,'1191520',1435,,8167,38,,,0
14029,'1191547',1534,,8168,38,,,0
14029,'1191620',1934,,8169,38,,,0
14029,'1191630',934,,8170,38,,,0
14029,'1191685',1132,,8171,38,,,0
14029,'1191690',1532,,8172,38,,,0
14029,'1191718',2334,,8173,38,,,0
14029,'1191777',934,,8174,38,,,0
14029,'1191810',734,,8175,38,,,0
14029,'1191843',1432,,8176,38,,,0
14029,'1191865',804,,8177,38,,,0
14029,'1191921',904,,8178,38,,,0
14029,'1191937',1232,,8179,38,,,0
14029,'1191955',834,,8180,38,,,0
14029,'1191980',2409,,8181,38,,,0
14029,'1192001',2304,,8182,38,,,0
14029,'1192032',832,,8183,38,,,0
14029,'1192051',1705,,8184,38,,,0
14029,'1192126',2232,,8185,38,,,0
14029,'1192347',2204,,8186,38,,,0
14029,'1192381',1832,,8187,38,,,0
14029,'1192383',1332,,8188,38,,,0
14029,'1192388',634,,8189,38,,,0
14029,'1192435',1634,,8190,38,,,0
14029,'1192473',2034,,8191,38,,,0
14029,'1192489',1605,,8192,38,,,0
14029,'1192580',2134,,8193,38,,,0
14029,'1192589',1732,,8194,38,,,0
14029,'1192627',1334,,8195,38,,,0
14029,'1192632',1234,,8196,38,,,0
14029,'1192674',1535,,8197,38,,,0
14029,'1192744',1632,,8198,38,,,0
14029,'1192787',1932,,8199,38,,,0
14029,'1192957',1734,,8200,38,,,0
14029,'1193009',1735,,8201,38,,,0
14029,'1193016',2104,,8202,38,,,0
14029,'1193023',2004,,8203,38,,,0
14029,'1193040',1135,,8204,38,,,0
14029,'1193048',734,,8205,38,,,0
14029,'1193064',1034,,8206,38,,,0
14029,'1193291',1335,,8207,38,,,0
