102029,'1190835',1919,,9081,17,,,0
102029,'1190937',639,,9082,17,,,0
102029,'1191107',2219,,9083,17,,,0
102029,'1191135',749,,9084,17,,,0
102029,'1191154',1531,,9085,17,,,0
102029,'1191181',1149,,9086,17,,,0
102029,'1191262',1449,,9087,17,,,0
102029,'1191304',719,,9088,17,,,0
102029,'1191433',919,,9089,17,,,0
102029,'1191481',1231,,9090,17,,,0
102029,'1191496',2249,,9091,17,,,0
102029,'1191671',849,,9092,17,,,0
102029,'1191758',2301,,9093,17,,,0
102029,'1191805',1604,,9094,17,,,0
102029,'1191922',619,,9095,17,,,0
102029,'1191944',1401,,9096,17,,,0
102029,'1192040',1319,,9097,17,,,0
102029,'1192054',1349,,9098,17,,,0
102029,'1192104',2131,,9099,17,,,0
102029,'1192165',1019,,9100,17,,,0
102029,'1192219',2119,,9101,17,,,0
102029,'1192229',1831,,9102,17,,,0
102029,'1192269',1519,,9103,17,,,0
102029,'1192425',1219,,9104,17,,,0
102029,'1192453',2001,,9105,17,,,0
102029,'1192474',2349,,9106,17,,,0
102029,'1192505',704,,9107,17,,,0
102029,'1192509',1949,,9108,17,,,0
102029,'1192621',1734,,9109,17,,,0
102029,'1192631',1004,,9110,17,,,0
102029,'1192823',801,,9111,17,,,0
102029,'1192857',1701,,9112,17,,,0
102029,'1192870',1619,,9113,17,,,0
102029,'1192893',1819,,9114,17,,,0
102029,'1192925',1649,,9115,17,,,0
102029,'1192999',931,,9116,17,,,0
102029,'1193000',2419,,9117,17,,,0
102029,'1193010',1049,,9118,17,,,0
102029,'1193070',834,,9119,17,,,0
102029,'1193101',1101,,9120,17,,,0
102029,'1193141',2049,,9121,17,,,0
102029,'1193243',1749,,9122,17,,,0
102029,'1193313',1434,,9123,17,,,0
