190001029,'1184490',1648,,6961,4,,,0
190001029,'1184527',1149,,6962,4,,,0
190001029,'1184534',848,,6963,4,,,0
190001029,'1184609',633,,6964,4,,,0
190001029,'1184616',1034,,6965,4,,,0
190001029,'1184651',2033,,6966,4,,,0
190001029,'1184661',1619,,6967,4,,,0
190001029,'1184721',2333,,6968,4,,,0
190001029,'1184789',633,,6969,4,,,0
190001029,'1184791',2133,,6970,4,,,0
190001029,'1184794',1333,,6971,4,,,0
190001029,'1184799',1249,,6972,4,,,0
190001029,'1184802',2353,,6973,4,,,0
190001029,'1184839',818,,6974,4,,,0
190001029,'1184889',2203,,6975,4,,,0
190001029,'1184906',1234,,6976,4,,,0
190001029,'1184907',818,,6977,4,,,0
190001029,'1184944',1434,,6978,4,,,0
190001029,'1184952',918,,6979,4,,,0
190001029,'1184954',2018,,6980,4,,,0
190001029,'1184980',1948,,6981,4,,,0
190001029,'1184997',1449,,6982,4,,,0
190001029,'1185011',2218,,6983,4,,,0
190001029,'1185017',2133,,6984,4,,,0
190001029,'1185025',1348,,6985,4,,,0
190001029,'1185053',1219,,6986,4,,,0
190001029,'1185071',1649,,6987,4,,,0
190001029,'1185119',2233,,6988,4,,,0
190001029,'1185120',1618,,6989,4,,,0
190001029,'1185125',1104,,6990,4,,,0
190001029,'1185141',1218,,6991,4,,,0
190001029,'1185166',1048,,6992,4,,,0
190001029,'1185167',1748,,6993,4,,,0
190001029,'1185180',2033,,6994,4,,,0
190001029,'1185201',1818,,6995,4,,,0
190001029,'1185223',1733,,6996,4,,,0
190001029,'1185234',918,,6997,4,,,0
190001029,'1185246',703,,6998,4,,,0
190001029,'1185252',1004,,6999,4,,,0
190001029,'1185262',1248,,7000,4,,,0
190001029,'1185321',2003,,7001,4,,,0
190001029,'1185331',1918,,7002,4,,,0
190001029,'1185351',903,,7003,4,,,0
190001029,'1185355',1519,,7004,4,,,0
190001029,'1185367',903,,7005,4,,,0
190001029,'1185389',2103,,7006,4,,,0
190001029,'1185390',1803,,7007,4,,,0
190001029,'1185410',2303,,7008,4,,,0
190001029,'1185424',803,,7009,4,,,0
190001029,'1185432',733,,7010,4,,,0
190001029,'1185483',1119,,7011,4,,,0
190001029,'1185504',1604,,7012,4,,,0
190001029,'1185587',1503,,7013,4,,,0
190001029,'1185591',1319,,7014,4,,,0
190001029,'1185606',1549,,7015,4,,,0
190001029,'1185626',1833,,7016,4,,,0
190001029,'1185646',1218,,7017,4,,,0
190001029,'1185689',1504,,7018,4,,,0
190001029,'1185714',1134,,7019,4,,,0
190001029,'1185744',1349,,7020,4,,,0
190001029,'1185775',1533,,7021,4,,,0
190001029,'1185840',1818,,7022,4,,,0
190001029,'1185841',1418,,7023,4,,,0
190001029,'1185855',1403,,7024,4,,,0
190001029,'1185865',948,,7025,4,,,0
190001029,'1185898',1633,,7026,4,,,0
190001029,'1185905',1848,,7027,4,,,0
190001029,'1185932',1634,,7028,4,,,0
190001029,'1185953',718,,7029,4,,,0
190001029,'1185962',748,,7030,4,,,0
190001029,'1186000',1133,,7031,4,,,0
190001029,'1186001',718,,7032,4,,,0
190001029,'1186004',1203,,7033,4,,,0
190001029,'1186023',1233,,7034,4,,,0
190001029,'1186073',1448,,7035,4,,,0
190001029,'1186074',603,,7036,4,,,0
190001029,'1186081',933,,7037,4,,,0
190001029,'1186094',2048,,7038,4,,,0
190001029,'1186100',1718,,7039,4,,,0
190001029,'1186108',1148,,7040,4,,,0
190001029,'1186109',1703,,7041,4,,,0
190001029,'1186134',1304,,7042,4,,,0
190001029,'1186143',1404,,7043,4,,,0
190001029,'1186171',1748,,7044,4,,,0
190001029,'1186182',1018,,7045,4,,,0
190001029,'1186183',2018,,7046,4,,,0
190001029,'1186248',618,,7047,4,,,0
190001029,'1186250',1318,,7048,4,,,0
190001029,'1186255',1518,,7049,4,,,0
190001029,'1186307',1903,,7050,4,,,0
190001029,'1186324',2003,,7051,4,,,0
190001029,'1186336',648,,7052,4,,,0
190001029,'1186339',2118,,7053,4,,,0
190001029,'1186400',733,,7054,4,,,0
190001029,'1186407',1518,,7055,4,,,0
190001029,'1186448',1548,,7056,4,,,0
190001029,'1186464',1718,,7057,4,,,0
190001029,'1186468',1603,,7058,4,,,0
190001029,'1186469',1019,,7059,4,,,0
190001029,'1186472',1818,,7060,4,,,0
190001029,'1186480',1903,,7061,4,,,0
190001029,'1186542',1003,,7062,4,,,0
190001029,'1186570',833,,7063,4,,,0
190001029,'1186592',1719,,7064,4,,,0
190001029,'1186595',1918,,7065,4,,,0
190001029,'1186617',1433,,7066,4,,,0
190001029,'1186627',2118,,7067,4,,,0
190001029,'1186676',1618,,7068,4,,,0
190001029,'1186718',2303,,7069,4,,,0
190001029,'1186758',1033,,7070,4,,,0
190001029,'1186764',1103,,7071,4,,,0
190001029,'1186785',1118,,7072,4,,,0
190001029,'1186808',2233,,7073,4,,,0
190001029,'1186828',1334,,7074,4,,,0
190001029,'1186840',933,,7075,4,,,0
190001029,'1186842',1933,,7076,4,,,0
190001029,'1186847',2103,,7077,4,,,0
190001029,'1186858',1303,,7078,4,,,0
190001029,'1186862',948,,7079,4,,,0
190001029,'1186865',1418,,7080,4,,,0
190001029,'1186868',1933,,7081,4,,,0
190001029,'1186899',1803,,7082,4,,,0
190001029,'1186910',2203,,7083,4,,,0
190001029,'1186913',1318,,7084,4,,,0
190001029,'1186923',803,,7085,4,,,0
190001029,'1186934',1018,,7086,4,,,0
190001029,'1186947',703,,7087,4,,,0
190001029,'1186965',1534,,7088,4,,,0
190001029,'1186988',1049,,7089,4,,,0
190001029,'1186997',1118,,7090,4,,,0
190001029,'1187034',833,,7091,4,,,0
190001029,'1187095',2318,,7092,4,,,0
190001029,'1187119',1204,,7093,4,,,0
190001029,'1187129',1733,,7094,4,,,0
190001029,'1187140',2333,,7095,4,,,0
190001029,'1187146',1704,,7096,4,,,0
190001029,'1187167',1833,,7097,4,,,0
190001029,'1187176',1419,,7098,4,,,0
