104019,'1184579',2344,,6358,2,,,0
104019,'1185617',2420,,6369,2,,,0
104019,'1187045',2400,,6397,2,,,0
104029,'1184515',1730,,6402,2,,,0
104029,'1184569',1438,,6403,2,,,0
104029,'1184607',930,,6404,2,,,0
104029,'1184693',744,,6405,2,,,0
104029,'1184753',1015,,6406,2,,,0
104029,'1184826',1400,,6407,2,,,0
104029,'1185072',1223,,6408,2,,,0
104029,'1185188',1515,,6409,2,,,0
104029,'1185189',745,,6410,2,,,0
104029,'1185232',2144,,6411,2,,,0
104029,'1185283',900,,6412,2,,,0
104029,'1185308',1608,,6413,2,,,0
104029,'1185312',1745,,6414,2,,,0
104029,'1185314',944,,6415,2,,,0
104029,'1185325',1344,,6416,2,,,0
104029,'1185376',700,,6417,2,,,0
104029,'1185608',745,,6418,2,,,0
104029,'1185660',1015,,6419,2,,,0
104029,'1185732',815,,6420,2,,,0
104029,'1185743',545,,6421,2,,,0
104029,'1185921',1744,,6422,2,,,0
104029,'1185981',2015,,6423,2,,,0
104029,'1186069',900,,6424,2,,,0
104029,'1186088',2115,,6425,2,,,0
104029,'1186151',2245,,6426,2,,,0
104029,'1186178',2130,,6427,2,,,0
104029,'1186191',1308,,6428,2,,,0
104029,'1186192',1523,,6429,2,,,0
104029,'1186249',630,,6430,2,,,0
104029,'1186321',1544,,6431,2,,,0
104029,'1186354',1653,,6432,2,,,0
104029,'1186398',630,,6433,2,,,0
104029,'1186452',1144,,6434,2,,,0
104029,'1186583',2245,,6435,2,,,0
104029,'1186630',1245,,6436,2,,,0
104029,'1186704',1944,,6437,2,,,0
104029,'1186806',1130,,6438,2,,,0
104029,'1186854',1353,,6439,2,,,0
104029,'1186944',1815,,6440,2,,,0
104029,'1187050',1900,,6441,2,,,0
104029,'1187100',1138,,6442,2,,,0
104029,'1187128',1945,,6443,2,,,0
104029,'1187180',1630,,6444,2,,,0
