10019,'1193432',1059,,9945,26,,,0
10019,'1193436',1729,,9946,26,,,0
10019,'1193437',2229,,9947,26,,,0
10019,'1193439',1159,,9948,26,,,0
10019,'1193447',2359,,9949,26,,,0
10019,'1193449',1829,,9950,26,,,0
10019,'1193451',2159,,9951,26,,,0
10019,'1193452',1259,,9952,26,,,0
10019,'1193454',1459,,9953,26,,,0
10019,'1193455',1300,,9954,26,,,0
10019,'1193456',630,,9955,26,,,0
10019,'1193457',859,,9956,26,,,0
10019,'1193458',859,,9957,26,,,0
10019,'1193459',1759,,9958,26,,,0
10019,'1193460',759,,9959,26,,,0
10019,'1193465',1659,,9960,26,,,0
10019,'1193467',1500,,9961,26,,,0
10019,'1193472',659,,9962,26,,,0
10019,'1193473',2059,,9963,26,,,0
10019,'1193477',2329,,9964,26,,,0
10019,'1193478',1559,,9965,26,,,0
10019,'1193485',1200,,9966,26,,,0
10019,'1193486',1659,,9967,26,,,0
10019,'1193489',2159,,9968,26,,,0
10019,'1193490',1059,,9969,26,,,0
10019,'1193492',1100,,9970,26,,,0
10019,'1193493',1659,,9971,26,,,0
10019,'1193495',1359,,9972,26,,,0
10019,'1193500',959,,9973,26,,,0
10019,'1193501',1929,,9974,26,,,0
10019,'1193502',1629,,9975,26,,,0
10019,'1193503',2029,,9976,26,,,0
10019,'1193507',1859,,9977,26,,,0
10019,'1193508',759,,9978,26,,,0
10019,'1193511',1559,,9979,26,,,0
10019,'1193512',1159,,9980,26,,,0
10019,'1193513',759,,9981,26,,,0
10019,'1193516',1959,,9982,26,,,0
10019,'1193517',729,,9983,26,,,0
10019,'1193518',1959,,9984,26,,,0
10019,'1193519',2129,,9985,26,,,0
10019,'1193522',959,,9986,26,,,0
10019,'1193523',1759,,9987,26,,,0
10019,'1193524',929,,9988,26,,,0
10019,'1193525',700,,9989,26,,,0
10019,'1193527',959,,9990,26,,,0
10019,'1193529',2259,,9991,26,,,0
10019,'1193530',1759,,9992,26,,,0
10019,'1193531',1459,,9993,26,,,0
10019,'1193532',1530,,9994,26,,,0
10019,'1193533',1400,,9995,26,,,0
10019,'1193534',829,,9996,26,,,0
10019,'1193535',2059,,9997,26,,,0
10019,'1193536',1559,,9998,26,,,0
10019,'1193537',1259,,9999,26,,,0
10019,'1193540',2359,,10000,26,,,0
10019,'1193541',1359,,10001,26,,,0
10019,'1193543',2259,,10002,26,,,0
10019,'1193545',859,,10003,26,,,0
10019,'1193549',1859,,10004,26,,,0
