11029,'1190662',1431,,7754,19,,,0
11029,'1190674',1601,,7755,19,,,0
11029,'1190679',1231,,7756,19,,,0
11029,'1190687',2231,,7757,19,,,0
11029,'1190702',631,,7758,19,,,0
11029,'1190707',1001,,7759,19,,,0
11029,'1190740',1031,,7760,19,,,0
11029,'1190760',1401,,7761,19,,,0
11029,'1190767',1731,,7762,19,,,0
11029,'1190846',1301,,7763,19,,,0
11029,'1190868',1501,,7764,19,,,0
11029,'1190908',801,,7765,19,,,0
11029,'1190991',701,,7766,19,,,0
11029,'1191027',1331,,7767,19,,,0
11029,'1191113',1101,,7768,19,,,0
11029,'1191117',1231,,7769,19,,,0
11029,'1191127',1331,,7770,19,,,0
11029,'1191176',831,,7771,19,,,0
11029,'1191206',1931,,7772,19,,,0
11029,'1191220',1731,,7773,19,,,0
11029,'1191225',2101,,7774,19,,,0
11029,'1191261',1631,,7775,19,,,0
11029,'1191301',731,,7776,19,,,0
11029,'1191458',1601,,7777,19,,,0
11029,'1191541',2031,,7778,19,,,0
11029,'1191571',2031,,7779,19,,,0
11029,'1191589',1231,,7780,19,,,0
11029,'1191607',1701,,7781,19,,,0
11029,'1191727',1531,,7782,19,,,0
11029,'1191782',1401,,7783,19,,,0
11029,'1191889',2331,,7784,19,,,0
11029,'1191897',1201,,7785,19,,,0
11029,'1191898',1531,,7786,19,,,0
11029,'1191943',1031,,7787,19,,,0
11029,'1191963',1131,,7788,19,,,0
11029,'1191968',1131,,7789,19,,,0
11029,'1191999',2001,,7790,19,,,0
11029,'1192027',1901,,7791,19,,,0
11029,'1192028',731,,7792,19,,,0
11029,'1192111',2131,,7793,19,,,0
11029,'1192172',2406,,7794,19,,,0
11029,'1192183',931,,7795,19,,,0
11029,'1192286',831,,7796,19,,,0
11029,'1192326',1931,,7797,19,,,0
11029,'1192339',901,,7798,19,,,0
11029,'1192422',2301,,7799,19,,,0
11029,'1192445',1331,,7800,19,,,0
11029,'1192481',1631,,7801,19,,,0
11029,'1192490',2231,,7802,19,,,0
11029,'1192503',2331,,7803,19,,,0
11029,'1192528',931,,7804,19,,,0
11029,'1192532',2201,,7805,19,,,0
11029,'1192574',1131,,7806,19,,,0
11029,'1192626',1031,,7807,19,,,0
11029,'1192737',1731,,7808,19,,,0
11029,'1192757',731,,7809,19,,,0
11029,'1192779',1831,,7810,19,,,0
11029,'1192802',1201,,7811,19,,,0
11029,'1192807',1701,,7812,19,,,0
11029,'1192884',1531,,7813,19,,,0
11029,'1192947',1431,,7814,19,,,0
11029,'1193001',931,,7815,19,,,0
11029,'1193017',1631,,7816,19,,,0
11029,'1193076',1301,,7817,19,,,0
11029,'1193105',1801,,7818,19,,,0
11029,'1193146',1501,,7819,19,,,0
11029,'1193240',1431,,7820,19,,,0
11029,'1193251',2131,,7821,19,,,0
11029,'1193290',1831,,7822,19,,,0
11029,'1193300',831,,7823,19,,,0
