24029,'1184518',1024,,5575,12,,,0
24029,'1184530',2039,,5576,12,,,0
24029,'1184606',2152,,5577,12,,,0
24029,'1184633',1922,,5578,12,,,0
24029,'1184641',1839,,5579,12,,,0
24029,'1184866',2122,,5580,12,,,0
24029,'1184886',2052,,5581,12,,,0
24029,'1184935',1454,,5582,12,,,0
24029,'1185043',1539,,5583,12,,,0
24029,'1185126',1822,,5584,12,,,0
24029,'1185145',1554,,5585,12,,,0
24029,'1185149',1424,,5586,12,,,0
24029,'1185155',2322,,5587,12,,,0
24029,'1185163',1439,,5588,12,,,0
24029,'1185269',652,,5589,12,,,0
24029,'1185416',1039,,5590,12,,,0
24029,'1185430',1239,,5591,12,,,0
24029,'1185456',839,,5592,12,,,0
24029,'1185575',1852,,5593,12,,,0
24029,'1185722',722,,5594,12,,,0
24029,'1185736',1524,,5595,12,,,0
24029,'1185748',622,,5596,12,,,0
24029,'1185766',2139,,5597,12,,,0
24029,'1185804',952,,5598,12,,,0
24029,'1185826',1124,,5599,12,,,0
24029,'1185858',1224,,5600,12,,,0
24029,'1185863',822,,5601,12,,,0
24029,'1185926',1754,,5602,12,,,0
24029,'1185940',1424,,5603,12,,,0
24029,'1185948',1939,,5604,12,,,0
24029,'1185977',1324,,5605,12,,,0
24029,'1186056',1654,,5606,12,,,0
24029,'1186126',2412,,5607,12,,,0
24029,'1186129',1723,,5608,12,,,0
24029,'1186160',739,,5609,12,,,0
24029,'1186212',1724,,5610,12,,,0
24029,'1186221',1623,,5611,12,,,0
24029,'1186242',2339,,5612,12,,,0
24029,'1186298',1324,,5613,12,,,0
24029,'1186320',1224,,5614,12,,,0
24029,'1186372',722,,5615,12,,,0
24029,'1186453',2239,,5616,12,,,0
24029,'1186489',924,,5617,12,,,0
24029,'1186491',1739,,5618,12,,,0
24029,'1186512',1124,,5619,12,,,0
24029,'1186553',1624,,5620,12,,,0
24029,'1186579',922,,5621,12,,,0
24029,'1186656',1022,,5622,12,,,0
24029,'1186661',1524,,5623,12,,,0
24029,'1186683',852,,5624,12,,,0
24029,'1186739',823,,5625,12,,,0
24029,'1186765',1139,,5626,12,,,0
24029,'1186839',2222,,5627,12,,,0
24029,'1186885',752,,5628,12,,,0
24029,'1186912',2252,,5629,12,,,0
24029,'1186933',1639,,5630,12,,,0
24029,'1186935',2022,,5631,12,,,0
24029,'1186968',939,,5632,12,,,0
24029,'1187057',1339,,5633,12,,,0
24029,'1187186',1952,,5634,12,,,0
27019,'1184479',2219,,5861,11,,,0
27019,'1184659',649,,5862,11,,,0
27019,'1184736',1149,,5863,11,,,0
27019,'1184758',948,,5864,11,,,0
27019,'1184837',1848,,5865,11,,,0
27019,'1184892',1449,,5866,11,,,0
27019,'1184929',648,,5867,11,,,0
27019,'1184984',1919,,5868,11,,,0
27019,'1185041',1348,,5869,11,,,0
27019,'1185139',748,,5870,11,,,0
27019,'1185147',2019,,5871,11,,,0
27019,'1185214',2303,,5872,11,,,0
27019,'1185254',2148,,5873,11,,,0
27019,'1185260',2319,,5874,11,,,0
27019,'1185310',848,,5875,11,,,0
27019,'1185328',1249,,5876,11,,,0
27019,'1185348',1303,,5877,11,,,0
27019,'1185379',1148,,5878,11,,,0
27019,'1185418',1049,,5879,11,,,0
27019,'1185541',2348,,5880,11,,,0
27019,'1185705',1203,,5881,11,,,0
27019,'1185716',1903,,5882,11,,,0
27019,'1185717',903,,5883,11,,,0
27019,'1185788',1103,,5884,11,,,0
27019,'1185798',1748,,5885,11,,,0
27019,'1185806',1948,,5886,11,,,0
27019,'1185816',1048,,5887,11,,,0
27019,'1185889',803,,5888,11,,,0
27019,'1185974',849,,5889,11,,,0
27019,'1186169',1603,,5890,11,,,0
27019,'1186233',1648,,5891,11,,,0
27019,'1186264',2103,,5892,11,,,0
27019,'1186315',1248,,5893,11,,,0
27019,'1186348',1403,,5894,11,,,0
27019,'1186363',2048,,5895,11,,,0
27019,'1186408',2119,,5896,11,,,0
27019,'1186442',1503,,5897,11,,,0
27019,'1186461',749,,5898,11,,,0
27019,'1186620',1849,,5899,11,,,0
27019,'1186677',1649,,5900,11,,,0
27019,'1186759',2003,,5901,11,,,0
27019,'1186777',1549,,5902,11,,,0
27019,'1186829',2203,,5903,11,,,0
27019,'1186837',1448,,5904,11,,,0
27019,'1186850',1749,,5905,11,,,0
27019,'1186859',1803,,5906,11,,,0
27019,'1186875',1703,,5907,11,,,0
27019,'1186916',1548,,5908,11,,,0
27019,'1186962',949,,5909,11,,,0
27019,'1187106',1349,,5910,11,,,0
27019,'1187138',2248,,5911,11,,,0
27019,'1187187',1003,,5912,11,,,0
105019,'1184475',1936,,6445,114,,,0
105019,'1184709',1906,,6446,114,,,0
105019,'1184754',1153,,6447,114,,,0
105019,'1184819',848,,6448,114,,,0
105019,'1184825',2339,,6449,114,,,0
105019,'1184879',1551,,6450,114,,,0
105019,'1184888',1048,,6451,114,,,0
105019,'1184928',1253,,6452,114,,,0
105019,'1184969',2351,,6453,114,,,0
105019,'1185022',2151,,6454,114,,,0
105019,'1185176',739,,6455,114,,,0
105019,'1185212',709,,6456,114,,,0
105019,'1185354',1953,,6457,114,,,0
105019,'1185498',2009,,6458,114,,,0
105019,'1185528',2106,,6459,114,,,0
105019,'1185550',1453,,6460,114,,,0
105019,'1185555',2306,,6461,114,,,0
105019,'1185569',1836,,6462,114,,,0
105019,'1185641',948,,6463,114,,,0
105019,'1185643',1906,,6464,114,,,0
105019,'1185695',1406,,6465,114,,,0
105019,'1185708',2139,,6466,114,,,0
105019,'1185807',1706,,6467,114,,,0
105019,'1185822',1353,,6468,114,,,0
105019,'1185894',1251,,6469,114,,,0
105019,'1186015',1506,,6470,114,,,0
105019,'1186061',1651,,6471,114,,,0
105019,'1186284',1506,,6472,114,,,0
105019,'1186380',1151,,6473,114,,,0
105019,'1186411',1306,,6474,114,,,0
105019,'1186477',1721,,6475,114,,,0
105019,'1186479',1106,,6476,114,,,0
105019,'1186519',1753,,6477,114,,,0
105019,'1186601',1806,,6478,114,,,0
105019,'1186602',818,,6479,114,,,0
105019,'1186613',906,,6480,114,,,0
105019,'1186624',1653,,6481,114,,,0
105019,'1186706',1853,,6482,114,,,0
105019,'1186813',951,,6483,114,,,0
105019,'1186864',2439,,6484,114,,,0
105019,'1186870',639,,6485,114,,,0
105019,'1186896',918,,6486,114,,,0
105019,'1187008',751,,6487,114,,,0
105019,'1187009',2239,,6488,114,,,0
105019,'1187061',1621,,6489,114,,,0
105019,'1187069',1553,,6490,114,,,0
106029,'1184503',1035,,6543,45,,,0
106029,'1184668',1907,,6544,45,,,0
106029,'1185934',1752,,6545,45,,,0
106029,'1185946',1637,,6546,45,,,0
106029,'1186791',920,,6547,45,,,0
106029,'1186882',805,,6548,45,,,0
140001019,'1184509',2222,,6549,24,,,0
140001019,'1184540',1953,,6550,24,,,0
140001019,'1184562',1648,,6551,24,,,0
140001019,'1184578',1633,,6552,24,,,0
140001019,'1184595',1618,,6553,24,,,0
140001019,'1184599',2252,,6554,24,,,0
140001019,'1184612',1852,,6555,24,,,0
140001019,'1184630',1837,,6556,24,,,0
140001019,'1184632',1209,,6557,24,,,0
140001019,'1184647',1022,,6558,24,,,0
140001019,'1184675',2122,,6559,24,,,0
140001019,'1184702',1824,,6560,24,,,0
140001019,'1184718',1122,,6561,24,,,0
140001019,'1184734',1754,,6562,24,,,0
140001019,'1184738',1209,,6563,24,,,0
140001019,'1184745',2222,,6564,24,,,0
140001019,'1184747',2009,,6565,24,,,0
140001019,'1184778',952,,6566,24,,,0
140001019,'1184790',652,,6567,24,,,0
140001019,'1184803',1409,,6568,24,,,0
140001019,'1184853',1922,,6569,24,,,0
140001019,'1184914',822,,6570,24,,,0
140001019,'1184921',737,,6571,24,,,0
140001019,'1184937',1533,,6572,24,,,0
140001019,'1184963',1154,,6573,24,,,0
140001019,'1185024',1609,,6574,24,,,0
140001019,'1185036',1354,,6575,24,,,0
140001019,'1185057',1907,,6576,24,,,0
140001019,'1185129',1803,,6577,24,,,0
140001019,'1185140',1224,,6578,24,,,0
140001019,'1185142',1609,,6579,24,,,0
140001019,'1185160',2053,,6580,24,,,0
140001019,'1185207',1838,,6581,24,,,0
140001019,'1185222',1354,,6582,24,,,0
140001019,'1185243',1107,,6583,24,,,0
140001019,'1185258',1554,,6584,24,,,0
140001019,'1185272',2409,,6585,24,,,0
140001019,'1185294',1938,,6586,24,,,0
140001019,'1185295',1509,,6587,24,,,0
140001019,'1185300',1603,,6588,24,,,0
140001019,'1185340',1309,,6589,24,,,0
140001019,'1185361',1339,,6590,24,,,0
140001019,'1185372',2022,,6591,24,,,0
140001019,'1185417',1503,,6592,24,,,0
140001019,'1185437',1539,,6593,24,,,0
140001019,'1185447',2108,,6594,24,,,0
140001019,'1185481',2123,,6595,24,,,0
140001019,'1185482',1548,,6596,24,,,0
140001019,'1185489',752,,6597,24,,,0
140001019,'1185490',707,,6598,24,,,0
140001019,'1185517',1809,,6599,24,,,0
140001019,'1185524',1823,,6600,24,,,0
140001019,'1185526',822,,6601,24,,,0
140001019,'1185529',852,,6602,24,,,0
140001019,'1185583',1039,,6603,24,,,0
140001019,'1185602',922,,6604,24,,,0
140001019,'1185685',1709,,6605,24,,,0
140001019,'1185691',2109,,6606,24,,,0
140001019,'1185692',2152,,6607,24,,,0
140001019,'1185707',1124,,6608,24,,,0
140001019,'1185713',1952,,6609,24,,,0
140001019,'1185792',1052,,6610,24,,,0
140001019,'1185801',1239,,6611,24,,,0
140001019,'1185823',2309,,6612,24,,,0
140001019,'1185833',1109,,6613,24,,,0
140001019,'1185847',1007,,6614,24,,,0
140001019,'1185859',1748,,6615,24,,,0
140001019,'1185906',1724,,6616,24,,,0
140001019,'1185973',752,,6617,24,,,0
140001019,'1185983',1654,,6618,24,,,0
140001019,'1185989',1309,,6619,24,,,0
140001019,'1186033',2352,,6620,24,,,0
140001019,'1186044',1309,,6621,24,,,0
140001019,'1186064',1709,,6622,24,,,0
140001019,'1186068',722,,6623,24,,,0
140001019,'1186078',1324,,6624,24,,,0
140001019,'1186080',2322,,6625,24,,,0
140001019,'1186083',1524,,6626,24,,,0
140001019,'1186095',807,,6627,24,,,0
140001019,'1186125',2209,,6628,24,,,0
140001019,'1186144',922,,6629,24,,,0
140001019,'1186163',852,,6630,24,,,0
140001019,'1186172',1139,,6631,24,,,0
140001019,'1186175',1009,,6632,24,,,0
140001019,'1186199',2422,,6633,24,,,0
140001019,'1186209',1433,,6634,24,,,0
140001019,'1186213',1254,,6635,24,,,0
140001019,'1186220',1509,,6636,24,,,0
140001019,'1186245',1324,,6637,24,,,0
140001019,'1186275',1224,,6638,24,,,0
140001019,'1186281',1639,,6639,24,,,0
140001019,'1186287',1439,,6640,24,,,0
140001019,'1186309',2038,,6641,24,,,0
140001019,'1186322',1139,,6642,24,,,0
140001019,'1186357',2252,,6643,24,,,0
140001019,'1186365',1703,,6644,24,,,0
140001019,'1186383',1109,,6645,24,,,0
140001019,'1186390',1007,,6646,24,,,0
140001019,'1186402',722,,6647,24,,,0
140001019,'1186436',1037,,6648,24,,,0
140001019,'1186451',2152,,6649,24,,,0
140001019,'1186459',1254,,6650,24,,,0
140001019,'1186490',1923,,6651,24,,,0
140001019,'1186521',937,,6652,24,,,0
140001019,'1186591',1518,,6653,24,,,0
140001019,'1186644',1154,,6654,24,,,0
140001019,'1186710',652,,6655,24,,,0
140001019,'1186778',1339,,6656,24,,,0
140001019,'1186796',952,,6657,24,,,0
140001019,'1186812',1908,,6658,24,,,0
140001019,'1186825',1739,,6659,24,,,0
140001019,'1186860',909,,6660,24,,,0
140001019,'1186877',2023,,6661,24,,,0
140001019,'1186946',1054,,6662,24,,,0
140001019,'1186987',907,,6663,24,,,0
140001019,'1186991',1624,,6664,24,,,0
140001019,'1186995',1448,,6665,24,,,0
140001019,'1187006',2422,,6666,24,,,0
140001019,'1187023',1022,,6667,24,,,0
140001019,'1187024',1424,,6668,24,,,0
140001019,'1187027',1718,,6669,24,,,0
140001019,'1187043',2052,,6670,24,,,0
140001019,'1187049',2347,,6671,24,,,0
140001019,'1187052',1409,,6672,24,,,0
140001019,'1187055',1733,,6673,24,,,0
140001019,'1187062',1409,,6674,24,,,0
140001019,'1187067',809,,6675,24,,,0
140001019,'1187073',2322,,6676,24,,,0
140001019,'1187080',2008,,6677,24,,,0
140001019,'1187087',1809,,6678,24,,,0
140001019,'1187102',1239,,6679,24,,,0
140001019,'1187152',1909,,6680,24,,,0
140001019,'1187156',1454,,6681,24,,,0
140001019,'1187161',1812,,6682,24,,,0
140001019,'1187178',1853,,6683,24,,,0
140001019,'1187181',837,,6684,24,,,0
140001019,'1187193',1209,,6685,24,,,0
