105029,'1190637',815,,9337,19,,,0
105029,'1190832',702,,9338,19,,,0
105029,'1190854',1503,,9339,19,,,0
105029,'1190856',1318,,9340,19,,,0
105029,'1190924',2407,,9341,19,,,0
105029,'1190926',1417,,9342,19,,,0
105029,'1190965',1433,,9343,19,,,0
105029,'1190981',632,,9344,19,,,0
105029,'1191222',2215,,9345,19,,,0
105029,'1191223',1648,,9346,19,,,0
105029,'1191285',2002,,9347,19,,,0
105029,'1191307',1533,,9348,19,,,0
105029,'1191404',1517,,9349,19,,,0
105029,'1191423',1403,,9350,19,,,0
105029,'1191572',1017,,9351,19,,,0
105029,'1191670',1732,,9352,19,,,0
105029,'1191739',1748,,9353,19,,,0
105029,'1191784',1317,,9354,19,,,0
105029,'1191846',1003,,9355,19,,,0
105029,'1191848',1218,,9356,19,,,0
105029,'1191910',2415,,9357,19,,,0
105029,'1191936',1532,,9358,19,,,0
105029,'1192016',732,,9359,19,,,0
105029,'1192019',1817,,9360,19,,,0
105029,'1192058',2332,,9361,19,,,0
105029,'1192150',732,,9362,19,,,0
105029,'1192180',1932,,9363,19,,,0
105029,'1192198',2302,,9364,19,,,0
105029,'1192205',615,,9365,19,,,0
105029,'1192224',1618,,9366,19,,,0
105029,'1192338',1832,,9367,19,,,0
105029,'1192379',2102,,9368,19,,,0
105029,'1192463',1332,,9369,19,,,0
105029,'1192488',1117,,9370,19,,,0
105029,'1192491',802,,9371,19,,,0
105029,'1192500',902,,9372,19,,,0
105029,'1192511',2015,,9373,19,,,0
105029,'1192662',1617,,9374,19,,,0
105029,'1192694',1103,,9375,19,,,0
105029,'1192728',2132,,9376,19,,,0
105029,'1193038',1217,,9377,19,,,0
105029,'1193130',1132,,9378,19,,,0
105029,'1193181',1717,,9379,19,,,0
105029,'1193225',1718,,9380,19,,,0
105029,'1193234',932,,9381,19,,,0
105029,'1193316',2202,,9382,19,,,0
106019,'1190751',716,,9383,19,,,0
106019,'1190960',1702,,9384,19,,,0
106019,'1191191',1817,,9385,19,,,0
106019,'1191645',946,,9386,19,,,0
106019,'1192317',1547,,9387,19,,,0
106019,'1192475',831,,9388,19,,,0
