10029,'1193433',1851,,10005,13,,,0
10029,'1193434',921,,10006,13,,,0
10029,'1193435',1951,,10007,13,,,0
10029,'1193438',821,,10008,13,,,0
10029,'1193440',1421,,10009,13,,,0
10029,'1193441',821,,10010,13,,,0
10029,'1193442',721,,10011,13,,,0
10029,'1193443',1321,,10012,13,,,0
10029,'1193444',1421,,10013,13,,,0
10029,'1193445',721,,10014,13,,,0
10029,'1193446',2051,,10015,13,,,0
10029,'1193448',1921,,10016,13,,,0
10029,'1193450',1821,,10017,13,,,0
10029,'1193453',1021,,10018,13,,,0
10029,'1193461',921,,10019,13,,,0
10029,'1193462',1221,,10020,13,,,0
10029,'1193463',1621,,10021,13,,,0
10029,'1193464',1821,,10022,13,,,0
10029,'1193466',1651,,10023,13,,,0
10029,'1193468',921,,10024,13,,,0
10029,'1193469',821,,10025,13,,,0
10029,'1193470',1221,,10026,13,,,0
10029,'1193471',2356,,10027,13,,,0
10029,'1193474',751,,10028,13,,,0
10029,'1193475',1021,,10029,13,,,0
10029,'1193476',1721,,10030,13,,,0
10029,'1193479',851,,10031,13,,,0
10029,'1193480',1621,,10032,13,,,0
10029,'1193481',1121,,10033,13,,,0
10029,'1193482',1721,,10034,13,,,0
10029,'1193483',1521,,10035,13,,,0
10029,'1193484',2221,,10036,13,,,0
10029,'1193487',2021,,10037,13,,,0
10029,'1193488',1451,,10038,13,,,0
10029,'1193491',1121,,10039,13,,,0
10029,'1193494',651,,10040,13,,,0
10029,'1193496',2151,,10041,13,,,0
10029,'1193497',2221,,10042,13,,,0
10029,'1193498',1551,,10043,13,,,0
10029,'1193499',2321,,10044,13,,,0
10029,'1193504',1521,,10045,13,,,0
10029,'1193505',1751,,10046,13,,,0
10029,'1193506',1521,,10047,13,,,0
10029,'1193509',1021,,10048,13,,,0
10029,'1193510',2121,,10049,13,,,0
10029,'1193514',2321,,10050,13,,,0
10029,'1193515',1121,,10051,13,,,0
10029,'1193520',621,,10052,13,,,0
10029,'1193521',1921,,10053,13,,,0
10029,'1193526',1321,,10054,13,,,0
10029,'1193528',1721,,10055,13,,,0
10029,'1193538',721,,10056,13,,,0
10029,'1193539',2251,,10057,13,,,0
10029,'1193542',1321,,10058,13,,,0
10029,'1193544',1221,,10059,13,,,0
10029,'1193546',1421,,10060,13,,,0
10029,'1193547',2121,,10061,13,,,0
10029,'1193548',1621,,10062,13,,,0
10029,'1193550',2021,,10063,13,,,0
