190001019,'1190598',1808,,9669,21,,,0
190001019,'1190613',2204,,9670,21,,,0
190001019,'1190615',920,,9671,21,,,0
190001019,'1190624',1908,,9672,21,,,0
190001019,'1190632',1545,,9673,21,,,0
190001019,'1190653',1406,,9674,21,,,0
190001019,'1190666',1308,,9675,21,,,0
190001019,'1190680',2134,,9676,21,,,0
190001019,'1190692',1536,,9677,21,,,0
190001019,'1190714',1835,,9678,21,,,0
190001019,'1190729',1636,,9679,21,,,0
190001019,'1190735',2308,,9680,21,,,0
190001019,'1190745',2208,,9681,21,,,0
190001019,'1190783',704,,9682,21,,,0
190001019,'1190786',1721,,9683,21,,,0
190001019,'1190790',1515,,9684,21,,,0
190001019,'1190808',1500,,9685,21,,,0
190001019,'1190834',1421,,9686,21,,,0
190001019,'1190840',1407,,9687,21,,,0
190001019,'1190855',1137,,9688,21,,,0
190001019,'1190862',1706,,9689,21,,,0
190001019,'1190871',934,,9690,21,,,0
190001019,'1190886',1122,,9691,21,,,0
190001019,'1190903',1005,,9692,21,,,0
190001019,'1190944',1019,,9693,21,,,0
190001019,'1190949',1004,,9694,21,,,0
190001019,'1190964',1051,,9695,21,,,0
190001019,'1190983',1905,,9696,21,,,0
190001019,'1190984',1237,,9697,21,,,0
190001019,'1190988',2050,,9698,21,,,0
190001019,'1190993',1152,,9699,21,,,0
190001019,'1191036',1108,,9700,21,,,0
190001019,'1191044',2149,,9701,21,,,0
190001019,'1191070',1436,,9702,21,,,0
190001019,'1191112',2004,,9703,21,,,0
190001019,'1191119',2034,,9704,21,,,0
190001019,'1191129',634,,9705,21,,,0
190001019,'1191166',2334,,9706,21,,,0
190001019,'1191178',1621,,9707,21,,,0
190001019,'1191219',808,,9708,21,,,0
190001019,'1191250',950,,9709,21,,,0
190001019,'1191298',1715,,9710,21,,,0
190001019,'1191309',1037,,9711,21,,,0
190001019,'1191315',1408,,9712,21,,,0
190001019,'1191323',2008,,9713,21,,,0
190001019,'1191330',1136,,9714,21,,,0
190001019,'1191334',820,,9715,21,,,0
190001019,'1191371',1708,,9716,21,,,0
190001019,'1191372',705,,9717,21,,,0
190001019,'1191373',1506,,9718,21,,,0
190001019,'1191411',805,,9719,21,,,0
190001019,'1191412',1615,,9720,21,,,0
190001019,'1191437',1730,,9721,21,,,0
190001019,'1191442',1251,,9722,21,,,0
190001019,'1191490',1107,,9723,21,,,0
190001019,'1191493',1451,,9724,21,,,0
190001019,'1191506',2134,,9725,21,,,0
190001019,'1191521',835,,9726,21,,,0
190001019,'1191531',1521,,9727,21,,,0
190001019,'1191568',1849,,9728,21,,,0
190001019,'1191583',1337,,9729,21,,,0
190001019,'1191618',1736,,9730,21,,,0
190001019,'1191655',1821,,9731,21,,,0
190001019,'1191682',1700,,9732,21,,,0
190001019,'1191728',2108,,9733,21,,,0
190001019,'1191731',1151,,9734,21,,,0
190001019,'1191732',1820,,9735,21,,,0
190001019,'1191858',1651,,9736,21,,,0
190001019,'1191862',1606,,9737,21,,,0
190001019,'1191875',1551,,9738,21,,,0
190001019,'1191876',2005,,9739,21,,,0
190001019,'1191896',1530,,9740,21,,,0
190001019,'1191906',1236,,9741,21,,,0
190001019,'1191913',1208,,9742,21,,,0
190001019,'1191916',2204,,9743,21,,,0
190001019,'1191951',2234,,9744,21,,,0
190001019,'1191981',2304,,9745,21,,,0
190001019,'1192041',1508,,9746,21,,,0
190001019,'1192042',850,,9747,21,,,0
190001019,'1192048',2304,,9748,21,,,0
190001019,'1192068',1052,,9749,21,,,0
190001019,'1192122',1352,,9750,21,,,0
190001019,'1192149',2424,,9751,21,,,0
190001019,'1192170',1904,,9752,21,,,0
190001019,'1192174',1950,,9753,21,,,0
190001019,'1192178',904,,9754,21,,,0
190001019,'1192182',1751,,9755,21,,,0
190001019,'1192193',2020,,9756,21,,,0
190001019,'1192214',804,,9757,21,,,0
190001019,'1192221',1351,,9758,21,,,0
190001019,'1192232',750,,9759,21,,,0
190001019,'1192258',1645,,9760,21,,,0
190001019,'1192297',1222,,9761,21,,,0
190001019,'1192312',1850,,9762,21,,,0
190001019,'1192323',1020,,9763,21,,,0
190001019,'1192325',650,,9764,21,,,0
190001019,'1192328',1800,,9765,21,,,0
190001019,'1192331',2234,,9766,21,,,0
190001019,'1192342',1306,,9767,21,,,0
190001019,'1192373',734,,9768,21,,,0
190001019,'1192418',2334,,9769,21,,,0
190001019,'1192495',1207,,9770,21,,,0
190001019,'1192499',834,,9771,21,,,0
190001019,'1192504',1206,,9772,21,,,0
190001019,'1192510',1935,,9773,21,,,0
190001019,'1192549',1322,,9774,21,,,0
190001019,'1192555',1336,,9775,21,,,0
190001019,'1192562',1307,,9776,21,,,0
190001019,'1192597',2404,,9777,21,,,0
190001019,'1192623',935,,9778,21,,,0
190001019,'1192634',1608,,9779,21,,,0
190001019,'1192700',2104,,9780,21,,,0
190001019,'1192705',1934,,9781,21,,,0
190001019,'1192721',1745,,9782,21,,,0
190001019,'1192738',1630,,9783,21,,,0
190001019,'1192780',1430,,9784,21,,,0
190001019,'1192804',905,,9785,21,,,0
190001019,'1192819',2408,,9786,21,,,0
190001019,'1192850',1834,,9787,21,,,0
190001019,'1192871',1600,,9788,21,,,0
190001019,'1192899',1806,,9789,21,,,0
190001019,'1192937',1221,,9790,21,,,0
190001019,'1192956',1808,,9791,21,,,0
190001019,'1192985',735,,9792,21,,,0
190001019,'1193021',1121,,9793,21,,,0
190001019,'1193026',1920,,9794,21,,,0
190001019,'1193027',1036,,9795,21,,,0
190001019,'1193047',2120,,9796,21,,,0
190001019,'1193085',908,,9797,21,,,0
190001019,'1193107',1252,,9798,21,,,0
190001019,'1193134',2105,,9799,21,,,0
190001019,'1193154',2035,,9800,21,,,0
190001019,'1193155',1321,,9801,21,,,0
190001019,'1193192',1008,,9802,21,,,0
190001019,'1193224',1106,,9803,21,,,0
190001019,'1193286',2404,,9804,21,,,0
190001019,'1193303',720,,9805,21,,,0
190001019,'1193314',1445,,9806,21,,,0
