11019,'1190643',1000,,7683,23,,,0
11019,'1190656',1532,,7684,23,,,0
11019,'1190700',1702,,7685,23,,,0
11019,'1190734',2300,,7686,23,,,0
11019,'1190739',1132,,7687,23,,,0
11019,'1190806',701,,7688,23,,,0
11019,'1190843',802,,7689,23,,,0
11019,'1190863',1001,,7690,23,,,0
11019,'1190899',1602,,7691,23,,,0
11019,'1190901',1732,,7692,23,,,0
11019,'1190931',2000,,7693,23,,,0
11019,'1190935',2130,,7694,23,,,0
11019,'1191012',1802,,7695,23,,,0
11019,'1191045',1302,,7696,23,,,0
11019,'1191105',1232,,7697,23,,,0
11019,'1191132',2102,,7698,23,,,0
11019,'1191187',1302,,7699,23,,,0
11019,'1191230',731,,7700,23,,,0
11019,'1191238',1502,,7701,23,,,0
11019,'1191240',1702,,7702,23,,,0
11019,'1191293',2100,,7703,23,,,0
11019,'1191319',631,,7704,23,,,0
11019,'1191389',2230,,7705,23,,,0
11019,'1191427',1102,,7706,23,,,0
11019,'1191450',1602,,7707,23,,,0
11019,'1191492',801,,7708,23,,,0
11019,'1191497',1702,,7709,23,,,0
11019,'1191518',2202,,7710,23,,,0
11019,'1191624',1632,,7711,23,,,0
11019,'1191660',800,,7712,23,,,0
11019,'1191669',1732,,7713,23,,,0
11019,'1191675',900,,7714,23,,,0
11019,'1191680',2200,,7715,23,,,0
11019,'1191681',2400,,7716,23,,,0
11019,'1191687',831,,7717,23,,,0
11019,'1191697',1402,,7718,23,,,0
11019,'1191719',1632,,7719,23,,,0
11019,'1191737',1502,,7720,23,,,0
11019,'1191835',1202,,7721,23,,,0
11019,'1191884',1202,,7722,23,,,0
11019,'1191966',1002,,7723,23,,,0
11019,'1192002',1432,,7724,23,,,0
11019,'1192081',902,,7725,23,,,0
11019,'1192101',1232,,7726,23,,,0
11019,'1192118',1102,,7727,23,,,0
11019,'1192123',2402,,7728,23,,,0
11019,'1192175',1930,,7729,23,,,0
11019,'1192293',700,,7730,23,,,0
11019,'1192335',1802,,7731,23,,,0
11019,'1192350',1902,,7732,23,,,0
11019,'1192404',1202,,7733,23,,,0
11019,'1192406',1802,,7734,23,,,0
11019,'1192430',1900,,7735,23,,,0
11019,'1192493',1402,,7736,23,,,0
11019,'1192513',1302,,7737,23,,,0
11019,'1192569',1332,,7738,23,,,0
11019,'1192573',1332,,7739,23,,,0
11019,'1192733',901,,7740,23,,,0
11019,'1192768',2330,,7741,23,,,0
11019,'1192799',1402,,7742,23,,,0
11019,'1192975',1502,,7743,23,,,0
11019,'1193059',1602,,7744,23,,,0
11019,'1193066',1432,,7745,23,,,0
11019,'1193090',1830,,7746,23,,,0
11019,'1193120',931,,7747,23,,,0
11019,'1193180',1102,,7748,23,,,0
11019,'1193235',2030,,7749,23,,,0
11019,'1193239',1031,,7750,23,,,0
11019,'1193241',2002,,7751,23,,,0
11019,'1193277',2302,,7752,23,,,0
11019,'1193279',1532,,7753,23,,,0
