11029,'1190662',1422,,7754,12,,,0
11029,'1190674',1552,,7755,12,,,0
11029,'1190679',1222,,7756,12,,,0
11029,'1190687',2222,,7757,12,,,0
11029,'1190702',622,,7758,12,,,0
11029,'1190707',952,,7759,12,,,0
11029,'1190740',1022,,7760,12,,,0
11029,'1190760',1352,,7761,12,,,0
11029,'1190767',1722,,7762,12,,,0
11029,'1190846',1252,,7763,12,,,0
11029,'1190868',1452,,7764,12,,,0
11029,'1190908',752,,7765,12,,,0
11029,'1190991',652,,7766,12,,,0
11029,'1191027',1322,,7767,12,,,0
11029,'1191113',1052,,7768,12,,,0
11029,'1191117',1222,,7769,12,,,0
11029,'1191127',1322,,7770,12,,,0
11029,'1191176',822,,7771,12,,,0
11029,'1191206',1922,,7772,12,,,0
11029,'1191220',1722,,7773,12,,,0
11029,'1191225',2052,,7774,12,,,0
11029,'1191261',1622,,7775,12,,,0
11029,'1191301',722,,7776,12,,,0
11029,'1191458',1552,,7777,12,,,0
11029,'1191541',2022,,7778,12,,,0
11029,'1191571',2022,,7779,12,,,0
11029,'1191589',1222,,7780,12,,,0
11029,'1191607',1652,,7781,12,,,0
11029,'1191727',1522,,7782,12,,,0
11029,'1191782',1352,,7783,12,,,0
11029,'1191889',2322,,7784,12,,,0
11029,'1191897',1152,,7785,12,,,0
11029,'1191898',1522,,7786,12,,,0
11029,'1191943',1022,,7787,12,,,0
11029,'1191963',1122,,7788,12,,,0
11029,'1191968',1122,,7789,12,,,0
11029,'1191999',1952,,7790,12,,,0
11029,'1192027',1852,,7791,12,,,0
11029,'1192028',722,,7792,12,,,0
11029,'1192111',2122,,7793,12,,,0
11029,'1192172',2357,,7794,12,,,0
11029,'1192183',922,,7795,12,,,0
11029,'1192286',822,,7796,12,,,0
11029,'1192326',1922,,7797,12,,,0
11029,'1192339',852,,7798,12,,,0
11029,'1192422',2252,,7799,12,,,0
11029,'1192445',1322,,7800,12,,,0
11029,'1192481',1622,,7801,12,,,0
11029,'1192490',2222,,7802,12,,,0
11029,'1192503',2322,,7803,12,,,0
11029,'1192528',922,,7804,12,,,0
11029,'1192532',2152,,7805,12,,,0
11029,'1192574',1122,,7806,12,,,0
11029,'1192626',1022,,7807,12,,,0
11029,'1192737',1722,,7808,12,,,0
11029,'1192757',722,,7809,12,,,0
11029,'1192779',1822,,7810,12,,,0
11029,'1192802',1152,,7811,12,,,0
11029,'1192807',1652,,7812,12,,,0
11029,'1192884',1522,,7813,12,,,0
11029,'1192947',1422,,7814,12,,,0
11029,'1193001',922,,7815,12,,,0
11029,'1193017',1622,,7816,12,,,0
11029,'1193076',1252,,7817,12,,,0
11029,'1193105',1752,,7818,12,,,0
11029,'1193146',1452,,7819,12,,,0
11029,'1193240',1422,,7820,12,,,0
11029,'1193251',2122,,7821,12,,,0
11029,'1193290',1822,,7822,12,,,0
11029,'1193300',822,,7823,12,,,0
