105019,'1190616',2220,,9291,32,,,0
105019,'1190769',1409,,9292,32,,,0
105019,'1190825',1620,,9293,32,,,0
105019,'1190865',1809,,9294,32,,,0
105019,'1190975',1839,,9295,32,,,0
105019,'1190992',1802,,9296,32,,,0
105019,'1190998',1202,,9297,32,,,0
105019,'1191007',1709,,9298,32,,,0
105019,'1191038',1502,,9299,32,,,0
105019,'1191063',951,,9300,32,,,0
105019,'1191065',1309,,9301,32,,,0
105019,'1191145',647,,9302,32,,,0
105019,'1191217',2300,,9303,32,,,0
105019,'1191294',1402,,9304,32,,,0
105019,'1191329',900,,9305,32,,,0
105019,'1191413',1020,,9306,32,,,0
105019,'1191457',1302,,9307,32,,,0
105019,'1191557',851,,9308,32,,,0
105019,'1191709',751,,9309,32,,,0
105019,'1191750',2247,,9310,32,,,0
105019,'1191859',700,,9311,32,,,0
105019,'1191891',1739,,9312,32,,,0
105019,'1192052',1902,,9313,32,,,0
105019,'1192113',617,,9314,32,,,0
105019,'1192142',1602,,9315,32,,,0
105019,'1192176',820,,9316,32,,,0
105019,'1192218',2347,,9317,32,,,0
105019,'1192236',1420,,9318,32,,,0
105019,'1192248',2047,,9319,32,,,0
105019,'1192267',1702,,9320,32,,,0
105019,'1192318',1102,,9321,32,,,0
105019,'1192337',1624,,9322,32,,,0
105019,'1192353',1454,,9323,32,,,0
105019,'1192579',1154,,9324,32,,,0
105019,'1192586',1220,,9325,32,,,0
105019,'1192598',2020,,9326,32,,,0
105019,'1192614',721,,9327,32,,,0
105019,'1192661',2147,,9328,32,,,0
105019,'1192725',1524,,9329,32,,,0
105019,'1192735',1917,,9330,32,,,0
105019,'1192821',2100,,9331,32,,,0
105019,'1192836',1820,,9332,32,,,0
105019,'1192847',547,,9333,32,,,0
105019,'1192875',1554,,9334,32,,,0
105019,'1193045',821,,9335,32,,,0
105019,'1193298',1054,,9336,32,,,0
