24019,'1190647',1212,,8361,15,,,0
24019,'1190820',2225,,8362,15,,,0
24019,'1190955',1225,,8363,15,,,0
24019,'1191020',1825,,8364,15,,,0
24019,'1191048',609,,8365,15,,,0
24019,'1191082',2140,,8366,15,,,0
24019,'1191122',925,,8367,15,,,0
24019,'1191137',1542,,8368,15,,,0
24019,'1191141',1312,,8369,15,,,0
24019,'1191142',1412,,8370,15,,,0
24019,'1191189',1125,,8371,15,,,0
24019,'1191200',1425,,8372,15,,,0
24019,'1191201',1510,,8373,15,,,0
24019,'1191254',2040,,8374,15,,,0
24019,'1191255',1609,,8375,15,,,0
24019,'1191295',1909,,8376,15,,,0
24019,'1191375',1625,,8377,15,,,0
24019,'1191467',2025,,8378,15,,,0
24019,'1191545',2209,,8379,15,,,0
24019,'1191590',1110,,8380,15,,,0
24019,'1191601',809,,8381,15,,,0
24019,'1191611',1940,,8382,15,,,0
24019,'1191656',1210,,8383,15,,,0
24019,'1191707',710,,8384,15,,,0
24019,'1191927',2240,,8385,15,,,0
24019,'1191942',825,,8386,15,,,0
24019,'1191985',1612,,8387,15,,,0
24019,'1191988',2009,,8388,15,,,0
24019,'1192102',1410,,8389,15,,,0
24019,'1192138',1310,,8390,15,,,0
24019,'1192200',1925,,8391,15,,,0
24019,'1192209',910,,8392,15,,,0
24019,'1192254',2125,,8393,15,,,0
24019,'1192304',1025,,8394,15,,,0
24019,'1192332',910,,8395,15,,,0
24019,'1192336',2400,,8396,15,,,0
24019,'1192345',1840,,8397,15,,,0
24019,'1192408',1642,,8398,15,,,0
24019,'1192447',1442,,8399,15,,,0
24019,'1192465',2325,,8400,15,,,0
24019,'1192487',1712,,8401,15,,,0
24019,'1192521',810,,8402,15,,,0
24019,'1192603',640,,8403,15,,,0
24019,'1192660',709,,8404,15,,,0
24019,'1192685',2309,,8405,15,,,0
24019,'1192701',1512,,8406,15,,,0
24019,'1192775',1525,,8407,15,,,0
24019,'1192783',740,,8408,15,,,0
24019,'1192879',1809,,8409,15,,,0
24019,'1192911',940,,8410,15,,,0
24019,'1192935',1742,,8411,15,,,0
24019,'1192952',725,,8412,15,,,0
24019,'1192971',2109,,8413,15,,,0
24019,'1193011',1325,,8414,15,,,0
24019,'1193067',840,,8415,15,,,0
24019,'1193077',1010,,8416,15,,,0
24019,'1193097',1725,,8417,15,,,0
24019,'1193230',1709,,8418,15,,,0
24019,'1193296',1112,,8419,15,,,0
24019,'1193299',1010,,8420,15,,,0
