105019,'1184475',1848,,6445,46,,,0
105019,'1184709',1818,,6446,46,,,0
105019,'1184754',1111,,6447,46,,,0
105019,'1184819',800,,6448,46,,,0
105019,'1184825',2256,,6449,46,,,0
105019,'1184879',1503,,6450,46,,,0
105019,'1184888',1000,,6451,46,,,0
105019,'1184928',1211,,6452,46,,,0
105019,'1184969',2309,,6453,46,,,0
105019,'1185022',2109,,6454,46,,,0
105019,'1185176',656,,6455,46,,,0
105019,'1185212',626,,6456,46,,,0
105019,'1185354',1911,,6457,46,,,0
105019,'1185498',1926,,6458,46,,,0
105019,'1185528',2028,,6459,46,,,0
105019,'1185550',1411,,6460,46,,,0
105019,'1185555',2228,,6461,46,,,0
105019,'1185569',1748,,6462,46,,,0
105019,'1185641',900,,6463,46,,,0
105019,'1185643',1828,,6464,46,,,0
105019,'1185695',1318,,6465,46,,,0
105019,'1185708',2056,,6466,46,,,0
105019,'1185807',1628,,6467,46,,,0
105019,'1185822',1311,,6468,46,,,0
105019,'1185894',1203,,6469,46,,,0
105019,'1186015',1418,,6470,46,,,0
105019,'1186061',1603,,6471,46,,,0
105019,'1186284',1428,,6472,46,,,0
105019,'1186380',1103,,6473,46,,,0
105019,'1186411',1228,,6474,46,,,0
105019,'1186477',1633,,6475,46,,,0
105019,'1186479',1028,,6476,46,,,0
105019,'1186519',1711,,6477,46,,,0
105019,'1186601',1718,,6478,46,,,0
105019,'1186602',730,,6479,46,,,0
105019,'1186613',828,,6480,46,,,0
105019,'1186624',1611,,6481,46,,,0
105019,'1186706',1811,,6482,46,,,0
105019,'1186813',909,,6483,46,,,0
105019,'1186864',2356,,6484,46,,,0
105019,'1186870',556,,6485,46,,,0
105019,'1186896',830,,6486,46,,,0
105019,'1187008',709,,6487,46,,,0
105019,'1187009',2156,,6488,46,,,0
105019,'1187061',1533,,6489,46,,,0
105019,'1187069',1511,,6490,46,,,0
