3019,'1190650',1327,,7432,42,,,0
3019,'1190836',1557,,7433,42,,,0
3019,'1190847',1443,,7434,42,,,0
3019,'1190866',1027,,7435,42,,,0
3019,'1190945',1927,,7436,42,,,0
3019,'1190971',1257,,7437,42,,,0
3019,'1191034',843,,7438,42,,,0
3019,'1191126',2027,,7439,42,,,0
3019,'1191134',2027,,7440,42,,,0
3019,'1191168',1727,,7441,42,,,0
3019,'1191214',1757,,7442,42,,,0
3019,'1191270',1427,,7443,42,,,0
3019,'1191302',927,,7444,42,,,0
3019,'1191317',1927,,7445,42,,,0
3019,'1191328',727,,7446,42,,,0
3019,'1191509',2326,,7447,42,,,0
3019,'1191526',827,,7448,42,,,0
3019,'1191582',1043,,7449,42,,,0
3019,'1191597',629,,7450,12,,,0
3019,'1191602',957,,7451,42,,,0
3019,'1191652',1627,,7452,42,,,0
3019,'1191729',2327,,7453,42,,,0
3019,'1191754',1157,,7454,42,,,0
3019,'1191767',1657,,7455,42,,,0
3019,'1191779',1127,,7456,42,,,0
3019,'1191821',1143,,7457,42,,,0
3019,'1191856',1627,,7458,42,,,0
3019,'1191868',657,,7459,42,,,0
3019,'1191905',1943,,7460,42,,,0
3019,'1191978',1357,,7461,42,,,0
3019,'1191997',1227,,7462,42,,,0
3019,'1192065',2043,,7463,42,,,0
3019,'1192079',2227,,7464,42,,,0
3019,'1192105',2127,,7465,42,,,0
3019,'1192112',2427,,7466,42,,,0
3019,'1192146',1327,,7467,42,,,0
3019,'1192160',2127,,7468,42,,,0
3019,'1192171',827,,7469,42,,,0
3019,'1192197',1727,,7470,42,,,0
3019,'1192385',1343,,7471,42,,,0
3019,'1192413',1543,,7472,42,,,0
3019,'1192416',1057,,7473,42,,,0
3019,'1192443',743,,7474,42,,,0
3019,'1192454',857,,7475,42,,,0
3019,'1192472',629,,7476,12,,,0
3019,'1192525',2143,,7477,42,,,0
3019,'1192527',1643,,7478,42,,,0
3019,'1192640',1227,,7479,42,,,0
3019,'1192641',1127,,7480,42,,,0
3019,'1192643',2227,,7481,42,,,0
3019,'1192658',1843,,7482,42,,,0
3019,'1192695',943,,7483,42,,,0
3019,'1192711',2343,,7484,42,,,0
3019,'1192747',1427,,7485,42,,,0
3019,'1192824',2416,,7486,42,,,0
3019,'1192891',1457,,7487,42,,,0
3019,'1192906',757,,7488,42,,,0
3019,'1192926',2243,,7489,42,,,0
3019,'1192964',1527,,7490,42,,,0
3019,'1192967',1027,,7491,42,,,0
3019,'1192982',727,,7492,42,,,0
3019,'1193008',1827,,7493,42,,,0
3019,'1193046',1743,,7494,42,,,0
3019,'1193092',1243,,7495,42,,,0
3019,'1193159',1827,,7496,42,,,0
3019,'1193189',927,,7497,42,,,0
3019,'1193294',1527,,7498,42,,,0
