101019,'1190633',1145,,8977,20,,,0
101019,'1190779',1323,,8978,20,,,0
101019,'1190804',1122,,8979,20,,,0
101019,'1190956',2123,,8980,20,,,0
101019,'1191198',545,,8981,20,,,0
101019,'1191312',922,,8982,20,,,0
101019,'1191333',2245,,8983,20,,,0
101019,'1191377',1523,,8984,20,,,0
101019,'1191380',2122,,8985,20,,,0
101019,'1191432',1723,,8986,20,,,0
101019,'1191480',1347,,8987,20,,,0
101019,'1191543',1922,,8988,20,,,0
101019,'1191977',1322,,8989,20,,,0
101019,'1192063',845,,8990,20,,,0
101019,'1192135',1045,,8991,20,,,0
101019,'1192166',1845,,8992,20,,,0
101019,'1192271',945,,8993,20,,,0
101019,'1192368',1522,,8994,20,,,0
101019,'1192448',923,,8995,20,,,0
101019,'1192613',745,,8996,20,,,0
101019,'1192782',1647,,8997,20,,,0
101019,'1192859',1123,,8998,20,,,0
101019,'1192896',1923,,8999,20,,,0
101019,'1192902',722,,9000,20,,,0
101019,'1192958',2044,,9001,20,,,0
101019,'1192961',723,,9002,20,,,0
101019,'1192963',2323,,9003,20,,,0
101019,'1193022',1447,,9004,20,,,0
101019,'1193099',1722,,9005,20,,,0
101019,'1193164',1547,,9006,20,,,0
101019,'1193193',1747,,9007,20,,,0
101029,'1190605',1111,,9008,49,,,0
101029,'1190678',1313,,9009,49,,,0
101029,'1190897',1654,,9010,49,,,0
101029,'1190957',1011,,9011,49,,,0
101029,'1191059',854,,9012,49,,,0
101029,'1191088',1254,,9013,49,,,0
101029,'1191099',2054,,9014,49,,,0
101029,'1191397',1613,,9015,49,,,0
101029,'1191401',1054,,9016,49,,,0
101029,'1191454',1654,,9017,49,,,0
101029,'1191537',2054,,9018,49,,,0
101029,'1191600',1854,,9019,49,,,0
101029,'1191837',2254,,9020,49,,,0
101029,'1191844',1254,,9021,49,,,0
101029,'1191946',1413,,9022,49,,,0
101029,'1192220',2011,,9023,49,,,0
101029,'1192246',711,,9024,49,,,0
101029,'1192291',1454,,9025,49,,,0
101029,'1192305',2431,,9026,49,,,0
101029,'1192354',2254,,9027,49,,,0
101029,'1192401',854,,9028,49,,,0
101029,'1192520',1713,,9029,49,,,0
101029,'1192526',1454,,9030,49,,,0
101029,'1192600',2211,,9031,49,,,0
101029,'1192680',1513,,9032,49,,,0
101029,'1192726',1054,,9033,49,,,0
101029,'1192973',1811,,9034,49,,,0
101029,'1193049',811,,9035,49,,,0
101029,'1193165',1854,,9036,49,,,0
101029,'1193166',654,,9037,49,,,0
101029,'1193226',911,,9038,49,,,0
