14019,'1190713',1404,,8090,40,,,0
14019,'1190728',1459,,8091,40,,,0
14019,'1190978',1704,,8092,40,,,0
14019,'1191058',2301,,8093,40,,,0
14019,'1191091',1659,,8094,40,,,0
14019,'1191115',802,,8095,40,,,0
14019,'1191156',1534,,8096,40,,,0
14019,'1191182',1259,,8097,40,,,0
14019,'1191216',1404,,8098,40,,,0
14019,'1191274',1359,,8099,40,,,0
14019,'1191284',2359,,8100,40,,,0
14019,'1191353',1859,,8101,40,,,0
14019,'1191434',1001,,8102,40,,,0
14019,'1191451',1002,,8103,40,,,0
14019,'1191488',1304,,8104,40,,,0
14019,'1191517',702,,8105,40,,,0
14019,'1191609',2332,,8106,40,,,0
14019,'1191614',1832,,8107,40,,,0
14019,'1191636',1804,,8108,40,,,0
14019,'1191714',1204,,8109,40,,,0
14019,'1191747',1504,,8110,40,,,0
14019,'1191757',932,,8111,40,,,0
14019,'1191841',801,,8112,40,,,0
14019,'1191852',1932,,8113,40,,,0
14019,'1191970',2201,,8114,40,,,0
14019,'1191991',2101,,8115,40,,,0
14019,'1191996',959,,8116,40,,,0
14019,'1192119',2232,,8117,40,,,0
14019,'1192156',1604,,8118,40,,,0
14019,'1192290',2259,,8119,40,,,0
14019,'1192324',2159,,8120,40,,,0
14019,'1192341',732,,8121,40,,,0
14019,'1192355',1759,,8122,40,,,0
14019,'1192458',859,,8123,40,,,0
14019,'1192538',1704,,8124,40,,,0
14019,'1192564',2401,,8125,40,,,0
14019,'1192566',1959,,8126,40,,,0
14019,'1192675',1159,,8127,40,,,0
14019,'1192682',1559,,8128,40,,,0
14019,'1192692',1059,,8129,40,,,0
14019,'1192713',1901,,8130,40,,,0
14019,'1192727',1304,,8131,40,,,0
14019,'1192788',1504,,8132,40,,,0
14019,'1192791',1204,,8133,40,,,0
14019,'1192803',832,,8134,40,,,0
14019,'1192827',2059,,8135,40,,,0
14019,'1192837',902,,8136,40,,,0
14019,'1192840',1634,,8137,40,,,0
14019,'1192863',2132,,8138,40,,,0
14019,'1192916',2001,,8139,40,,,0
14019,'1192927',901,,8140,40,,,0
14019,'1192946',2032,,8141,40,,,0
14019,'1192962',1104,,8142,40,,,0
14019,'1192987',1804,,8143,40,,,0
14019,'1193071',1104,,8144,40,,,0
14019,'1193088',1734,,8145,40,,,0
14019,'1193127',1604,,8146,40,,,0
14019,'1193190',701,,8147,40,,,0
14019,'1193242',759,,8148,40,,,0
