103019,'1184499',1130,,6278,13,,,0
103019,'1184504',1420,,6279,13,,,0
103019,'1184657',1350,,6280,13,,,0
103019,'1184910',1120,,6281,13,,,0
103019,'1184918',649,,6282,13,,,0
103019,'1185122',2249,,6283,13,,,0
103019,'1185202',1900,,6284,13,,,0
103019,'1185273',2149,,6285,13,,,0
103019,'1185326',2330,,6286,13,,,0
103019,'1185405',1849,,6287,13,,,0
103019,'1185459',2200,,6288,13,,,0
103019,'1185533',904,,6289,13,,,0
103019,'1185539',2019,,6290,13,,,0
103019,'1185585',748,,6291,13,,,0
103019,'1185688',830,,6292,13,,,0
103019,'1185749',1550,,6293,13,,,0
103019,'1185800',734,,6294,13,,,0
103019,'1185819',1430,,6295,13,,,0
103019,'1185862',1250,,6296,13,,,0
103019,'1185957',2030,,6297,13,,,0
103019,'1185997',1000,,6298,13,,,0
103019,'1186013',949,,6299,13,,,0
103019,'1186148',1505,,6300,13,,,0
103019,'1186224',1219,,6301,13,,,0
103019,'1186231',819,,6302,13,,,0
103019,'1186269',1520,,6303,13,,,0
103019,'1186278',2319,,6304,13,,,0
103019,'1186435',1819,,6305,13,,,0
103019,'1186529',2119,,6306,13,,,0
103019,'1186561',1635,,6307,13,,,0
103019,'1186562',1600,,6308,13,,,0
103019,'1186606',1300,,6309,13,,,0
103019,'1186721',1048,,6310,13,,,0
103019,'1186769',1720,,6312,13,,,0
103019,'1186890',1650,,6313,13,,,0
103019,'1187000',1949,,6314,13,,,0
103019,'1187108',1730,,6315,13,,,0
103019,'1187124',918,,6316,13,,,0
