190001019,'1190598',1757,,9669,9,,,0
190001019,'1190613',2156,,9670,9,,,0
190001019,'1190615',912,,9671,9,,,0
190001019,'1190624',1900,,9672,9,,,0
190001019,'1190632',1533,,9673,9,,,0
190001019,'1190653',1358,,9674,9,,,0
190001019,'1190666',1300,,9675,9,,,0
190001019,'1190680',2126,,9676,9,,,0
190001019,'1190692',1528,,9677,9,,,0
190001019,'1190714',1826,,9678,9,,,0
190001019,'1190729',1628,,9679,9,,,0
190001019,'1190735',2300,,9680,9,,,0
190001019,'1190745',2200,,9681,9,,,0
190001019,'1190783',656,,9682,9,,,0
190001019,'1190786',1713,,9683,9,,,0
190001019,'1190790',1503,,9684,9,,,0
190001019,'1190808',1448,,9685,9,,,0
190001019,'1190834',1413,,9686,9,,,0
190001019,'1190840',1357,,9687,9,,,0
190001019,'1190855',1127,,9688,9,,,0
190001019,'1190862',1658,,9689,9,,,0
190001019,'1190871',926,,9690,9,,,0
190001019,'1190886',1112,,9691,9,,,0
190001019,'1190903',957,,9692,9,,,0
190001019,'1190944',1011,,9693,9,,,0
190001019,'1190949',956,,9694,9,,,0
190001019,'1190964',1043,,9695,9,,,0
190001019,'1190983',1856,,9696,9,,,0
190001019,'1190984',1227,,9697,9,,,0
190001019,'1190988',2041,,9698,9,,,0
190001019,'1190993',1142,,9699,9,,,0
190001019,'1191036',1100,,9700,9,,,0
190001019,'1191044',2141,,9701,9,,,0
190001019,'1191070',1428,,9702,9,,,0
190001019,'1191112',1956,,9703,9,,,0
190001019,'1191119',2026,,9704,9,,,0
190001019,'1191129',626,,9705,9,,,0
190001019,'1191166',2326,,9706,9,,,0
190001019,'1191178',1613,,9707,9,,,0
190001019,'1191219',800,,9708,9,,,0
190001019,'1191250',942,,9709,9,,,0
190001019,'1191298',1703,,9710,9,,,0
190001019,'1191309',1027,,9711,9,,,0
190001019,'1191315',1400,,9712,9,,,0
190001019,'1191323',2000,,9713,9,,,0
190001019,'1191330',1128,,9714,9,,,0
190001019,'1191334',812,,9715,9,,,0
190001019,'1191371',1700,,9716,9,,,0
190001019,'1191372',657,,9717,9,,,0
190001019,'1191373',1458,,9718,9,,,0
190001019,'1191411',757,,9719,9,,,0
190001019,'1191412',1603,,9720,9,,,0
190001019,'1191437',1718,,9721,9,,,0
190001019,'1191442',1243,,9722,9,,,0
190001019,'1191490',1057,,9723,9,,,0
190001019,'1191493',1443,,9724,9,,,0
190001019,'1191506',2126,,9725,9,,,0
190001019,'1191521',827,,9726,9,,,0
190001019,'1191531',1513,,9727,9,,,0
190001019,'1191568',1841,,9728,9,,,0
190001019,'1191583',1327,,9729,9,,,0
190001019,'1191618',1728,,9730,9,,,0
190001019,'1191655',1813,,9731,9,,,0
190001019,'1191682',1648,,9732,9,,,0
190001019,'1191728',2100,,9733,9,,,0
190001019,'1191731',1143,,9734,9,,,0
190001019,'1191732',1811,,9735,9,,,0
190001019,'1191858',1643,,9736,9,,,0
190001019,'1191862',1558,,9737,9,,,0
190001019,'1191875',1543,,9738,9,,,0
190001019,'1191876',1956,,9739,9,,,0
190001019,'1191896',1518,,9740,9,,,0
190001019,'1191906',1228,,9741,9,,,0
190001019,'1191913',1200,,9742,9,,,0
190001019,'1191916',2156,,9743,9,,,0
190001019,'1191951',2226,,9744,9,,,0
190001019,'1191981',2256,,9745,9,,,0
190001019,'1192041',1500,,9746,9,,,0
190001019,'1192042',842,,9747,9,,,0
190001019,'1192048',2256,,9748,9,,,0
190001019,'1192068',1042,,9749,9,,,0
190001019,'1192122',1342,,9750,9,,,0
190001019,'1192149',2416,,9751,9,,,0
190001019,'1192170',1856,,9752,9,,,0
190001019,'1192174',1941,,9753,9,,,0
190001019,'1192178',856,,9754,9,,,0
190001019,'1192182',1743,,9755,9,,,0
190001019,'1192193',2011,,9756,9,,,0
190001019,'1192214',756,,9757,9,,,0
190001019,'1192221',1343,,9758,9,,,0
190001019,'1192232',742,,9759,9,,,0
190001019,'1192258',1633,,9760,9,,,0
190001019,'1192297',1212,,9761,9,,,0
190001019,'1192312',1841,,9762,9,,,0
190001019,'1192323',1012,,9763,9,,,0
190001019,'1192325',642,,9764,9,,,0
190001019,'1192328',1748,,9765,9,,,0
190001019,'1192331',2226,,9766,9,,,0
190001019,'1192342',1258,,9767,9,,,0
190001019,'1192373',726,,9768,9,,,0
190001019,'1192418',2326,,9769,9,,,0
190001019,'1192495',1157,,9770,9,,,0
190001019,'1192499',826,,9771,9,,,0
190001019,'1192504',1158,,9772,9,,,0
190001019,'1192510',1926,,9773,9,,,0
190001019,'1192549',1312,,9774,9,,,0
190001019,'1192555',1328,,9775,9,,,0
190001019,'1192562',1257,,9776,9,,,0
190001019,'1192597',2356,,9777,9,,,0
190001019,'1192623',927,,9778,9,,,0
190001019,'1192634',1600,,9779,9,,,0
190001019,'1192700',2056,,9780,9,,,0
190001019,'1192705',1926,,9781,9,,,0
190001019,'1192721',1733,,9782,9,,,0
190001019,'1192738',1618,,9783,9,,,0
190001019,'1192780',1418,,9784,9,,,0
190001019,'1192804',857,,9785,9,,,0
190001019,'1192819',2400,,9786,9,,,0
190001019,'1192850',1826,,9787,9,,,0
190001019,'1192871',1548,,9788,9,,,0
190001019,'1192899',1758,,9789,9,,,0
190001019,'1192937',1213,,9790,9,,,0
190001019,'1192956',1800,,9791,9,,,0
190001019,'1192985',727,,9792,9,,,0
190001019,'1193021',1113,,9793,9,,,0
190001019,'1193026',1911,,9794,9,,,0
190001019,'1193027',1028,,9795,9,,,0
190001019,'1193047',2111,,9796,9,,,0
190001019,'1193085',900,,9797,9,,,0
190001019,'1193107',1242,,9798,9,,,0
190001019,'1193134',2056,,9799,9,,,0
190001019,'1193154',2026,,9800,9,,,0
190001019,'1193155',1313,,9801,9,,,0
190001019,'1193192',1000,,9802,9,,,0
190001019,'1193224',1058,,9803,9,,,0
190001019,'1193286',2356,,9804,9,,,0
190001019,'1193303',712,,9805,9,,,0
190001019,'1193314',1433,,9806,9,,,0
