2,2019,'1190609',7220
2,2019,'1190673',7221
2,2019,'1190685',7222
2,2019,'1190689',7223
2,2019,'1190717',7224
2,2019,'1190761',7225
2,2019,'1190765',7226
2,2019,'1190771',7227
2,2019,'1190817',7228
2,2019,'1190891',7229
2,2019,'1190941',7230
2,2019,'1190953',7231
2,2019,'1190999',7232
2,2019,'1191046',7233
2,2019,'1191054',7234
2,2019,'1191067',7235
2,2019,'1191084',7236
2,2019,'1191125',7237
2,2019,'1191149',7238
2,2019,'1191199',7239
2,2019,'1191211',7240
2,2019,'1191224',7241
2,2019,'1191233',7242
2,2019,'1191252',7243
2,2019,'1191275',7244
2,2019,'1191287',7245
2,2019,'1191383',7246
2,2019,'1191405',7247
2,2019,'1191408',7248
2,2019,'1191447',7249
2,2019,'1191485',7250
2,2019,'1191495',7251
2,2019,'1191512',7252
2,2019,'1191527',7253
2,2019,'1191539',7254
2,2019,'1191561',7255
2,2019,'1191615',7256
2,2019,'1191644',7257
2,2019,'1191646',7258
2,2019,'1191661',7259
2,2019,'1191691',7260
2,2019,'1191768',7261
2,2019,'1191793',7262
2,2019,'1191820',7263
2,2019,'1191850',7264
2,2019,'1191864',7265
2,2019,'1191867',7266
2,2019,'1191873',7267
2,2019,'1191904',7268
2,2019,'1191918',7269
2,2019,'1191932',7270
2,2019,'1191992',7271
2,2019,'1192029',7272
2,2019,'1192053',7273
2,2019,'1192089',7274
2,2019,'1192091',7275
2,2019,'1192130',7276
2,2019,'1192210',7277
2,2019,'1192225',7278
2,2019,'1192227',7279
2,2019,'1192252',7280
2,2019,'1192285',7281
2,2019,'1192330',7282
2,2019,'1192352',7283
2,2019,'1192380',7284
2,2019,'1192437',7285
2,2019,'1192442',7286
2,2019,'1192449',7287
2,2019,'1192523',7288
2,2019,'1192531',7289
2,2019,'1192546',7290
2,2019,'1192565',7291
2,2019,'1192577',7292
2,2019,'1192650',7293
2,2019,'1192668',7294
2,2019,'1192678',7295
2,2019,'1192698',7296
2,2019,'1192722',7297
2,2019,'1192754',7298
2,2019,'1192756',7299
2,2019,'1192760',7300
2,2019,'1192800',7301
2,2019,'1192812',7302
2,2019,'1192865',7303
2,2019,'1192869',7304
2,2019,'1192915',7305
2,2019,'1192923',7306
2,2019,'1192928',7307
2,2019,'1192930',7308
2,2019,'1192936',7309
2,2019,'1192939',7310
2,2019,'1192940',7311
2,2019,'1192992',7312
2,2019,'1192994',7313
2,2019,'1193012',7314
2,2019,'1193057',7315
2,2019,'1193080',7316
2,2019,'1193128',7317
2,2019,'1193163',7318
2,2019,'1193170',7319
2,2019,'1193177',7320
2,2019,'1193178',7321
2,2019,'1193210',7322
2,2019,'1193284',7323
2,2019,'1193308',7324
2,2029,'1190626',7325
2,2029,'1190688',7326
2,2029,'1190708',7327
2,2029,'1190719',7328
2,2029,'1190781',7329
2,2029,'1190788',7330
2,2029,'1190794',7331
2,2029,'1190810',7332
2,2029,'1190833',7333
2,2029,'1190838',7334
2,2029,'1190875',7335
2,2029,'1190877',7336
2,2029,'1190894',7337
2,2029,'1190915',7338
2,2029,'1190967',7339
2,2029,'1191031',7340
2,2029,'1191050',7341
2,2029,'1191076',7342
2,2029,'1191116',7343
2,2029,'1191190',7344
2,2029,'1191228',7345
2,2029,'1191232',7346
2,2029,'1191236',7347
2,2029,'1191243',7348
2,2029,'1191246',7349
2,2029,'1191282',7350
2,2029,'1191283',7351
2,2029,'1191345',7352
2,2029,'1191378',7353
2,2029,'1191445',7354
2,2029,'1191452',7355
2,2029,'1191453',7356
2,2029,'1191464',7357
2,2029,'1191468',7358
2,2029,'1191482',7359
2,2029,'1191486',7360
2,2029,'1191507',7361
2,2029,'1191548',7362
2,2029,'1191564',7363
2,2029,'1191566',7364
2,2029,'1191577',7365
2,2029,'1191587',7366
2,2029,'1191640',7367
2,2029,'1191649',7368
2,2029,'1191678',7369
2,2029,'1191684',7370
2,2029,'1191701',7371
2,2029,'1191721',7372
2,2029,'1191726',7373
2,2029,'1191736',7374
2,2029,'1191799',7375
2,2029,'1191815',7376
2,2029,'1191824',7377
2,2029,'1191863',7378
2,2029,'1191887',7379
2,2029,'1191900',7380
2,2029,'1191908',7381
2,2029,'1191923',7382
2,2029,'1191934',7383
2,2029,'1191979',7384
2,2029,'1192014',7385
2,2029,'1192038',7386
2,2029,'1192039',7387
2,2029,'1192049',7388
2,2029,'1192067',7389
2,2029,'1192095',7390
2,2029,'1192143',7391
2,2029,'1192161',7392
2,2029,'1192177',7393
2,2029,'1192187',7394
2,2029,'1192206',7395
2,2029,'1192222',7396
2,2029,'1192235',7397
2,2029,'1192245',7398
2,2029,'1192247',7399
2,2029,'1192371',7400
2,2029,'1192372',7401
2,2029,'1192395',7402
2,2029,'1192415',7403
2,2029,'1192421',7404
2,2029,'1192494',7405
2,2029,'1192515',7406
2,2029,'1192587',7407
2,2029,'1192639',7408
2,2029,'1192647',7409
2,2029,'1192656',7410
2,2029,'1192681',7411
2,2029,'1192709',7412
2,2029,'1192718',7413
2,2029,'1192745',7414
2,2029,'1192753',7415
2,2029,'1192778',7416
2,2029,'1192790',7417
2,2029,'1192793',7418
2,2029,'1192868',7419
2,2029,'1192872',7420
2,2029,'1192912',7421
2,2029,'1192917',7422
2,2029,'1192918',7423
2,2029,'1193030',7424
2,2029,'1193075',7425
2,2029,'1193081',7426
2,2029,'1193140',7427
2,2029,'1193168',7428
2,2029,'1193194',7429
2,2029,'1193219',7430
2,2029,'1193269',7431
3,3019,'1190650',7432
3,3019,'1190836',7433
3,3019,'1190847',7434
3,3019,'1190866',7435
3,3019,'1190945',7436
3,3019,'1190971',7437
3,3019,'1191034',7438
3,3019,'1191126',7439
3,3019,'1191134',7440
3,3019,'1191168',7441
3,3019,'1191214',7442
3,3019,'1191270',7443
3,3019,'1191302',7444
3,3019,'1191317',7445
3,3019,'1191328',7446
3,3019,'1191509',7447
3,3019,'1191526',7448
3,3019,'1191582',7449
3,3019,'1191597',7450
3,3019,'1191602',7451
3,3019,'1191652',7452
3,3019,'1191729',7453
3,3019,'1191754',7454
3,3019,'1191767',7455
3,3019,'1191779',7456
3,3019,'1191821',7457
3,3019,'1191856',7458
3,3019,'1191868',7459
3,3019,'1191905',7460
3,3019,'1191978',7461
3,3019,'1191997',7462
3,3019,'1192065',7463
3,3019,'1192079',7464
3,3019,'1192105',7465
3,3019,'1192112',7466
3,3019,'1192146',7467
3,3019,'1192160',7468
3,3019,'1192171',7469
3,3019,'1192197',7470
3,3019,'1192385',7471
3,3019,'1192413',7472
3,3019,'1192416',7473
3,3019,'1192443',7474
3,3019,'1192454',7475
3,3019,'1192472',7476
3,3019,'1192525',7477
3,3019,'1192527',7478
3,3019,'1192640',7479
3,3019,'1192641',7480
3,3019,'1192643',7481
3,3019,'1192658',7482
3,3019,'1192695',7483
3,3019,'1192711',7484
3,3019,'1192747',7485
3,3019,'1192824',7486
3,3019,'1192891',7487
3,3019,'1192906',7488
3,3019,'1192926',7489
3,3019,'1192964',7490
3,3019,'1192967',7491
3,3019,'1192982',7492
3,3019,'1193008',7493
3,3019,'1193046',7494
3,3019,'1193092',7495
3,3019,'1193159',7496
3,3019,'1193189',7497
3,3019,'1193294',7498
3,3029,'1190608',7499
3,3029,'1190611',7500
3,3029,'1190627',7501
3,3029,'1190644',7502
3,3029,'1190703',7503
3,3029,'1190736',7504
3,3029,'1190789',7505
3,3029,'1190824',7506
3,3029,'1190826',7507
3,3029,'1190828',7508
3,3029,'1190874',7509
3,3029,'1190893',7510
3,3029,'1190909',7511
3,3029,'1190946',7512
3,3029,'1190994',7513
3,3029,'1191014',7514
3,3029,'1191024',7515
3,3029,'1191040',7516
3,3029,'1191098',7517
3,3029,'1191158',7518
3,3029,'1191226',7519
3,3029,'1191231',7520
3,3029,'1191245',7521
3,3029,'1191258',7522
3,3029,'1191314',7523
3,3029,'1191341',7524
3,3029,'1191381',7525
3,3029,'1191407',7526
3,3029,'1191474',7527
3,3029,'1191535',7528
3,3029,'1191540',7529
3,3029,'1191586',7530
3,3029,'1191666',7531
3,3029,'1191712',7532
3,3029,'1191791',7533
3,3029,'1191888',7534
3,3029,'1191899',7535
3,3029,'1191925',7536
3,3029,'1191939',7537
3,3029,'1192011',7538
3,3029,'1192084',7539
3,3029,'1192087',7540
3,3029,'1192092',7541
3,3029,'1192097',7542
3,3029,'1192186',7543
3,3029,'1192237',7544
3,3029,'1192250',7545
3,3029,'1192257',7546
3,3029,'1192374',7547
3,3029,'1192469',7548
3,3029,'1192581',7549
3,3029,'1192585',7550
3,3029,'1192635',7551
3,3029,'1192717',7552
3,3029,'1192825',7553
3,3029,'1192832',7554
3,3029,'1192839',7555
3,3029,'1192856',7556
3,3029,'1192861',7557
3,3029,'1193034',7558
3,3029,'1193061',7559
3,3029,'1193095',7560
3,3029,'1193126',7561
3,3029,'1193264',7562
3,3029,'1193282',7563
10,10019,'1193663',10064
10,10019,'1193665',10065
10,10019,'1193667',10066
10,10019,'1193668',10067
10,10019,'1193675',10068
10,10019,'1193678',10069
10,10019,'1193679',10070
10,10019,'1193680',10071
10,10019,'1193681',10072
10,10019,'1193682',10073
10,10019,'1193686',10074
10,10019,'1193687',10075
10,10019,'1193691',10076
10,10019,'1193697',10077
10,10019,'1193698',10078
10,10019,'1193700',10079
10,10019,'1193701',10080
10,10019,'1193703',10081
10,10019,'1193704',10082
10,10019,'1193707',10083
10,10019,'1193708',10084
10,10019,'1193709',10085
10,10019,'1193710',10086
10,10019,'1193711',10087
10,10019,'1193715',10088
10,10019,'1193717',10089
10,10019,'1193718',10090
10,10019,'1193720',10091
10,10019,'1193724',10092
10,10019,'1193725',10093
10,10019,'1193730',10094
10,10019,'1193731',10095
10,10019,'1193732',10096
10,10019,'1193733',10097
10,10019,'1193734',10098
10,10019,'1193735',10099
10,10019,'1193737',10100
10,10019,'1193738',10101
10,10019,'1193739',10102
10,10019,'1193740',10103
10,10019,'1193743',10104
10,10019,'1193747',10105
10,10019,'1193749',10106
10,10019,'1193752',10107
10,10019,'1193754',10108
10,10019,'1193755',10109
10,10019,'1193756',10110
10,10019,'1193759',10111
10,10019,'1193761',10112
10,10019,'1193765',10113
10,10019,'1193766',10114
10,10019,'1193767',10115
10,10019,'1193768',10116
10,10019,'1193769',10117
10,10019,'1193770',10118
10,10019,'1193771',10119
10,10019,'1193772',10120
10,10019,'1193773',10121
10,10019,'1193774',10122
10,10019,'1193779',10123
10,10029,'1193661',10124
10,10029,'1193662',10125
10,10029,'1193664',10126
10,10029,'1193666',10127
10,10029,'1193669',10128
10,10029,'1193670',10129
10,10029,'1193671',10130
10,10029,'1193672',10131
10,10029,'1193673',10132
10,10029,'1193674',10133
10,10029,'1193676',10134
10,10029,'1193677',10135
10,10029,'1193683',10136
10,10029,'1193684',10137
10,10029,'1193685',10138
10,10029,'1193688',10139
10,10029,'1193689',10140
10,10029,'1193690',10141
10,10029,'1193692',10142
10,10029,'1193693',10143
10,10029,'1193694',10144
10,10029,'1193695',10145
10,10029,'1193696',10146
10,10029,'1193699',10147
10,10029,'1193702',10148
10,10029,'1193705',10149
10,10029,'1193706',10150
10,10029,'1193712',10151
10,10029,'1193713',10152
10,10029,'1193714',10153
10,10029,'1193716',10154
10,10029,'1193719',10155
10,10029,'1193721',10156
10,10029,'1193722',10157
10,10029,'1193723',10158
10,10029,'1193726',10159
10,10029,'1193727',10160
10,10029,'1193728',10161
10,10029,'1193729',10162
10,10029,'1193736',10163
10,10029,'1193741',10164
10,10029,'1193742',10165
10,10029,'1193744',10166
10,10029,'1193745',10167
10,10029,'1193746',10168
10,10029,'1193748',10169
10,10029,'1193750',10170
10,10029,'1193751',10171
10,10029,'1193753',10172
10,10029,'1193757',10173
10,10029,'1193758',10174
10,10029,'1193760',10175
10,10029,'1193762',10176
10,10029,'1193763',10177
10,10029,'1193764',10178
10,10029,'1193775',10179
10,10029,'1193776',10180
10,10029,'1193777',10181
10,10029,'1193778',10182
11,11019,'1190643',7683
11,11019,'1190656',7684
11,11019,'1190700',7685
11,11019,'1190734',7686
11,11019,'1190739',7687
11,11019,'1190806',7688
11,11019,'1190843',7689
11,11019,'1190863',7690
11,11019,'1190899',7691
11,11019,'1190901',7692
11,11019,'1190931',7693
11,11019,'1190935',7694
11,11019,'1191012',7695
11,11019,'1191045',7696
11,11019,'1191105',7697
11,11019,'1191132',7698
11,11019,'1191187',7699
11,11019,'1191230',7700
11,11019,'1191238',7701
11,11019,'1191240',7702
11,11019,'1191293',7703
11,11019,'1191319',7704
11,11019,'1191389',7705
11,11019,'1191427',7706
11,11019,'1191450',7707
11,11019,'1191492',7708
11,11019,'1191497',7709
11,11019,'1191518',7710
11,11019,'1191624',7711
11,11019,'1191660',7712
11,11019,'1191669',7713
11,11019,'1191675',7714
11,11019,'1191680',7715
11,11019,'1191681',7716
11,11019,'1191687',7717
11,11019,'1191697',7718
11,11019,'1191719',7719
11,11019,'1191737',7720
11,11019,'1191835',7721
11,11019,'1191884',7722
11,11019,'1191966',7723
11,11019,'1192002',7724
11,11019,'1192081',7725
11,11019,'1192101',7726
11,11019,'1192118',7727
11,11019,'1192123',7728
11,11019,'1192175',7729
11,11019,'1192293',7730
11,11019,'1192335',7731
11,11019,'1192350',7732
11,11019,'1192404',7733
11,11019,'1192406',7734
11,11019,'1192430',7735
11,11019,'1192493',7736
11,11019,'1192513',7737
11,11019,'1192569',7738
11,11019,'1192573',7739
11,11019,'1192733',7740
11,11019,'1192768',7741
11,11019,'1192799',7742
11,11019,'1192975',7743
11,11019,'1193059',7744
11,11019,'1193066',7745
11,11019,'1193090',7746
11,11019,'1193120',7747
11,11019,'1193180',7748
11,11019,'1193235',7749
11,11019,'1193239',7750
11,11019,'1193241',7751
11,11019,'1193277',7752
11,11019,'1193279',7753
11,11029,'1190662',7754
11,11029,'1190674',7755
11,11029,'1190679',7756
11,11029,'1190687',7757
11,11029,'1190702',7758
11,11029,'1190707',7759
11,11029,'1190740',7760
11,11029,'1190760',7761
11,11029,'1190767',7762
11,11029,'1190846',7763
11,11029,'1190868',7764
11,11029,'1190908',7765
11,11029,'1190991',7766
11,11029,'1191027',7767
11,11029,'1191113',7768
11,11029,'1191117',7769
11,11029,'1191127',7770
11,11029,'1191176',7771
11,11029,'1191206',7772
11,11029,'1191220',7773
11,11029,'1191225',7774
11,11029,'1191261',7775
11,11029,'1191301',7776
11,11029,'1191458',7777
11,11029,'1191541',7778
11,11029,'1191571',7779
11,11029,'1191589',7780
11,11029,'1191607',7781
11,11029,'1191727',7782
11,11029,'1191782',7783
11,11029,'1191889',7784
11,11029,'1191897',7785
11,11029,'1191898',7786
11,11029,'1191943',7787
11,11029,'1191963',7788
11,11029,'1191968',7789
11,11029,'1191999',7790
11,11029,'1192027',7791
11,11029,'1192028',7792
11,11029,'1192111',7793
11,11029,'1192172',7794
11,11029,'1192183',7795
11,11029,'1192286',7796
11,11029,'1192326',7797
11,11029,'1192339',7798
11,11029,'1192422',7799
11,11029,'1192445',7800
11,11029,'1192481',7801
11,11029,'1192490',7802
11,11029,'1192503',7803
11,11029,'1192528',7804
11,11029,'1192532',7805
11,11029,'1192574',7806
11,11029,'1192626',7807
11,11029,'1192737',7808
11,11029,'1192757',7809
11,11029,'1192779',7810
11,11029,'1192802',7811
11,11029,'1192807',7812
11,11029,'1192884',7813
11,11029,'1192947',7814
11,11029,'1193001',7815
11,11029,'1193017',7816
11,11029,'1193076',7817
11,11029,'1193105',7818
11,11029,'1193146',7819
11,11029,'1193240',7820
11,11029,'1193251',7821
11,11029,'1193290',7822
11,11029,'1193300',7823
12,12019,'1190645',7824
12,12019,'1190657',7825
12,12019,'1190716',7826
12,12019,'1190720',7827
12,12019,'1190795',7828
12,12019,'1190815',7829
12,12019,'1190831',7830
12,12019,'1190872',7831
12,12019,'1190904',7832
12,12019,'1190905',7833
12,12019,'1190925',7834
12,12019,'1190938',7835
12,12019,'1191207',7836
12,12019,'1191227',7837
12,12019,'1191292',7838
12,12019,'1191300',7839
12,12019,'1191320',7840
12,12019,'1191398',7841
12,12019,'1191414',7842
12,12019,'1191419',7843
12,12019,'1191420',7844
12,12019,'1191448',7845
12,12019,'1191466',7846
12,12019,'1191470',7847
12,12019,'1191522',7848
12,12019,'1191559',7849
12,12019,'1191598',7850
12,12019,'1191639',7851
12,12019,'1191674',7852
12,12019,'1191686',7853
12,12019,'1191724',7854
12,12019,'1191785',7855
12,12019,'1191790',7856
12,12019,'1191803',7857
12,12019,'1191804',7858
12,12019,'1191818',7859
12,12019,'1191855',7860
12,12019,'1191973',7861
12,12019,'1191984',7862
12,12019,'1192006',7863
12,12019,'1192018',7864
12,12019,'1192022',7865
12,12019,'1192099',7866
12,12019,'1192145',7867
12,12019,'1192151',7868
12,12019,'1192194',7869
12,12019,'1192261',7870
12,12019,'1192280',7871
12,12019,'1192281',7872
12,12019,'1192299',7873
12,12019,'1192301',7874
12,12019,'1192340',7875
12,12019,'1192366',7876
12,12019,'1192412',7877
12,12019,'1192428',7878
12,12019,'1192530',7879
12,12019,'1192561',7880
12,12019,'1192582',7881
12,12019,'1192611',7882
12,12019,'1192642',7883
12,12019,'1193003',7884
12,12019,'1193055',7885
12,12019,'1193068',7886
12,12019,'1193119',7887
12,12019,'1193147',7888
12,12019,'1193167',7889
12,12019,'1193176',7890
12,12019,'1193179',7891
12,12019,'1193229',7892
12,12019,'1193248',7893
12,12019,'1193280',7894
12,12019,'1193305',7895
12,12029,'1190603',7896
12,12029,'1190623',7897
12,12029,'1190638',7898
12,12029,'1190684',7899
12,12029,'1190691',7900
12,12029,'1190731',7901
12,12029,'1190743',7902
12,12029,'1190753',7903
12,12029,'1190777',7904
12,12029,'1190812',7905
12,12029,'1190880',7906
12,12029,'1190932',7907
12,12029,'1190940',7908
12,12029,'1191029',7909
12,12029,'1191043',7910
12,12029,'1191093',7911
12,12029,'1191133',7912
12,12029,'1191256',7913
12,12029,'1191281',7914
12,12029,'1191303',7915
12,12029,'1191335',7916
12,12029,'1191382',7917
12,12029,'1191410',7918
12,12029,'1191500',7919
12,12029,'1191501',7920
12,12029,'1191528',7921
12,12029,'1191555',7922
12,12029,'1191588',7923
12,12029,'1191595',7924
12,12029,'1191653',7925
12,12029,'1191692',7926
12,12029,'1191696',7927
12,12029,'1191708',7928
12,12029,'1191789',7929
12,12029,'1191811',7930
12,12029,'1191813',7931
12,12029,'1191831',7932
12,12029,'1191874',7933
12,12029,'1191998',7934
12,12029,'1192059',7935
12,12029,'1192129',7936
12,12029,'1192133',7937
12,12029,'1192152',7938
12,12029,'1192260',7939
12,12029,'1192279',7940
12,12029,'1192294',7941
12,12029,'1192306',7942
12,12029,'1192361',7943
12,12029,'1192410',7944
12,12029,'1192567',7945
12,12029,'1192578',7946
12,12029,'1192673',7947
12,12029,'1192741',7948
12,12029,'1192809',7949
12,12029,'1192877',7950
12,12029,'1192898',7951
12,12029,'1192950',7952
12,12029,'1193043',7953
12,12029,'1193053',7954
12,12029,'1193054',7955
12,12029,'1193056',7956
12,12029,'1193058',7957
12,12029,'1193093',7958
12,12029,'1193102',7959
12,12029,'1193103',7960
12,12029,'1193156',7961
12,12029,'1193195',7962
12,12029,'1193220',7963
12,12029,'1193227',7964
12,12029,'1193272',7965
12,12029,'1193321',7966
13,13019,'1190607',7967
13,13019,'1190622',7968
13,13019,'1190640',7969
13,13019,'1190733',7970
13,13019,'1190801',7971
13,13019,'1190811',7972
13,13019,'1190911',7973
13,13019,'1191064',7974
13,13019,'1191079',7975
13,13019,'1191259',7976
13,13019,'1191324',7977
13,13019,'1191439',7978
13,13019,'1191443',7979
13,13019,'1191477',7980
13,13019,'1191498',7981
13,13019,'1191524',7982
13,13019,'1191613',7983
13,13019,'1191629',7984
13,13019,'1191635',7985
13,13019,'1191643',7986
13,13019,'1191663',7987
13,13019,'1191733',7988
13,13019,'1191945',7989
13,13019,'1192060',7990
13,13019,'1192062',7991
13,13019,'1192072',7992
13,13019,'1192088',7993
13,13019,'1192127',7994
13,13019,'1192154',7995
13,13019,'1192163',7996
13,13019,'1192228',7997
13,13019,'1192253',7998
13,13019,'1192292',7999
13,13019,'1192313',8000
13,13019,'1192426',8001
13,13019,'1192486',8002
13,13019,'1192492',8003
13,13019,'1192497',8004
13,13019,'1192498',8005
13,13019,'1192501',8006
13,13019,'1192533',8007
13,13019,'1192536',8008
13,13019,'1192544',8009
13,13019,'1192608',8010
13,13019,'1192610',8011
13,13019,'1192637',8012
13,13019,'1192651',8013
13,13019,'1192715',8014
13,13019,'1192764',8015
13,13019,'1192811',8016
13,13019,'1192876',8017
13,13019,'1192895',8018
13,13019,'1192920',8019
13,13019,'1192984',8020
13,13019,'1193039',8021
13,13019,'1193073',8022
13,13019,'1193083',8023
13,13019,'1193111',8024
13,13019,'1193132',8025
13,13019,'1193188',8026
13,13019,'1193199',8027
13,13019,'1193221',8028
13,13029,'1190748',8029
13,13029,'1190784',8030
13,13029,'1190796',8031
13,13029,'1190929',8032
13,13029,'1190969',8033
13,13029,'1191018',8034
13,13029,'1191033',8035
13,13029,'1191057',8036
13,13029,'1191072',8037
13,13029,'1191114',8038
13,13029,'1191152',8039
13,13029,'1191172',8040
13,13029,'1191186',8041
13,13029,'1191234',8042
13,13029,'1191244',8043
13,13029,'1191326',8044
13,13029,'1191368',8045
13,13029,'1191623',8046
13,13029,'1191693',8047
13,13029,'1191716',8048
13,13029,'1191725',8049
13,13029,'1191812',8050
13,13029,'1191861',8051
13,13029,'1191866',8052
13,13029,'1191929',8053
13,13029,'1191941',8054
13,13029,'1191987',8055
13,13029,'1192037',8056
13,13029,'1192114',8057
13,13029,'1192117',8058
13,13029,'1192120',8059
13,13029,'1192134',8060
13,13029,'1192157',8061
13,13029,'1192158',8062
13,13029,'1192164',8063
13,13029,'1192190',8064
13,13029,'1192202',8065
13,13029,'1192230',8066
13,13029,'1192308',8067
13,13029,'1192320',8068
13,13029,'1192403',8069
13,13029,'1192519',8070
13,13029,'1192654',8071
13,13029,'1192739',8072
13,13029,'1192740',8073
13,13029,'1192743',8074
13,13029,'1192770',8075
13,13029,'1192773',8076
13,13029,'1192843',8077
13,13029,'1192910',8078
13,13029,'1192970',8079
13,13029,'1192977',8080
13,13029,'1193002',8081
13,13029,'1193005',8082
13,13029,'1193028',8083
13,13029,'1193062',8084
13,13029,'1193086',8085
13,13029,'1193110',8086
13,13029,'1193245',8087
13,13029,'1193295',8088
13,13029,'1193310',8089
14,14019,'1190713',8090
14,14019,'1190728',8091
14,14019,'1190978',8092
14,14019,'1191058',8093
14,14019,'1191091',8094
14,14019,'1191115',8095
14,14019,'1191156',8096
14,14019,'1191182',8097
14,14019,'1191216',8098
14,14019,'1191274',8099
14,14019,'1191284',8100
14,14019,'1191353',8101
14,14019,'1191434',8102
14,14019,'1191451',8103
14,14019,'1191488',8104
14,14019,'1191517',8105
14,14019,'1191609',8106
14,14019,'1191614',8107
14,14019,'1191636',8108
14,14019,'1191714',8109
14,14019,'1191747',8110
14,14019,'1191757',8111
14,14019,'1191841',8112
14,14019,'1191852',8113
14,14019,'1191970',8114
14,14019,'1191991',8115
14,14019,'1191996',8116
14,14019,'1192119',8117
14,14019,'1192156',8118
14,14019,'1192290',8119
14,14019,'1192324',8120
14,14019,'1192341',8121
14,14019,'1192355',8122
14,14019,'1192458',8123
14,14019,'1192538',8124
14,14019,'1192564',8125
14,14019,'1192566',8126
14,14019,'1192675',8127
14,14019,'1192682',8128
14,14019,'1192692',8129
14,14019,'1192713',8130
14,14019,'1192727',8131
14,14019,'1192788',8132
14,14019,'1192791',8133
14,14019,'1192803',8134
14,14019,'1192827',8135
14,14019,'1192837',8136
14,14019,'1192840',8137
14,14019,'1192863',8138
14,14019,'1192916',8139
14,14019,'1192927',8140
14,14019,'1192946',8141
14,14019,'1192962',8142
14,14019,'1192987',8143
14,14019,'1193071',8144
14,14019,'1193088',8145
14,14019,'1193127',8146
14,14019,'1193190',8147
14,14019,'1193242',8148
14,14029,'1190709',8149
14,14029,'1190764',8150
14,14029,'1190906',8151
14,14029,'1190920',8152
14,14029,'1190927',8153
14,14029,'1190947',8154
14,14029,'1191037',8155
14,14029,'1191042',8156
14,14029,'1191055',8157
14,14029,'1191078',8158
14,14029,'1191085',8159
14,14029,'1191268',8160
14,14029,'1191308',8161
14,14029,'1191322',8162
14,14029,'1191348',8163
14,14029,'1191415',8164
14,14029,'1191429',8165
14,14029,'1191444',8166
14,14029,'1191520',8167
14,14029,'1191547',8168
14,14029,'1191620',8169
14,14029,'1191630',8170
14,14029,'1191685',8171
14,14029,'1191690',8172
14,14029,'1191718',8173
14,14029,'1191777',8174
14,14029,'1191810',8175
14,14029,'1191843',8176
14,14029,'1191865',8177
14,14029,'1191921',8178
14,14029,'1191937',8179
14,14029,'1191955',8180
14,14029,'1191980',8181
14,14029,'1192001',8182
14,14029,'1192032',8183
14,14029,'1192051',8184
14,14029,'1192126',8185
14,14029,'1192347',8186
14,14029,'1192381',8187
14,14029,'1192383',8188
14,14029,'1192388',8189
14,14029,'1192435',8190
14,14029,'1192473',8191
14,14029,'1192489',8192
14,14029,'1192580',8193
14,14029,'1192589',8194
14,14029,'1192627',8195
14,14029,'1192632',8196
14,14029,'1192674',8197
14,14029,'1192744',8198
14,14029,'1192787',8199
14,14029,'1192957',8200
14,14029,'1193009',8201
14,14029,'1193016',8202
14,14029,'1193023',8203
14,14029,'1193040',8204
14,14029,'1193048',8205
14,14029,'1193064',8206
14,14029,'1193291',8207
20,20019,'1190619',8208
20,20019,'1190641',8209
20,20019,'1190738',8210
20,20019,'1190758',8211
20,20019,'1190774',8212
20,20019,'1190805',8213
20,20019,'1190807',8214
20,20019,'1190842',8215
20,20019,'1190858',8216
20,20019,'1190934',8217
20,20019,'1190997',8218
20,20019,'1191053',8219
20,20019,'1191089',8220
20,20019,'1191136',8221
20,20019,'1191180',8222
20,20019,'1191184',8223
20,20019,'1191306',8224
20,20019,'1191365',8225
20,20019,'1191367',8226
20,20019,'1191384',8227
20,20019,'1191430',8228
20,20019,'1191441',8229
20,20019,'1191475',8230
20,20019,'1191503',8231
20,20019,'1191504',8232
20,20019,'1191515',8233
20,20019,'1191641',8234
20,20019,'1191710',8235
20,20019,'1191735',8236
20,20019,'1191765',8237
20,20019,'1191794',8238
20,20019,'1191882',8239
20,20019,'1191930',8240
20,20019,'1191994',8241
20,20019,'1192132',8242
20,20019,'1192365',8243
20,20019,'1192376',8244
20,20019,'1192411',8245
20,20019,'1192417',8246
20,20019,'1192420',8247
20,20019,'1192518',8248
20,20019,'1192652',8249
20,20019,'1192666',8250
20,20019,'1192708',8251
20,20019,'1192714',8252
20,20019,'1192729',8253
20,20019,'1192784',8254
20,20019,'1192905',8255
20,20019,'1192913',8256
20,20019,'1192933',8257
20,20019,'1193041',8258
20,20019,'1193116',8259
20,20019,'1193175',8260
20,20019,'1193197',8261
20,20019,'1193231',8262
20,20019,'1193236',8263
20,20019,'1193271',8264
20,20019,'1193274',8265
20,20029,'1190601',8266
20,20029,'1190617',8267
20,20029,'1190701',8268
20,20029,'1190776',8269
20,20029,'1190792',8270
20,20029,'1190813',8271
20,20029,'1190850',8272
20,20029,'1190896',8273
20,20029,'1190928',8274
20,20029,'1190954',8275
20,20029,'1190972',8276
20,20029,'1190985',8277
20,20029,'1191010',8278
20,20029,'1191028',8279
20,20029,'1191030',8280
20,20029,'1191193',8281
20,20029,'1191205',8282
20,20029,'1191242',8283
20,20029,'1191325',8284
20,20029,'1191388',8285
20,20029,'1191416',8286
20,20029,'1191462',8287
20,20029,'1191465',8288
20,20029,'1191523',8289
20,20029,'1191554',8290
20,20029,'1191562',8291
20,20029,'1191581',8292
20,20029,'1191604',8293
20,20029,'1191631',8294
20,20029,'1191694',8295
20,20029,'1191776',8296
20,20029,'1191795',8297
20,20029,'1191838',8298
20,20029,'1192020',8299
20,20029,'1192033',8300
20,20029,'1192043',8301
20,20029,'1192073',8302
20,20029,'1192116',8303
20,20029,'1192128',8304
20,20029,'1192169',8305
20,20029,'1192195',8306
20,20029,'1192226',8307
20,20029,'1192516',8308
20,20029,'1192542',8309
20,20029,'1192679',8310
20,20029,'1192686',8311
20,20029,'1192703',8312
20,20029,'1192826',8313
20,20029,'1192941',8314
20,20029,'1193004',8315
20,20029,'1193037',8316
20,20029,'1193138',8317
20,20029,'1193150',8318
20,20029,'1193152',8319
20,20029,'1193218',8320
20,20029,'1193285',8321
20,20029,'1193304',8322
22,22019,'1191150',8323
22,22019,'1191171',8324
22,22019,'1191174',8325
22,22019,'1191912',8326
22,22019,'1192716',8327
22,22019,'1192953',8328
22,22019,'1193019',8329
22,22019,'1193151',8330
22,22019,'1193260',8331
22,22019,'1193278',8332
22,22029,'1190629',8333
22,22029,'1190829',8334
22,22029,'1191658',8335
22,22029,'1191974',8336
22,22029,'1192121',8337
22,22029,'1192763',8338
22,22029,'1193113',8339
22,22029,'1193114',8340
22,22029,'1193263',8341
22,22029,'1193287',8342
23,23019,'1191008',8343
23,23019,'1191438',8344
23,23019,'1191575',8345
23,23019,'1191853',8346
23,23019,'1192386',8347
23,23019,'1192599',8348
23,23019,'1193094',8349
23,23019,'1193162',8350
23,23019,'1193307',8351
23,23029,'1190732',8352
23,23029,'1190742',8353
23,23029,'1190848',8354
23,23029,'1191071',8355
23,23029,'1191280',8356
23,23029,'1191342',8357
23,23029,'1191679',8358
23,23029,'1192283',8359
23,23029,'1192955',8360
24,24019,'1190647',8361
24,24019,'1190820',8362
24,24019,'1190955',8363
24,24019,'1191020',8364
24,24019,'1191048',8365
24,24019,'1191082',8366
24,24019,'1191122',8367
24,24019,'1191137',8368
24,24019,'1191141',8369
24,24019,'1191142',8370
24,24019,'1191189',8371
24,24019,'1191200',8372
24,24019,'1191201',8373
24,24019,'1191254',8374
24,24019,'1191255',8375
24,24019,'1191295',8376
24,24019,'1191375',8377
24,24019,'1191467',8378
24,24019,'1191545',8379
24,24019,'1191590',8380
24,24019,'1191601',8381
24,24019,'1191611',8382
24,24019,'1191656',8383
24,24019,'1191707',8384
24,24019,'1191927',8385
24,24019,'1191942',8386
24,24019,'1191985',8387
24,24019,'1191988',8388
24,24019,'1192102',8389
24,24019,'1192138',8390
24,24019,'1192200',8391
24,24019,'1192209',8392
24,24019,'1192254',8393
24,24019,'1192304',8394
24,24019,'1192332',8395
24,24019,'1192336',8396
24,24019,'1192345',8397
24,24019,'1192408',8398
24,24019,'1192447',8399
24,24019,'1192465',8400
24,24019,'1192487',8401
24,24019,'1192521',8402
24,24019,'1192603',8403
24,24019,'1192660',8404
24,24019,'1192685',8405
24,24019,'1192701',8406
24,24019,'1192775',8407
24,24019,'1192783',8408
24,24019,'1192879',8409
24,24019,'1192911',8410
24,24019,'1192935',8411
24,24019,'1192952',8412
24,24019,'1192971',8413
24,24019,'1193011',8414
24,24019,'1193067',8415
24,24019,'1193077',8416
24,24019,'1193097',8417
24,24019,'1193230',8418
24,24019,'1193296',8419
24,24019,'1193299',8420
24,24029,'1190659',8421
24,24029,'1190749',8422
24,24029,'1190778',8423
24,24029,'1190797',8424
24,24029,'1190885',8425
24,24029,'1191013',8426
24,24029,'1191021',8427
24,24029,'1191023',8428
24,24029,'1191096',8429
24,24029,'1191111',8430
24,24029,'1191208',8431
24,24029,'1191257',8432
24,24029,'1191267',8433
24,24029,'1191278',8434
24,24029,'1191288',8435
24,24029,'1191296',8436
24,24029,'1191426',8437
24,24029,'1191479',8438
24,24029,'1191530',8439
24,24029,'1191542',8440
24,24029,'1191565',8441
24,24029,'1191626',8442
24,24029,'1191637',8443
24,24029,'1191667',8444
24,24029,'1191676',8445
24,24029,'1191744',8446
24,24029,'1191836',8447
24,24029,'1191879',8448
24,24029,'1191917',8449
24,24029,'1191967',8450
24,24029,'1191983',8451
24,24029,'1192013',8452
24,24029,'1192023',8453
24,24029,'1192045',8454
24,24029,'1192070',8455
24,24029,'1192071',8456
24,24029,'1192162',8457
24,24029,'1192212',8458
24,24029,'1192216',8459
24,24029,'1192217',8460
24,24029,'1192266',8461
24,24029,'1192268',8462
24,24029,'1192314',8463
24,24029,'1192322',8464
24,24029,'1192424',8465
24,24029,'1192452',8466
24,24029,'1192545',8467
24,24029,'1192560',8468
24,24029,'1192570',8469
24,24029,'1192633',8470
24,24029,'1192772',8471
24,24029,'1192808',8472
24,24029,'1192813',8473
24,24029,'1192816',8474
24,24029,'1192829',8475
24,24029,'1192854',8476
24,24029,'1192965',8477
24,24029,'1192991',8478
24,24029,'1193184',8479
24,24029,'1193211',8480
25,25019,'1190672',8481
25,25019,'1190682',8482
25,25019,'1190694',8483
25,25019,'1190780',8484
25,25019,'1190819',8485
25,25019,'1190912',8486
25,25019,'1191039',8487
25,25019,'1191069',8488
25,25019,'1191124',8489
25,25019,'1191161',8490
25,25019,'1191291',8491
25,25019,'1191327',8492
25,25019,'1191338',8493
25,25019,'1191351',8494
25,25019,'1191352',8495
25,25019,'1191409',8496
25,25019,'1191435',8497
25,25019,'1191471',8498
25,25019,'1191478',8499
25,25019,'1191511',8500
25,25019,'1191525',8501
25,25019,'1191551',8502
25,25019,'1191579',8503
25,25019,'1191591',8504
25,25019,'1191596',8505
25,25019,'1191642',8506
25,25019,'1191659',8507
25,25019,'1191842',8508
25,25019,'1191928',8509
25,25019,'1191935',8510
25,25019,'1191950',8511
25,25019,'1191964',8512
25,25019,'1192103',8513
25,25019,'1192106',8514
25,25019,'1192141',8515
25,25019,'1192147',8516
25,25019,'1192241',8517
25,25019,'1192259',8518
25,25019,'1192277',8519
25,25019,'1192343',8520
25,25019,'1192356',8521
25,25019,'1192389',8522
25,25019,'1192432',8523
25,25019,'1192459',8524
25,25019,'1192477',8525
25,25019,'1192541',8526
25,25019,'1192596',8527
25,25019,'1192742',8528
25,25019,'1192751',8529
25,25019,'1192774',8530
25,25019,'1192796',8531
25,25019,'1192828',8532
25,25019,'1192849',8533
25,25019,'1192959',8534
25,25019,'1193109',8535
25,25019,'1193121',8536
25,25019,'1193125',8537
25,25019,'1193301',8538
25,25019,'1193312',8539
25,25019,'1193315',8540
25,25029,'1190606',8541
25,25029,'1190639',8542
25,25029,'1190681',8543
25,25029,'1190696',8544
25,25029,'1190757',8545
25,25029,'1190759',8546
25,25029,'1190867',8547
25,25029,'1190933',8548
25,25029,'1191086',8549
25,25029,'1191090',8550
25,25029,'1191121',8551
25,25029,'1191148',8552
25,25029,'1191164',8553
25,25029,'1191237',8554
25,25029,'1191248',8555
25,25029,'1191431',8556
25,25029,'1191455',8557
25,25029,'1191456',8558
25,25029,'1191625',8559
25,25029,'1191647',8560
25,25029,'1191657',8561
25,25029,'1191704',8562
25,25029,'1191717',8563
25,25029,'1191742',8564
25,25029,'1191780',8565
25,25029,'1191786',8566
25,25029,'1191806',8567
25,25029,'1191817',8568
25,25029,'1191832',8569
25,25029,'1191940',8570
25,25029,'1191958',8571
25,25029,'1191959',8572
25,25029,'1191976',8573
25,25029,'1192031',8574
25,25029,'1192155',8575
25,25029,'1192159',8576
25,25029,'1192273',8577
25,25029,'1192310',8578
25,25029,'1192362',8579
25,25029,'1192399',8580
25,25029,'1192480',8581
25,25029,'1192553',8582
25,25029,'1192583',8583
25,25029,'1192645',8584
25,25029,'1192707',8585
25,25029,'1192719',8586
25,25029,'1192746',8587
25,25029,'1192792',8588
25,25029,'1192820',8589
25,25029,'1192892',8590
25,25029,'1192914',8591
25,25029,'1192943',8592
25,25029,'1192972',8593
25,25029,'1192978',8594
25,25029,'1193015',8595
25,25029,'1193160',8596
25,25029,'1193191',8597
25,25029,'1193262',8598
25,25029,'1193288',8599
25,25029,'1193320',8600
26,26019,'1190663',8601
26,26019,'1190721',8602
26,26019,'1190773',8603
26,26019,'1190816',8604
26,26019,'1190845',8605
26,26019,'1190884',8606
26,26019,'1190966',8607
26,26019,'1190973',8608
26,26019,'1191004',8609
26,26019,'1191025',8610
26,26019,'1191095',8611
26,26019,'1191169',8612
26,26019,'1191218',8613
26,26019,'1191263',8614
26,26019,'1191344',8615
26,26019,'1191406',8616
26,26019,'1191417',8617
26,26019,'1191428',8618
26,26019,'1191505',8619
26,26019,'1191534',8620
26,26019,'1191563',8621
26,26019,'1191610',8622
26,26019,'1191650',8623
26,26019,'1191698',8624
26,26019,'1191711',8625
26,26019,'1191759',8626
26,26019,'1191851',8627
26,26019,'1191911',8628
26,26019,'1192083',8629
26,26019,'1192096',8630
26,26019,'1192137',8631
26,26019,'1192185',8632
26,26019,'1192319',8633
26,26019,'1192434',8634
26,26019,'1192436',8635
26,26019,'1192522',8636
26,26019,'1192547',8637
26,26019,'1192554',8638
26,26019,'1192558',8639
26,26019,'1192615',8640
26,26019,'1192663',8641
26,26019,'1192684',8642
26,26019,'1192817',8643
26,26019,'1192853',8644
26,26019,'1192866',8645
26,26019,'1192909',8646
26,26019,'1192944',8647
26,26019,'1192988',8648
26,26019,'1193013',8649
26,26019,'1193014',8650
26,26019,'1193129',8651
26,26019,'1193182',8652
26,26019,'1193318',8653
26,26029,'1190602',8654
26,26029,'1190667',8655
26,26029,'1190669',8656
26,26029,'1190670',8657
26,26029,'1190686',8658
26,26029,'1190712',8659
26,26029,'1190727',8660
26,26029,'1190889',8661
26,26029,'1190895',8662
26,26029,'1190902',8663
26,26029,'1190943',8664
26,26029,'1191009',8665
26,26029,'1191080',8666
26,26029,'1191118',8667
26,26029,'1191163',8668
26,26029,'1191253',8669
26,26029,'1191395',8670
26,26029,'1191440',8671
26,26029,'1191476',8672
26,26029,'1191491',8673
26,26029,'1191544',8674
26,26029,'1191695',8675
26,26029,'1191702',8676
26,26029,'1191808',8677
26,26029,'1191881',8678
26,26029,'1191902',8679
26,26029,'1191938',8680
26,26029,'1191960',8681
26,26029,'1191972',8682
26,26029,'1192035',8683
26,26029,'1192047',8684
26,26029,'1192090',8685
26,26029,'1192249',8686
26,26029,'1192289',8687
26,26029,'1192423',8688
26,26029,'1192540',8689
26,26029,'1192618',8690
26,26029,'1192622',8691
26,26029,'1192646',8692
26,26029,'1192657',8693
26,26029,'1192671',8694
26,26029,'1192730',8695
26,26029,'1192771',8696
26,26029,'1192852',8697
26,26029,'1192897',8698
26,26029,'1192921',8699
26,26029,'1192966',8700
26,26029,'1193122',8701
26,26029,'1193153',8702
26,26029,'1193187',8703
26,26029,'1193205',8704
26,26029,'1193258',8705
26,26029,'1193297',8706
27,27019,'1190698',8707
27,27019,'1190710',8708
27,27019,'1190723',8709
27,27019,'1190917',8710
27,27019,'1190974',8711
27,27019,'1190996',8712
27,27019,'1191047',8713
27,27019,'1191101',8714
27,27019,'1191139',8715
27,27019,'1191143',8716
27,27019,'1191157',8717
27,27019,'1191209',8718
27,27019,'1191318',8719
27,27019,'1191346',8720
27,27019,'1191460',8721
27,27019,'1191513',8722
27,27019,'1191616',8723
27,27019,'1191713',8724
27,27019,'1191740',8725
27,27019,'1191746',8726
27,27019,'1191829',8727
27,27019,'1191871',8728
27,27019,'1191893',8729
27,27019,'1191926',8730
27,27019,'1191982',8731
27,27019,'1191990',8732
27,27019,'1192003',8733
27,27019,'1192181',8734
27,27019,'1192223',8735
27,27019,'1192272',8736
27,27019,'1192334',8737
27,27019,'1192456',8738
27,27019,'1192470',8739
27,27019,'1192604',8740
27,27019,'1192609',8741
27,27019,'1192670',8742
27,27019,'1192710',8743
27,27019,'1192777',8744
27,27019,'1192814',8745
27,27019,'1192867',8746
27,27019,'1192887',8747
27,27019,'1192919',8748
27,27019,'1192945',8749
27,27019,'1192996',8750
27,27019,'1193065',8751
27,27019,'1193091',8752
27,27019,'1193100',8753
27,27019,'1193144',8754
27,27019,'1193173',8755
27,27019,'1193212',8756
27,27019,'1193249',8757
27,27019,'1193273',8758
27,27029,'1190677',8759
27,27029,'1190690',8760
27,27029,'1190755',8761
27,27029,'1190762',8762
27,27029,'1190844',8763
27,27029,'1190879',8764
27,27029,'1190890',8765
27,27029,'1190914',8766
27,27029,'1190916',8767
27,27029,'1190963',8768
27,27029,'1191011',8769
27,27029,'1191019',8770
27,27029,'1191075',8771
27,27029,'1191092',8772
27,27029,'1191097',8773
27,27029,'1191103',8774
27,27029,'1191106',8775
27,27029,'1191128',8776
27,27029,'1191173',8777
27,27029,'1191376',8778
27,27029,'1191387',8779
27,27029,'1191390',8780
27,27029,'1191514',8781
27,27029,'1191552',8782
27,27029,'1191574',8783
27,27029,'1191706',8784
27,27029,'1191734',8785
27,27029,'1191798',8786
27,27029,'1191870',8787
27,27029,'1192000',8788
27,27029,'1192004',8789
27,27029,'1192056',8790
27,27029,'1192061',8791
27,27029,'1192077',8792
27,27029,'1192148',8793
27,27029,'1192262',8794
27,27029,'1192265',8795
27,27029,'1192274',8796
27,27029,'1192617',8797
27,27029,'1192676',8798
27,27029,'1192776',8799
27,27029,'1192845',8800
27,27029,'1192855',8801
27,27029,'1192882',8802
27,27029,'1192888',8803
27,27029,'1193087',8804
27,27029,'1193118',8805
27,27029,'1193139',8806
27,27029,'1193186',8807
27,27029,'1193201',8808
27,27029,'1193203',8809
27,27029,'1193254',8810
28,28019,'1190612',8811
28,28019,'1190648',8812
28,28019,'1190664',8813
28,28019,'1190675',8814
28,28019,'1190706',8815
28,28019,'1190722',8816
28,28019,'1190756',8817
28,28019,'1190827',8818
28,28019,'1190930',8819
28,28019,'1190951',8820
28,28019,'1190952',8821
28,28019,'1190995',8822
28,28019,'1191000',8823
28,28019,'1191056',8824
28,28019,'1191066',8825
28,28019,'1191068',8826
28,28019,'1191147',8827
28,28019,'1191153',8828
28,28019,'1191391',8829
28,28019,'1191424',8830
28,28019,'1191516',8831
28,28019,'1191816',8832
28,28019,'1191883',8833
28,28019,'1191952',8834
28,28019,'1191965',8835
28,28019,'1191975',8836
28,28019,'1192008',8837
28,28019,'1192010',8838
28,28019,'1192015',8839
28,28019,'1192021',8840
28,28019,'1192050',8841
28,28019,'1192110',8842
28,28019,'1192173',8843
28,28019,'1192287',8844
28,28019,'1192288',8845
28,28019,'1192309',8846
28,28019,'1192311',8847
28,28019,'1192315',8848
28,28019,'1192316',8849
28,28019,'1192431',8850
28,28019,'1192485',8851
28,28019,'1192496',8852
28,28019,'1192602',8853
28,28019,'1192636',8854
28,28019,'1192669',8855
28,28019,'1192693',8856
28,28019,'1192699',8857
28,28019,'1192734',8858
28,28019,'1192750',8859
28,28019,'1192815',8860
28,28019,'1192830',8861
28,28019,'1192835',8862
28,28019,'1192878',8863
28,28019,'1192900',8864
28,28019,'1193052',8865
28,28019,'1193108',8866
28,28019,'1193124',8867
28,28019,'1193283',8868
28,28019,'1193292',8869
28,28029,'1190634',8870
28,28029,'1190661',8871
28,28029,'1190770',8872
28,28029,'1190803',8873
28,28029,'1190860',8874
28,28029,'1190918',8875
28,28029,'1190970',8876
28,28029,'1191001',8877
28,28029,'1191052',8878
28,28029,'1191081',8879
28,28029,'1191179',8880
28,28029,'1191269',8881
28,28029,'1191271',8882
28,28029,'1191336',8883
28,28029,'1191340',8884
28,28029,'1191354',8885
28,28029,'1191361',8886
28,28029,'1191396',8887
28,28029,'1191399',8888
28,28029,'1191469',8889
28,28029,'1191538',8890
28,28029,'1191558',8891
28,28029,'1191593',8892
28,28029,'1191761',8893
28,28029,'1191796',8894
28,28029,'1191802',8895
28,28029,'1191849',8896
28,28029,'1191894',8897
28,28029,'1191915',8898
28,28029,'1191989',8899
28,28029,'1192005',8900
28,28029,'1192036',8901
28,28029,'1192069',8902
28,28029,'1192124',8903
28,28029,'1192139',8904
28,28029,'1192188',8905
28,28029,'1192295',8906
28,28029,'1192302',8907
28,28029,'1192370',8908
28,28029,'1192378',8909
28,28029,'1192387',8910
28,28029,'1192517',8911
28,28029,'1192556',8912
28,28029,'1192593',8913
28,28029,'1192638',8914
28,28029,'1192687',8915
28,28029,'1192748',8916
28,28029,'1192752',8917
28,28029,'1192786',8918
28,28029,'1192789',8919
28,28029,'1192890',8920
28,28029,'1192951',8921
28,28029,'1193018',8922
28,28029,'1193050',8923
28,28029,'1193145',8924
28,28029,'1193148',8925
28,28029,'1193161',8926
28,28029,'1193213',8927
28,28029,'1193302',8928
29,29019,'1190655',8929
29,29019,'1190658',8930
29,29019,'1190695',8931
29,29019,'1190921',8932
29,29019,'1190990',8933
29,29019,'1191402',8934
29,29019,'1191425',8935
29,29019,'1191673',8936
29,29019,'1191834',8937
29,29019,'1192098',8938
29,29019,'1192125',8939
29,29019,'1192367',8940
29,29019,'1192396',8941
29,29019,'1192451',8942
29,29019,'1192468',8943
29,29019,'1192512',8944
29,29019,'1192534',8945
29,29019,'1192606',8946
29,29019,'1192704',8947
29,29019,'1192724',8948
29,29019,'1193069',8949
29,29019,'1193082',8950
29,29019,'1193084',8951
29,29019,'1193185',8952
29,29029,'1190887',8953
29,29029,'1191032',8954
29,29029,'1191529',8955
29,29029,'1191760',8956
29,29029,'1191762',8957
29,29029,'1192140',8958
29,29029,'1192153',8959
29,29029,'1192199',8960
29,29029,'1192213',8961
29,29029,'1192256',8962
29,29029,'1192344',8963
29,29029,'1192543',8964
29,29029,'1192576',8965
29,29029,'1192590',8966
29,29029,'1192605',8967
29,29029,'1192667',8968
29,29029,'1192696',8969
29,29029,'1192723',8970
29,29029,'1192731',8971
29,29029,'1192838',8972
29,29029,'1192841',8973
29,29029,'1192851',8974
29,29029,'1192881',8975
29,29029,'1193079',8976
101,101019,'1190633',8977
101,101019,'1190779',8978
101,101019,'1190804',8979
101,101019,'1190956',8980
101,101019,'1191198',8981
101,101019,'1191312',8982
101,101019,'1191333',8983
101,101019,'1191377',8984
101,101019,'1191380',8985
101,101019,'1191432',8986
101,101019,'1191480',8987
101,101019,'1191543',8988
101,101019,'1191977',8989
101,101019,'1192063',8990
101,101019,'1192135',8991
101,101019,'1192166',8992
101,101019,'1192271',8993
101,101019,'1192368',8994
101,101019,'1192448',8995
101,101019,'1192613',8996
101,101019,'1192782',8997
101,101019,'1192859',8998
101,101019,'1192896',8999
101,101019,'1192902',9000
101,101019,'1192958',9001
101,101019,'1192961',9002
101,101019,'1192963',9003
101,101019,'1193022',9004
101,101019,'1193099',9005
101,101019,'1193164',9006
101,101019,'1193193',9007
101,101029,'1190605',9008
101,101029,'1190678',9009
101,101029,'1190897',9010
101,101029,'1190957',9011
101,101029,'1191059',9012
101,101029,'1191088',9013
101,101029,'1191099',9014
101,101029,'1191397',9015
101,101029,'1191401',9016
101,101029,'1191454',9017
101,101029,'1191537',9018
101,101029,'1191600',9019
101,101029,'1191837',9020
101,101029,'1191844',9021
101,101029,'1191946',9022
101,101029,'1192220',9023
101,101029,'1192246',9024
101,101029,'1192291',9025
101,101029,'1192305',9026
101,101029,'1192354',9027
101,101029,'1192401',9028
101,101029,'1192520',9029
101,101029,'1192526',9030
101,101029,'1192600',9031
101,101029,'1192680',9032
101,101029,'1192726',9033
101,101029,'1192973',9034
101,101029,'1193049',9035
101,101029,'1193165',9036
101,101029,'1193166',9037
101,101029,'1193226',9038
102,102019,'1190597',9039
102,102019,'1190642',9040
102,102019,'1190683',9041
102,102019,'1190693',9042
102,102019,'1190718',9043
102,102019,'1190741',9044
102,102019,'1190744',9045
102,102019,'1190821',9046
102,102019,'1190958',9047
102,102019,'1191221',9048
102,102019,'1191235',9049
102,102019,'1191363',9050
102,102019,'1191366',9051
102,102019,'1191400',9052
102,102019,'1191449',9053
102,102019,'1191519',9054
102,102019,'1191533',9055
102,102019,'1191546',9056
102,102019,'1191550',9057
102,102019,'1191628',9058
102,102019,'1191743',9059
102,102019,'1191774',9060
102,102019,'1191788',9061
102,102019,'1191823',9062
102,102019,'1192057',9063
102,102019,'1192080',9064
102,102019,'1192239',9065
102,102019,'1192244',9066
102,102019,'1192255',9067
102,102019,'1192441',9068
102,102019,'1192464',9069
102,102019,'1192471',9070
102,102019,'1192484',9071
102,102019,'1192625',9072
102,102019,'1192766',9073
102,102019,'1192942',9074
102,102019,'1192981',9075
102,102019,'1193042',9076
102,102019,'1193104',9077
102,102019,'1193216',9078
102,102019,'1193256',9079
102,102019,'1193275',9080
102,102029,'1190835',9081
102,102029,'1190937',9082
102,102029,'1191107',9083
102,102029,'1191135',9084
102,102029,'1191154',9085
102,102029,'1191181',9086
102,102029,'1191262',9087
102,102029,'1191304',9088
102,102029,'1191433',9089
102,102029,'1191481',9090
102,102029,'1191496',9091
102,102029,'1191671',9092
102,102029,'1191758',9093
102,102029,'1191805',9094
102,102029,'1191922',9095
102,102029,'1191944',9096
102,102029,'1192040',9097
102,102029,'1192054',9098
102,102029,'1192104',9099
102,102029,'1192165',9100
102,102029,'1192219',9101
102,102029,'1192229',9102
102,102029,'1192269',9103
102,102029,'1192425',9104
102,102029,'1192453',9105
102,102029,'1192474',9106
102,102029,'1192505',9107
102,102029,'1192509',9108
102,102029,'1192621',9109
102,102029,'1192631',9110
102,102029,'1192823',9111
102,102029,'1192857',9112
102,102029,'1192870',9113
102,102029,'1192893',9114
102,102029,'1192925',9115
102,102029,'1192999',9116
102,102029,'1193000',9117
102,102029,'1193010',9118
102,102029,'1193070',9119
102,102029,'1193101',9120
102,102029,'1193141',9121
102,102029,'1193243',9122
102,102029,'1193313',9123
103,103019,'1190614',9124
103,103019,'1190775',9125
103,103019,'1191005',9126
103,103019,'1191109',9127
103,103019,'1191130',9128
103,103019,'1191167',9129
103,103019,'1191203',9130
103,103019,'1191247',9131
103,103019,'1191446',9132
103,103019,'1191553',9133
103,103019,'1191632',9134
103,103019,'1191705',9135
103,103019,'1191773',9136
103,103019,'1191800',9137
103,103019,'1191807',9138
103,103019,'1191826',9139
103,103019,'1191854',9140
103,103019,'1191877',9141
103,103019,'1191892',9142
103,103019,'1192012',9143
103,103019,'1192046',9144
103,103019,'1192093',9145
103,103019,'1192234',9146
103,103019,'1192444',9147
103,103019,'1192450',9148
103,103019,'1192461',9149
103,103019,'1192624',9150
103,103019,'1192801',9151
103,103019,'1192848',9152
103,103019,'1192864',9153
103,103019,'1192885',9154
103,103019,'1192886',9155
103,103019,'1192894',9156
103,103019,'1192968',9157
103,103019,'1192976',9158
103,103019,'1193060',9159
103,103019,'1193217',9160
103,103019,'1193247',9161
103,103019,'1193317',9162
103,103029,'1190630',9163
103,103029,'1190665',9164
103,103029,'1190791',9165
103,103029,'1190798',9166
103,103029,'1190809',9167
103,103029,'1190864',9168
103,103029,'1191002',9169
103,103029,'1191061',9170
103,103029,'1191087',9171
103,103029,'1191104',9172
103,103029,'1191213',9173
103,103029,'1191266',9174
103,103029,'1191392',9175
103,103029,'1191472',9176
103,103029,'1191532',9177
103,103029,'1191567',9178
103,103029,'1191612',9179
103,103029,'1191756',9180
103,103029,'1191869',9181
103,103029,'1191909',9182
103,103029,'1191948',9183
103,103029,'1192055',9184
103,103029,'1192191',9185
103,103029,'1192208',9186
103,103029,'1192508',9187
103,103029,'1192592',9188
103,103029,'1192628',9189
103,103029,'1192659',9190
103,103029,'1192683',9191
103,103029,'1192749',9192
103,103029,'1192860',9193
103,103029,'1192948',9194
103,103029,'1193006',9195
103,103029,'1193036',9196
103,103029,'1193074',9197
103,103029,'1193169',9198
103,103029,'1193174',9199
103,103029,'1193259',9200
104,104019,'1190671',9201
104,104019,'1190814',9202
104,104019,'1190818',9203
104,104019,'1190892',9204
104,104019,'1190936',9205
104,104019,'1190948',9206
104,104019,'1190986',9207
104,104019,'1191016',9208
104,104019,'1191017',9209
104,104019,'1191094',9210
104,104019,'1191170',9211
104,104019,'1191310',9212
104,104019,'1191311',9213
104,104019,'1191316',9214
104,104019,'1191321',9215
104,104019,'1191355',9216
104,104019,'1191385',9217
104,104019,'1191418',9218
104,104019,'1191499',9219
104,104019,'1191536',9220
104,104019,'1191549',9221
104,104019,'1191638',9222
104,104019,'1191722',9223
104,104019,'1191770',9224
104,104019,'1191825',9225
104,104019,'1191885',9226
104,104019,'1191947',9227
104,104019,'1191953',9228
104,104019,'1191956',9229
104,104019,'1191969',9230
104,104019,'1192007',9231
104,104019,'1192026',9232
104,104019,'1192189',9233
104,104019,'1192203',9234
104,104019,'1192446',9235
104,104019,'1192457',9236
104,104019,'1192466',9237
104,104019,'1192607',9238
104,104019,'1192616',9239
104,104019,'1192795',9240
104,104019,'1192810',9241
104,104019,'1192924',9242
104,104019,'1192954',9243
104,104019,'1192997',9244
104,104019,'1193072',9245
104,104019,'1193232',9246
104,104019,'1193244',9247
104,104029,'1190618',9248
104,104029,'1190628',9249
104,104029,'1190725',9250
104,104029,'1190754',9251
104,104029,'1190787',9252
104,104029,'1190793',9253
104,104029,'1190961',9254
104,104029,'1191015',9255
104,104029,'1191060',9256
104,104029,'1191138',9257
104,104029,'1191264',9258
104,104029,'1191265',9259
104,104029,'1191297',9260
104,104029,'1191332',9261
104,104029,'1191339',9262
104,104029,'1191360',9263
104,104029,'1191502',9264
104,104029,'1191606',9265
104,104029,'1191664',9266
104,104029,'1191668',9267
104,104029,'1191699',9268
104,104029,'1191901',9269
104,104029,'1191931',9270
104,104029,'1192136',9271
104,104029,'1192243',9272
104,104029,'1192264',9273
104,104029,'1192282',9274
104,104029,'1192296',9275
104,104029,'1192329',9276
104,104029,'1192460',9277
104,104029,'1192482',9278
104,104029,'1192831',9279
104,104029,'1192874',9280
104,104029,'1192986',9281
104,104029,'1192990',9282
104,104029,'1193096',9283
104,104029,'1193112',9284
104,104029,'1193117',9285
104,104029,'1193136',9286
104,104029,'1193149',9287
104,104029,'1193215',9288
104,104029,'1193253',9289
104,104029,'1193281',9290
105,105019,'1190616',9291
105,105019,'1190769',9292
105,105019,'1190825',9293
105,105019,'1190865',9294
105,105019,'1190975',9295
105,105019,'1190992',9296
105,105019,'1190998',9297
105,105019,'1191007',9298
105,105019,'1191038',9299
105,105019,'1191063',9300
105,105019,'1191065',9301
105,105019,'1191145',9302
105,105019,'1191217',9303
105,105019,'1191294',9304
105,105019,'1191329',9305
105,105019,'1191413',9306
105,105019,'1191457',9307
105,105019,'1191557',9308
105,105019,'1191709',9309
105,105019,'1191750',9310
105,105019,'1191859',9311
105,105019,'1191891',9312
105,105019,'1192052',9313
105,105019,'1192113',9314
105,105019,'1192142',9315
105,105019,'1192176',9316
105,105019,'1192218',9317
105,105019,'1192236',9318
105,105019,'1192248',9319
105,105019,'1192267',9320
105,105019,'1192318',9321
105,105019,'1192337',9322
105,105019,'1192353',9323
105,105019,'1192579',9324
105,105019,'1192586',9325
105,105019,'1192598',9326
105,105019,'1192614',9327
105,105019,'1192661',9328
105,105019,'1192725',9329
105,105019,'1192735',9330
105,105019,'1192821',9331
105,105019,'1192836',9332
105,105019,'1192847',9333
105,105019,'1192875',9334
105,105019,'1193045',9335
105,105019,'1193298',9336
105,105029,'1190637',9337
105,105029,'1190832',9338
105,105029,'1190854',9339
105,105029,'1190856',9340
105,105029,'1190924',9341
105,105029,'1190926',9342
105,105029,'1190965',9343
105,105029,'1190981',9344
105,105029,'1191222',9345
105,105029,'1191223',9346
105,105029,'1191285',9347
105,105029,'1191307',9348
105,105029,'1191404',9349
105,105029,'1191423',9350
105,105029,'1191572',9351
105,105029,'1191670',9352
105,105029,'1191739',9353
105,105029,'1191784',9354
105,105029,'1191846',9355
105,105029,'1191848',9356
105,105029,'1191910',9357
105,105029,'1191936',9358
105,105029,'1192016',9359
105,105029,'1192019',9360
105,105029,'1192058',9361
105,105029,'1192150',9362
105,105029,'1192180',9363
105,105029,'1192198',9364
105,105029,'1192205',9365
105,105029,'1192224',9366
105,105029,'1192338',9367
105,105029,'1192379',9368
105,105029,'1192463',9369
105,105029,'1192488',9370
105,105029,'1192491',9371
105,105029,'1192500',9372
105,105029,'1192511',9373
105,105029,'1192662',9374
105,105029,'1192694',9375
105,105029,'1192728',9376
105,105029,'1193038',9377
105,105029,'1193130',9378
105,105029,'1193181',9379
105,105029,'1193225',9380
105,105029,'1193234',9381
105,105029,'1193316',9382
106,106019,'1190751',9383
106,106019,'1190960',9384
106,106019,'1191191',9385
106,106019,'1191645',9386
106,106019,'1192317',9387
106,106019,'1192475',9388
106,106029,'1190782',9389
106,106029,'1191556',9390
106,106029,'1191771',9391
106,106029,'1192044',9392
106,106029,'1192429',9393
106,106029,'1193063',9394
140001,140001019,'1190631',9395
140001,140001019,'1190636',9396
140001,140001019,'1190649',9397
140001,140001019,'1190660',9398
140001,140001019,'1190668',9399
140001,140001019,'1190697',9400
140001,140001019,'1190750',9401
140001,140001019,'1190763',9402
140001,140001019,'1190768',9403
140001,140001019,'1190802',9404
140001,140001019,'1190822',9405
140001,140001019,'1190830',9406
140001,140001019,'1190841',9407
140001,140001019,'1190852',9408
140001,140001019,'1190870',9409
140001,140001019,'1190873',9410
140001,140001019,'1190888',9411
140001,140001019,'1190922',9412
140001,140001019,'1190923',9413
140001,140001019,'1190968',9414
140001,140001019,'1190976',9415
140001,140001019,'1190979',9416
140001,140001019,'1190980',9417
140001,140001019,'1190982',9418
140001,140001019,'1190987',9419
140001,140001019,'1191035',9420
140001,140001019,'1191146',9421
140001,140001019,'1191160',9422
140001,140001019,'1191162',9423
140001,140001019,'1191165',9424
140001,140001019,'1191177',9425
140001,140001019,'1191204',9426
140001,140001019,'1191212',9427
140001,140001019,'1191215',9428
140001,140001019,'1191276',9429
140001,140001019,'1191289',9430
140001,140001019,'1191299',9431
140001,140001019,'1191305',9432
140001,140001019,'1191313',9433
140001,140001019,'1191331',9434
140001,140001019,'1191356',9435
140001,140001019,'1191364',9436
140001,140001019,'1191379',9437
140001,140001019,'1191393',9438
140001,140001019,'1191394',9439
140001,140001019,'1191473',9440
140001,140001019,'1191484',9441
140001,140001019,'1191489',9442
140001,140001019,'1191578',9443
140001,140001019,'1191592',9444
140001,140001019,'1191603',9445
140001,140001019,'1191608',9446
140001,140001019,'1191621',9447
140001,140001019,'1191634',9448
140001,140001019,'1191651',9449
140001,140001019,'1191665',9450
140001,140001019,'1191677',9451
140001,140001019,'1191683',9452
140001,140001019,'1191720',9453
140001,140001019,'1191753',9454
140001,140001019,'1191755',9455
140001,140001019,'1191764',9456
140001,140001019,'1191766',9457
140001,140001019,'1191775',9458
140001,140001019,'1191778',9459
140001,140001019,'1191783',9460
140001,140001019,'1191828',9461
140001,140001019,'1191833',9462
140001,140001019,'1191839',9463
140001,140001019,'1191847',9464
140001,140001019,'1191860',9465
140001,140001019,'1191878',9466
140001,140001019,'1191907',9467
140001,140001019,'1191924',9468
140001,140001019,'1191986',9469
140001,140001019,'1191995',9470
140001,140001019,'1192017',9471
140001,140001019,'1192024',9472
140001,140001019,'1192066',9473
140001,140001019,'1192107',9474
140001,140001019,'1192144',9475
140001,140001019,'1192184',9476
140001,140001019,'1192207',9477
140001,140001019,'1192211',9478
140001,140001019,'1192278',9479
140001,140001019,'1192346',9480
140001,140001019,'1192348',9481
140001,140001019,'1192349',9482
140001,140001019,'1192369',9483
140001,140001019,'1192375',9484
140001,140001019,'1192393',9485
140001,140001019,'1192397',9486
140001,140001019,'1192398',9487
140001,140001019,'1192407',9488
140001,140001019,'1192409',9489
140001,140001019,'1192507',9490
140001,140001019,'1192524',9491
140001,140001019,'1192535',9492
140001,140001019,'1192537',9493
140001,140001019,'1192551',9494
140001,140001019,'1192620',9495
140001,140001019,'1192630',9496
140001,140001019,'1192655',9497
140001,140001019,'1192688',9498
140001,140001019,'1192690',9499
140001,140001019,'1192691',9500
140001,140001019,'1192720',9501
140001,140001019,'1192769',9502
140001,140001019,'1192797',9503
140001,140001019,'1192798',9504
140001,140001019,'1192805',9505
140001,140001019,'1192806',9506
140001,140001019,'1192822',9507
140001,140001019,'1192844',9508
140001,140001019,'1192862',9509
140001,140001019,'1192889',9510
140001,140001019,'1192903',9511
140001,140001019,'1192904',9512
140001,140001019,'1192960',9513
140001,140001019,'1192983',9514
140001,140001019,'1192989',9515
140001,140001019,'1192993',9516
140001,140001019,'1193007',9517
140001,140001019,'1193020',9518
140001,140001019,'1193031',9519
140001,140001019,'1193032',9520
140001,140001019,'1193078',9521
140001,140001019,'1193098',9522
140001,140001019,'1193106',9523
140001,140001019,'1193123',9524
140001,140001019,'1193183',9525
140001,140001019,'1193198',9526
140001,140001019,'1193200',9527
140001,140001019,'1193214',9528
140001,140001019,'1193222',9529
140001,140001019,'1193255',9530
140001,140001019,'1193261',9531
140001,140001029,'1190599',9532
140001,140001029,'1190600',9533
140001,140001029,'1190621',9534
140001,140001029,'1190654',9535
140001,140001029,'1190676',9536
140001,140001029,'1190705',9537
140001,140001029,'1190711',9538
140001,140001029,'1190715',9539
140001,140001029,'1190737',9540
140001,140001029,'1190823',9541
140001,140001029,'1190849',9542
140001,140001029,'1190851',9543
140001,140001029,'1190861',9544
140001,140001029,'1190919',9545
140001,140001029,'1190942',9546
140001,140001029,'1190950',9547
140001,140001029,'1190977',9548
140001,140001029,'1191006',9549
140001,140001029,'1191022',9550
140001,140001029,'1191026',9551
140001,140001029,'1191051',9552
140001,140001029,'1191073',9553
140001,140001029,'1191077',9554
140001,140001029,'1191100',9555
140001,140001029,'1191110',9556
140001,140001029,'1191120',9557
140001,140001029,'1191183',9558
140001,140001029,'1191185',9559
140001,140001029,'1191195',9560
140001,140001029,'1191197',9561
140001,140001029,'1191229',9562
140001,140001029,'1191239',9563
140001,140001029,'1191241',9564
140001,140001029,'1191249',9565
140001,140001029,'1191251',9566
140001,140001029,'1191260',9567
140001,140001029,'1191273',9568
140001,140001029,'1191279',9569
140001,140001029,'1191347',9570
140001,140001029,'1191349',9571
140001,140001029,'1191357',9572
140001,140001029,'1191358',9573
140001,140001029,'1191362',9574
140001,140001029,'1191369',9575
140001,140001029,'1191374',9576
140001,140001029,'1191422',9577
140001,140001029,'1191436',9578
140001,140001029,'1191459',9579
140001,140001029,'1191461',9580
140001,140001029,'1191510',9581
140001,140001029,'1191569',9582
140001,140001029,'1191585',9583
140001,140001029,'1191594',9584
140001,140001029,'1191599',9585
140001,140001029,'1191617',9586
140001,140001029,'1191627',9587
140001,140001029,'1191654',9588
140001,140001029,'1191672',9589
140001,140001029,'1191688',9590
140001,140001029,'1191700',9591
140001,140001029,'1191703',9592
140001,140001029,'1191748',9593
140001,140001029,'1191749',9594
140001,140001029,'1191752',9595
140001,140001029,'1191781',9596
140001,140001029,'1191787',9597
140001,140001029,'1191809',9598
140001,140001029,'1191814',9599
140001,140001029,'1191822',9600
140001,140001029,'1191880',9601
140001,140001029,'1191895',9602
140001,140001029,'1191933',9603
140001,140001029,'1191962',9604
140001,140001029,'1191971',9605
140001,140001029,'1191993',9606
140001,140001029,'1192009',9607
140001,140001029,'1192030',9608
140001,140001029,'1192075',9609
140001,140001029,'1192076',9610
140001,140001029,'1192085',9611
140001,140001029,'1192192',9612
140001,140001029,'1192204',9613
140001,140001029,'1192231',9614
140001,140001029,'1192238',9615
140001,140001029,'1192242',9616
140001,140001029,'1192251',9617
140001,140001029,'1192270',9618
140001,140001029,'1192275',9619
140001,140001029,'1192298',9620
140001,140001029,'1192358',9621
140001,140001029,'1192364',9622
140001,140001029,'1192382',9623
140001,140001029,'1192427',9624
140001,140001029,'1192462',9625
140001,140001029,'1192467',9626
140001,140001029,'1192479',9627
140001,140001029,'1192506',9628
140001,140001029,'1192539',9629
140001,140001029,'1192548',9630
140001,140001029,'1192550',9631
140001,140001029,'1192559',9632
140001,140001029,'1192568',9633
140001,140001029,'1192571',9634
140001,140001029,'1192572',9635
140001,140001029,'1192575',9636
140001,140001029,'1192584',9637
140001,140001029,'1192594',9638
140001,140001029,'1192612',9639
140001,140001029,'1192644',9640
140001,140001029,'1192648',9641
140001,140001029,'1192665',9642
140001,140001029,'1192677',9643
140001,140001029,'1192732',9644
140001,140001029,'1192736',9645
140001,140001029,'1192755',9646
140001,140001029,'1192762',9647
140001,140001029,'1192794',9648
140001,140001029,'1192842',9649
140001,140001029,'1192858',9650
140001,140001029,'1192901',9651
140001,140001029,'1192907',9652
140001,140001029,'1192922',9653
140001,140001029,'1192938',9654
140001,140001029,'1192969',9655
140001,140001029,'1193035',9656
140001,140001029,'1193142',9657
140001,140001029,'1193157',9658
140001,140001029,'1193158',9659
140001,140001029,'1193196',9660
140001,140001029,'1193202',9661
140001,140001029,'1193206',9662
140001,140001029,'1193223',9663
140001,140001029,'1193237',9664
140001,140001029,'1193252',9665
140001,140001029,'1193289',9666
140001,140001029,'1193293',9667
140001,140001029,'1193306',9668
190001,190001019,'1190598',9669
190001,190001019,'1190613',9670
190001,190001019,'1190615',9671
190001,190001019,'1190624',9672
190001,190001019,'1190632',9673
190001,190001019,'1190653',9674
190001,190001019,'1190666',9675
190001,190001019,'1190680',9676
190001,190001019,'1190692',9677
190001,190001019,'1190714',9678
190001,190001019,'1190729',9679
190001,190001019,'1190735',9680
190001,190001019,'1190745',9681
190001,190001019,'1190783',9682
190001,190001019,'1190786',9683
190001,190001019,'1190790',9684
190001,190001019,'1190808',9685
190001,190001019,'1190834',9686
190001,190001019,'1190840',9687
190001,190001019,'1190855',9688
190001,190001019,'1190862',9689
190001,190001019,'1190871',9690
190001,190001019,'1190886',9691
190001,190001019,'1190903',9692
190001,190001019,'1190944',9693
190001,190001019,'1190949',9694
190001,190001019,'1190964',9695
190001,190001019,'1190983',9696
190001,190001019,'1190984',9697
190001,190001019,'1190988',9698
190001,190001019,'1190993',9699
190001,190001019,'1191036',9700
190001,190001019,'1191044',9701
190001,190001019,'1191070',9702
190001,190001019,'1191112',9703
190001,190001019,'1191119',9704
190001,190001019,'1191129',9705
190001,190001019,'1191166',9706
190001,190001019,'1191178',9707
190001,190001019,'1191219',9708
190001,190001019,'1191250',9709
190001,190001019,'1191298',9710
190001,190001019,'1191309',9711
190001,190001019,'1191315',9712
190001,190001019,'1191323',9713
190001,190001019,'1191330',9714
190001,190001019,'1191334',9715
190001,190001019,'1191371',9716
190001,190001019,'1191372',9717
190001,190001019,'1191373',9718
190001,190001019,'1191411',9719
190001,190001019,'1191412',9720
190001,190001019,'1191437',9721
190001,190001019,'1191442',9722
190001,190001019,'1191490',9723
190001,190001019,'1191493',9724
190001,190001019,'1191506',9725
190001,190001019,'1191521',9726
190001,190001019,'1191531',9727
190001,190001019,'1191568',9728
190001,190001019,'1191583',9729
190001,190001019,'1191618',9730
190001,190001019,'1191655',9731
190001,190001019,'1191682',9732
190001,190001019,'1191728',9733
190001,190001019,'1191731',9734
190001,190001019,'1191732',9735
190001,190001019,'1191858',9736
190001,190001019,'1191862',9737
190001,190001019,'1191875',9738
190001,190001019,'1191876',9739
190001,190001019,'1191896',9740
190001,190001019,'1191906',9741
190001,190001019,'1191913',9742
190001,190001019,'1191916',9743
190001,190001019,'1191951',9744
190001,190001019,'1191981',9745
190001,190001019,'1192041',9746
190001,190001019,'1192042',9747
190001,190001019,'1192048',9748
190001,190001019,'1192068',9749
190001,190001019,'1192122',9750
190001,190001019,'1192149',9751
190001,190001019,'1192170',9752
190001,190001019,'1192174',9753
190001,190001019,'1192178',9754
190001,190001019,'1192182',9755
190001,190001019,'1192193',9756
190001,190001019,'1192214',9757
190001,190001019,'1192221',9758
190001,190001019,'1192232',9759
190001,190001019,'1192258',9760
190001,190001019,'1192297',9761
190001,190001019,'1192312',9762
190001,190001019,'1192323',9763
190001,190001019,'1192325',9764
190001,190001019,'1192328',9765
190001,190001019,'1192331',9766
190001,190001019,'1192342',9767
190001,190001019,'1192373',9768
190001,190001019,'1192418',9769
190001,190001019,'1192495',9770
190001,190001019,'1192499',9771
190001,190001019,'1192504',9772
190001,190001019,'1192510',9773
190001,190001019,'1192549',9774
190001,190001019,'1192555',9775
190001,190001019,'1192562',9776
190001,190001019,'1192597',9777
190001,190001019,'1192623',9778
190001,190001019,'1192634',9779
190001,190001019,'1192700',9780
190001,190001019,'1192705',9781
190001,190001019,'1192721',9782
190001,190001019,'1192738',9783
190001,190001019,'1192780',9784
190001,190001019,'1192804',9785
190001,190001019,'1192819',9786
190001,190001019,'1192850',9787
190001,190001019,'1192871',9788
190001,190001019,'1192899',9789
190001,190001019,'1192937',9790
190001,190001019,'1192956',9791
190001,190001019,'1192985',9792
190001,190001019,'1193021',9793
190001,190001019,'1193026',9794
190001,190001019,'1193027',9795
190001,190001019,'1193047',9796
190001,190001019,'1193085',9797
190001,190001019,'1193107',9798
190001,190001019,'1193134',9799
190001,190001019,'1193154',9800
190001,190001019,'1193155',9801
190001,190001019,'1193192',9802
190001,190001019,'1193224',9803
190001,190001019,'1193286',9804
190001,190001019,'1193303',9805
190001,190001019,'1193314',9806
190001,190001029,'1190604',9807
190001,190001029,'1190620',9808
190001,190001029,'1190635',9809
190001,190001029,'1190652',9810
190001,190001029,'1190699',9811
190001,190001029,'1190704',9812
190001,190001029,'1190726',9813
190001,190001029,'1190746',9814
190001,190001029,'1190747',9815
190001,190001029,'1190752',9816
190001,190001029,'1190800',9817
190001,190001029,'1190837',9818
190001,190001029,'1190876',9819
190001,190001029,'1190881',9820
190001,190001029,'1190882',9821
190001,190001029,'1190898',9822
190001,190001029,'1190900',9823
190001,190001029,'1190913',9824
190001,190001029,'1190939',9825
190001,190001029,'1191041',9826
190001,190001029,'1191131',9827
190001,190001029,'1191140',9828
190001,190001029,'1191151',9829
190001,190001029,'1191155',9830
190001,190001029,'1191175',9831
190001,190001029,'1191188',9832
190001,190001029,'1191192',9833
190001,190001029,'1191210',9834
190001,190001029,'1191272',9835
190001,190001029,'1191286',9836
190001,190001029,'1191290',9837
190001,190001029,'1191343',9838
190001,190001029,'1191359',9839
190001,190001029,'1191421',9840
190001,190001029,'1191463',9841
190001,190001029,'1191487',9842
190001,190001029,'1191580',9843
190001,190001029,'1191605',9844
190001,190001029,'1191633',9845
190001,190001029,'1191662',9846
190001,190001029,'1191689',9847
190001,190001029,'1191715',9848
190001,190001029,'1191738',9849
190001,190001029,'1191741',9850
190001,190001029,'1191763',9851
190001,190001029,'1191769',9852
190001,190001029,'1191772',9853
190001,190001029,'1191819',9854
190001,190001029,'1191840',9855
190001,190001029,'1191845',9856
190001,190001029,'1191890',9857
190001,190001029,'1191949',9858
190001,190001029,'1191957',9859
190001,190001029,'1191961',9860
190001,190001029,'1192025',9861
190001,190001029,'1192034',9862
190001,190001029,'1192074',9863
190001,190001029,'1192078',9864
190001,190001029,'1192086',9865
190001,190001029,'1192094',9866
190001,190001029,'1192100',9867
190001,190001029,'1192108',9868
190001,190001029,'1192115',9869
190001,190001029,'1192131',9870
190001,190001029,'1192167',9871
190001,190001029,'1192168',9872
190001,190001029,'1192196',9873
190001,190001029,'1192215',9874
190001,190001029,'1192300',9875
190001,190001029,'1192307',9876
190001,190001029,'1192321',9877
190001,190001029,'1192327',9878
190001,190001029,'1192333',9879
190001,190001029,'1192357',9880
190001,190001029,'1192359',9881
190001,190001029,'1192363',9882
190001,190001029,'1192384',9883
190001,190001029,'1192390',9884
190001,190001029,'1192392',9885
190001,190001029,'1192394',9886
190001,190001029,'1192400',9887
190001,190001029,'1192402',9888
190001,190001029,'1192405',9889
190001,190001029,'1192414',9890
190001,190001029,'1192419',9891
190001,190001029,'1192438',9892
190001,190001029,'1192439',9893
190001,190001029,'1192455',9894
190001,190001029,'1192476',9895
190001,190001029,'1192483',9896
190001,190001029,'1192502',9897
190001,190001029,'1192514',9898
190001,190001029,'1192552',9899
190001,190001029,'1192557',9900
190001,190001029,'1192563',9901
190001,190001029,'1192591',9902
190001,190001029,'1192595',9903
190001,190001029,'1192601',9904
190001,190001029,'1192619',9905
190001,190001029,'1192629',9906
190001,190001029,'1192672',9907
190001,190001029,'1192689',9908
190001,190001029,'1192702',9909
190001,190001029,'1192706',9910
190001,190001029,'1192712',9911
190001,190001029,'1192759',9912
190001,190001029,'1192761',9913
190001,190001029,'1192765',9914
190001,190001029,'1192818',9915
190001,190001029,'1192833',9916
190001,190001029,'1192834',9917
190001,190001029,'1192883',9918
190001,190001029,'1192908',9919
190001,190001029,'1192931',9920
190001,190001029,'1192934',9921
190001,190001029,'1192949',9922
190001,190001029,'1192974',9923
190001,190001029,'1192979',9924
190001,190001029,'1192998',9925
190001,190001029,'1193024',9926
190001,190001029,'1193025',9927
190001,190001029,'1193033',9928
190001,190001029,'1193044',9929
190001,190001029,'1193133',9930
190001,190001029,'1193135',9931
190001,190001029,'1193172',9932
190001,190001029,'1193204',9933
190001,190001029,'1193207',9934
190001,190001029,'1193228',9935
190001,190001029,'1193238',9936
190001,190001029,'1193246',9937
190001,190001029,'1193250',9938
190001,190001029,'1193257',9939
190001,190001029,'1193265',9940
190001,190001029,'1193266',9941
190001,190001029,'1193267',9942
190001,190001029,'1193270',9943
190001,190001029,'1193276',9944
