105029,'1184521',1736,,6491,7,,,0
105029,'1184537',1306,,6492,7,,,0
105029,'1184580',850,,6493,7,,,0
105029,'1184670',1521,,6494,7,,,0
105029,'1184683',1119,,6495,7,,,0
105029,'1184808',2250,,6496,7,,,0
105029,'1184833',951,,6497,7,,,0
105029,'1184834',2355,,6498,7,,,0
105029,'1184863',1206,,6499,7,,,0
105029,'1185104',1705,,6500,7,,,0
105029,'1185135',650,,6501,7,,,0
105029,'1185184',1305,,6502,7,,,0
105029,'1185215',1605,,6503,7,,,0
105029,'1185318',1319,,6504,7,,,0
105029,'1185332',1820,,6505,7,,,0
105029,'1185350',1950,,6506,7,,,0
105029,'1185359',2150,,6507,7,,,0
105029,'1185398',1005,,6508,7,,,0
105029,'1185412',804,,6509,7,,,0
105029,'1185440',1606,,6510,7,,,0
105029,'1185523',1405,,6511,7,,,0
105029,'1185630',2319,,6512,7,,,0
105029,'1185668',720,,6513,7,,,0
105029,'1185720',1919,,6514,7,,,0
105029,'1185827',2050,,6515,7,,,0
105029,'1185938',1421,,6516,7,,,0
105029,'1186005',1636,,6517,7,,,0
105029,'1186007',604,,6518,7,,,0
105029,'1186279',1451,,6519,7,,,0
105029,'1186282',1351,,6520,7,,,0
105029,'1186299',1505,,6521,7,,,0
105029,'1186335',2404,,6522,7,,,0
105029,'1186345',2119,,6523,7,,,0
105029,'1186387',1105,,6524,7,,,0
105029,'1186470',1051,,6525,7,,,0
105029,'1186485',2204,,6526,7,,,0
105029,'1186492',919,,6527,7,,,0
105029,'1186520',1719,,6528,7,,,0
105029,'1186715',719,,6529,7,,,0
105029,'1186740',1205,,6530,7,,,0
105029,'1186861',620,,6531,7,,,0
105029,'1186874',1706,,6532,7,,,0
105029,'1186924',1805,,6533,7,,,0
105029,'1187005',750,,6534,7,,,0
105029,'1187093',1519,,6535,7,,,0
105029,'1187132',2004,,6536,7,,,0
106019,'1185164',1651,,6537,7,,,0
106019,'1185303',1806,,6538,7,,,0
106019,'1185356',705,,6539,7,,,0
106019,'1185885',820,,6540,7,,,0
106019,'1186388',935,,6541,7,,,0
106019,'1186998',1536,,6542,7,,,0
140001029,'1184487',1220,,6686,7,,,0
140001029,'1184523',1150,,6687,7,,,0
140001029,'1184532',1251,,6688,7,,,0
140001029,'1184545',1235,,6689,7,,,0
140001029,'1184572',1320,,6690,7,,,0
140001029,'1184596',1305,,6691,7,,,0
140001029,'1184611',1820,,6692,7,,,0
140001029,'1184643',1650,,6693,7,,,0
140001029,'1184666',1221,,6694,7,,,0
140001029,'1184678',2150,,6695,7,,,0
140001029,'1184696',1635,,6696,7,,,0
140001029,'1184723',1236,,6697,7,,,0
140001029,'1184733',1036,,6698,7,,,0
140001029,'1184740',1505,,6699,7,,,0
140001029,'1184751',1121,,6700,7,,,0
140001029,'1184762',704,,6701,7,,,0
140001029,'1184767',1621,,6702,7,,,0
140001029,'1184776',1920,,6703,7,,,0
140001029,'1184780',2020,,6704,7,,,0
140001029,'1184781',1750,,6705,7,,,0
140001029,'1184800',2320,,6706,7,,,0
140001029,'1184831',1950,,6707,7,,,0
140001029,'1184857',2149,,6708,7,,,0
140001029,'1184870',1035,,6709,7,,,0
140001029,'1184882',1005,,6710,7,,,0
140001029,'1184900',2354,,6711,7,,,0
140001029,'1184931',1406,,6712,7,,,0
140001029,'1184953',1521,,6713,7,,,0
140001029,'1184965',720,,6714,7,,,0
140001029,'1184976',1106,,6715,7,,,0
140001029,'1184985',1021,,6716,7,,,0
140001029,'1185004',1935,,6717,7,,,0
140001029,'1185040',920,,6718,7,,,0
140001029,'1185096',1020,,6719,7,,,0
140001029,'1185109',2050,,6720,7,,,0
140001029,'1185174',1336,,6721,7,,,0
140001029,'1185247',850,,6722,7,,,0
140001029,'1185256',720,,6723,7,,,0
140001029,'1185257',1435,,6724,7,,,0
140001029,'1185304',1805,,6725,7,,,0
140001029,'1185316',2220,,6726,7,,,0
140001029,'1185342',1706,,6727,7,,,0
140001029,'1185346',1136,,6728,7,,,0
140001029,'1185371',1405,,6729,7,,,0
140001029,'1185385',1720,,6730,7,,,0
140001029,'1185388',1321,,6731,7,,,0
140001029,'1185402',1620,,6732,7,,,0
140001029,'1185435',619,,6733,7,,,0
140001029,'1185441',719,,6734,7,,,0
140001029,'1185468',1736,,6735,7,,,0
140001029,'1185499',1905,,6736,7,,,0
140001029,'1185510',750,,6737,7,,,0
140001029,'1185522',1320,,6738,7,,,0
140001029,'1185551',734,,6739,7,,,0
140001029,'1185563',1506,,6740,7,,,0
140001029,'1185567',1705,,6741,7,,,0
140001029,'1185607',1351,,6742,7,,,0
140001029,'1185628',1750,,6743,7,,,0
140001029,'1185671',1520,,6744,7,,,0
140001029,'1185679',1151,,6745,7,,,0
140001029,'1185702',2005,,6746,7,,,0
140001029,'1185711',2350,,6747,7,,,0
140001029,'1185756',2020,,6748,7,,,0
140001029,'1185763',820,,6749,7,,,0
140001029,'1185777',1421,,6750,7,,,0
140001029,'1185793',1550,,6751,7,,,0
140001029,'1185797',1850,,6752,7,,,0
140001029,'1185815',1820,,6753,7,,,0
140001029,'1185853',749,,6754,7,,,0
140001029,'1185876',1950,,6755,7,,,0
140001029,'1185896',1120,,6756,7,,,0
140001029,'1185897',1720,,6757,7,,,0
140001029,'1185924',1835,,6758,7,,,0
140001029,'1185928',1520,,6759,7,,,0
140001029,'1185944',1135,,6760,7,,,0
140001029,'1185980',950,,6761,7,,,0
140001029,'1185984',1420,,6762,7,,,0
140001029,'1186002',1735,,6763,7,,,0
140001029,'1186021',1850,,6764,7,,,0
140001029,'1186022',804,,6765,7,,,0
140001029,'1186035',2120,,6766,7,,,0
140001029,'1186103',1051,,6767,7,,,0
140001029,'1186112',1020,,6768,7,,,0
140001029,'1186174',650,,6769,7,,,0
140001029,'1186176',1651,,6770,7,,,0
140001029,'1186187',2035,,6771,7,,,0
140001029,'1186218',1350,,6772,7,,,0
140001029,'1186240',1436,,6773,7,,,0
140001029,'1186266',2050,,6774,7,,,0
140001029,'1186274',1451,,6775,7,,,0
140001029,'1186303',934,,6776,7,,,0
140001029,'1186317',2120,,6777,7,,,0
140001029,'1186323',634,,6778,7,,,0
140001029,'1186378',1920,,6779,7,,,0
140001029,'1186417',2250,,6780,7,,,0
140001029,'1186420',1205,,6781,7,,,0
140001029,'1186427',1306,,6782,7,,,0
140001029,'1186430',2249,,6783,7,,,0
140001029,'1186433',1605,,6784,7,,,0
140001029,'1186493',1105,,6785,7,,,0
140001029,'1186539',1820,,6786,7,,,0
140001029,'1186545',1050,,6787,7,,,0
140001029,'1186559',820,,6788,7,,,0
140001029,'1186566',849,,6789,7,,,0
140001029,'1186576',1206,,6790,7,,,0
140001029,'1186590',2020,,6791,7,,,0
140001029,'1186596',2220,,6792,7,,,0
140001029,'1186608',1835,,6793,7,,,0
140001029,'1186723',2320,,6794,7,,,0
140001029,'1186732',920,,6795,7,,,0
140001029,'1186744',1606,,6796,7,,,0
140001029,'1186760',2219,,6797,7,,,0
140001029,'1186781',935,,6798,7,,,0
140001029,'1186810',819,,6799,7,,,0
140001029,'1186881',1420,,6800,7,,,0
140001029,'1186898',1721,,6801,7,,,0
140001029,'1186900',1450,,6802,7,,,0
140001029,'1186917',1335,,6803,7,,,0
140001029,'1186920',1551,,6804,7,,,0
140001029,'1186925',1620,,6805,7,,,0
140001029,'1186940',949,,6806,7,,,0
140001029,'1186951',834,,6807,7,,,0
140001029,'1186956',1120,,6808,7,,,0
140001029,'1186959',904,,6809,7,,,0
140001029,'1186999',1805,,6810,7,,,0
140001029,'1187010',1220,,6811,7,,,0
140001029,'1187020',1920,,6812,7,,,0
140001029,'1187022',2119,,6813,7,,,0
140001029,'1187041',2319,,6814,7,,,0
140001029,'1187068',620,,6815,7,,,0
140001029,'1187085',1006,,6816,7,,,0
140001029,'1187109',919,,6817,7,,,0
140001029,'1187115',1636,,6818,7,,,0
140001029,'1187118',1250,,6819,7,,,0
140001029,'1187136',649,,6820,7,,,0
140001029,'1187143',1536,,6821,7,,,0
140001029,'1187162',1535,,6822,7,,,0
