3029,'1190608',758,,7499,21,,,0
3029,'1190611',1944,,7500,21,,,0
3029,'1190627',1747,,7501,21,,,0
3029,'1190644',1518,,7502,21,,,0
3029,'1190703',858,,7503,21,,,0
3029,'1190736',1218,,7504,21,,,0
3029,'1190789',1647,,7505,21,,,0
3029,'1190824',2244,,7506,21,,,0
3029,'1190826',1058,,7507,21,,,0
3029,'1190828',1758,,7508,21,,,0
3029,'1190874',746,,7509,21,,,0
3029,'1190893',1158,,7510,21,,,0
3029,'1190909',1116,,7511,21,,,0
3029,'1190946',1447,,7512,21,,,0
3029,'1190994',744,,7513,21,,,0
3029,'1191014',916,,7514,21,,,0
3029,'1191024',1818,,7515,21,,,0
3029,'1191040',1548,,7516,21,,,0
3029,'1191098',1844,,7517,21,,,0
3029,'1191158',2344,,7518,21,,,0
3029,'1191226',944,,7519,21,,,0
3029,'1191231',1248,,7520,21,,,0
3029,'1191245',958,,7521,21,,,0
3029,'1191258',716,,7522,21,,,0
3029,'1191314',1448,,7523,21,,,0
3029,'1191341',1558,,7524,21,,,0
3029,'1191381',1658,,7525,21,,,0
3029,'1191407',2158,,7526,21,,,0
3029,'1191474',2358,,7527,21,,,0
3029,'1191535',1044,,7528,21,,,0
3029,'1191540',1748,,7529,21,,,0
3029,'1191586',2244,,7530,21,,,0
3029,'1191666',2144,,7531,21,,,0
3029,'1191712',1418,,7532,21,,,0
3029,'1191791',1648,,7533,21,,,0
3029,'1191888',1958,,7534,21,,,0
3029,'1191899',1944,,7535,21,,,0
3029,'1191925',1547,,7536,21,,,0
3029,'1191939',2341,,7537,21,,,0
3029,'1192011',1858,,7538,21,,,0
3029,'1192084',2144,,7539,21,,,0
3029,'1192087',946,,7540,21,,,0
3029,'1192092',1358,,7541,21,,,0
3029,'1192097',644,,7542,21,,,0
3029,'1192186',1844,,7543,21,,,0
3029,'1192237',1347,,7544,21,,,0
3029,'1192250',2258,,7545,21,,,0
3029,'1192257',1718,,7546,21,,,0
3029,'1192374',2044,,7547,21,,,0
3029,'1192469',1148,,7548,21,,,0
3029,'1192581',2058,,7549,21,,,0
3029,'1192585',1247,,7550,21,,,0
3029,'1192635',846,,7551,21,,,0
3029,'1192717',646,,7552,21,,,0
3029,'1192825',1258,,7553,21,,,0
3029,'1192832',1318,,7554,21,,,0
3029,'1192839',2044,,7555,21,,,0
3029,'1192856',1016,,7556,21,,,0
3029,'1192861',1046,,7557,21,,,0
3029,'1193034',1458,,7558,21,,,0
3029,'1193061',844,,7559,21,,,0
3029,'1193095',816,,7560,21,,,0
3029,'1193126',1618,,7561,21,,,0
3029,'1193264',1147,,7562,21,,,0
3029,'1193282',1348,,7563,21,,,0
