10019,'1184485',2244,,4718,4,,,0
10019,'1184494',1444,,4719,4,,,0
10019,'1184588',2344,,4720,4,,,0
10019,'1184691',1344,,4721,4,,,0
10019,'1184710',2114,,4722,4,,,0
10019,'1184801',744,,4723,4,,,0
10019,'1184804',1644,,4724,4,,,0
10019,'1184847',1544,,4725,4,,,0
10019,'1184932',1244,,4726,4,,,0
10019,'1184956',1044,,4727,4,,,0
10019,'1185047',1144,,4728,4,,,0
10019,'1185103',2214,,4729,4,,,0
10019,'1185108',1044,,4730,4,,,0
10019,'1185124',1914,,4731,4,,,0
10019,'1185132',2244,,4732,4,,,0
10019,'1185156',1844,,4733,4,,,0
10019,'1185169',1814,,4734,4,,,0
10019,'1185191',1544,,4735,4,,,0
10019,'1185198',2044,,4736,4,,,0
10019,'1185284',814,,4737,4,,,0
10019,'1185333',1744,,4738,4,,,0
10019,'1185450',1744,,4739,4,,,0
10019,'1185473',1514,,4740,4,,,0
10019,'1185509',1844,,4741,4,,,0
10019,'1185547',1544,,4742,4,,,0
10019,'1185581',1444,,4743,4,,,0
10019,'1185594',944,,4744,4,,,0
10019,'1185618',1644,,4745,4,,,0
10019,'1185663',944,,4746,4,,,0
10019,'1185672',644,,4747,4,,,0
10019,'1185674',1044,,4748,4,,,0
10019,'1185752',644,,4749,4,,,0
10019,'1185771',1244,,4750,4,,,0
10019,'1185811',1614,,4751,4,,,0
10019,'1185892',2044,,4752,4,,,0
10019,'1185902',1444,,4753,4,,,0
10019,'1186039',844,,4754,4,,,0
10019,'1186042',1714,,4755,4,,,0
10019,'1186065',844,,4756,4,,,0
10019,'1186096',2014,,4757,4,,,0
10019,'1186123',944,,4758,4,,,0
10019,'1186214',2144,,4759,4,,,0
10019,'1186225',2144,,4760,4,,,0
10019,'1186253',1944,,4761,4,,,0
10019,'1186259',1644,,4762,4,,,0
10019,'1186300',714,,4763,4,,,0
10019,'1186368',1944,,4764,4,,,0
10019,'1186454',744,,4765,4,,,0
10019,'1186511',914,,4766,4,,,0
10019,'1186540',1344,,4767,4,,,0
10019,'1186560',1744,,4768,4,,,0
10019,'1186575',614,,4769,4,,,0
10019,'1186626',2314,,4770,4,,,0
10019,'1186703',1344,,4771,4,,,0
10019,'1186729',1144,,4772,4,,,0
10019,'1186922',844,,4773,4,,,0
10019,'1186978',1244,,4774,4,,,0
10019,'1187036',744,,4775,4,,,0
10019,'1187051',1144,,4776,4,,,0
10019,'1187191',2344,,4777,4,,,0
103029,'1184553',1902,,6317,10,,,0
103029,'1184582',1433,,6318,10,,,0
103029,'1184715',935,,6319,10,,,0
103029,'1184746',1311,,6320,10,,,0
103029,'1184852',1733,,6321,10,,,0
103029,'1184872',1648,,6322,10,,,0
103029,'1184905',2004,,6323,10,,,0
103029,'1185063',2202,,6324,10,,,0
103029,'1185157',805,,6325,10,,,0
103029,'1185199',1705,,6326,10,,,0
103029,'1185213',1405,,6327,10,,,0
103029,'1185276',1105,,6328,10,,,0
103029,'1185297',2211,,6329,10,,,0
103029,'1185363',1518,,6330,10,,,0
103029,'1185387',2041,,6331,10,,,0
103029,'1185393',1741,,6332,10,,,0
103029,'1185419',1002,,6333,10,,,0
103029,'1185520',1303,,6334,10,,,0
103029,'1185558',747,,6335,10,,,0
103029,'1185665',1235,,6336,10,,,0
103029,'1185765',1133,,6337,10,,,0
103029,'1185899',1603,,6338,10,,,0
103029,'1185963',2032,,6339,10,,,0
103029,'1185965',1834,,6340,10,,,0
103029,'1185975',1011,,6341,10,,,0
103029,'1186147',917,,6342,10,,,0
103029,'1186270',2332,,6343,10,,,0
103029,'1186276',1141,,6344,10,,,0
103029,'1186283',1535,,6345,10,,,0
103029,'1186305',1611,,6346,10,,,0
103029,'1186329',2304,,6347,10,,,0
103029,'1186366',635,,6348,10,,,0
103029,'1186405',832,,6349,10,,,0
103029,'1186699',702,,6350,10,,,0
103029,'1186983',2134,,6351,10,,,0
103029,'1187131',841,,6352,10,,,0
103029,'1187135',1911,,6353,10,,,0
103029,'1187151',1441,,6354,10,,,0
