14029,'1190709',1906,,8149,41,,,0
14029,'1190764',1806,,8150,41,,,0
14029,'1190906',706,,8151,41,,,0
14029,'1190920',2334,,8152,41,,,0
14029,'1190927',1637,,8153,41,,,0
14029,'1190947',2134,,8154,41,,,0
14029,'1191037',1507,,8155,41,,,0
14029,'1191042',1136,,8156,41,,,0
14029,'1191055',1034,,8157,41,,,0
14029,'1191078',836,,8158,41,,,0
14029,'1191085',734,,8159,41,,,0
14029,'1191268',2034,,8160,41,,,0
14029,'1191308',1436,,8161,41,,,0
14029,'1191322',1037,,8162,41,,,0
14029,'1191348',1237,,8163,41,,,0
14029,'1191415',2236,,8164,41,,,0
14029,'1191429',1836,,8165,41,,,0
14029,'1191444',934,,8166,41,,,0
14029,'1191520',1437,,8167,41,,,0
14029,'1191547',1536,,8168,41,,,0
14029,'1191620',1936,,8169,41,,,0
14029,'1191630',936,,8170,41,,,0
14029,'1191685',1134,,8171,41,,,0
14029,'1191690',1534,,8172,41,,,0
14029,'1191718',2336,,8173,41,,,0
14029,'1191777',936,,8174,41,,,0
14029,'1191810',736,,8175,41,,,0
14029,'1191843',1434,,8176,41,,,0
14029,'1191865',806,,8177,41,,,0
14029,'1191921',906,,8178,41,,,0
14029,'1191937',1234,,8179,41,,,0
14029,'1191955',836,,8180,41,,,0
14029,'1191980',2411,,8181,41,,,0
14029,'1192001',2306,,8182,41,,,0
14029,'1192032',834,,8183,41,,,0
14029,'1192051',1707,,8184,41,,,0
14029,'1192126',2234,,8185,41,,,0
14029,'1192347',2206,,8186,41,,,0
14029,'1192381',1834,,8187,41,,,0
14029,'1192383',1334,,8188,41,,,0
14029,'1192388',636,,8189,41,,,0
14029,'1192435',1636,,8190,41,,,0
14029,'1192473',2036,,8191,41,,,0
14029,'1192489',1607,,8192,41,,,0
14029,'1192580',2136,,8193,41,,,0
14029,'1192589',1734,,8194,41,,,0
14029,'1192627',1336,,8195,41,,,0
14029,'1192632',1236,,8196,41,,,0
14029,'1192674',1537,,8197,41,,,0
14029,'1192744',1634,,8198,41,,,0
14029,'1192787',1934,,8199,41,,,0
14029,'1192957',1736,,8200,41,,,0
14029,'1193009',1737,,8201,41,,,0
14029,'1193016',2106,,8202,41,,,0
14029,'1193023',2006,,8203,41,,,0
14029,'1193040',1137,,8204,41,,,0
14029,'1193048',736,,8205,41,,,0
14029,'1193064',1036,,8206,41,,,0
14029,'1193291',1337,,8207,41,,,0
