26019,'1184685',2112,,5755,15,4,,0
26019,'1184742',712,,5756,15,4,,0
26019,'1184955',1856,,5757,15,4,,0
26019,'1184964',1956,,5758,15,4,,0
26019,'1184996',1912,,5759,15,4,,0
26019,'1185012',1613,,5760,15,4,,0
26019,'1185046',2212,,5761,15,4,,0
26019,'1185086',1356,,5762,15,4,,0
26019,'1185230',2312,,5763,15,4,,0
26019,'1185237',1056,,5764,15,4,,0
26019,'1185360',1412,,5765,15,4,,0
26019,'1185364',2211,,5766,15,4,,0
26019,'1185370',1712,,5767,15,4,,0
26019,'1185415',1556,,5768,15,4,,0
26019,'1185423',1156,,5769,15,4,,0
26019,'1185487',1912,,5770,15,4,,0
26019,'1185514',1656,,5771,15,4,,0
26019,'1185540',756,,5772,15,4,,0
26019,'1185598',912,,5773,15,4,,0
26019,'1185603',1312,,5774,15,4,,0
26019,'1185627',1712,,5775,15,4,,0
26019,'1185632',1812,,5776,15,4,,0
26019,'1185655',1012,,5777,15,4,,0
26019,'1185664',1812,,5778,15,4,,0
26019,'1185694',1112,,5779,15,4,,0
26019,'1185728',812,,5780,15,4,,0
26019,'1185873',1042,,5781,15,4,,0
26019,'1186043',1242,,5782,15,4,,0
26019,'1186047',2156,,5783,15,4,,0
26019,'1186075',956,,5784,15,4,,0
26019,'1186159',1142,,5785,15,4,,0
26019,'1186179',2012,,5786,15,4,,0
26019,'1186190',2256,,5787,15,4,,0
26019,'1186208',1212,,5788,15,4,,0
26019,'1186223',1456,,5789,15,4,,0
26019,'1186292',1512,,5790,15,4,,0
26019,'1186376',1512,,5791,15,4,,0
26019,'1186465',612,,5792,15,4,,0
26019,'1186513',1442,,5793,15,4,,0
26019,'1186522',711,,5794,15,4,,0
26019,'1186524',611,,5795,15,4,,0
26019,'1186535',1756,,5796,15,4,,0
26019,'1186552',2056,,5797,15,4,,0
26019,'1186682',1012,,5798,15,4,,0
26019,'1186770',911,,5799,15,4,,0
26019,'1186790',2311,,5800,15,4,,0
26019,'1186794',811,,5801,15,4,,0
26019,'1186958',856,,5802,15,4,,0
26019,'1186994',1256,,5803,15,4,,0
26019,'1187013',1342,,5804,15,4,,0
26019,'1187074',2012,,5805,15,4,,0
26019,'1187076',1612,,5806,15,4,,0
26019,'1187117',2112,,5807,15,4,,0
26029,'1184491',1556,,5808,1,,,0
26029,'1184492',1856,,5809,1,,,0
26029,'1184542',2156,,5810,1,,,0
26029,'1184565',756,,5811,1,,,0
26029,'1184587',1242,,5812,1,,,0
26029,'1184648',611,,5813,1,,,0
26029,'1184690',1456,,5814,1,,,0
26029,'1184730',2012,,5815,1,,,0
26029,'1184818',1256,,5816,1,,,0
26029,'1184884',912,,5817,1,,,0
26029,'1184890',812,,5818,1,,,0
26029,'1184923',1342,,5819,1,,,0
26029,'1185032',956,,5820,1,,,0
26029,'1185059',1212,,5821,1,,,0
26029,'1185087',1056,,5822,1,,,0
26029,'1185151',1512,,5823,1,,,0
26029,'1185248',1312,,5824,1,,,0
26029,'1185261',1712,,5825,1,,,0
26029,'1185279',1512,,5826,1,,,0
26029,'1185365',612,,5827,1,,,0
26029,'1185438',2311,,5828,1,,,0
26029,'1185457',1956,,5829,1,,,0
26029,'1185492',1356,,5830,1,,,0
26029,'1185507',2312,,5831,1,,,0
26029,'1185525',1912,,5832,1,,,0
26029,'1185562',2256,,5833,1,,,0
26029,'1185570',1012,,5834,1,,,0
26029,'1185621',2112,,5835,1,,,0
26029,'1185650',911,,5836,1,,,0
26029,'1185697',1812,,5837,1,,,0
26029,'1185769',2212,,5838,1,,,0
26029,'1185799',1812,,5839,1,,,0
26029,'1185805',2056,,5840,1,,,0
26029,'1185849',712,,5841,1,,,0
26029,'1185956',1442,,5842,1,,,0
26029,'1185969',2112,,5843,1,,,0
26029,'1185972',1156,,5844,1,,,0
26029,'1185990',1112,,5845,1,,,0
26029,'1186111',2211,,5846,1,,,0
26029,'1186362',1912,,5847,1,,,0
26029,'1186441',1613,,5848,1,,,0
26029,'1186572',2012,,5849,1,,,0
26029,'1186604',856,,5850,1,,,0
26029,'1186612',711,,5851,1,,,0
26029,'1186623',1656,,5852,1,,,0
26029,'1186668',1612,,5853,1,,,0
26029,'1186684',1142,,5854,1,,,0
26029,'1186799',1712,,5855,1,,,0
26029,'1186884',1042,,5856,1,,,0
26029,'1186941',1012,,5857,1,,,0
26029,'1187039',1412,,5858,1,,,0
26029,'1187066',1756,,5859,1,,,0
26029,'1187195',811,,5860,1,,,0
