103029,'1190630',1058,,9163,2,,,0
103029,'1190665',1905,,9164,2,,,0
103029,'1190791',910,,9165,2,,,0
103029,'1190798',1126,,9166,2,,,0
103029,'1190809',1528,,9167,2,,,0
103029,'1190864',1426,,9168,2,,,0
103029,'1191002',758,,9169,2,,,0
103029,'1191061',1135,,9170,2,,,0
103029,'1191087',1435,,9171,2,,,0
103029,'1191104',1957,,9172,2,,,0
103029,'1191213',1511,,9173,2,,,0
103029,'1191266',1228,,9174,2,,,0
103029,'1191392',1005,,9175,2,,,0
103029,'1191472',2127,,9176,2,,,0
103029,'1191532',2325,,9177,2,,,0
103029,'1191567',1827,,9178,2,,,0
103029,'1191612',2035,,9179,2,,,0
103029,'1191756',2025,,9180,2,,,0
103029,'1191869',1305,,9181,2,,,0
103029,'1191909',740,,9182,2,,,0
103029,'1191948',1556,,9183,2,,,0
103029,'1192055',2155,,9184,2,,,0
103029,'1192191',2257,,9185,2,,,0
103029,'1192208',1726,,9186,2,,,0
103029,'1192508',1358,,9187,2,,,0
103029,'1192592',628,,9188,2,,,0
103029,'1192628',2205,,9189,2,,,0
103029,'1192659',655,,9190,2,,,0
103029,'1192683',1605,,9191,2,,,0
103029,'1192749',1658,,9192,2,,,0
103029,'1192860',1735,,9193,2,,,0
103029,'1192948',1256,,9194,2,,,0
103029,'1193006',835,,9195,2,,,0
103029,'1193036',955,,9196,2,,,0
103029,'1193074',825,,9197,2,,,0
103029,'1193169',1641,,9198,2,,,0
103029,'1193174',928,,9199,2,,,0
103029,'1193259',1855,,9200,2,,,0
