105029,'1190637',828,,9337,49,,,0
105029,'1190832',715,,9338,49,,,0
105029,'1190854',1518,,9339,49,,,0
105029,'1190856',1333,,9340,49,,,0
105029,'1190924',2420,,9341,49,,,0
105029,'1190926',1430,,9342,49,,,0
105029,'1190965',1448,,9343,49,,,0
105029,'1190981',645,,9344,49,,,0
105029,'1191222',2228,,9345,49,,,0
105029,'1191223',1703,,9346,49,,,0
105029,'1191285',2015,,9347,49,,,0
105029,'1191307',1548,,9348,49,,,0
105029,'1191404',1530,,9349,49,,,0
105029,'1191423',1418,,9350,49,,,0
105029,'1191572',1030,,9351,49,,,0
105029,'1191670',1746,,9352,49,,,0
105029,'1191739',1803,,9353,49,,,0
105029,'1191784',1330,,9354,49,,,0
105029,'1191846',1018,,9355,49,,,0
105029,'1191848',1233,,9356,49,,,0
105029,'1191910',2428,,9357,49,,,0
105029,'1191936',1546,,9358,49,,,0
105029,'1192016',745,,9359,49,,,0
105029,'1192019',1830,,9360,49,,,0
105029,'1192058',2346,,9361,49,,,0
105029,'1192150',746,,9362,49,,,0
105029,'1192180',1946,,9363,49,,,0
105029,'1192198',2315,,9364,49,,,0
105029,'1192205',628,,9365,49,,,0
105029,'1192224',1633,,9366,49,,,0
105029,'1192338',1845,,9367,49,,,0
105029,'1192379',2115,,9368,49,,,0
105029,'1192463',1346,,9369,49,,,0
105029,'1192488',1130,,9370,49,,,0
105029,'1192491',815,,9371,49,,,0
105029,'1192500',915,,9372,49,,,0
105029,'1192511',2028,,9373,49,,,0
105029,'1192662',1630,,9374,49,,,0
105029,'1192694',1118,,9375,49,,,0
105029,'1192728',2146,,9376,49,,,0
105029,'1193038',1230,,9377,49,,,0
105029,'1193130',1146,,9378,49,,,0
105029,'1193181',1730,,9379,49,,,0
105029,'1193225',1733,,9380,49,,,0
105029,'1193234',946,,9381,49,,,0
105029,'1193316',2215,,9382,49,,,0
