26019,'1190663',1755,,8601,12,,,0
26019,'1190721',1710,,8602,12,,,0
26019,'1190773',2110,,8603,12,,,0
26019,'1190816',1055,,8604,12,,,0
26019,'1190845',2010,,8605,12,,,0
26019,'1190884',1110,,8606,12,,,0
26019,'1190966',1910,,8607,12,,,0
26019,'1190973',955,,8608,12,,,0
26019,'1191004',1655,,8609,12,,,0
26019,'1191025',1140,,8610,12,,,0
26019,'1191095',2210,,8611,12,,,0
26019,'1191169',755,,8612,12,,,0
26019,'1191218',1810,,8613,12,,,0
26019,'1191263',1611,,8614,12,,,0
26019,'1191344',610,,8615,12,,,0
26019,'1191406',1955,,8616,12,,,0
26019,'1191417',1910,,8617,12,,,0
26019,'1191428',1810,,8618,12,,,0
26019,'1191505',1410,,8619,12,,,0
26019,'1191534',2155,,8620,12,,,0
26019,'1191563',1255,,8621,12,,,0
26019,'1191610',1555,,8622,12,,,0
26019,'1191650',910,,8623,12,,,0
26019,'1191698',1610,,8624,12,,,0
26019,'1191711',1710,,8625,12,,,0
26019,'1191759',1310,,8626,12,,,0
26019,'1191851',2255,,8627,12,,,0
26019,'1191911',2210,,8628,12,,,0
26019,'1192083',710,,8629,12,,,0
26019,'1192096',610,,8630,12,,,0
26019,'1192137',1510,,8631,12,,,0
26019,'1192185',1340,,8632,12,,,0
26019,'1192319',2055,,8633,12,,,0
26019,'1192434',1440,,8634,12,,,0
26019,'1192436',1455,,8635,12,,,0
26019,'1192522',2310,,8636,12,,,0
26019,'1192547',1010,,8637,12,,,0
26019,'1192554',1155,,8638,12,,,0
26019,'1192558',1510,,8639,12,,,0
26019,'1192615',2310,,8640,12,,,0
26019,'1192663',1010,,8641,12,,,0
26019,'1192684',1355,,8642,12,,,0
26019,'1192817',1855,,8643,12,,,0
26019,'1192853',1210,,8644,12,,,0
26019,'1192866',1040,,8645,12,,,0
26019,'1192909',810,,8646,12,,,0
26019,'1192944',2010,,8647,12,,,0
26019,'1192988',910,,8648,12,,,0
26019,'1193013',1240,,8649,12,,,0
26019,'1193014',2110,,8650,12,,,0
26019,'1193129',710,,8651,12,,,0
26019,'1193182',810,,8652,12,,,0
26019,'1193318',855,,8653,12,,,0
