104029,'1190618',1410,,9248,20,,,0
104029,'1190628',1759,,9249,20,,,0
104029,'1190725',759,,9250,20,,,0
104029,'1190754',1029,,9251,20,,,0
104029,'1190787',1259,,9252,20,,,0
104029,'1190793',1829,,9253,20,,,0
104029,'1190961',1644,,9254,20,,,0
104029,'1191015',1540,,9255,20,,,0
104029,'1191060',959,,9256,20,,,0
104029,'1191138',759,,9257,20,,,0
104029,'1191264',2259,,9258,20,,,0
104029,'1191265',914,,9259,20,,,0
104029,'1191297',644,,9260,20,,,0
104029,'1191332',1625,,9261,20,,,0
104029,'1191339',829,,9262,20,,,0
104029,'1191360',1529,,9263,20,,,0
104029,'1191502',1414,,9264,20,,,0
104029,'1191606',1559,,9265,20,,,0
104029,'1191664',2029,,9266,20,,,0
104029,'1191668',2144,,9267,20,,,0
104029,'1191699',759,,9268,20,,,0
104029,'1191901',1959,,9269,20,,,0
104029,'1191931',559,,9270,20,,,0
104029,'1192136',1159,,9271,20,,,0
104029,'1192243',1759,,9272,20,,,0
104029,'1192264',1710,,9273,20,,,0
104029,'1192282',1359,,9274,20,,,0
104029,'1192296',2159,,9275,20,,,0
104029,'1192329',714,,9276,20,,,0
104029,'1192460',1029,,9277,20,,,0
104029,'1192482',1455,,9278,20,,,0
104029,'1192831',1914,,9279,20,,,0
104029,'1192874',1744,,9280,20,,,0
104029,'1192986',1959,,9281,20,,,0
104029,'1192990',644,,9282,20,,,0
104029,'1193096',944,,9283,20,,,0
104029,'1193112',914,,9284,20,,,0
104029,'1193117',1155,,9285,20,,,0
104029,'1193136',2259,,9286,20,,,0
104029,'1193149',1325,,9287,20,,,0
104029,'1193215',1240,,9288,20,,,0
104029,'1193253',2129,,9289,20,,,0
104029,'1193281',1144,,9290,20,,,0
