2029,'1190626',1023,,7325,3,,,0
2029,'1190688',1752,,7326,3,,,0
2029,'1190708',2122,,7327,3,,,0
2029,'1190719',2352,,7328,3,,,0
2029,'1190781',738,,7329,3,,,0
2029,'1190788',723,,7330,3,,,0
2029,'1190794',908,,7331,3,,,0
2029,'1190810',1122,,7332,3,,,0
2029,'1190833',723,,7333,3,,,0
2029,'1190838',2108,,7334,3,,,0
2029,'1190875',1053,,7335,3,,,0
2029,'1190877',753,,7336,3,,,0
2029,'1190894',1838,,7337,3,,,0
2029,'1190915',1053,,7338,3,,,0
2029,'1190967',708,,7339,3,,,0
2029,'1191031',1552,,7340,3,,,0
2029,'1191050',1152,,7341,3,,,0
2029,'1191076',1607,,7342,3,,,0
2029,'1191116',853,,7343,3,,,0
2029,'1191190',2408,,7344,3,,,0
2029,'1191228',1538,,7345,3,,,0
2029,'1191232',1222,,7346,3,,,0
2029,'1191236',2038,,7347,3,,,0
2029,'1191243',2152,,7348,3,,,0
2029,'1191246',1522,,7349,3,,,0
2029,'1191282',2222,,7350,3,,,0
2029,'1191283',1752,,7351,3,,,0
2029,'1191345',1422,,7352,3,,,0
2029,'1191378',1422,,7353,3,,,0
2029,'1191445',1038,,7354,3,,,0
2029,'1191452',653,,7355,3,,,0
2029,'1191453',2322,,7356,3,,,0
2029,'1191464',1452,,7357,3,,,0
2029,'1191468',923,,7358,3,,,0
2029,'1191482',638,,7359,3,,,0
2029,'1191486',1707,,7360,3,,,0
2029,'1191507',1437,,7361,3,,,0
2029,'1191548',1652,,7362,3,,,0
2029,'1191564',1237,,7363,3,,,0
2029,'1191566',1307,,7364,3,,,0
2029,'1191577',2412,,7365,3,,,0
2029,'1191587',738,,7366,3,,,0
2029,'1191640',1952,,7367,3,,,0
2029,'1191649',1038,,7368,3,,,0
2029,'1191678',1622,,7369,3,,,0
2029,'1191684',1722,,7370,3,,,0
2029,'1191701',1938,,7371,3,,,0
2029,'1191721',1438,,7372,3,,,0
2029,'1191726',1852,,7373,3,,,0
2029,'1191736',2323,,7374,3,,,0
2029,'1191799',1823,,7375,3,,,0
2029,'1191815',938,,7376,3,,,0
2029,'1191824',1552,,7377,3,,,0
2029,'1191863',2023,,7378,3,,,0
2029,'1191887',953,,7379,3,,,0
2029,'1191900',2238,,7380,3,,,0
2029,'1191908',1938,,7381,3,,,0
2029,'1191923',2238,,7382,3,,,0
2029,'1191934',1252,,7383,3,,,0
2029,'1191979',1122,,7384,3,,,0
2029,'1192014',838,,7385,3,,,0
2029,'1192038',1722,,7386,3,,,0
2029,'1192039',1108,,7387,3,,,0
2029,'1192049',2138,,7388,3,,,0
2029,'1192067',1222,,7389,3,,,0
2029,'1192095',1822,,7390,3,,,0
2029,'1192143',2338,,7391,3,,,0
2029,'1192161',1352,,7392,3,,,0
2029,'1192177',853,,7393,3,,,0
2029,'1192187',1322,,7394,3,,,0
2029,'1192206',1638,,7395,3,,,0
2029,'1192222',1807,,7396,3,,,0
2029,'1192235',1452,,7397,3,,,0
2029,'1192245',808,,7398,3,,,0
2029,'1192247',1322,,7399,3,,,0
2029,'1192371',1252,,7400,3,,,0
2029,'1192372',823,,7401,3,,,0
2029,'1192395',1023,,7402,3,,,0
2029,'1192415',2022,,7403,3,,,0
2029,'1192421',938,,7404,3,,,0
2029,'1192494',808,,7405,3,,,0
2029,'1192515',1637,,7406,3,,,0
2029,'1192587',1352,,7407,3,,,0
2029,'1192639',938,,7408,3,,,0
2029,'1192647',1407,,7409,3,,,0
2029,'1192656',1853,,7410,3,,,0
2029,'1192681',1137,,7411,3,,,0
2029,'1192709',1138,,7412,3,,,0
2029,'1192718',1522,,7413,3,,,0
2029,'1192745',1652,,7414,3,,,0
2029,'1192753',1238,,7415,3,,,0
2029,'1192778',1338,,7416,3,,,0
2029,'1192790',2052,,7417,3,,,0
2029,'1192793',2252,,7418,3,,,0
2029,'1192868',1207,,7419,3,,,0
2029,'1192872',638,,7420,3,,,0
2029,'1192912',1622,,7421,3,,,0
2029,'1192917',838,,7422,3,,,0
2029,'1192918',1337,,7423,3,,,0
2029,'1193030',1537,,7424,3,,,0
2029,'1193075',1922,,7425,3,,,0
2029,'1193081',1737,,7426,3,,,0
2029,'1193140',1008,,7427,3,,,0
2029,'1193168',2153,,7428,3,,,0
2029,'1193194',1152,,7429,3,,,0
2029,'1193219',1507,,7430,3,,,0
2029,'1193269',1738,,7431,3,,,0
