10029,'1193433',1857,,10005,25,,,0
10029,'1193434',927,,10006,25,,,0
10029,'1193435',1957,,10007,25,,,0
10029,'1193438',827,,10008,25,,,0
10029,'1193440',1426,,10009,25,,,0
10029,'1193441',827,,10010,25,,,0
10029,'1193442',727,,10011,25,,,0
10029,'1193443',1327,,10012,25,,,0
10029,'1193444',1427,,10013,25,,,0
10029,'1193445',727,,10014,25,,,0
10029,'1193446',2057,,10015,25,,,0
10029,'1193448',1927,,10016,25,,,0
10029,'1193450',1827,,10017,25,,,0
10029,'1193453',1027,,10018,25,,,0
10029,'1193461',927,,10019,25,,,0
10029,'1193462',1227,,10020,25,,,0
10029,'1193463',1627,,10021,25,,,0
10029,'1193464',1827,,10022,25,,,0
10029,'1193466',1657,,10023,25,,,0
10029,'1193468',926,,10024,25,,,0
10029,'1193469',826,,10025,25,,,0
10029,'1193470',1226,,10026,25,,,0
10029,'1193471',2401,,10027,25,,,0
10029,'1193474',756,,10028,25,,,0
10029,'1193475',1026,,10029,25,,,0
10029,'1193476',1727,,10030,25,,,0
10029,'1193479',856,,10031,25,,,0
10029,'1193480',1627,,10032,25,,,0
10029,'1193481',1127,,10033,25,,,0
10029,'1193482',1727,,10034,25,,,0
10029,'1193483',1527,,10035,25,,,0
10029,'1193484',2227,,10036,25,,,0
10029,'1193487',2027,,10037,25,,,0
10029,'1193488',1456,,10038,25,,,0
10029,'1193491',1127,,10039,25,,,0
10029,'1193494',656,,10040,25,,,0
10029,'1193496',2157,,10041,25,,,0
10029,'1193497',2227,,10042,25,,,0
10029,'1193498',1557,,10043,25,,,0
10029,'1193499',2327,,10044,25,,,0
10029,'1193504',1527,,10045,25,,,0
10029,'1193505',1757,,10046,25,,,0
10029,'1193506',1527,,10047,25,,,0
10029,'1193509',1027,,10048,25,,,0
10029,'1193510',2127,,10049,25,,,0
10029,'1193514',2327,,10050,25,,,0
10029,'1193515',1126,,10051,25,,,0
10029,'1193520',626,,10052,25,,,0
10029,'1193521',1927,,10053,25,,,0
10029,'1193526',1326,,10054,25,,,0
10029,'1193528',1727,,10055,25,,,0
10029,'1193538',726,,10056,25,,,0
10029,'1193539',2256,,10057,25,,,0
10029,'1193542',1327,,10058,25,,,0
10029,'1193544',1227,,10059,25,,,0
10029,'1193546',1427,,10060,25,,,0
10029,'1193547',2127,,10061,25,,,0
10029,'1193548',1627,,10062,25,,,0
10029,'1193550',2027,,10063,25,,,0
12029,'1190603',1227,,7896,20,,,0
12029,'1190623',926,,7897,20,,,0
12029,'1190638',1826,,7898,20,,,0
12029,'1190684',2227,,7899,20,,,0
12029,'1190691',2056,,7900,20,,,0
12029,'1190731',1626,,7901,20,,,0
12029,'1190743',1926,,7902,20,,,0
12029,'1190753',2127,,7903,20,,,0
12029,'1190777',756,,7904,20,,,0
12029,'1190812',2256,,7905,20,,,0
12029,'1190880',2156,,7906,20,,,0
12029,'1190932',1427,,7907,20,,,0
12029,'1190940',1756,,7908,20,,,0
12029,'1191029',1356,,7909,20,,,0
12029,'1191043',1726,,7910,20,,,0
12029,'1191093',1656,,7911,20,,,0
12029,'1191133',1056,,7912,20,,,0
12029,'1191256',927,,7913,20,,,0
12029,'1191281',1126,,7914,20,,,0
12029,'1191303',826,,7915,20,,,0
12029,'1191335',1626,,7916,20,,,0
12029,'1191382',1056,,7917,20,,,0
12029,'1191410',1656,,7918,20,,,0
12029,'1191500',1156,,7919,20,,,0
12029,'1191501',2027,,7920,20,,,0
12029,'1191528',1426,,7921,20,,,0
12029,'1191555',2126,,7922,20,,,0
12029,'1191588',2401,,7923,20,,,0
12029,'1191595',1326,,7924,20,,,0
12029,'1191653',626,,7925,20,,,0
12029,'1191692',827,,7926,20,,,0
12029,'1191696',1927,,7927,20,,,0
12029,'1191708',2026,,7928,20,,,0
12029,'1191789',1527,,7929,20,,,0
12029,'1191811',1127,,7930,20,,,0
12029,'1191813',926,,7931,20,,,0
12029,'1191831',1027,,7932,20,,,0
12029,'1191874',1356,,7933,20,,,0
12029,'1191998',1726,,7934,20,,,0
12029,'1192059',2327,,7935,20,,,0
12029,'1192129',1827,,7936,20,,,0
12029,'1192133',1126,,7937,20,,,0
12029,'1192152',1556,,7938,20,,,0
12029,'1192260',856,,7939,20,,,0
12029,'1192279',1256,,7940,20,,,0
12029,'1192294',727,,7941,20,,,0
12029,'1192306',956,,7942,20,,,0
12029,'1192361',1256,,7943,20,,,0
12029,'1192410',826,,7944,20,,,0
12029,'1192567',1226,,7945,20,,,0
12029,'1192578',1627,,7946,20,,,0
12029,'1192673',1156,,7947,20,,,0
12029,'1192741',1426,,7948,20,,,0
12029,'1192809',656,,7949,20,,,0
12029,'1192877',2326,,7950,20,,,0
12029,'1192898',1456,,7951,20,,,0
12029,'1192950',726,,7952,20,,,0
12029,'1193043',726,,7953,20,,,0
12029,'1193053',1026,,7954,20,,,0
12029,'1193054',1956,,7955,20,,,0
12029,'1193056',1556,,7956,20,,,0
12029,'1193058',1327,,7957,20,,,0
12029,'1193093',1727,,7958,20,,,0
12029,'1193102',1526,,7959,20,,,0
12029,'1193103',1456,,7960,20,,,0
12029,'1193156',1026,,7961,20,,,0
12029,'1193195',1326,,7962,20,,,0
12029,'1193220',1226,,7963,20,,,0
12029,'1193227',1856,,7964,20,,,0
12029,'1193272',1526,,7965,20,,,0
12029,'1193321',2226,,7966,20,,,0
