10019,'1190610',2348,,7564,2,,,0
10019,'1190646',1048,,7565,2,,,0
10019,'1190651',2218,,7566,2,,,0
10019,'1190766',948,,7567,2,,,0
10019,'1190772',1848,,7568,2,,,0
10019,'1190785',1918,,7569,2,,,0
10019,'1190799',1048,,7570,2,,,0
10019,'1190857',848,,7571,2,,,0
10019,'1190859',1818,,7572,2,,,0
10019,'1190883',1748,,7573,2,,,0
10019,'1190907',918,,7574,2,,,0
10019,'1190910',1518,,7575,2,,,0
10019,'1190959',1248,,7576,2,,,0
10019,'1190962',948,,7577,2,,,0
10019,'1190989',2118,,7578,2,,,0
10019,'1191003',2318,,7579,2,,,0
10019,'1191074',1648,,7580,2,,,0
10019,'1191083',1748,,7581,2,,,0
10019,'1191102',1148,,7582,2,,,0
10019,'1191194',1048,,7583,2,,,0
10019,'1191196',1148,,7584,2,,,0
10019,'1191337',1348,,7585,2,,,0
10019,'1191350',1548,,7586,2,,,0
10019,'1191370',648,,7587,2,,,0
10019,'1191386',1618,,7588,2,,,0
10019,'1191403',1448,,7589,2,,,0
10019,'1191494',1348,,7590,2,,,0
10019,'1191508',1948,,7591,2,,,0
10019,'1191560',818,,7592,2,,,0
10019,'1191730',2148,,7593,2,,,0
10019,'1191797',2048,,7594,2,,,0
10019,'1191886',1248,,7595,2,,,0
10019,'1191914',1948,,7596,2,,,0
10019,'1191919',2248,,7597,2,,,0
10019,'1192082',1548,,7598,2,,,0
10019,'1192109',1848,,7599,2,,,0
10019,'1192179',1448,,7600,2,,,0
10019,'1192233',2148,,7601,2,,,0
10019,'1192240',748,,7602,2,,,0
10019,'1192284',718,,7603,2,,,0
10019,'1192351',2348,,7604,2,,,0
10019,'1192377',1648,,7605,2,,,0
10019,'1192478',748,,7606,2,,,0
10019,'1192649',618,,7607,2,,,0
10019,'1192653',948,,7608,2,,,0
10019,'1192758',2048,,7609,2,,,0
10019,'1192767',648,,7610,2,,,0
10019,'1192929',1348,,7611,2,,,0
10019,'1192932',848,,7612,2,,,0
10019,'1193029',1648,,7613,2,,,0
10019,'1193089',1748,,7614,2,,,0
10019,'1193115',1548,,7615,2,,,0
10019,'1193131',848,,7616,2,,,0
10019,'1193137',748,,7617,2,,,0
10019,'1193208',1248,,7618,2,,,0
10019,'1193209',1148,,7619,2,,,0
10019,'1193233',2248,,7620,2,,,0
10019,'1193268',2018,,7621,2,,,0
10019,'1193309',1718,,7622,2,,,0
10019,'1193311',1448,,7623,2,,,0
103029,'1190630',1104,,9163,8,,,0
103029,'1190665',1910,,9164,8,,,0
103029,'1190791',916,,9165,8,,,0
103029,'1190798',1132,,9166,8,,,0
103029,'1190809',1534,,9167,8,,,0
103029,'1190864',1432,,9168,8,,,0
103029,'1191002',804,,9169,8,,,0
103029,'1191061',1140,,9170,8,,,0
103029,'1191087',1440,,9171,8,,,0
103029,'1191104',2003,,9172,8,,,0
103029,'1191213',1517,,9173,8,,,0
103029,'1191266',1234,,9174,8,,,0
103029,'1191392',1010,,9175,8,,,0
103029,'1191472',2133,,9176,8,,,0
103029,'1191532',2331,,9177,8,,,0
103029,'1191567',1833,,9178,8,,,0
103029,'1191612',2040,,9179,8,,,0
103029,'1191756',2031,,9180,8,,,0
103029,'1191869',1310,,9181,8,,,0
103029,'1191909',746,,9182,8,,,0
103029,'1191948',1602,,9183,8,,,0
103029,'1192055',2201,,9184,8,,,0
103029,'1192191',2303,,9185,8,,,0
103029,'1192208',1732,,9186,8,,,0
103029,'1192508',1404,,9187,8,,,0
103029,'1192592',634,,9188,8,,,0
103029,'1192628',2210,,9189,8,,,0
103029,'1192659',701,,9190,8,,,0
103029,'1192683',1610,,9191,8,,,0
103029,'1192749',1704,,9192,8,,,0
103029,'1192860',1740,,9193,8,,,0
103029,'1192948',1302,,9194,8,,,0
103029,'1193006',840,,9195,8,,,0
103029,'1193036',1001,,9196,8,,,0
103029,'1193074',831,,9197,8,,,0
103029,'1193169',1647,,9198,8,,,0
103029,'1193174',934,,9199,8,,,0
103029,'1193259',1901,,9200,8,,,0
