27019,'1184479',2213,,5861,4,,,0
27019,'1184659',643,,5862,4,,,0
27019,'1184736',1143,,5863,4,,,0
27019,'1184758',943,,5864,4,,,0
27019,'1184837',1843,,5865,4,,,0
27019,'1184892',1443,,5866,4,,,0
27019,'1184929',643,,5867,4,,,0
27019,'1184984',1913,,5868,4,,,0
27019,'1185041',1343,,5869,4,,,0
27019,'1185139',743,,5870,4,,,0
27019,'1185147',2013,,5871,4,,,0
27019,'1185214',2258,,5872,4,,,0
27019,'1185254',2143,,5873,4,,,0
27019,'1185260',2313,,5874,4,,,0
27019,'1185310',843,,5875,4,,,0
27019,'1185328',1243,,5876,4,,,0
27019,'1185348',1258,,5877,4,,,0
27019,'1185379',1143,,5878,4,,,0
27019,'1185418',1043,,5879,4,,,0
27019,'1185541',2343,,5880,4,,,0
27019,'1185705',1158,,5881,4,,,0
27019,'1185716',1858,,5882,4,,,0
27019,'1185717',858,,5883,4,,,0
27019,'1185788',1058,,5884,4,,,0
27019,'1185798',1743,,5885,4,,,0
27019,'1185806',1943,,5886,4,,,0
27019,'1185816',1043,,5887,4,,,0
27019,'1185889',758,,5888,4,,,0
27019,'1185974',843,,5889,4,,,0
27019,'1186169',1558,,5890,4,,,0
27019,'1186233',1643,,5891,4,,,0
27019,'1186264',2058,,5892,4,,,0
27019,'1186315',1243,,5893,4,,,0
27019,'1186348',1358,,5894,4,,,0
27019,'1186363',2043,,5895,4,,,0
27019,'1186408',2113,,5896,4,,,0
27019,'1186442',1458,,5897,4,,,0
27019,'1186461',743,,5898,4,,,0
27019,'1186620',1843,,5899,4,,,0
27019,'1186677',1643,,5900,4,,,0
27019,'1186759',1958,,5901,4,,,0
27019,'1186777',1543,,5902,4,,,0
27019,'1186829',2158,,5903,4,,,0
27019,'1186837',1443,,5904,4,,,0
27019,'1186850',1743,,5905,4,,,0
27019,'1186859',1758,,5906,4,,,0
27019,'1186875',1658,,5907,4,,,0
27019,'1186916',1543,,5908,4,,,0
27019,'1186962',943,,5909,4,,,0
27019,'1187106',1343,,5910,4,,,0
27019,'1187138',2243,,5911,4,,,0
27019,'1187187',958,,5912,4,,,0
