14019,'1190713',1350,,8090,11,,,0
14019,'1190728',1447,,8091,11,,,0
14019,'1190978',1650,,8092,11,,,0
14019,'1191058',2248,,8093,11,,,0
14019,'1191091',1647,,8094,11,,,0
14019,'1191115',749,,8095,11,,,0
14019,'1191156',1520,,8096,11,,,0
14019,'1191182',1247,,8097,11,,,0
14019,'1191216',1350,,8098,11,,,0
14019,'1191274',1347,,8099,11,,,0
14019,'1191284',2347,,8100,11,,,0
14019,'1191353',1847,,8101,11,,,0
14019,'1191434',948,,8102,11,,,0
14019,'1191451',949,,8103,11,,,0
14019,'1191488',1250,,8104,11,,,0
14019,'1191517',649,,8105,11,,,0
14019,'1191609',2319,,8106,11,,,0
14019,'1191614',1819,,8107,11,,,0
14019,'1191636',1750,,8108,11,,,0
14019,'1191714',1150,,8109,11,,,0
14019,'1191747',1450,,8110,11,,,0
14019,'1191757',919,,8111,11,,,0
14019,'1191841',748,,8112,11,,,0
14019,'1191852',1919,,8113,11,,,0
14019,'1191970',2148,,8114,11,,,0
14019,'1191991',2048,,8115,11,,,0
14019,'1191996',947,,8116,11,,,0
14019,'1192119',2219,,8117,11,,,0
14019,'1192156',1550,,8118,11,,,0
14019,'1192290',2247,,8119,11,,,0
14019,'1192324',2147,,8120,11,,,0
14019,'1192341',719,,8121,11,,,0
14019,'1192355',1747,,8122,11,,,0
14019,'1192458',847,,8123,11,,,0
14019,'1192538',1650,,8124,11,,,0
14019,'1192564',2348,,8125,11,,,0
14019,'1192566',1947,,8126,11,,,0
14019,'1192675',1147,,8127,11,,,0
14019,'1192682',1547,,8128,11,,,0
14019,'1192692',1047,,8129,11,,,0
14019,'1192713',1848,,8130,11,,,0
14019,'1192727',1250,,8131,11,,,0
14019,'1192788',1450,,8132,11,,,0
14019,'1192791',1150,,8133,11,,,0
14019,'1192803',819,,8134,11,,,0
14019,'1192827',2047,,8135,11,,,0
14019,'1192837',849,,8136,11,,,0
14019,'1192840',1620,,8137,11,,,0
14019,'1192863',2119,,8138,11,,,0
14019,'1192916',1948,,8139,11,,,0
14019,'1192927',848,,8140,11,,,0
14019,'1192946',2019,,8141,11,,,0
14019,'1192962',1050,,8142,11,,,0
14019,'1192987',1750,,8143,11,,,0
14019,'1193071',1050,,8144,11,,,0
14019,'1193088',1720,,8145,11,,,0
14019,'1193127',1550,,8146,11,,,0
14019,'1193190',648,,8147,11,,,0
14019,'1193242',747,,8148,11,,,0
