105029,'1190637',831,,9337,55,,,0
105029,'1190832',718,,9338,55,,,0
105029,'1190854',1521,,9339,55,,,0
105029,'1190856',1336,,9340,55,,,0
105029,'1190924',2423,,9341,55,,,0
105029,'1190926',1433,,9342,55,,,0
105029,'1190965',1451,,9343,55,,,0
105029,'1190981',648,,9344,55,,,0
105029,'1191222',2231,,9345,55,,,0
105029,'1191223',1706,,9346,55,,,0
105029,'1191285',2018,,9347,55,,,0
105029,'1191307',1551,,9348,55,,,0
105029,'1191404',1533,,9349,55,,,0
105029,'1191423',1421,,9350,55,,,0
105029,'1191572',1033,,9351,55,,,0
105029,'1191670',1748,,9352,55,,,0
105029,'1191739',1806,,9353,55,,,0
105029,'1191784',1333,,9354,55,,,0
105029,'1191846',1021,,9355,55,,,0
105029,'1191848',1236,,9356,55,,,0
105029,'1191910',2431,,9357,55,,,0
105029,'1191936',1548,,9358,55,,,0
105029,'1192016',748,,9359,55,,,0
105029,'1192019',1833,,9360,55,,,0
105029,'1192058',2348,,9361,55,,,0
105029,'1192150',748,,9362,55,,,0
105029,'1192180',1948,,9363,55,,,0
105029,'1192198',2318,,9364,55,,,0
105029,'1192205',631,,9365,55,,,0
105029,'1192224',1636,,9366,55,,,0
105029,'1192338',1848,,9367,55,,,0
105029,'1192379',2118,,9368,55,,,0
105029,'1192463',1348,,9369,55,,,0
105029,'1192488',1133,,9370,55,,,0
105029,'1192491',818,,9371,55,,,0
105029,'1192500',918,,9372,55,,,0
105029,'1192511',2031,,9373,55,,,0
105029,'1192662',1633,,9374,55,,,0
105029,'1192694',1121,,9375,55,,,0
105029,'1192728',2148,,9376,55,,,0
105029,'1193038',1233,,9377,55,,,0
105029,'1193130',1148,,9378,55,,,0
105029,'1193181',1733,,9379,55,,,0
105029,'1193225',1736,,9380,55,,,0
105029,'1193234',948,,9381,55,,,0
105029,'1193316',2218,,9382,55,,,0
