13019,'1190607',938,,7967,34,,,0
13019,'1190622',838,,7968,34,,,0
13019,'1190640',1639,,7969,34,,,0
13019,'1190733',1038,,7970,34,,,0
13019,'1190801',1239,,7971,34,,,0
13019,'1190811',1938,,7972,34,,,0
13019,'1190911',738,,7973,34,,,0
13019,'1191064',1008,,7974,34,,,0
13019,'1191079',909,,7975,34,,,0
13019,'1191259',738,,7976,34,,,0
13019,'1191324',738,,7977,34,,,0
13019,'1191439',1740,,7978,34,,,0
13019,'1191443',608,,7979,8,,,0
13019,'1191477',2338,,7980,34,,,0
13019,'1191498',2238,,7981,34,,,0
13019,'1191524',638,,7982,8,,,0
13019,'1191613',1540,,7983,34,,,0
13019,'1191629',2238,,7984,34,,,0
13019,'1191635',2138,,7985,34,,,0
13019,'1191643',2108,,7986,34,,,0
13019,'1191663',1240,,7987,34,,,0
13019,'1191733',1041,,7988,34,,,0
13019,'1191945',1339,,7989,34,,,0
13019,'1192060',808,,7990,34,,,0
13019,'1192062',2208,,7991,34,,,0
13019,'1192072',1140,,7992,34,,,0
13019,'1192088',638,,7993,34,,,0
13019,'1192127',1510,,7994,34,,,0
13019,'1192154',1440,,7995,34,,,0
13019,'1192163',1439,,7996,34,,,0
13019,'1192228',839,,7997,34,,,0
13019,'1192253',1338,,7998,34,,,0
13019,'1192292',1638,,7999,34,,,0
13019,'1192313',838,,8000,34,,,0
13019,'1192426',1610,,8001,34,,,0
13019,'1192486',1710,,8002,34,,,0
13019,'1192492',1908,,8003,34,,,0
13019,'1192497',1139,,8004,34,,,0
13019,'1192498',1739,,8005,34,,,0
13019,'1192501',1808,,8006,34,,,0
13019,'1192533',1738,,8007,34,,,0
13019,'1192536',1038,,8008,34,,,0
13019,'1192544',2038,,8009,34,,,0
13019,'1192608',1438,,8010,34,,,0
13019,'1192610',938,,8011,34,,,0
13019,'1192637',2138,,8012,34,,,0
13019,'1192651',1838,,8013,34,,,0
13019,'1192715',2308,,8014,34,,,0
13019,'1192764',1938,,8015,34,,,0
13019,'1192811',2038,,8016,34,,,0
13019,'1192876',1640,,8017,34,,,0
13019,'1192895',939,,8018,34,,,0
13019,'1192920',1138,,8019,34,,,0
13019,'1192984',1238,,8020,34,,,0
13019,'1193039',1539,,8021,34,,,0
13019,'1193073',2008,,8022,34,,,0
13019,'1193083',2338,,8023,34,,,0
13019,'1193111',1538,,8024,34,,,0
13019,'1193132',708,,8025,34,,,0
13019,'1193188',1838,,8026,34,,,0
13019,'1193199',2413,,8027,34,,,0
13019,'1193221',1340,,8028,34,,,0
