10029,'1190625',2042,,7624,48,,,0
10029,'1190724',2342,,7625,48,,,0
10029,'1190730',2112,,7626,48,,,0
10029,'1190839',942,,7627,48,,,0
10029,'1190853',1942,,7628,48,,,0
10029,'1190869',1142,,7629,48,,,0
10029,'1190878',942,,7630,48,,,0
10029,'1191049',912,,7631,48,,,0
10029,'1191062',1742,,7632,48,,,0
10029,'1191108',842,,7633,48,,,0
10029,'1191123',1542,,7634,48,,,0
10029,'1191144',1442,,7635,48,,,0
10029,'1191159',1142,,7636,48,,,0
10029,'1191202',742,,7637,48,,,0
10029,'1191277',2417,,7638,48,,,0
10029,'1191483',1542,,7639,48,,,0
10029,'1191570',1342,,7640,48,,,0
10029,'1191573',1342,,7641,48,,,0
10029,'1191576',1242,,7642,48,,,0
10029,'1191584',2242,,7643,48,,,0
10029,'1191619',1542,,7644,48,,,0
10029,'1191622',1342,,7645,48,,,0
10029,'1191648',1742,,7646,48,,,0
10029,'1191723',1842,,7647,48,,,0
10029,'1191745',1042,,7648,48,,,0
10029,'1191751',1742,,7649,48,,,0
10029,'1191792',1442,,7650,48,,,0
10029,'1191801',1642,,7651,48,,,0
10029,'1191827',2042,,7652,48,,,0
10029,'1191830',642,,7653,48,,,0
10029,'1191857',1812,,7654,48,,,0
10029,'1191872',1912,,7655,48,,,0
10029,'1191903',1242,,7656,48,,,0
10029,'1191920',742,,7657,48,,,0
10029,'1191954',2142,,7658,48,,,0
10029,'1192064',742,,7659,48,,,0
10029,'1192201',2012,,7660,48,,,0
10029,'1192263',2312,,7661,48,,,0
10029,'1192276',842,,7662,48,,,0
10029,'1192303',842,,7663,48,,,0
10029,'1192360',712,,7664,48,,,0
10029,'1192391',942,,7665,48,,,0
10029,'1192433',1442,,7666,48,,,0
10029,'1192440',1512,,7667,48,,,0
10029,'1192529',1842,,7668,48,,,0
10029,'1192588',1642,,7669,48,,,0
10029,'1192664',2142,,7670,48,,,0
10029,'1192697',2242,,7671,48,,,0
10029,'1192781',1242,,7672,48,,,0
10029,'1192785',2212,,7673,48,,,0
10029,'1192846',1942,,7674,48,,,0
10029,'1192873',1642,,7675,48,,,0
10029,'1192880',1042,,7676,48,,,0
10029,'1192980',1142,,7677,48,,,0
10029,'1192995',812,,7678,48,,,0
10029,'1193051',1612,,7679,48,,,0
10029,'1193143',1712,,7680,48,,,0
10029,'1193171',1042,,7681,48,,,0
10029,'1193319',2342,,7682,48,,,0
