105019,'1190616',2259,,9291,101,,,0
105019,'1190769',1457,,9292,101,,,0
105019,'1190825',1659,,9293,101,,,0
105019,'1190865',1857,,9294,101,,,0
105019,'1190975',1927,,9295,101,,,0
105019,'1190992',1845,,9296,101,,,0
105019,'1190998',1245,,9297,101,,,0
105019,'1191007',1757,,9298,101,,,0
105019,'1191038',1545,,9299,101,,,0
105019,'1191063',1039,,9300,101,,,0
105019,'1191065',1357,,9301,101,,,0
105019,'1191145',732,,9302,101,,,0
105019,'1191217',2344,,9303,101,,,0
105019,'1191294',1445,,9304,101,,,0
105019,'1191329',944,,9305,101,,,0
105019,'1191413',1059,,9306,101,,,0
105019,'1191457',1345,,9307,101,,,0
105019,'1191557',939,,9308,101,,,0
105019,'1191709',839,,9309,101,,,0
105019,'1191750',2331,,9310,101,,,0
105019,'1191859',744,,9311,101,,,0
105019,'1191891',1827,,9312,101,,,0
105019,'1192052',1945,,9313,101,,,0
105019,'1192113',702,,9314,101,,,0
105019,'1192142',1645,,9315,101,,,0
105019,'1192176',859,,9316,101,,,0
105019,'1192218',2431,,9317,101,,,0
105019,'1192236',1459,,9318,101,,,0
105019,'1192248',2131,,9319,101,,,0
105019,'1192267',1745,,9320,101,,,0
105019,'1192318',1145,,9321,101,,,0
105019,'1192337',1712,,9322,101,,,0
105019,'1192353',1542,,9323,101,,,0
105019,'1192579',1242,,9324,101,,,0
105019,'1192586',1259,,9325,101,,,0
105019,'1192598',2059,,9326,101,,,0
105019,'1192614',809,,9327,101,,,0
105019,'1192661',2231,,9328,101,,,0
105019,'1192725',1612,,9329,101,,,0
105019,'1192735',2001,,9330,101,,,0
105019,'1192821',2144,,9331,101,,,0
105019,'1192836',1859,,9332,101,,,0
105019,'1192847',632,,9333,101,,,0
105019,'1192875',1642,,9334,101,,,0
105019,'1193045',909,,9335,101,,,0
105019,'1193298',1142,,9336,101,,,0
106029,'1190782',757,,9389,32,,,0
106029,'1191556',1859,,9390,32,,,0
106029,'1191771',1629,,9391,32,,,0
106029,'1192044',1744,,9392,32,,,0
106029,'1192429',912,,9393,32,,,0
106029,'1193063',1027,,9394,32,,,0
