102019,'1190597',2102,,9039,16,,,0
102019,'1190642',1216,,9040,16,,,0
102019,'1190683',1332,,9041,16,,,0
102019,'1190693',2232,,9042,16,,,0
102019,'1190718',1902,,9043,16,,,0
102019,'1190741',1132,,9044,16,,,0
102019,'1190744',2246,,9045,16,,,0
102019,'1190821',1646,,9046,16,,,0
102019,'1190958',2332,,9047,16,,,0
102019,'1191221',647,,9048,16,,,0
102019,'1191235',1002,,9049,16,,,0
102019,'1191363',832,,9050,16,,,0
102019,'1191366',1946,,9051,16,,,0
102019,'1191400',2116,,9052,16,,,0
102019,'1191449',1632,,9053,16,,,0
102019,'1191519',1432,,9054,16,,,0
102019,'1191533',947,,9055,16,,,0
102019,'1191546',916,,9056,16,,,0
102019,'1191550',1602,,9057,16,,,0
102019,'1191628',1732,,9058,16,,,0
102019,'1191743',1302,,9059,16,,,0
102019,'1191774',902,,9060,16,,,0
102019,'1191788',1417,,9061,16,,,0
102019,'1191823',2032,,9062,16,,,0
102019,'1192057',1346,,9063,16,,,0
102019,'1192080',1932,,9064,16,,,0
102019,'1192239',1202,,9065,16,,,0
102019,'1192244',2402,,9066,16,,,0
102019,'1192255',1032,,9067,16,,,0
102019,'1192441',602,,9068,16,,,0
102019,'1192464',702,,9069,16,,,0
102019,'1192471',1046,,9070,16,,,0
102019,'1192484',817,,9071,16,,,0
102019,'1192625',1717,,9072,16,,,0
102019,'1192766',2202,,9073,16,,,0
102019,'1192942',1802,,9074,16,,,0
102019,'1192981',1516,,9075,16,,,0
102019,'1193042',1816,,9076,16,,,0
102019,'1193104',1547,,9077,16,,,0
102019,'1193216',1502,,9078,16,,,0
102019,'1193256',746,,9079,16,,,0
102019,'1193275',732,,9080,16,,,0
