27019,'1184479',2211,,5861,1,,,0
27019,'1184659',641,,5862,1,,,0
27019,'1184736',1141,,5863,1,,,0
27019,'1184758',941,,5864,1,,,0
27019,'1184837',1841,,5865,1,,,0
27019,'1184892',1441,,5866,1,,,0
27019,'1184929',641,,5867,1,,,0
27019,'1184984',1911,,5868,1,,,0
27019,'1185041',1341,,5869,1,,,0
27019,'1185139',741,,5870,1,,,0
27019,'1185147',2011,,5871,1,,,0
27019,'1185214',2256,,5872,1,,,0
27019,'1185254',2141,,5873,1,,,0
27019,'1185260',2311,,5874,1,,,0
27019,'1185310',841,,5875,1,,,0
27019,'1185328',1241,,5876,1,,,0
27019,'1185348',1256,,5877,1,,,0
27019,'1185379',1141,,5878,1,,,0
27019,'1185418',1041,,5879,1,,,0
27019,'1185541',2341,,5880,1,,,0
27019,'1185705',1156,,5881,1,,,0
27019,'1185716',1856,,5882,1,,,0
27019,'1185717',856,,5883,1,,,0
27019,'1185788',1056,,5884,1,,,0
27019,'1185798',1741,,5885,1,,,0
27019,'1185806',1941,,5886,1,,,0
27019,'1185816',1041,,5887,1,,,0
27019,'1185889',756,,5888,1,,,0
27019,'1185974',841,,5889,1,,,0
27019,'1186169',1556,,5890,1,,,0
27019,'1186233',1641,,5891,1,,,0
27019,'1186264',2056,,5892,1,,,0
27019,'1186315',1241,,5893,1,,,0
27019,'1186348',1356,,5894,1,,,0
27019,'1186363',2041,,5895,1,,,0
27019,'1186408',2111,,5896,1,,,0
27019,'1186442',1456,,5897,1,,,0
27019,'1186461',741,,5898,1,,,0
27019,'1186620',1841,,5899,1,,,0
27019,'1186677',1641,,5900,1,,,0
27019,'1186759',1956,,5901,1,,,0
27019,'1186777',1541,,5902,1,,,0
27019,'1186829',2156,,5903,1,,,0
27019,'1186837',1441,,5904,1,,,0
27019,'1186850',1741,,5905,1,,,0
27019,'1186859',1756,,5906,1,,,0
27019,'1186875',1656,,5907,1,,,0
27019,'1186916',1541,,5908,1,,,0
27019,'1186962',941,,5909,1,,,0
27019,'1187106',1341,,5910,1,,,0
27019,'1187138',2241,,5911,1,,,0
27019,'1187187',956,,5912,1,,,0
27029,'1184502',2308,,5913,14,4,,0
27029,'1184539',1838,,5914,14,4,,0
27029,'1184568',738,,5915,14,4,,0
27029,'1184605',2253,,5916,14,4,,0
27029,'1184658',1538,,5917,14,4,,0
27029,'1184665',941,,5918,14,4,,0
27029,'1184708',1553,,5919,14,4,,0
27029,'1184726',753,,5920,14,4,,0
27029,'1184731',740,,5921,14,4,,0
27029,'1184823',1238,,5922,14,4,,0
27029,'1184832',2153,,5923,14,4,,0
27029,'1184865',1753,,5924,14,4,,0
27029,'1184868',1438,,5925,14,4,,0
27029,'1184983',938,,5926,14,4,,0
27029,'1184991',1453,,5927,14,4,,0
27029,'1185102',1841,,5928,14,4,,0
27029,'1185115',1908,,5929,14,4,,0
27029,'1185181',853,,5930,14,4,,0
27029,'1185195',1141,,5931,14,4,,0
27029,'1185209',2108,,5932,14,4,,0
27029,'1185287',640,,5933,14,4,,0
27029,'1185299',1941,,5934,14,4,,0
27029,'1185407',1253,,5935,14,4,,0
27029,'1185560',2008,,5936,14,4,,0
27029,'1185666',1953,,5937,14,4,,0
27029,'1185750',1441,,5938,14,4,,0
27029,'1185850',1038,,5939,14,4,,0
27029,'1186031',1853,,5940,14,4,,0
27029,'1186098',1741,,5941,14,4,,0
27029,'1186114',1138,,5942,14,4,,0
27029,'1186168',2141,,5943,14,4,,0
27029,'1186188',1053,,5944,14,4,,0
27029,'1186251',2041,,5945,14,4,,0
27029,'1186280',1353,,5946,14,4,,0
27029,'1186313',1041,,5947,14,4,,0
27029,'1186314',953,,5948,14,4,,0
27029,'1186361',2053,,5949,14,4,,0
27029,'1186373',1338,,5950,14,4,,0
27029,'1186534',638,,5951,14,4,,0
27029,'1186558',1641,,5952,14,4,,0
27029,'1186690',841,,5953,14,4,,0
27029,'1186707',1738,,5954,14,4,,0
27029,'1186713',1241,,5955,14,4,,0
27029,'1186720',1541,,5956,14,4,,0
27029,'1186816',1341,,5957,14,4,,0
27029,'1186921',1638,,5958,14,4,,0
27029,'1186926',1653,,5959,14,4,,0
27029,'1186927',2241,,5960,14,4,,0
27029,'1187028',2208,,5961,14,4,,0
27029,'1187035',1153,,5962,14,4,,0
27029,'1187134',2340,,5963,14,4,,0
27029,'1187145',838,,5964,14,4,,0
