10029,'1193661',1537,,10124,37,,,0
10029,'1193662',1137,,10125,37,,,0
10029,'1193664',2037,,10126,37,,,0
10029,'1193666',1337,,10127,37,,,0
10029,'1193669',2337,,10128,37,,,0
10029,'1193670',1637,,10129,37,,,0
10029,'1193671',1537,,10130,37,,,0
10029,'1193672',907,,10131,37,,,0
10029,'1193673',2137,,10132,37,,,0
10029,'1193674',1437,,10133,37,,,0
10029,'1193676',1907,,10134,37,,,0
10029,'1193677',737,,10135,37,,,0
10029,'1193683',737,,10136,37,,,0
10029,'1193684',1737,,10137,37,,,0
10029,'1193685',1037,,10138,37,,,0
10029,'1193688',937,,10139,37,,,0
10029,'1193689',807,,10140,37,,,0
10029,'1193690',2007,,10141,37,,,0
10029,'1193692',2237,,10142,37,,,0
10029,'1193693',937,,10143,37,,,0
10029,'1193694',1337,,10144,37,,,0
10029,'1193695',707,,10145,37,,,0
10029,'1193696',637,,10146,37,,,0
10029,'1193699',2107,,10147,37,,,0
10029,'1193702',1137,,10148,37,,,0
10029,'1193705',1337,,10149,37,,,0
10029,'1193706',837,,10150,37,,,0
10029,'1193712',1837,,10151,37,,,0
10029,'1193713',2307,,10152,37,,,0
10029,'1193714',1737,,10153,37,,,0
10029,'1193716',1937,,10154,37,,,0
10029,'1193719',1437,,10155,37,,,0
10029,'1193721',1037,,10156,37,,,0
10029,'1193722',1237,,10157,37,,,0
10029,'1193723',937,,10158,37,,,0
10029,'1193726',1737,,10159,37,,,0
10029,'1193727',837,,10160,37,,,0
10029,'1193728',737,,10161,37,,,0
10029,'1193729',837,,10162,37,,,0
10029,'1193736',2412,,10163,37,,,0
10029,'1193741',2207,,10164,37,,,0
10029,'1193742',2037,,10165,37,,,0
10029,'1193744',1507,,10166,37,,,0
10029,'1193745',1607,,10167,37,,,0
10029,'1193746',1137,,10168,37,,,0
10029,'1193748',2237,,10169,37,,,0
10029,'1193750',1937,,10170,37,,,0
10029,'1193751',1037,,10171,37,,,0
10029,'1193753',1637,,10172,37,,,0
10029,'1193757',1237,,10173,37,,,0
10029,'1193758',1437,,10174,37,,,0
10029,'1193760',1237,,10175,37,,,0
10029,'1193762',1537,,10176,37,,,0
10029,'1193763',1707,,10177,37,,,0
10029,'1193764',1837,,10178,37,,,0
10029,'1193775',2337,,10179,37,,,0
10029,'1193776',2137,,10180,37,,,0
10029,'1193777',1807,,10181,37,,,0
10029,'1193778',1637,,10182,37,,,0
