105019,'1190616',2245,,9291,79,,,0
105019,'1190769',1440,,9292,79,,,0
105019,'1190825',1645,,9293,79,,,0
105019,'1190865',1840,,9294,79,,,0
105019,'1190975',1910,,9295,79,,,0
105019,'1190992',1830,,9296,79,,,0
105019,'1190998',1230,,9297,79,,,0
105019,'1191007',1740,,9298,79,,,0
105019,'1191038',1530,,9299,79,,,0
105019,'1191063',1022,,9300,79,,,0
105019,'1191065',1340,,9301,79,,,0
105019,'1191145',715,,9302,79,,,0
105019,'1191217',2329,,9303,79,,,0
105019,'1191294',1430,,9304,79,,,0
105019,'1191329',929,,9305,79,,,0
105019,'1191413',1045,,9306,79,,,0
105019,'1191457',1330,,9307,79,,,0
105019,'1191557',922,,9308,79,,,0
105019,'1191709',822,,9309,79,,,0
105019,'1191750',2315,,9310,79,,,0
105019,'1191859',729,,9311,79,,,0
105019,'1191891',1810,,9312,79,,,0
105019,'1192052',1930,,9313,79,,,0
105019,'1192113',645,,9314,79,,,0
105019,'1192142',1630,,9315,79,,,0
105019,'1192176',845,,9316,79,,,0
105019,'1192218',2415,,9317,79,,,0
105019,'1192236',1445,,9318,79,,,0
105019,'1192248',2115,,9319,79,,,0
105019,'1192267',1730,,9320,79,,,0
105019,'1192318',1130,,9321,79,,,0
105019,'1192337',1655,,9322,79,,,0
105019,'1192353',1525,,9323,79,,,0
105019,'1192579',1225,,9324,79,,,0
105019,'1192586',1245,,9325,79,,,0
105019,'1192598',2045,,9326,79,,,0
105019,'1192614',752,,9327,79,,,0
105019,'1192661',2215,,9328,79,,,0
105019,'1192725',1555,,9329,79,,,0
105019,'1192735',1945,,9330,79,,,0
105019,'1192821',2129,,9331,79,,,0
105019,'1192836',1845,,9332,79,,,0
105019,'1192847',615,,9333,79,,,0
105019,'1192875',1625,,9334,79,,,0
105019,'1193045',852,,9335,79,,,0
105019,'1193298',1125,,9336,79,,,0
