105019,'1190616',2229,,9291,48,,,0
105019,'1190769',1420,,9292,48,,,0
105019,'1190825',1629,,9293,48,,,0
105019,'1190865',1820,,9294,48,,,0
105019,'1190975',1850,,9295,48,,,0
105019,'1190992',1813,,9296,48,,,0
105019,'1190998',1213,,9297,48,,,0
105019,'1191007',1720,,9298,48,,,0
105019,'1191038',1513,,9299,48,,,0
105019,'1191063',1002,,9300,48,,,0
105019,'1191065',1320,,9301,48,,,0
105019,'1191145',658,,9302,48,,,0
105019,'1191217',2311,,9303,48,,,0
105019,'1191294',1413,,9304,48,,,0
105019,'1191329',911,,9305,48,,,0
105019,'1191413',1029,,9306,48,,,0
105019,'1191457',1313,,9307,48,,,0
105019,'1191557',902,,9308,48,,,0
105019,'1191709',802,,9309,48,,,0
105019,'1191750',2258,,9310,48,,,0
105019,'1191859',711,,9311,48,,,0
105019,'1191891',1750,,9312,48,,,0
105019,'1192052',1913,,9313,48,,,0
105019,'1192113',628,,9314,48,,,0
105019,'1192142',1613,,9315,48,,,0
105019,'1192176',829,,9316,48,,,0
105019,'1192218',2358,,9317,48,,,0
105019,'1192236',1429,,9318,48,,,0
105019,'1192248',2058,,9319,48,,,0
105019,'1192267',1713,,9320,48,,,0
105019,'1192318',1113,,9321,48,,,0
105019,'1192337',1635,,9322,48,,,0
105019,'1192353',1505,,9323,48,,,0
105019,'1192579',1205,,9324,48,,,0
105019,'1192586',1229,,9325,48,,,0
105019,'1192598',2029,,9326,48,,,0
105019,'1192614',732,,9327,48,,,0
105019,'1192661',2158,,9328,48,,,0
105019,'1192725',1535,,9329,48,,,0
105019,'1192735',1928,,9330,48,,,0
105019,'1192821',2111,,9331,48,,,0
105019,'1192836',1829,,9332,48,,,0
105019,'1192847',558,,9333,48,,,0
105019,'1192875',1605,,9334,48,,,0
105019,'1193045',832,,9335,48,,,0
105019,'1193298',1105,,9336,48,,,0
