14029,'1190709',1851,,8149,11,,,0
14029,'1190764',1751,,8150,11,,,0
14029,'1190906',651,,8151,11,,,0
14029,'1190920',2321,,8152,11,,,0
14029,'1190927',1621,,8153,11,,,0
14029,'1190947',2121,,8154,11,,,0
14029,'1191037',1451,,8155,11,,,0
14029,'1191042',1121,,8156,11,,,0
14029,'1191055',1021,,8157,11,,,0
14029,'1191078',821,,8158,11,,,0
14029,'1191085',721,,8159,11,,,0
14029,'1191268',2021,,8160,11,,,0
14029,'1191308',1421,,8161,11,,,0
14029,'1191322',1021,,8162,11,,,0
14029,'1191348',1221,,8163,11,,,0
14029,'1191415',2221,,8164,11,,,0
14029,'1191429',1821,,8165,11,,,0
14029,'1191444',921,,8166,11,,,0
14029,'1191520',1421,,8167,11,,,0
14029,'1191547',1521,,8168,11,,,0
14029,'1191620',1921,,8169,11,,,0
14029,'1191630',921,,8170,11,,,0
14029,'1191685',1121,,8171,11,,,0
14029,'1191690',1521,,8172,11,,,0
14029,'1191718',2321,,8173,11,,,0
14029,'1191777',921,,8174,11,,,0
14029,'1191810',721,,8175,11,,,0
14029,'1191843',1421,,8176,11,,,0
14029,'1191865',751,,8177,11,,,0
14029,'1191921',851,,8178,11,,,0
14029,'1191937',1221,,8179,11,,,0
14029,'1191955',821,,8180,11,,,0
14029,'1191980',2356,,8181,11,,,0
14029,'1192001',2251,,8182,11,,,0
14029,'1192032',821,,8183,11,,,0
14029,'1192051',1651,,8184,11,,,0
14029,'1192126',2221,,8185,11,,,0
14029,'1192347',2151,,8186,11,,,0
14029,'1192381',1821,,8187,11,,,0
14029,'1192383',1321,,8188,11,,,0
14029,'1192388',621,,8189,11,,,0
14029,'1192435',1621,,8190,11,,,0
14029,'1192473',2021,,8191,11,,,0
14029,'1192489',1551,,8192,11,,,0
14029,'1192580',2121,,8193,11,,,0
14029,'1192589',1721,,8194,11,,,0
14029,'1192627',1321,,8195,11,,,0
14029,'1192632',1221,,8196,11,,,0
14029,'1192674',1521,,8197,11,,,0
14029,'1192744',1621,,8198,11,,,0
14029,'1192787',1921,,8199,11,,,0
14029,'1192957',1721,,8200,11,,,0
14029,'1193009',1721,,8201,11,,,0
14029,'1193016',2051,,8202,11,,,0
14029,'1193023',1951,,8203,11,,,0
14029,'1193040',1121,,8204,11,,,0
14029,'1193048',721,,8205,11,,,0
14029,'1193064',1021,,8206,11,,,0
14029,'1193291',1321,,8207,11,,,0
