105029,'1190637',833,,9337,60,,,0
105029,'1190832',720,,9338,60,,,0
105029,'1190854',1523,,9339,60,,,0
105029,'1190856',1338,,9340,60,,,0
105029,'1190924',2425,,9341,60,,,0
105029,'1190926',1435,,9342,60,,,0
105029,'1190965',1453,,9343,60,,,0
105029,'1190981',650,,9344,60,,,0
105029,'1191222',2233,,9345,60,,,0
105029,'1191223',1708,,9346,60,,,0
105029,'1191285',2020,,9347,60,,,0
105029,'1191307',1553,,9348,60,,,0
105029,'1191404',1535,,9349,60,,,0
105029,'1191423',1423,,9350,60,,,0
105029,'1191572',1035,,9351,60,,,0
105029,'1191670',1750,,9352,60,,,0
105029,'1191739',1808,,9353,60,,,0
105029,'1191784',1335,,9354,60,,,0
105029,'1191846',1023,,9355,60,,,0
105029,'1191848',1238,,9356,60,,,0
105029,'1191910',2433,,9357,60,,,0
105029,'1191936',1550,,9358,60,,,0
105029,'1192016',750,,9359,60,,,0
105029,'1192019',1835,,9360,60,,,0
105029,'1192058',2350,,9361,60,,,0
105029,'1192150',750,,9362,60,,,0
105029,'1192180',1950,,9363,60,,,0
105029,'1192198',2320,,9364,60,,,0
105029,'1192205',633,,9365,60,,,0
105029,'1192224',1638,,9366,60,,,0
105029,'1192338',1850,,9367,60,,,0
105029,'1192379',2120,,9368,60,,,0
105029,'1192463',1350,,9369,60,,,0
105029,'1192488',1135,,9370,60,,,0
105029,'1192491',820,,9371,60,,,0
105029,'1192500',920,,9372,60,,,0
105029,'1192511',2033,,9373,60,,,0
105029,'1192662',1635,,9374,60,,,0
105029,'1192694',1123,,9375,60,,,0
105029,'1192728',2150,,9376,60,,,0
105029,'1193038',1235,,9377,60,,,0
105029,'1193130',1150,,9378,60,,,0
105029,'1193181',1735,,9379,60,,,0
105029,'1193225',1738,,9380,60,,,0
105029,'1193234',950,,9381,60,,,0
105029,'1193316',2220,,9382,60,,,0
