25019,'1190672',2236,,8481,7,,,0
25019,'1190682',920,,8482,7,,,0
25019,'1190694',736,,8483,7,,,0
25019,'1190780',2335,,8484,7,,,0
25019,'1190819',706,,8485,7,,,0
25019,'1190912',1836,,8486,7,,,0
25019,'1191039',1720,,8487,7,,,0
25019,'1191069',1935,,8488,7,,,0
25019,'1191124',2035,,8489,7,,,0
25019,'1191161',1635,,8490,7,,,0
25019,'1191291',820,,8491,7,,,0
25019,'1191327',1406,,8492,7,,,0
25019,'1191338',1035,,8493,7,,,0
25019,'1191351',1936,,8494,7,,,0
25019,'1191352',1436,,8495,7,,,0
25019,'1191409',935,,8496,7,,,0
25019,'1191435',1220,,8497,7,,,0
25019,'1191471',2120,,8498,7,,,0
25019,'1191478',2235,,8499,7,,,0
25019,'1191511',1736,,8500,7,,,0
25019,'1191525',1435,,8501,7,,,0
25019,'1191551',635,,8502,7,,,0
25019,'1191579',835,,8503,7,,,0
25019,'1191591',2320,,8504,7,,,0
25019,'1191596',2136,,8505,7,,,0
25019,'1191642',806,,8506,7,,,0
25019,'1191659',1620,,8507,7,,,0
25019,'1191842',1835,,8508,7,,,0
25019,'1191928',2036,,8509,7,,,0
25019,'1191935',836,,8510,7,,,0
25019,'1191950',1235,,8511,7,,,0
25019,'1191964',1535,,8512,7,,,0
25019,'1192103',2135,,8513,7,,,0
25019,'1192106',1206,,8514,7,,,0
25019,'1192141',2220,,8515,7,,,0
25019,'1192147',1320,,8516,7,,,0
25019,'1192241',2020,,8517,7,,,0
25019,'1192259',1335,,8518,7,,,0
25019,'1192277',1735,,8519,7,,,0
25019,'1192343',1106,,8520,7,,,0
25019,'1192356',1536,,8521,7,,,0
25019,'1192389',1420,,8522,7,,,0
25019,'1192432',1606,,8523,7,,,0
25019,'1192459',1020,,8524,7,,,0
25019,'1192477',2356,,8525,7,,,0
25019,'1192541',720,,8526,7,,,0
25019,'1192596',1506,,8527,7,,,0
25019,'1192742',1006,,8528,7,,,0
25019,'1192751',1135,,8529,7,,,0
25019,'1192774',1706,,8530,7,,,0
25019,'1192796',1306,,8531,7,,,0
25019,'1192828',1920,,8532,7,,,0
25019,'1192849',936,,8533,7,,,0
25019,'1192959',636,,8534,7,,,0
25019,'1193109',1636,,8535,7,,,0
25019,'1193121',735,,8536,7,,,0
25019,'1193125',1820,,8537,7,,,0
25019,'1193301',1120,,8538,7,,,0
25019,'1193312',1520,,8539,7,,,0
25019,'1193315',906,,8540,7,,,0
