105029,'1190637',837,,9337,64,,,0
105029,'1190832',724,,9338,64,,,0
105029,'1190854',1527,,9339,64,,,0
105029,'1190856',1342,,9340,64,,,0
105029,'1190924',2429,,9341,64,,,0
105029,'1190926',1439,,9342,64,,,0
105029,'1190965',1457,,9343,64,,,0
105029,'1190981',654,,9344,64,,,0
105029,'1191222',2237,,9345,64,,,0
105029,'1191223',1712,,9346,64,,,0
105029,'1191285',2024,,9347,64,,,0
105029,'1191307',1557,,9348,64,,,0
105029,'1191404',1539,,9349,64,,,0
105029,'1191423',1427,,9350,64,,,0
105029,'1191572',1039,,9351,64,,,0
105029,'1191670',1754,,9352,64,,,0
105029,'1191739',1812,,9353,64,,,0
105029,'1191784',1339,,9354,64,,,0
105029,'1191846',1027,,9355,64,,,0
105029,'1191848',1242,,9356,64,,,0
105029,'1191910',2437,,9357,64,,,0
105029,'1191936',1554,,9358,64,,,0
105029,'1192016',754,,9359,64,,,0
105029,'1192019',1839,,9360,64,,,0
105029,'1192058',2354,,9361,64,,,0
105029,'1192150',754,,9362,64,,,0
105029,'1192180',1954,,9363,64,,,0
105029,'1192198',2324,,9364,64,,,0
105029,'1192205',637,,9365,64,,,0
105029,'1192224',1642,,9366,64,,,0
105029,'1192338',1854,,9367,64,,,0
105029,'1192379',2124,,9368,64,,,0
105029,'1192463',1354,,9369,64,,,0
105029,'1192488',1139,,9370,64,,,0
105029,'1192491',824,,9371,64,,,0
105029,'1192500',924,,9372,64,,,0
105029,'1192511',2037,,9373,64,,,0
105029,'1192662',1639,,9374,64,,,0
105029,'1192694',1127,,9375,64,,,0
105029,'1192728',2154,,9376,64,,,0
105029,'1193038',1239,,9377,64,,,0
105029,'1193130',1154,,9378,64,,,0
105029,'1193181',1739,,9379,64,,,0
105029,'1193225',1742,,9380,64,,,0
105029,'1193234',954,,9381,64,,,0
105029,'1193316',2224,,9382,64,,,0
