12019,'1190645',1628,,7824,16,,,0
12019,'1190657',1757,,7825,16,,,0
12019,'1190716',657,,7826,16,,,0
12019,'1190720',1857,,7827,16,,,0
12019,'1190795',1657,,7828,16,,,0
12019,'1190815',1457,,7829,16,,,0
12019,'1190831',2157,,7830,16,,,0
12019,'1190872',857,,7831,16,,,0
12019,'1190904',2057,,7832,16,,,0
12019,'1190905',857,,7833,16,,,0
12019,'1190925',2027,,7834,16,,,0
12019,'1190938',1628,,7835,16,,,0
12019,'1191207',1758,,7836,16,,,0
12019,'1191227',1728,,7837,16,,,0
12019,'1191292',957,,7838,16,,,0
12019,'1191300',1528,,7839,16,,,0
12019,'1191320',2327,,7840,16,,,0
12019,'1191398',2157,,7841,16,,,0
12019,'1191414',1728,,7842,16,,,0
12019,'1191419',1458,,7843,16,,,0
12019,'1191420',2127,,7844,16,,,0
12019,'1191448',757,,7845,16,,,0
12019,'1191466',1658,,7846,16,,,0
12019,'1191470',1458,,7847,16,,,0
12019,'1191522',1058,,7848,16,,,0
12019,'1191559',1357,,7849,16,,,0
12019,'1191598',1158,,7850,16,,,0
12019,'1191639',1228,,7851,16,,,0
12019,'1191674',1128,,7852,16,,,0
12019,'1191686',1328,,7853,16,,,0
12019,'1191724',1557,,7854,16,,,0
12019,'1191785',1157,,7855,16,,,0
12019,'1191790',1057,,7856,16,,,0
12019,'1191803',1258,,7857,16,,,0
12019,'1191804',1558,,7858,16,,,0
12019,'1191818',1358,,7859,16,,,0
12019,'1191855',1857,,7860,16,,,0
12019,'1191973',1128,,7861,16,,,0
12019,'1191984',2357,,7862,16,,,0
12019,'1192006',1027,,7863,16,,,0
12019,'1192018',1258,,7864,16,,,0
12019,'1192022',1927,,7865,16,,,0
12019,'1192099',827,,7866,16,,,0
12019,'1192145',1358,,7867,16,,,0
12019,'1192151',757,,7868,16,,,0
12019,'1192194',727,,7869,16,,,0
12019,'1192261',1158,,7870,16,,,0
12019,'1192280',2227,,7871,16,,,0
12019,'1192281',1328,,7872,16,,,0
12019,'1192299',757,,7873,16,,,0
12019,'1192301',1228,,7874,16,,,0
12019,'1192340',1428,,7875,16,,,0
12019,'1192366',1827,,7876,16,,,0
12019,'1192412',927,,7877,16,,,0
12019,'1192428',857,,7878,16,,,0
12019,'1192530',1528,,7879,16,,,0
12019,'1192561',2357,,7880,16,,,0
12019,'1192582',1957,,7881,16,,,0
12019,'1192611',2257,,7882,16,,,0
12019,'1192642',627,,7883,16,,,0
12019,'1193003',1558,,7884,16,,,0
12019,'1193055',1658,,7885,16,,,0
12019,'1193068',957,,7886,16,,,0
12019,'1193119',2057,,7887,16,,,0
12019,'1193147',1058,,7888,16,,,0
12019,'1193167',1428,,7889,16,,,0
12019,'1193176',659,,7890,16,,,0
12019,'1193179',1957,,7891,16,,,0
12019,'1193229',1758,,7892,16,,,0
12019,'1193248',1257,,7893,16,,,0
12019,'1193280',2257,,7894,16,,,0
12019,'1193305',957,,7895,16,,,0
