10029,'1193433',1903,,10005,28,,,0
10029,'1193434',933,,10006,28,,,0
10029,'1193435',2003,,10007,28,,,0
10029,'1193438',833,,10008,28,,,0
10029,'1193440',1433,,10009,28,,,0
10029,'1193441',833,,10010,28,,,0
10029,'1193442',733,,10011,28,,,0
10029,'1193443',1333,,10012,28,,,0
10029,'1193444',1433,,10013,28,,,0
10029,'1193445',733,,10014,28,,,0
10029,'1193446',2103,,10015,28,,,0
10029,'1193448',1933,,10016,28,,,0
10029,'1193450',1833,,10017,28,,,0
10029,'1193453',1033,,10018,28,,,0
10029,'1193461',933,,10019,28,,,0
10029,'1193462',1233,,10020,28,,,0
10029,'1193463',1633,,10021,28,,,0
10029,'1193464',1833,,10022,28,,,0
10029,'1193466',1703,,10023,28,,,0
10029,'1193468',933,,10024,28,,,0
10029,'1193469',833,,10025,28,,,0
10029,'1193470',1233,,10026,28,,,0
10029,'1193471',2408,,10027,28,,,0
10029,'1193474',803,,10028,28,,,0
10029,'1193475',1033,,10029,28,,,0
10029,'1193476',1733,,10030,28,,,0
10029,'1193479',903,,10031,28,,,0
10029,'1193480',1633,,10032,28,,,0
10029,'1193481',1133,,10033,28,,,0
10029,'1193482',1733,,10034,28,,,0
10029,'1193483',1533,,10035,28,,,0
10029,'1193484',2233,,10036,28,,,0
10029,'1193487',2033,,10037,28,,,0
10029,'1193488',1503,,10038,28,,,0
10029,'1193491',1133,,10039,28,,,0
10029,'1193494',703,,10040,28,,,0
10029,'1193496',2203,,10041,28,,,0
10029,'1193497',2233,,10042,28,,,0
10029,'1193498',1603,,10043,28,,,0
10029,'1193499',2333,,10044,28,,,0
10029,'1193504',1533,,10045,28,,,0
10029,'1193505',1803,,10046,28,,,0
10029,'1193506',1533,,10047,28,,,0
10029,'1193509',1033,,10048,28,,,0
10029,'1193510',2133,,10049,28,,,0
10029,'1193514',2333,,10050,28,,,0
10029,'1193515',1133,,10051,28,,,0
10029,'1193520',633,,10052,28,,,0
10029,'1193521',1933,,10053,28,,,0
10029,'1193526',1333,,10054,28,,,0
10029,'1193528',1733,,10055,28,,,0
10029,'1193538',733,,10056,28,,,0
10029,'1193539',2303,,10057,28,,,0
10029,'1193542',1333,,10058,28,,,0
10029,'1193544',1233,,10059,28,,,0
10029,'1193546',1433,,10060,28,,,0
10029,'1193547',2133,,10061,28,,,0
10029,'1193548',1633,,10062,28,,,0
10029,'1193550',2033,,10063,28,,,0
