28029,'1190634',746,,8870,2,,,0
28029,'1190661',1646,,8871,2,,,0
28029,'1190770',2306,,8872,2,,,0
28029,'1190803',821,,8873,2,,,0
28029,'1190860',651,,8874,2,,,0
28029,'1190918',1246,,8875,2,,,0
28029,'1190970',2406,,8876,2,,,0
28029,'1191001',1146,,8877,2,,,0
28029,'1191052',2206,,8878,2,,,0
28029,'1191081',1121,,8879,2,,,0
28029,'1191179',1946,,8880,2,,,0
28029,'1191269',2221,,8881,2,,,0
28029,'1191271',1651,,8882,2,,,0
28029,'1191336',806,,8883,2,,,0
28029,'1191340',1521,,8884,2,,,0
28029,'1191354',1507,,8885,2,,,0
28029,'1191361',1321,,8886,2,,,0
28029,'1191396',2021,,8887,2,,,0
28029,'1191399',1921,,8888,2,,,0
28029,'1191469',1851,,8889,2,,,0
28029,'1191538',1906,,8890,2,,,0
28029,'1191558',621,,8891,2,,,0
28029,'1191593',2046,,8892,2,,,0
28029,'1191761',2106,,8893,2,,,0
28029,'1191796',1006,,8894,2,,,0
28029,'1191802',846,,8895,2,,,0
28029,'1191849',906,,8896,2,,,0
28029,'1191894',851,,8897,2,,,0
28029,'1191915',2146,,8898,2,,,0
28029,'1191989',1751,,8899,2,,,0
28029,'1192005',946,,8900,2,,,0
28029,'1192036',1407,,8901,2,,,0
28029,'1192069',1846,,8902,2,,,0
28029,'1192124',1446,,8903,2,,,0
28029,'1192139',1721,,8904,2,,,0
28029,'1192188',751,,8905,2,,,0
28029,'1192295',1746,,8906,2,,,0
28029,'1192302',1806,,8907,2,,,0
28029,'1192370',2346,,8908,2,,,0
28029,'1192378',2321,,8909,2,,,0
28029,'1192387',706,,8910,2,,,0
28029,'1192517',1021,,8911,2,,,0
28029,'1192556',1621,,8912,2,,,0
28029,'1192593',1821,,8913,2,,,0
28029,'1192638',1106,,8914,2,,,0
28029,'1192687',2006,,8915,2,,,0
28029,'1192748',721,,8916,2,,,0
28029,'1192752',1706,,8917,2,,,0
28029,'1192786',1207,,8918,2,,,0
28029,'1192789',921,,8919,2,,,0
28029,'1192890',1425,,8920,2,,,0
28029,'1192951',1307,,8921,2,,,0
28029,'1193018',1607,,8922,2,,,0
28029,'1193050',2246,,8923,2,,,0
28029,'1193145',1046,,8924,2,,,0
28029,'1193148',1546,,8925,2,,,0
28029,'1193161',1221,,8926,2,,,0
28029,'1193213',1346,,8927,2,,,0
28029,'1193302',2121,,8928,2,,,0
