102019,'1190597',2101,,9039,14,,,0
102019,'1190642',1215,,9040,14,,,0
102019,'1190683',1331,,9041,14,,,0
102019,'1190693',2231,,9042,14,,,0
102019,'1190718',1901,,9043,14,,,0
102019,'1190741',1131,,9044,14,,,0
102019,'1190744',2245,,9045,14,,,0
102019,'1190821',1645,,9046,14,,,0
102019,'1190958',2331,,9047,14,,,0
102019,'1191221',646,,9048,14,,,0
102019,'1191235',1001,,9049,14,,,0
102019,'1191363',831,,9050,14,,,0
102019,'1191366',1945,,9051,14,,,0
102019,'1191400',2115,,9052,14,,,0
102019,'1191449',1631,,9053,14,,,0
102019,'1191519',1431,,9054,14,,,0
102019,'1191533',946,,9055,14,,,0
102019,'1191546',915,,9056,14,,,0
102019,'1191550',1601,,9057,14,,,0
102019,'1191628',1731,,9058,14,,,0
102019,'1191743',1301,,9059,14,,,0
102019,'1191774',901,,9060,14,,,0
102019,'1191788',1416,,9061,14,,,0
102019,'1191823',2031,,9062,14,,,0
102019,'1192057',1345,,9063,14,,,0
102019,'1192080',1931,,9064,14,,,0
102019,'1192239',1201,,9065,14,,,0
102019,'1192244',2401,,9066,14,,,0
102019,'1192255',1031,,9067,14,,,0
102019,'1192441',601,,9068,14,,,0
102019,'1192464',701,,9069,14,,,0
102019,'1192471',1045,,9070,14,,,0
102019,'1192484',816,,9071,14,,,0
102019,'1192625',1716,,9072,14,,,0
102019,'1192766',2201,,9073,14,,,0
102019,'1192942',1801,,9074,14,,,0
102019,'1192981',1515,,9075,14,,,0
102019,'1193042',1815,,9076,14,,,0
102019,'1193104',1546,,9077,14,,,0
102019,'1193216',1501,,9078,14,,,0
102019,'1193256',745,,9079,14,,,0
102019,'1193275',731,,9080,14,,,0
