102029,'1190835',1908,,9081,3,,,0
102029,'1190937',628,,9082,3,,,0
102029,'1191107',2208,,9083,3,,,0
102029,'1191135',738,,9084,3,,,0
102029,'1191154',1520,,9085,3,,,0
102029,'1191181',1138,,9086,3,,,0
102029,'1191262',1438,,9087,3,,,0
102029,'1191304',708,,9088,3,,,0
102029,'1191433',908,,9089,3,,,0
102029,'1191481',1220,,9090,3,,,0
102029,'1191496',2238,,9091,3,,,0
102029,'1191671',838,,9092,3,,,0
102029,'1191758',2250,,9093,3,,,0
102029,'1191805',1553,,9094,3,,,0
102029,'1191922',608,,9095,3,,,0
102029,'1191944',1350,,9096,3,,,0
102029,'1192040',1308,,9097,3,,,0
102029,'1192054',1338,,9098,3,,,0
102029,'1192104',2120,,9099,3,,,0
102029,'1192165',1008,,9100,3,,,0
102029,'1192219',2108,,9101,3,,,0
102029,'1192229',1820,,9102,3,,,0
102029,'1192269',1508,,9103,3,,,0
102029,'1192425',1208,,9104,3,,,0
102029,'1192453',1950,,9105,3,,,0
102029,'1192474',2338,,9106,3,,,0
102029,'1192505',653,,9107,3,,,0
102029,'1192509',1938,,9108,3,,,0
102029,'1192621',1723,,9109,3,,,0
102029,'1192631',953,,9110,3,,,0
102029,'1192823',750,,9111,3,,,0
102029,'1192857',1650,,9112,3,,,0
102029,'1192870',1608,,9113,3,,,0
102029,'1192893',1808,,9114,3,,,0
102029,'1192925',1638,,9115,3,,,0
102029,'1192999',920,,9116,3,,,0
102029,'1193000',2408,,9117,3,,,0
102029,'1193010',1038,,9118,3,,,0
102029,'1193070',823,,9119,3,,,0
102029,'1193101',1050,,9120,3,,,0
102029,'1193141',2038,,9121,3,,,0
102029,'1193243',1738,,9122,3,,,0
102029,'1193313',1423,,9123,3,,,0
