23029,'1190732',1356,,8352,15,,,0
23029,'1190742',1156,,8353,15,,,0
23029,'1190848',1525,,8354,15,,,0
23029,'1191071',924,,8355,15,,,0
23029,'1191280',1326,,8356,15,,,0
23029,'1191342',954,,8357,15,,,0
23029,'1191679',1725,,8358,15,,,0
23029,'1192283',1125,,8359,15,,,0
23029,'1192955',1557,,8360,15,,,0
102029,'1190835',1922,,9081,22,,,0
102029,'1190937',642,,9082,22,,,0
102029,'1191107',2222,,9083,22,,,0
102029,'1191135',752,,9084,22,,,0
102029,'1191154',1534,,9085,22,,,0
102029,'1191181',1152,,9086,22,,,0
102029,'1191262',1452,,9087,22,,,0
102029,'1191304',722,,9088,22,,,0
102029,'1191433',922,,9089,22,,,0
102029,'1191481',1234,,9090,22,,,0
102029,'1191496',2252,,9091,22,,,0
102029,'1191671',852,,9092,22,,,0
102029,'1191758',2304,,9093,22,,,0
102029,'1191805',1607,,9094,22,,,0
102029,'1191922',622,,9095,22,,,0
102029,'1191944',1404,,9096,22,,,0
102029,'1192040',1322,,9097,22,,,0
102029,'1192054',1352,,9098,22,,,0
102029,'1192104',2134,,9099,22,,,0
102029,'1192165',1022,,9100,22,,,0
102029,'1192219',2122,,9101,22,,,0
102029,'1192229',1834,,9102,22,,,0
102029,'1192269',1522,,9103,22,,,0
102029,'1192425',1222,,9104,22,,,0
102029,'1192453',2004,,9105,22,,,0
102029,'1192474',2352,,9106,22,,,0
102029,'1192505',707,,9107,22,,,0
102029,'1192509',1952,,9108,22,,,0
102029,'1192621',1737,,9109,22,,,0
102029,'1192631',1007,,9110,22,,,0
102029,'1192823',804,,9111,22,,,0
102029,'1192857',1704,,9112,22,,,0
102029,'1192870',1622,,9113,22,,,0
102029,'1192893',1822,,9114,22,,,0
102029,'1192925',1652,,9115,22,,,0
102029,'1192999',934,,9116,22,,,0
102029,'1193000',2422,,9117,22,,,0
102029,'1193010',1052,,9118,22,,,0
102029,'1193070',837,,9119,22,,,0
102029,'1193101',1104,,9120,22,,,0
102029,'1193141',2052,,9121,22,,,0
102029,'1193243',1752,,9122,22,,,0
102029,'1193313',1437,,9123,22,,,0
