14029,'1184567',2033,,5303,37,,,0
14029,'1184744',733,,5304,37,,,0
14029,'1184813',1531,,5305,37,,,0
14029,'1184869',633,,5306,37,,,0
14029,'1184894',1633,,5307,37,,,0
14029,'1184948',2133,,5308,37,,,0
14029,'1184973',1731,,5309,37,,,0
14029,'1184981',1704,,5310,37,,,0
14029,'1184993',1734,,5311,37,,,0
14029,'1185190',2003,,5312,37,,,0
14029,'1185192',1631,,5313,37,,,0
14029,'1185265',833,,5314,37,,,0
14029,'1185266',2233,,5315,37,,,0
14029,'1185306',733,,5316,37,,,0
14029,'1185322',1434,,5317,37,,,0
14029,'1185345',1333,,5318,37,,,0
14029,'1185408',1504,,5319,37,,,0
14029,'1185466',2331,,5320,37,,,0
14029,'1185480',1233,,5321,37,,,0
14029,'1185491',1634,,5322,37,,,0
14029,'1185496',1833,,5323,37,,,0
14029,'1185512',1933,,5324,37,,,0
14029,'1185568',1534,,5325,37,,,0
14029,'1185647',1033,,5326,37,,,0
14029,'1185698',1331,,5327,37,,,0
14029,'1185828',2303,,5328,37,,,0
14029,'1185848',1431,,5329,37,,,0
14029,'1185866',2408,,5330,37,,,0
14029,'1185960',833,,5331,37,,,0
14029,'1185970',933,,5332,37,,,0
14029,'1186076',1733,,5333,37,,,0
14029,'1186118',703,,5334,37,,,0
14029,'1186154',933,,5335,37,,,0
14029,'1186312',2203,,5336,37,,,0
14029,'1186319',1604,,5337,37,,,0
14029,'1186327',1334,,5338,37,,,0
14029,'1186353',1931,,5339,37,,,0
14029,'1186377',1234,,5340,37,,,0
14029,'1186418',1034,,5341,37,,,0
14029,'1186536',1031,,5342,37,,,0
14029,'1186554',1533,,5343,37,,,0
14029,'1186577',2333,,5344,37,,,0
14029,'1186622',1231,,5345,37,,,0
14029,'1186746',1433,,5346,37,,,0
14029,'1186757',1133,,5347,37,,,0
14029,'1186771',803,,5348,37,,,0
14029,'1186789',1131,,5349,37,,,0
14029,'1186793',2131,,5350,37,,,0
14029,'1186798',731,,5351,37,,,0
14029,'1186876',1831,,5352,37,,,0
14029,'1186908',903,,5353,37,,,0
14029,'1186964',831,,5354,37,,,0
14029,'1186971',2103,,5355,37,,,0
14029,'1187011',2231,,5356,37,,,0
14029,'1187063',1803,,5357,37,,,0
14029,'1187088',2031,,5358,37,,,0
14029,'1187110',931,,5359,37,,,0
14029,'1187137',1903,,5360,37,,,0
14029,'1187192',1134,,5361,37,,,0
