10029,'1193433',1848,,10005,5,,,0
10029,'1193434',918,,10006,5,,,0
10029,'1193435',1948,,10007,5,,,0
10029,'1193438',818,,10008,5,,,0
10029,'1193440',1418,,10009,5,,,0
10029,'1193441',818,,10010,5,,,0
10029,'1193442',718,,10011,5,,,0
10029,'1193443',1318,,10012,5,,,0
10029,'1193444',1418,,10013,5,,,0
10029,'1193445',718,,10014,5,,,0
10029,'1193446',2048,,10015,5,,,0
10029,'1193448',1918,,10016,5,,,0
10029,'1193450',1818,,10017,5,,,0
10029,'1193453',1018,,10018,5,,,0
10029,'1193461',918,,10019,5,,,0
10029,'1193462',1218,,10020,5,,,0
10029,'1193463',1618,,10021,5,,,0
10029,'1193464',1818,,10022,5,,,0
10029,'1193466',1648,,10023,5,,,0
10029,'1193468',918,,10024,5,,,0
10029,'1193469',818,,10025,5,,,0
10029,'1193470',1218,,10026,5,,,0
10029,'1193471',2353,,10027,5,,,0
10029,'1193474',748,,10028,5,,,0
10029,'1193475',1018,,10029,5,,,0
10029,'1193476',1718,,10030,5,,,0
10029,'1193479',848,,10031,5,,,0
10029,'1193480',1618,,10032,5,,,0
10029,'1193481',1118,,10033,5,,,0
10029,'1193482',1718,,10034,5,,,0
10029,'1193483',1518,,10035,5,,,0
10029,'1193484',2218,,10036,5,,,0
10029,'1193487',2018,,10037,5,,,0
10029,'1193488',1448,,10038,5,,,0
10029,'1193491',1118,,10039,5,,,0
10029,'1193494',648,,10040,5,,,0
10029,'1193496',2148,,10041,5,,,0
10029,'1193497',2218,,10042,5,,,0
10029,'1193498',1548,,10043,5,,,0
10029,'1193499',2318,,10044,5,,,0
10029,'1193504',1518,,10045,5,,,0
10029,'1193505',1748,,10046,5,,,0
10029,'1193506',1518,,10047,5,,,0
10029,'1193509',1018,,10048,5,,,0
10029,'1193510',2118,,10049,5,,,0
10029,'1193514',2318,,10050,5,,,0
10029,'1193515',1118,,10051,5,,,0
10029,'1193520',618,,10052,5,,,0
10029,'1193521',1918,,10053,5,,,0
10029,'1193526',1318,,10054,5,,,0
10029,'1193528',1718,,10055,5,,,0
10029,'1193538',718,,10056,5,,,0
10029,'1193539',2248,,10057,5,,,0
10029,'1193542',1318,,10058,5,,,0
10029,'1193544',1218,,10059,5,,,0
10029,'1193546',1418,,10060,5,,,0
10029,'1193547',2118,,10061,5,,,0
10029,'1193548',1618,,10062,5,,,0
10029,'1193550',2018,,10063,5,,,0
