10029,'1193433',1849,,10005,7,,,0
10029,'1193434',919,,10006,7,,,0
10029,'1193435',1949,,10007,7,,,0
10029,'1193438',819,,10008,7,,,0
10029,'1193440',1419,,10009,7,,,0
10029,'1193441',819,,10010,7,,,0
10029,'1193442',719,,10011,7,,,0
10029,'1193443',1319,,10012,7,,,0
10029,'1193444',1419,,10013,7,,,0
10029,'1193445',719,,10014,7,,,0
10029,'1193446',2049,,10015,7,,,0
10029,'1193448',1919,,10016,7,,,0
10029,'1193450',1819,,10017,7,,,0
10029,'1193453',1019,,10018,7,,,0
10029,'1193461',919,,10019,7,,,0
10029,'1193462',1219,,10020,7,,,0
10029,'1193463',1619,,10021,7,,,0
10029,'1193464',1819,,10022,7,,,0
10029,'1193466',1649,,10023,7,,,0
10029,'1193468',919,,10024,7,,,0
10029,'1193469',819,,10025,7,,,0
10029,'1193470',1219,,10026,7,,,0
10029,'1193471',2354,,10027,7,,,0
10029,'1193474',749,,10028,7,,,0
10029,'1193475',1019,,10029,7,,,0
10029,'1193476',1719,,10030,7,,,0
10029,'1193479',849,,10031,7,,,0
10029,'1193480',1619,,10032,7,,,0
10029,'1193481',1119,,10033,7,,,0
10029,'1193482',1719,,10034,7,,,0
10029,'1193483',1519,,10035,7,,,0
10029,'1193484',2219,,10036,7,,,0
10029,'1193487',2019,,10037,7,,,0
10029,'1193488',1449,,10038,7,,,0
10029,'1193491',1119,,10039,7,,,0
10029,'1193494',649,,10040,7,,,0
10029,'1193496',2149,,10041,7,,,0
10029,'1193497',2219,,10042,7,,,0
10029,'1193498',1549,,10043,7,,,0
10029,'1193499',2319,,10044,7,,,0
10029,'1193504',1519,,10045,7,,,0
10029,'1193505',1749,,10046,7,,,0
10029,'1193506',1519,,10047,7,,,0
10029,'1193509',1019,,10048,7,,,0
10029,'1193510',2119,,10049,7,,,0
10029,'1193514',2319,,10050,7,,,0
10029,'1193515',1119,,10051,7,,,0
10029,'1193520',619,,10052,7,,,0
10029,'1193521',1919,,10053,7,,,0
10029,'1193526',1319,,10054,7,,,0
10029,'1193528',1719,,10055,7,,,0
10029,'1193538',719,,10056,7,,,0
10029,'1193539',2249,,10057,7,,,0
10029,'1193542',1319,,10058,7,,,0
10029,'1193544',1219,,10059,7,,,0
10029,'1193546',1419,,10060,7,,,0
10029,'1193547',2119,,10061,7,,,0
10029,'1193548',1619,,10062,7,,,0
10029,'1193550',2019,,10063,7,,,0
