25019,'1184495',711,,5635,17,,,0
25019,'1184514',1840,,5636,17,,,0
25019,'1184552',2024,,5637,17,,,0
25019,'1184642',1140,,5638,17,,,0
25019,'1184757',1541,,5639,17,,,0
25019,'1184771',1711,,5640,17,,,0
25019,'1184811',639,,5641,17,,,0
25019,'1184903',2241,,5642,17,,,0
25019,'1184942',840,,5643,17,,,0
25019,'1184959',940,,5644,17,,,0
25019,'1184966',1024,,5645,17,,,0
25019,'1185039',1440,,5646,17,,,0
25019,'1185069',2124,,5647,17,,,0
25019,'1185100',1741,,5648,17,,,0
25019,'1185110',1641,,5649,17,,,0
25019,'1185173',941,,5650,17,,,0
25019,'1185179',2141,,5651,17,,,0
25019,'1185182',2339,,5652,17,,,0
25019,'1185200',824,,5653,17,,,0
25019,'1185244',741,,5654,17,,,0
25019,'1185338',911,,5655,17,,,0
25019,'1185386',1324,,5656,17,,,0
25019,'1185434',1111,,5657,17,,,0
25019,'1185476',1624,,5658,17,,,0
25019,'1185477',1424,,5659,17,,,0
25019,'1185566',2140,,5660,17,,,0
25019,'1185653',1011,,5661,17,,,0
25019,'1185682',1924,,5662,17,,,0
25019,'1185731',1211,,5663,17,,,0
25019,'1185735',724,,5664,17,,,0
25019,'1185741',2041,,5665,17,,,0
25019,'1185764',2240,,5666,17,,,0
25019,'1185802',1040,,5667,17,,,0
25019,'1185991',841,,5668,17,,,0
25019,'1186008',1640,,5669,17,,,0
25019,'1186131',1841,,5670,17,,,0
25019,'1186316',1124,,5671,17,,,0
25019,'1186381',1240,,5672,17,,,0
25019,'1186416',1724,,5673,17,,,0
25019,'1186473',1940,,5674,17,,,0
25019,'1186484',739,,5675,17,,,0
25019,'1186541',1340,,5676,17,,,0
25019,'1186625',1311,,5677,17,,,0
25019,'1186639',1824,,5678,17,,,0
25019,'1186641',1524,,5679,17,,,0
25019,'1186660',1224,,5680,17,,,0
25019,'1186779',924,,5681,17,,,0
25019,'1186803',641,,5682,17,,,0
25019,'1186831',2224,,5683,17,,,0
25019,'1186914',1441,,5684,17,,,0
25019,'1186957',811,,5685,17,,,0
25019,'1186981',2324,,5686,17,,,0
25019,'1186996',1411,,5687,17,,,0
25019,'1187059',1611,,5688,17,,,0
25019,'1187075',1740,,5689,17,,,0
25019,'1187077',1540,,5690,17,,,0
25019,'1187086',1511,,5691,17,,,0
25019,'1187122',2040,,5692,17,,,0
25019,'1187127',1941,,5693,17,,,0
25019,'1187154',2401,,5694,17,,,0
