12029,'1190603',1224,,7896,13,,,0
12029,'1190623',923,,7897,13,,,0
12029,'1190638',1823,,7898,13,,,0
12029,'1190684',2224,,7899,13,,,0
12029,'1190691',2053,,7900,13,,,0
12029,'1190731',1623,,7901,13,,,0
12029,'1190743',1923,,7902,13,,,0
12029,'1190753',2124,,7903,13,,,0
12029,'1190777',753,,7904,13,,,0
12029,'1190812',2253,,7905,13,,,0
12029,'1190880',2153,,7906,13,,,0
12029,'1190932',1424,,7907,13,,,0
12029,'1190940',1753,,7908,13,,,0
12029,'1191029',1353,,7909,13,,,0
12029,'1191043',1723,,7910,13,,,0
12029,'1191093',1653,,7911,13,,,0
12029,'1191133',1053,,7912,13,,,0
12029,'1191256',924,,7913,13,,,0
12029,'1191281',1123,,7914,13,,,0
12029,'1191303',823,,7915,13,,,0
12029,'1191335',1623,,7916,13,,,0
12029,'1191382',1053,,7917,13,,,0
12029,'1191410',1653,,7918,13,,,0
12029,'1191500',1153,,7919,13,,,0
12029,'1191501',2024,,7920,13,,,0
12029,'1191528',1423,,7921,13,,,0
12029,'1191555',2123,,7922,13,,,0
12029,'1191588',2358,,7923,13,,,0
12029,'1191595',1323,,7924,13,,,0
12029,'1191653',623,,7925,13,,,0
12029,'1191692',824,,7926,13,,,0
12029,'1191696',1924,,7927,13,,,0
12029,'1191708',2023,,7928,13,,,0
12029,'1191789',1524,,7929,13,,,0
12029,'1191811',1124,,7930,13,,,0
12029,'1191813',923,,7931,13,,,0
12029,'1191831',1024,,7932,13,,,0
12029,'1191874',1353,,7933,13,,,0
12029,'1191998',1723,,7934,13,,,0
12029,'1192059',2324,,7935,13,,,0
12029,'1192129',1824,,7936,13,,,0
12029,'1192133',1123,,7937,13,,,0
12029,'1192152',1553,,7938,13,,,0
12029,'1192260',853,,7939,13,,,0
12029,'1192279',1253,,7940,13,,,0
12029,'1192294',724,,7941,13,,,0
12029,'1192306',953,,7942,13,,,0
12029,'1192361',1253,,7943,13,,,0
12029,'1192410',823,,7944,13,,,0
12029,'1192567',1223,,7945,13,,,0
12029,'1192578',1624,,7946,13,,,0
12029,'1192673',1153,,7947,13,,,0
12029,'1192741',1423,,7948,13,,,0
12029,'1192809',653,,7949,13,,,0
12029,'1192877',2323,,7950,13,,,0
12029,'1192898',1453,,7951,13,,,0
12029,'1192950',723,,7952,13,,,0
12029,'1193043',723,,7953,13,,,0
12029,'1193053',1023,,7954,13,,,0
12029,'1193054',1953,,7955,13,,,0
12029,'1193056',1553,,7956,13,,,0
12029,'1193058',1324,,7957,13,,,0
12029,'1193093',1724,,7958,13,,,0
12029,'1193102',1523,,7959,13,,,0
12029,'1193103',1453,,7960,13,,,0
12029,'1193156',1023,,7961,13,,,0
12029,'1193195',1323,,7962,13,,,0
12029,'1193220',1223,,7963,13,,,0
12029,'1193227',1853,,7964,13,,,0
12029,'1193272',1523,,7965,13,,,0
12029,'1193321',2223,,7966,13,,,0
