10029,'1193433',1904,,10005,30,,,0
10029,'1193434',934,,10006,30,,,0
10029,'1193435',2004,,10007,30,,,0
10029,'1193438',834,,10008,30,,,0
10029,'1193440',1434,,10009,30,,,0
10029,'1193441',834,,10010,30,,,0
10029,'1193442',734,,10011,30,,,0
10029,'1193443',1334,,10012,30,,,0
10029,'1193444',1434,,10013,30,,,0
10029,'1193445',734,,10014,30,,,0
10029,'1193446',2104,,10015,30,,,0
10029,'1193448',1934,,10016,30,,,0
10029,'1193450',1834,,10017,30,,,0
10029,'1193453',1034,,10018,30,,,0
10029,'1193461',934,,10019,30,,,0
10029,'1193462',1234,,10020,30,,,0
10029,'1193463',1634,,10021,30,,,0
10029,'1193464',1834,,10022,30,,,0
10029,'1193466',1704,,10023,30,,,0
10029,'1193468',934,,10024,30,,,0
10029,'1193469',834,,10025,30,,,0
10029,'1193470',1234,,10026,30,,,0
10029,'1193471',2409,,10027,30,,,0
10029,'1193474',804,,10028,30,,,0
10029,'1193475',1034,,10029,30,,,0
10029,'1193476',1734,,10030,30,,,0
10029,'1193479',904,,10031,30,,,0
10029,'1193480',1634,,10032,30,,,0
10029,'1193481',1134,,10033,30,,,0
10029,'1193482',1734,,10034,30,,,0
10029,'1193483',1534,,10035,30,,,0
10029,'1193484',2234,,10036,30,,,0
10029,'1193487',2034,,10037,30,,,0
10029,'1193488',1504,,10038,30,,,0
10029,'1193491',1134,,10039,30,,,0
10029,'1193494',704,,10040,30,,,0
10029,'1193496',2204,,10041,30,,,0
10029,'1193497',2234,,10042,30,,,0
10029,'1193498',1604,,10043,30,,,0
10029,'1193499',2334,,10044,30,,,0
10029,'1193504',1534,,10045,30,,,0
10029,'1193505',1804,,10046,30,,,0
10029,'1193506',1534,,10047,30,,,0
10029,'1193509',1034,,10048,30,,,0
10029,'1193510',2134,,10049,30,,,0
10029,'1193514',2334,,10050,30,,,0
10029,'1193515',1134,,10051,30,,,0
10029,'1193520',634,,10052,30,,,0
10029,'1193521',1934,,10053,30,,,0
10029,'1193526',1334,,10054,30,,,0
10029,'1193528',1734,,10055,30,,,0
10029,'1193538',734,,10056,30,,,0
10029,'1193539',2304,,10057,30,,,0
10029,'1193542',1334,,10058,30,,,0
10029,'1193544',1234,,10059,30,,,0
10029,'1193546',1434,,10060,30,,,0
10029,'1193547',2134,,10061,30,,,0
10029,'1193548',1634,,10062,30,,,0
10029,'1193550',2034,,10063,30,,,0
