103029,'1184553',1856,,6317,3,,,0
103029,'1184582',1427,,6318,3,,,0
103029,'1184715',929,,6319,3,,,0
103029,'1184746',1306,,6320,3,,,0
103029,'1184852',1727,,6321,3,,,0
103029,'1184872',1642,,6322,3,,,0
103029,'1184905',1958,,6323,3,,,0
103029,'1185063',2156,,6324,3,,,0
103029,'1185157',759,,6325,3,,,0
103029,'1185199',1659,,6326,3,,,0
103029,'1185213',1359,,6327,3,,,0
103029,'1185276',1059,,6328,3,,,0
103029,'1185297',2206,,6329,3,,,0
103029,'1185363',1512,,6330,3,,,0
103029,'1185387',2036,,6331,3,,,0
103029,'1185393',1736,,6332,3,,,0
103029,'1185419',956,,6333,3,,,0
103029,'1185520',1257,,6334,3,,,0
103029,'1185558',741,,6335,3,,,0
103029,'1185665',1229,,6336,3,,,0
103029,'1185765',1127,,6337,3,,,0
103029,'1185899',1557,,6338,3,,,0
103029,'1185963',2026,,6339,3,,,0
103029,'1185965',1828,,6340,3,,,0
103029,'1185975',1006,,6341,3,,,0
103029,'1186147',911,,6342,3,,,0
103029,'1186270',2326,,6343,3,,,0
103029,'1186276',1136,,6344,3,,,0
103029,'1186283',1529,,6345,3,,,0
103029,'1186305',1606,,6346,3,,,0
103029,'1186329',2258,,6347,3,,,0
103029,'1186366',629,,6348,3,,,0
103029,'1186405',826,,6349,3,,,0
103029,'1186699',656,,6350,3,,,0
103029,'1186983',2128,,6351,3,,,0
103029,'1187131',836,,6352,3,,,0
103029,'1187135',1906,,6353,3,,,0
103029,'1187151',1436,,6354,3,,,0
