105029,'1184521',1749,,6491,20,,,0
105029,'1184537',1319,,6492,20,,,0
105029,'1184580',903,,6493,20,,,0
105029,'1184670',1534,,6494,20,,,0
105029,'1184683',1133,,6495,20,,,0
105029,'1184808',2303,,6496,20,,,0
105029,'1184833',1004,,6497,20,,,0
105029,'1184834',2408,,6498,20,,,0
105029,'1184863',1219,,6499,20,,,0
105029,'1185104',1718,,6500,20,,,0
105029,'1185135',703,,6501,20,,,0
105029,'1185184',1318,,6502,20,,,0
105029,'1185215',1618,,6503,20,,,0
105029,'1185318',1333,,6504,20,,,0
105029,'1185332',1833,,6505,20,,,0
105029,'1185350',2003,,6506,20,,,0
105029,'1185359',2203,,6507,20,,,0
105029,'1185398',1018,,6508,20,,,0
105029,'1185412',816,,6509,20,,,0
105029,'1185440',1619,,6510,20,,,0
105029,'1185523',1418,,6511,20,,,0
105029,'1185630',2333,,6512,20,,,0
105029,'1185668',733,,6513,20,,,0
105029,'1185720',1933,,6514,20,,,0
105029,'1185827',2103,,6515,20,,,0
105029,'1185938',1434,,6516,20,,,0
105029,'1186005',1649,,6517,20,,,0
105029,'1186007',616,,6518,20,,,0
105029,'1186279',1504,,6519,20,,,0
105029,'1186282',1404,,6520,20,,,0
105029,'1186299',1518,,6521,20,,,0
105029,'1186335',2416,,6522,20,,,0
105029,'1186345',2133,,6523,20,,,0
105029,'1186387',1118,,6524,20,,,0
105029,'1186470',1104,,6525,20,,,0
105029,'1186485',2216,,6526,20,,,0
105029,'1186492',933,,6527,20,,,0
105029,'1186520',1733,,6528,20,,,0
105029,'1186715',733,,6529,20,,,0
105029,'1186740',1218,,6530,20,,,0
105029,'1186861',633,,6531,20,,,0
105029,'1186874',1719,,6532,20,,,0
105029,'1186924',1818,,6533,20,,,0
105029,'1187005',803,,6534,20,,,0
105029,'1187093',1533,,6535,20,,,0
105029,'1187132',2016,,6536,20,,,0
106019,'1185164',1703,,6537,20,,,0
106019,'1185303',1818,,6538,20,,,0
106019,'1185356',717,,6539,20,,,0
106019,'1185885',832,,6540,20,,,0
106019,'1186388',947,,6541,20,,,0
106019,'1186998',1548,,6542,20,,,0
