13019,'1190607',934,,7967,28,,,0
13019,'1190622',834,,7968,28,,,0
13019,'1190640',1635,,7969,28,,,0
13019,'1190733',1034,,7970,28,,,0
13019,'1190801',1235,,7971,28,,,0
13019,'1190811',1934,,7972,28,,,0
13019,'1190911',734,,7973,28,,,0
13019,'1191064',1004,,7974,28,,,0
13019,'1191079',905,,7975,28,,,0
13019,'1191259',734,,7976,28,,,0
13019,'1191324',734,,7977,28,,,0
13019,'1191439',1736,,7978,28,,,0
13019,'1191443',604,,7979,2,,,0
13019,'1191477',2334,,7980,28,,,0
13019,'1191498',2234,,7981,28,,,0
13019,'1191524',634,,7982,2,,,0
13019,'1191613',1536,,7983,28,,,0
13019,'1191629',2234,,7984,28,,,0
13019,'1191635',2134,,7985,28,,,0
13019,'1191643',2104,,7986,28,,,0
13019,'1191663',1236,,7987,28,,,0
13019,'1191733',1037,,7988,28,,,0
13019,'1191945',1335,,7989,28,,,0
13019,'1192060',804,,7990,28,,,0
13019,'1192062',2204,,7991,28,,,0
13019,'1192072',1136,,7992,28,,,0
13019,'1192088',634,,7993,28,,,0
13019,'1192127',1506,,7994,28,,,0
13019,'1192154',1436,,7995,28,,,0
13019,'1192163',1435,,7996,28,,,0
13019,'1192228',835,,7997,28,,,0
13019,'1192253',1334,,7998,28,,,0
13019,'1192292',1634,,7999,28,,,0
13019,'1192313',834,,8000,28,,,0
13019,'1192426',1606,,8001,28,,,0
13019,'1192486',1706,,8002,28,,,0
13019,'1192492',1904,,8003,28,,,0
13019,'1192497',1135,,8004,28,,,0
13019,'1192498',1735,,8005,28,,,0
13019,'1192501',1804,,8006,28,,,0
13019,'1192533',1734,,8007,28,,,0
13019,'1192536',1034,,8008,28,,,0
13019,'1192544',2034,,8009,28,,,0
13019,'1192608',1434,,8010,28,,,0
13019,'1192610',934,,8011,28,,,0
13019,'1192637',2134,,8012,28,,,0
13019,'1192651',1834,,8013,28,,,0
13019,'1192715',2304,,8014,28,,,0
13019,'1192764',1934,,8015,28,,,0
13019,'1192811',2034,,8016,28,,,0
13019,'1192876',1636,,8017,28,,,0
13019,'1192895',935,,8018,28,,,0
13019,'1192920',1134,,8019,28,,,0
13019,'1192984',1234,,8020,28,,,0
13019,'1193039',1535,,8021,28,,,0
13019,'1193073',2004,,8022,28,,,0
13019,'1193083',2334,,8023,28,,,0
13019,'1193111',1534,,8024,28,,,0
13019,'1193132',704,,8025,28,,,0
13019,'1193188',1834,,8026,28,,,0
13019,'1193199',2409,,8027,28,,,0
13019,'1193221',1336,,8028,28,,,0
101029,'1190605',1044,,9008,19,,,0
101029,'1190678',1246,,9009,19,,,0
101029,'1190897',1628,,9010,19,,,0
101029,'1190957',944,,9011,19,,,0
101029,'1191059',828,,9012,19,,,0
101029,'1191088',1228,,9013,19,,,0
101029,'1191099',2028,,9014,19,,,0
101029,'1191397',1546,,9015,19,,,0
101029,'1191401',1028,,9016,19,,,0
101029,'1191454',1629,,9017,19,,,0
101029,'1191537',2029,,9018,19,,,0
101029,'1191600',1829,,9019,19,,,0
101029,'1191837',2229,,9020,19,,,0
101029,'1191844',1229,,9021,19,,,0
101029,'1191946',1346,,9022,19,,,0
101029,'1192220',1944,,9023,19,,,0
101029,'1192246',644,,9024,19,,,0
101029,'1192291',1429,,9025,19,,,0
101029,'1192305',2404,,9026,19,,,0
101029,'1192354',2228,,9027,19,,,0
101029,'1192401',829,,9028,19,,,0
101029,'1192520',1646,,9029,19,,,0
101029,'1192526',1428,,9030,19,,,0
101029,'1192600',2144,,9031,19,,,0
101029,'1192680',1446,,9032,19,,,0
101029,'1192726',1029,,9033,19,,,0
101029,'1192973',1744,,9034,19,,,0
101029,'1193049',744,,9035,19,,,0
101029,'1193165',1828,,9036,19,,,0
101029,'1193166',629,,9037,19,,,0
101029,'1193226',844,,9038,19,,,0
