10029,'1193661',1541,,10124,45,,,0
10029,'1193662',1141,,10125,45,,,0
10029,'1193664',2041,,10126,45,,,0
10029,'1193666',1341,,10127,45,,,0
10029,'1193669',2341,,10128,45,,,0
10029,'1193670',1641,,10129,45,,,0
10029,'1193671',1541,,10130,45,,,0
10029,'1193672',911,,10131,45,,,0
10029,'1193673',2141,,10132,45,,,0
10029,'1193674',1441,,10133,45,,,0
10029,'1193676',1911,,10134,45,,,0
10029,'1193677',741,,10135,45,,,0
10029,'1193683',740,,10136,45,,,0
10029,'1193684',1741,,10137,45,,,0
10029,'1193685',1041,,10138,45,,,0
10029,'1193688',941,,10139,45,,,0
10029,'1193689',811,,10140,45,,,0
10029,'1193690',2011,,10141,45,,,0
10029,'1193692',2241,,10142,45,,,0
10029,'1193693',941,,10143,45,,,0
10029,'1193694',1341,,10144,45,,,0
10029,'1193695',711,,10145,45,,,0
10029,'1193696',641,,10146,45,,,0
10029,'1193699',2111,,10147,45,,,0
10029,'1193702',1141,,10148,45,,,0
10029,'1193705',1341,,10149,45,,,0
10029,'1193706',841,,10150,45,,,0
10029,'1193712',1841,,10151,45,,,0
10029,'1193713',2311,,10152,45,,,0
10029,'1193714',1741,,10153,45,,,0
10029,'1193716',1941,,10154,45,,,0
10029,'1193719',1441,,10155,45,,,0
10029,'1193721',1041,,10156,45,,,0
10029,'1193722',1241,,10157,45,,,0
10029,'1193723',940,,10158,45,,,0
10029,'1193726',1741,,10159,45,,,0
10029,'1193727',841,,10160,45,,,0
10029,'1193728',741,,10161,45,,,0
10029,'1193729',840,,10162,45,,,0
10029,'1193736',2416,,10163,45,,,0
10029,'1193741',2211,,10164,45,,,0
10029,'1193742',2040,,10165,45,,,0
10029,'1193744',1511,,10166,45,,,0
10029,'1193745',1611,,10167,45,,,0
10029,'1193746',1141,,10168,45,,,0
10029,'1193748',2240,,10169,45,,,0
10029,'1193750',1940,,10170,45,,,0
10029,'1193751',1041,,10171,45,,,0
10029,'1193753',1641,,10172,45,,,0
10029,'1193757',1241,,10173,45,,,0
10029,'1193758',1441,,10174,45,,,0
10029,'1193760',1241,,10175,45,,,0
10029,'1193762',1541,,10176,45,,,0
10029,'1193763',1711,,10177,45,,,0
10029,'1193764',1841,,10178,45,,,0
10029,'1193775',2340,,10179,45,,,0
10029,'1193776',2140,,10180,45,,,0
10029,'1193777',1811,,10181,45,,,0
10029,'1193778',1641,,10182,45,,,0
