13019,'1190607',940,,7967,38,,,0
13019,'1190622',840,,7968,38,,,0
13019,'1190640',1641,,7969,38,,,0
13019,'1190733',1040,,7970,38,,,0
13019,'1190801',1241,,7971,38,,,0
13019,'1190811',1940,,7972,38,,,0
13019,'1190911',740,,7973,38,,,0
13019,'1191064',1010,,7974,38,,,0
13019,'1191079',911,,7975,38,,,0
13019,'1191259',740,,7976,38,,,0
13019,'1191324',740,,7977,38,,,0
13019,'1191439',1742,,7978,38,,,0
13019,'1191443',610,,7979,12,,,0
13019,'1191477',2340,,7980,38,,,0
13019,'1191498',2240,,7981,38,,,0
13019,'1191524',640,,7982,12,,,0
13019,'1191613',1542,,7983,38,,,0
13019,'1191629',2240,,7984,38,,,0
13019,'1191635',2140,,7985,38,,,0
13019,'1191643',2110,,7986,38,,,0
13019,'1191663',1242,,7987,38,,,0
13019,'1191733',1043,,7988,38,,,0
13019,'1191945',1341,,7989,38,,,0
13019,'1192060',810,,7990,38,,,0
13019,'1192062',2210,,7991,38,,,0
13019,'1192072',1142,,7992,38,,,0
13019,'1192088',640,,7993,38,,,0
13019,'1192127',1512,,7994,38,,,0
13019,'1192154',1442,,7995,38,,,0
13019,'1192163',1441,,7996,38,,,0
13019,'1192228',841,,7997,38,,,0
13019,'1192253',1340,,7998,38,,,0
13019,'1192292',1640,,7999,38,,,0
13019,'1192313',840,,8000,38,,,0
13019,'1192426',1612,,8001,38,,,0
13019,'1192486',1712,,8002,38,,,0
13019,'1192492',1910,,8003,38,,,0
13019,'1192497',1141,,8004,38,,,0
13019,'1192498',1741,,8005,38,,,0
13019,'1192501',1810,,8006,38,,,0
13019,'1192533',1740,,8007,38,,,0
13019,'1192536',1040,,8008,38,,,0
13019,'1192544',2040,,8009,38,,,0
13019,'1192608',1440,,8010,38,,,0
13019,'1192610',940,,8011,38,,,0
13019,'1192637',2140,,8012,38,,,0
13019,'1192651',1840,,8013,38,,,0
13019,'1192715',2310,,8014,38,,,0
13019,'1192764',1940,,8015,38,,,0
13019,'1192811',2040,,8016,38,,,0
13019,'1192876',1642,,8017,38,,,0
13019,'1192895',941,,8018,38,,,0
13019,'1192920',1140,,8019,38,,,0
13019,'1192984',1240,,8020,38,,,0
13019,'1193039',1541,,8021,38,,,0
13019,'1193073',2010,,8022,38,,,0
13019,'1193083',2340,,8023,38,,,0
13019,'1193111',1540,,8024,38,,,0
13019,'1193132',710,,8025,38,,,0
13019,'1193188',1840,,8026,38,,,0
13019,'1193199',2415,,8027,38,,,0
13019,'1193221',1342,,8028,38,,,0
