14029,'1184567',2031,,5303,33,,,0
14029,'1184744',731,,5304,33,,,0
14029,'1184813',1530,,5305,33,,,0
14029,'1184869',631,,5306,33,,,0
14029,'1184894',1631,,5307,33,,,0
14029,'1184948',2131,,5308,33,,,0
14029,'1184973',1730,,5309,33,,,0
14029,'1184981',1702,,5310,33,,,0
14029,'1184993',1732,,5311,33,,,0
14029,'1185190',2001,,5312,33,,,0
14029,'1185192',1630,,5313,33,,,0
14029,'1185265',831,,5314,33,,,0
14029,'1185266',2231,,5315,33,,,0
14029,'1185306',731,,5316,33,,,0
14029,'1185322',1432,,5317,33,,,0
14029,'1185345',1331,,5318,33,,,0
14029,'1185408',1502,,5319,33,,,0
14029,'1185466',2330,,5320,33,,,0
14029,'1185480',1231,,5321,33,,,0
14029,'1185491',1632,,5322,33,,,0
14029,'1185496',1831,,5323,33,,,0
14029,'1185512',1931,,5324,33,,,0
14029,'1185568',1532,,5325,33,,,0
14029,'1185647',1031,,5326,33,,,0
14029,'1185698',1330,,5327,33,,,0
14029,'1185828',2301,,5328,33,,,0
14029,'1185848',1430,,5329,33,,,0
14029,'1185866',2406,,5330,33,,,0
14029,'1185960',831,,5331,33,,,0
14029,'1185970',931,,5332,33,,,0
14029,'1186076',1731,,5333,33,,,0
14029,'1186118',701,,5334,33,,,0
14029,'1186154',931,,5335,33,,,0
14029,'1186312',2201,,5336,33,,,0
14029,'1186319',1602,,5337,33,,,0
14029,'1186327',1332,,5338,33,,,0
14029,'1186353',1930,,5339,33,,,0
14029,'1186377',1232,,5340,33,,,0
14029,'1186418',1032,,5341,33,,,0
14029,'1186536',1030,,5342,33,,,0
14029,'1186554',1531,,5343,33,,,0
14029,'1186577',2331,,5344,33,,,0
14029,'1186622',1230,,5345,33,,,0
14029,'1186746',1431,,5346,33,,,0
14029,'1186757',1131,,5347,33,,,0
14029,'1186771',801,,5348,33,,,0
14029,'1186789',1130,,5349,33,,,0
14029,'1186793',2130,,5350,33,,,0
14029,'1186798',730,,5351,33,,,0
14029,'1186876',1830,,5352,33,,,0
14029,'1186908',901,,5353,33,,,0
14029,'1186964',830,,5354,33,,,0
14029,'1186971',2101,,5355,33,,,0
14029,'1187011',2230,,5356,33,,,0
14029,'1187063',1801,,5357,33,,,0
14029,'1187088',2030,,5358,33,,,0
14029,'1187110',930,,5359,33,,,0
14029,'1187137',1901,,5360,33,,,0
14029,'1187192',1132,,5361,33,,,0
