11029,'1184506',1348,,4908,4,,,0
11029,'1184513',818,,4909,4,,,0
11029,'1184541',618,,4910,4,,,0
11029,'1184557',1818,,4911,4,,,0
11029,'1184766',1718,,4912,4,,,0
11029,'1184779',1548,,4913,4,,,0
11029,'1184795',918,,4914,4,,,0
11029,'1184850',1518,,4915,4,,,0
11029,'1184854',2218,,4916,4,,,0
11029,'1184878',2148,,4917,4,,,0
11029,'1184880',1318,,4918,4,,,0
11029,'1184927',718,,4919,4,,,0
11029,'1185026',1348,,4920,4,,,0
11029,'1185042',1718,,4921,4,,,0
11029,'1185074',2218,,4922,4,,,0
11029,'1185116',1918,,4923,4,,,0
11029,'1185127',1418,,4924,4,,,0
11029,'1185162',1248,,4925,4,,,0
11029,'1185277',1548,,4926,4,,,0
11029,'1185286',718,,4927,4,,,0
11029,'1185292',1618,,4928,4,,,0
11029,'1185293',948,,4929,4,,,0
11029,'1185336',2353,,4930,4,,,0
11029,'1185344',1948,,4931,4,,,0
11029,'1185436',1448,,4932,4,,,0
11029,'1185485',2018,,4933,4,,,0
11029,'1185494',1048,,4934,4,,,0
11029,'1185535',1918,,4935,4,,,0
11029,'1185549',1018,,4936,4,,,0
11029,'1185631',2118,,4937,4,,,0
11029,'1185677',648,,4938,4,,,0
11029,'1185687',1518,,4939,4,,,0
11029,'1185778',1618,,4940,4,,,0
11029,'1185922',1648,,4941,4,,,0
11029,'1185925',1118,,4942,4,,,0
11029,'1185954',2018,,4943,4,,,0
11029,'1185961',748,,4944,4,,,0
11029,'1186012',1148,,4945,4,,,0
11029,'1186025',1818,,4946,4,,,0
11029,'1186105',918,,4947,4,,,0
11029,'1186142',1648,,4948,4,,,0
11029,'1186219',1018,,4949,4,,,0
11029,'1186286',1118,,4950,4,,,0
11029,'1186289',2118,,4951,4,,,0
11029,'1186346',1218,,4952,4,,,0
11029,'1186409',918,,4953,4,,,0
11029,'1186415',1018,,4954,4,,,0
11029,'1186424',2248,,4955,4,,,0
11029,'1186439',1448,,4956,4,,,0
11029,'1186506',2048,,4957,4,,,0
11029,'1186509',1248,,4958,4,,,0
11029,'1186514',1218,,4959,4,,,0
11029,'1186544',848,,4960,4,,,0
11029,'1186550',718,,4961,4,,,0
11029,'1186610',1718,,4962,4,,,0
11029,'1186618',1118,,4963,4,,,0
11029,'1186637',1318,,4964,4,,,0
11029,'1186643',818,,4965,4,,,0
11029,'1186737',1518,,4966,4,,,0
11029,'1186756',1218,,4967,4,,,0
11029,'1186773',1748,,4968,4,,,0
11029,'1186782',2318,,4969,4,,,0
11029,'1186804',818,,4970,4,,,0
11029,'1186853',1318,,4971,4,,,0
11029,'1186855',1848,,4972,4,,,0
11029,'1186930',1418,,4973,4,,,0
11029,'1186936',2318,,4974,4,,,0
11029,'1186937',1618,,4975,4,,,0
11029,'1187025',1418,,4976,4,,,0
11029,'1187113',1148,,4977,4,,,0
