11029,'1190662',1436,,7754,25,,,0
11029,'1190674',1606,,7755,25,,,0
11029,'1190679',1236,,7756,25,,,0
11029,'1190687',2235,,7757,25,,,0
11029,'1190702',635,,7758,25,,,0
11029,'1190707',1005,,7759,25,,,0
11029,'1190740',1036,,7760,25,,,0
11029,'1190760',1406,,7761,25,,,0
11029,'1190767',1736,,7762,25,,,0
11029,'1190846',1306,,7763,25,,,0
11029,'1190868',1506,,7764,25,,,0
11029,'1190908',805,,7765,25,,,0
11029,'1190991',705,,7766,25,,,0
11029,'1191027',1336,,7767,25,,,0
11029,'1191113',1106,,7768,25,,,0
11029,'1191117',1236,,7769,25,,,0
11029,'1191127',1336,,7770,25,,,0
11029,'1191176',836,,7771,25,,,0
11029,'1191206',1935,,7772,25,,,0
11029,'1191220',1736,,7773,25,,,0
11029,'1191225',2106,,7774,25,,,0
11029,'1191261',1636,,7775,25,,,0
11029,'1191301',735,,7776,25,,,0
11029,'1191458',1606,,7777,25,,,0
11029,'1191541',2035,,7778,25,,,0
11029,'1191571',2036,,7779,25,,,0
11029,'1191589',1236,,7780,25,,,0
11029,'1191607',1706,,7781,25,,,0
11029,'1191727',1536,,7782,25,,,0
11029,'1191782',1406,,7783,25,,,0
11029,'1191889',2336,,7784,25,,,0
11029,'1191897',1206,,7785,25,,,0
11029,'1191898',1536,,7786,25,,,0
11029,'1191943',1036,,7787,25,,,0
11029,'1191963',1136,,7788,25,,,0
11029,'1191968',1136,,7789,25,,,0
11029,'1191999',2006,,7790,25,,,0
11029,'1192027',1906,,7791,25,,,0
11029,'1192028',736,,7792,25,,,0
11029,'1192111',2136,,7793,25,,,0
11029,'1192172',2411,,7794,25,,,0
11029,'1192183',935,,7795,25,,,0
11029,'1192286',835,,7796,25,,,0
11029,'1192326',1936,,7797,25,,,0
11029,'1192339',905,,7798,25,,,0
11029,'1192422',2306,,7799,25,,,0
11029,'1192445',1336,,7800,25,,,0
11029,'1192481',1636,,7801,25,,,0
11029,'1192490',2236,,7802,25,,,0
11029,'1192503',2335,,7803,25,,,0
11029,'1192528',935,,7804,25,,,0
11029,'1192532',2206,,7805,25,,,0
11029,'1192574',1136,,7806,25,,,0
11029,'1192626',1036,,7807,25,,,0
11029,'1192737',1736,,7808,25,,,0
11029,'1192757',735,,7809,25,,,0
11029,'1192779',1836,,7810,25,,,0
11029,'1192802',1206,,7811,25,,,0
11029,'1192807',1706,,7812,25,,,0
11029,'1192884',1536,,7813,25,,,0
11029,'1192947',1436,,7814,25,,,0
11029,'1193001',936,,7815,25,,,0
11029,'1193017',1636,,7816,25,,,0
11029,'1193076',1306,,7817,25,,,0
11029,'1193105',1806,,7818,25,,,0
11029,'1193146',1506,,7819,25,,,0
11029,'1193240',1436,,7820,25,,,0
11029,'1193251',2135,,7821,25,,,0
11029,'1193290',1835,,7822,25,,,0
11029,'1193300',835,,7823,25,,,0
22029,'1190629',1823,,8333,4,,,0
22029,'1190829',823,,8334,4,,,0
22029,'1191658',1223,,8335,4,,,0
22029,'1191974',853,,8336,4,,,0
22029,'1192121',1454,,8337,4,,,0
22029,'1192763',1053,,8338,4,,,0
22029,'1193113',1254,,8339,4,,,0
22029,'1193114',1423,,8340,4,,,0
22029,'1193263',1623,,8341,4,,,0
22029,'1193287',1023,,8342,4,,,0
140001029,'1190599',1159,,9532,18,,,0
140001029,'1190600',927,,9533,18,,,0
140001029,'1190621',2258,,9534,18,,,0
140001029,'1190654',2257,,9535,18,,,0
140001029,'1190676',2228,,9536,18,,,0
140001029,'1190705',1630,,9537,18,,,0
140001029,'1190711',827,,9538,18,,,0
140001029,'1190715',1645,,9539,18,,,0
140001029,'1190737',2127,,9540,18,,,0
140001029,'1190823',1113,,9541,18,,,0
140001029,'1190849',1228,,9542,18,,,0
140001029,'1190851',1713,,9543,18,,,0
140001029,'1190861',742,,9544,18,,,0
140001029,'1190919',628,,9545,18,,,0
140001029,'1190942',842,,9546,18,,,0
140001029,'1190950',1043,,9547,18,,,0
140001029,'1190977',1028,,9548,18,,,0
140001029,'1191006',1059,,9549,18,,,0
140001029,'1191022',1758,,9550,18,,,0
140001029,'1191026',1928,,9551,18,,,0
140001029,'1191051',1700,,9552,18,,,0
140001029,'1191073',1813,,9553,18,,,0
140001029,'1191077',1858,,9554,18,,,0
140001029,'1191100',1530,,9555,18,,,0
140001029,'1191110',1545,,9556,18,,,0
140001029,'1191120',2043,,9557,18,,,0
140001029,'1191183',1343,,9558,18,,,0
140001029,'1191185',1428,,9559,18,,,0
140001029,'1191195',1500,,9560,18,,,0
140001029,'1191197',1014,,9561,18,,,0
140001029,'1191229',757,,9562,18,,,0
140001029,'1191239',1013,,9563,18,,,0
140001029,'1191241',758,,9564,18,,,0
140001029,'1191249',1144,,9565,18,,,0
140001029,'1191251',858,,9566,18,,,0
140001029,'1191260',1158,,9567,18,,,0
140001029,'1191273',1259,,9568,18,,,0
140001029,'1191279',857,,9569,18,,,0
140001029,'1191347',1443,,9570,18,,,0
140001029,'1191349',1600,,9571,18,,,0
140001029,'1191357',642,,9572,18,,,0
140001029,'1191358',1543,,9573,18,,,0
140001029,'1191362',727,,9574,18,,,0
140001029,'1191369',1127,,9575,18,,,0
140001029,'1191374',712,,9576,18,,,0
140001029,'1191422',1927,,9577,18,,,0
140001029,'1191436',1613,,9578,18,,,0
140001029,'1191459',2058,,9579,18,,,0
140001029,'1191461',1728,,9580,18,,,0
140001029,'1191510',1229,,9581,18,,,0
140001029,'1191569',1828,,9582,18,,,0
140001029,'1191585',1628,,9583,18,,,0
140001029,'1191594',2402,,9584,18,,,0
140001029,'1191599',1329,,9585,18,,,0
140001029,'1191617',2227,,9586,18,,,0
140001029,'1191627',928,,9587,18,,,0
140001029,'1191654',1943,,9588,18,,,0
140001029,'1191672',1027,,9589,18,,,0
140001029,'1191688',1813,,9590,18,,,0
140001029,'1191700',2158,,9591,18,,,0
140001029,'1191703',1730,,9592,18,,,0
140001029,'1191748',728,,9593,18,,,0
140001029,'1191749',2028,,9594,18,,,0
140001029,'1191752',1958,,9595,18,,,0
140001029,'1191781',1213,,9596,18,,,0
140001029,'1191787',1913,,9597,18,,,0
140001029,'1191809',1058,,9598,18,,,0
140001029,'1191814',1928,,9599,18,,,0
140001029,'1191822',1143,,9600,18,,,0
140001029,'1191880',1430,,9601,18,,,0
140001029,'1191895',1558,,9602,18,,,0
140001029,'1191933',1445,,9603,18,,,0
140001029,'1191962',1258,,9604,18,,,0
140001029,'1191971',1528,,9605,18,,,0
140001029,'1191993',1214,,9606,18,,,0
140001029,'1192009',1243,,9607,18,,,0
140001029,'1192030',2227,,9608,18,,,0
140001029,'1192075',1715,,9609,18,,,0
140001029,'1192076',1513,,9610,18,,,0
140001029,'1192085',727,,9611,18,,,0
140001029,'1192192',1958,,9612,18,,,0
140001029,'1192204',2027,,9613,18,,,0
140001029,'1192231',957,,9614,18,,,0
140001029,'1192238',958,,9615,18,,,0
140001029,'1192242',1515,,9616,18,,,0
140001029,'1192251',2128,,9617,18,,,0
140001029,'1192270',2358,,9618,18,,,0
140001029,'1192275',1643,,9619,18,,,0
140001029,'1192298',1627,,9620,18,,,0
140001029,'1192358',1827,,9621,18,,,0
140001029,'1192364',2327,,9622,18,,,0
140001029,'1192382',1745,,9623,18,,,0
140001029,'1192427',2013,,9624,18,,,0
140001029,'1192462',1029,,9625,18,,,0
140001029,'1192467',1327,,9626,18,,,0
140001029,'1192479',2058,,9627,18,,,0
140001029,'1192506',658,,9628,18,,,0
140001029,'1192539',1128,,9629,18,,,0
140001029,'1192548',943,,9630,18,,,0
140001029,'1192550',1244,,9631,18,,,0
140001029,'1192559',942,,9632,18,,,0
140001029,'1192568',828,,9633,18,,,0
140001029,'1192571',812,,9634,18,,,0
140001029,'1192572',1527,,9635,18,,,0
140001029,'1192575',657,,9636,18,,,0
140001029,'1192584',1743,,9637,18,,,0
140001029,'1192594',1044,,9638,18,,,0
140001029,'1192612',1458,,9639,18,,,0
140001029,'1192644',1615,,9640,18,,,0
140001029,'1192648',1314,,9641,18,,,0
140001029,'1192665',912,,9642,18,,,0
140001029,'1192677',927,,9643,18,,,0
140001029,'1192732',1400,,9644,18,,,0
140001029,'1192736',1758,,9645,18,,,0
140001029,'1192755',1858,,9646,18,,,0
140001029,'1192762',1843,,9647,18,,,0
140001029,'1192794',2028,,9648,18,,,0
140001029,'1192842',1328,,9649,18,,,0
140001029,'1192858',1313,,9650,18,,,0
140001029,'1192901',1843,,9651,18,,,0
140001029,'1192907',1358,,9652,18,,,0
140001029,'1192922',1129,,9653,18,,,0
140001029,'1192938',1114,,9654,18,,,0
140001029,'1192969',1227,,9655,18,,,0
140001029,'1193035',2327,,9656,18,,,0
140001029,'1193142',1727,,9657,18,,,0
140001029,'1193157',2157,,9658,18,,,0
140001029,'1193158',2328,,9659,18,,,0
140001029,'1193196',1413,,9660,18,,,0
140001029,'1193202',2127,,9661,18,,,0
140001029,'1193206',1344,,9662,18,,,0
140001029,'1193223',1427,,9663,18,,,0
140001029,'1193237',827,,9664,18,,,0
140001029,'1193252',627,,9665,18,,,0
140001029,'1193289',1415,,9666,18,,,0
140001029,'1193293',1828,,9667,18,,,0
140001029,'1193306',1658,,9668,18,,,0
