101019,'1190633',1156,,8977,35,,,0
101019,'1190779',1334,,8978,35,,,0
101019,'1190804',1133,,8979,35,,,0
101019,'1190956',2134,,8980,35,,,0
101019,'1191198',556,,8981,35,,,0
101019,'1191312',933,,8982,35,,,0
101019,'1191333',2256,,8983,35,,,0
101019,'1191377',1534,,8984,35,,,0
101019,'1191380',2133,,8985,35,,,0
101019,'1191432',1734,,8986,35,,,0
101019,'1191480',1358,,8987,35,,,0
101019,'1191543',1933,,8988,35,,,0
101019,'1191977',1333,,8989,35,,,0
101019,'1192063',856,,8990,35,,,0
101019,'1192135',1056,,8991,35,,,0
101019,'1192166',1856,,8992,35,,,0
101019,'1192271',956,,8993,35,,,0
101019,'1192368',1533,,8994,35,,,0
101019,'1192448',934,,8995,35,,,0
101019,'1192613',756,,8996,35,,,0
101019,'1192782',1658,,8997,35,,,0
101019,'1192859',1134,,8998,35,,,0
101019,'1192896',1934,,8999,35,,,0
101019,'1192902',733,,9000,35,,,0
101019,'1192958',2055,,9001,35,,,0
101019,'1192961',734,,9002,35,,,0
101019,'1192963',2334,,9003,35,,,0
101019,'1193022',1458,,9004,35,,,0
101019,'1193099',1733,,9005,35,,,0
101019,'1193164',1558,,9006,35,,,0
101019,'1193193',1758,,9007,35,,,0
