105029,'1190637',838,,9337,66,,,0
105029,'1190832',725,,9338,66,,,0
105029,'1190854',1528,,9339,66,,,0
105029,'1190856',1343,,9340,66,,,0
105029,'1190924',2430,,9341,66,,,0
105029,'1190926',1440,,9342,66,,,0
105029,'1190965',1458,,9343,66,,,0
105029,'1190981',655,,9344,66,,,0
105029,'1191222',2238,,9345,66,,,0
105029,'1191223',1713,,9346,66,,,0
105029,'1191285',2025,,9347,66,,,0
105029,'1191307',1558,,9348,66,,,0
105029,'1191404',1540,,9349,66,,,0
105029,'1191423',1428,,9350,66,,,0
105029,'1191572',1040,,9351,66,,,0
105029,'1191670',1755,,9352,66,,,0
105029,'1191739',1813,,9353,66,,,0
105029,'1191784',1340,,9354,66,,,0
105029,'1191846',1028,,9355,66,,,0
105029,'1191848',1243,,9356,66,,,0
105029,'1191910',2438,,9357,66,,,0
105029,'1191936',1555,,9358,66,,,0
105029,'1192016',755,,9359,66,,,0
105029,'1192019',1840,,9360,66,,,0
105029,'1192058',2355,,9361,66,,,0
105029,'1192150',755,,9362,66,,,0
105029,'1192180',1955,,9363,66,,,0
105029,'1192198',2325,,9364,66,,,0
105029,'1192205',638,,9365,66,,,0
105029,'1192224',1643,,9366,66,,,0
105029,'1192338',1855,,9367,66,,,0
105029,'1192379',2125,,9368,66,,,0
105029,'1192463',1355,,9369,66,,,0
105029,'1192488',1140,,9370,66,,,0
105029,'1192491',825,,9371,66,,,0
105029,'1192500',925,,9372,66,,,0
105029,'1192511',2038,,9373,66,,,0
105029,'1192662',1640,,9374,66,,,0
105029,'1192694',1128,,9375,66,,,0
105029,'1192728',2155,,9376,66,,,0
105029,'1193038',1240,,9377,66,,,0
105029,'1193130',1155,,9378,66,,,0
105029,'1193181',1740,,9379,66,,,0
105029,'1193225',1743,,9380,66,,,0
105029,'1193234',955,,9381,66,,,0
105029,'1193316',2225,,9382,66,,,0
