104029,'1190618',1414,,9248,25,,,0
104029,'1190628',1803,,9249,25,,,0
104029,'1190725',803,,9250,25,,,0
104029,'1190754',1033,,9251,25,,,0
104029,'1190787',1303,,9252,25,,,0
104029,'1190793',1833,,9253,25,,,0
104029,'1190961',1648,,9254,25,,,0
104029,'1191015',1544,,9255,25,,,0
104029,'1191060',1003,,9256,25,,,0
104029,'1191138',803,,9257,25,,,0
104029,'1191264',2303,,9258,25,,,0
104029,'1191265',918,,9259,25,,,0
104029,'1191297',648,,9260,25,,,0
104029,'1191332',1629,,9261,25,,,0
104029,'1191339',833,,9262,25,,,0
104029,'1191360',1533,,9263,25,,,0
104029,'1191502',1418,,9264,25,,,0
104029,'1191606',1603,,9265,25,,,0
104029,'1191664',2033,,9266,25,,,0
104029,'1191668',2148,,9267,25,,,0
104029,'1191699',803,,9268,25,,,0
104029,'1191901',2003,,9269,25,,,0
104029,'1191931',603,,9270,25,,,0
104029,'1192136',1203,,9271,25,,,0
104029,'1192243',1803,,9272,25,,,0
104029,'1192264',1714,,9273,25,,,0
104029,'1192282',1403,,9274,25,,,0
104029,'1192296',2203,,9275,25,,,0
104029,'1192329',718,,9276,25,,,0
104029,'1192460',1033,,9277,25,,,0
104029,'1192482',1459,,9278,25,,,0
104029,'1192831',1918,,9279,25,,,0
104029,'1192874',1748,,9280,25,,,0
104029,'1192986',2003,,9281,25,,,0
104029,'1192990',648,,9282,25,,,0
104029,'1193096',948,,9283,25,,,0
104029,'1193112',918,,9284,25,,,0
104029,'1193117',1159,,9285,25,,,0
104029,'1193136',2303,,9286,25,,,0
104029,'1193149',1329,,9287,25,,,0
104029,'1193215',1244,,9288,25,,,0
104029,'1193253',2133,,9289,25,,,0
104029,'1193281',1148,,9290,25,,,0
