25019,'1184495',715,,5635,25,,,0
25019,'1184514',1845,,5636,25,,,0
25019,'1184552',2028,,5637,25,,,0
25019,'1184642',1145,,5638,25,,,0
25019,'1184757',1545,,5639,25,,,0
25019,'1184771',1715,,5640,25,,,0
25019,'1184811',644,,5641,25,,,0
25019,'1184903',2245,,5642,25,,,0
25019,'1184942',845,,5643,25,,,0
25019,'1184959',945,,5644,25,,,0
25019,'1184966',1028,,5645,25,,,0
25019,'1185039',1445,,5646,25,,,0
25019,'1185069',2128,,5647,25,,,0
25019,'1185100',1745,,5648,25,,,0
25019,'1185110',1645,,5649,25,,,0
25019,'1185173',945,,5650,25,,,0
25019,'1185179',2145,,5651,25,,,0
25019,'1185182',2344,,5652,25,,,0
25019,'1185200',828,,5653,25,,,0
25019,'1185244',745,,5654,25,,,0
25019,'1185338',915,,5655,25,,,0
25019,'1185386',1328,,5656,25,,,0
25019,'1185434',1115,,5657,25,,,0
25019,'1185476',1628,,5658,25,,,0
25019,'1185477',1428,,5659,25,,,0
25019,'1185566',2145,,5660,25,,,0
25019,'1185653',1015,,5661,25,,,0
25019,'1185682',1928,,5662,25,,,0
25019,'1185731',1215,,5663,25,,,0
25019,'1185735',728,,5664,25,,,0
25019,'1185741',2045,,5665,25,,,0
25019,'1185764',2245,,5666,25,,,0
25019,'1185802',1045,,5667,25,,,0
25019,'1185991',845,,5668,25,,,0
25019,'1186008',1645,,5669,25,,,0
25019,'1186131',1845,,5670,25,,,0
25019,'1186316',1128,,5671,25,,,0
25019,'1186381',1245,,5672,25,,,0
25019,'1186416',1728,,5673,25,,,0
25019,'1186473',1945,,5674,25,,,0
25019,'1186484',744,,5675,25,,,0
25019,'1186541',1345,,5676,25,,,0
25019,'1186625',1315,,5677,25,,,0
25019,'1186639',1828,,5678,25,,,0
25019,'1186641',1528,,5679,25,,,0
25019,'1186660',1228,,5680,25,,,0
25019,'1186779',928,,5681,25,,,0
25019,'1186803',645,,5682,25,,,0
25019,'1186831',2228,,5683,25,,,0
25019,'1186914',1445,,5684,25,,,0
25019,'1186957',815,,5685,25,,,0
25019,'1186981',2328,,5686,25,,,0
25019,'1186996',1415,,5687,25,,,0
25019,'1187059',1615,,5688,25,,,0
25019,'1187075',1745,,5689,25,,,0
25019,'1187077',1545,,5690,25,,,0
25019,'1187086',1515,,5691,25,,,0
25019,'1187122',2045,,5692,25,,,0
25019,'1187127',1945,,5693,25,,,0
25019,'1187154',2405,,5694,25,,,0
