105019,'1190616',2216,,9291,25,,,0
105019,'1190769',1404,,9292,25,,,0
105019,'1190825',1616,,9293,25,,,0
105019,'1190865',1804,,9294,25,,,0
105019,'1190975',1834,,9295,25,,,0
105019,'1190992',1758,,9296,25,,,0
105019,'1190998',1158,,9297,25,,,0
105019,'1191007',1704,,9298,25,,,0
105019,'1191038',1458,,9299,25,,,0
105019,'1191063',946,,9300,25,,,0
105019,'1191065',1304,,9301,25,,,0
105019,'1191145',643,,9302,25,,,0
105019,'1191217',2256,,9303,25,,,0
105019,'1191294',1358,,9304,25,,,0
105019,'1191329',856,,9305,25,,,0
105019,'1191413',1016,,9306,25,,,0
105019,'1191457',1258,,9307,25,,,0
105019,'1191557',846,,9308,25,,,0
105019,'1191709',746,,9309,25,,,0
105019,'1191750',2243,,9310,25,,,0
105019,'1191859',656,,9311,25,,,0
105019,'1191891',1734,,9312,25,,,0
105019,'1192052',1858,,9313,25,,,0
105019,'1192113',613,,9314,25,,,0
105019,'1192142',1558,,9315,25,,,0
105019,'1192176',816,,9316,25,,,0
105019,'1192218',2343,,9317,25,,,0
105019,'1192236',1416,,9318,25,,,0
105019,'1192248',2043,,9319,25,,,0
105019,'1192267',1658,,9320,25,,,0
105019,'1192318',1058,,9321,25,,,0
105019,'1192337',1619,,9322,25,,,0
105019,'1192353',1449,,9323,25,,,0
105019,'1192579',1149,,9324,25,,,0
105019,'1192586',1216,,9325,25,,,0
105019,'1192598',2016,,9326,25,,,0
105019,'1192614',716,,9327,25,,,0
105019,'1192661',2143,,9328,25,,,0
105019,'1192725',1519,,9329,25,,,0
105019,'1192735',1913,,9330,25,,,0
105019,'1192821',2056,,9331,25,,,0
105019,'1192836',1816,,9332,25,,,0
105019,'1192847',543,,9333,25,,,0
105019,'1192875',1549,,9334,25,,,0
105019,'1193045',816,,9335,25,,,0
105019,'1193298',1049,,9336,25,,,0
