24029,'1190659',1636,,8421,9,,,0
24029,'1190749',1621,,8422,9,,,0
24029,'1190778',1422,,8423,9,,,0
24029,'1190797',2410,,8424,9,,,0
24029,'1190885',1336,,8425,9,,,0
24029,'1191013',2250,,8426,9,,,0
24029,'1191021',936,,8427,9,,,0
24029,'1191023',2150,,8428,9,,,0
24029,'1191096',1552,,8429,9,,,0
24029,'1191111',920,,8430,9,,,0
24029,'1191208',1222,,8431,9,,,0
24029,'1191257',1322,,8432,9,,,0
24029,'1191267',2020,,8433,9,,,0
24029,'1191278',1322,,8434,9,,,0
24029,'1191288',720,,8435,9,,,0
24029,'1191296',836,,8436,9,,,0
24029,'1191426',750,,8437,9,,,0
24029,'1191479',1022,,8438,9,,,0
24029,'1191530',2236,,8439,9,,,0
24029,'1191542',650,,8440,9,,,0
24029,'1191565',736,,8441,9,,,0
24029,'1191626',2220,,8442,9,,,0
24029,'1191637',1222,,8443,9,,,0
24029,'1191667',1522,,8444,9,,,0
24029,'1191676',2050,,8445,9,,,0
24029,'1191744',1122,,8446,9,,,0
24029,'1191836',1820,,8447,9,,,0
24029,'1191879',950,,8448,9,,,0
24029,'1191917',2336,,8449,9,,,0
24029,'1191967',1036,,8450,9,,,0
24029,'1191983',850,,8451,9,,,0
24029,'1192013',1721,,8452,9,,,0
24029,'1192023',922,,8453,9,,,0
24029,'1192045',1020,,8454,9,,,0
24029,'1192070',1936,,8455,9,,,0
24029,'1192071',1722,,8456,9,,,0
24029,'1192162',1536,,8457,9,,,0
24029,'1192212',1850,,8458,9,,,0
24029,'1192216',2120,,8459,9,,,0
24029,'1192217',1236,,8460,9,,,0
24029,'1192266',1436,,8461,9,,,0
24029,'1192268',2320,,8462,9,,,0
24029,'1192314',1652,,8463,9,,,0
24029,'1192322',1736,,8464,9,,,0
24029,'1192424',1920,,8465,9,,,0
24029,'1192452',1136,,8466,9,,,0
24029,'1192545',821,,8467,9,,,0
24029,'1192560',1752,,8468,9,,,0
24029,'1192570',2136,,8469,9,,,0
24029,'1192633',1422,,8470,9,,,0
24029,'1192772',1622,,8471,9,,,0
24029,'1192808',1950,,8472,9,,,0
24029,'1192813',1122,,8473,9,,,0
24029,'1192816',820,,8474,9,,,0
24029,'1192829',2036,,8475,9,,,0
24029,'1192854',1452,,8476,9,,,0
24029,'1192965',1836,,8477,9,,,0
24029,'1192991',1522,,8478,9,,,0
24029,'1193184',720,,8479,9,,,0
24029,'1193211',620,,8480,9,,,0
105019,'1190616',2304,,9291,111,,,0
105019,'1190769',1503,,9292,111,,,0
105019,'1190825',1704,,9293,111,,,0
105019,'1190865',1903,,9294,111,,,0
105019,'1190975',1933,,9295,111,,,0
105019,'1190992',1851,,9296,111,,,0
105019,'1190998',1251,,9297,111,,,0
105019,'1191007',1803,,9298,111,,,0
105019,'1191038',1551,,9299,111,,,0
105019,'1191063',1045,,9300,111,,,0
105019,'1191065',1403,,9301,111,,,0
105019,'1191145',737,,9302,111,,,0
105019,'1191217',2349,,9303,111,,,0
105019,'1191294',1451,,9304,111,,,0
105019,'1191329',949,,9305,111,,,0
105019,'1191413',1104,,9306,111,,,0
105019,'1191457',1351,,9307,111,,,0
105019,'1191557',945,,9308,111,,,0
105019,'1191709',845,,9309,111,,,0
105019,'1191750',2337,,9310,111,,,0
105019,'1191859',749,,9311,111,,,0
105019,'1191891',1833,,9312,111,,,0
105019,'1192052',1951,,9313,111,,,0
105019,'1192113',707,,9314,111,,,0
105019,'1192142',1651,,9315,111,,,0
105019,'1192176',904,,9316,111,,,0
105019,'1192218',2437,,9317,111,,,0
105019,'1192236',1504,,9318,111,,,0
105019,'1192248',2137,,9319,111,,,0
105019,'1192267',1751,,9320,111,,,0
105019,'1192318',1151,,9321,111,,,0
105019,'1192337',1718,,9322,111,,,0
105019,'1192353',1548,,9323,111,,,0
105019,'1192579',1248,,9324,111,,,0
105019,'1192586',1304,,9325,111,,,0
105019,'1192598',2104,,9326,111,,,0
105019,'1192614',815,,9327,111,,,0
105019,'1192661',2237,,9328,111,,,0
105019,'1192725',1618,,9329,111,,,0
105019,'1192735',2007,,9330,111,,,0
105019,'1192821',2149,,9331,111,,,0
105019,'1192836',1904,,9332,111,,,0
105019,'1192847',637,,9333,111,,,0
105019,'1192875',1648,,9334,111,,,0
105019,'1193045',915,,9335,111,,,0
105019,'1193298',1148,,9336,111,,,0
106029,'1190782',803,,9389,42,,,0
106029,'1191556',1905,,9390,42,,,0
106029,'1191771',1635,,9391,42,,,0
106029,'1192044',1750,,9392,42,,,0
106029,'1192429',918,,9393,42,,,0
106029,'1193063',1033,,9394,42,,,0
140001019,'1190631',1406,,9395,21,,,0
140001019,'1190636',1151,,9396,21,,,0
140001019,'1190649',1714,,9397,21,,,0
140001019,'1190660',1507,,9398,21,,,0
140001019,'1190668',2420,,9399,21,,,0
140001019,'1190697',1136,,9400,21,,,0
140001019,'1190750',1850,,9401,21,,,0
140001019,'1190763',1107,,9402,21,,,0
140001019,'1190768',2250,,9403,21,,,0
140001019,'1190802',1706,,9404,21,,,0
140001019,'1190822',1950,,9405,21,,,0
140001019,'1190830',2350,,9406,21,,,0
140001019,'1190841',1759,,9407,21,,,0
140001019,'1190852',1005,,9408,21,,,0
140001019,'1190870',2005,,9409,21,,,0
140001019,'1190873',1407,,9410,21,,,0
140001019,'1190888',1036,,9411,21,,,0
140001019,'1190922',2050,,9412,21,,,0
140001019,'1190923',1751,,9413,21,,,0
140001019,'1190968',1614,,9414,21,,,0
140001019,'1190976',1429,,9415,21,,,0
140001019,'1190979',1521,,9416,21,,,0
140001019,'1190980',2220,,9417,21,,,0
140001019,'1190982',805,,9418,21,,,0
140001019,'1190987',1105,,9419,21,,,0
140001019,'1191035',1920,,9420,21,,,0
140001019,'1191146',1835,,9421,21,,,0
140001019,'1191160',1050,,9422,21,,,0
140001019,'1191162',850,,9423,21,,,0
140001019,'1191165',2020,,9424,21,,,0
140001019,'1191177',1136,,9425,21,,,0
140001019,'1191204',1821,,9426,21,,,0
140001019,'1191212',2320,,9427,21,,,0
140001019,'1191215',720,,9428,21,,,0
140001019,'1191276',2307,,9429,21,,,0
140001019,'1191289',1950,,9430,21,,,0
140001019,'1191299',2150,,9431,21,,,0
140001019,'1191305',1051,,9432,21,,,0
140001019,'1191313',1935,,9433,21,,,0
140001019,'1191331',1251,,9434,21,,,0
140001019,'1191356',2120,,9435,21,,,0
140001019,'1191364',1406,,9436,21,,,0
140001019,'1191379',2207,,9437,21,,,0
140001019,'1191393',1106,,9438,21,,,0
140001019,'1191394',1536,,9439,21,,,0
140001019,'1191473',1644,,9440,21,,,0
140001019,'1191484',1721,,9441,21,,,0
140001019,'1191489',1905,,9442,21,,,0
140001019,'1191578',1020,,9443,21,,,0
140001019,'1191592',1236,,9444,21,,,0
140001019,'1191603',1336,,9445,21,,,0
140001019,'1191608',950,,9446,21,,,0
140001019,'1191621',1744,,9447,21,,,0
140001019,'1191634',1820,,9448,21,,,0
140001019,'1191651',1206,,9449,21,,,0
140001019,'1191665',1544,,9450,21,,,0
140001019,'1191677',1436,,9451,21,,,0
140001019,'1191683',835,,9452,21,,,0
140001019,'1191720',1707,,9453,21,,,0
140001019,'1191753',1206,,9454,21,,,0
140001019,'1191755',905,,9455,21,,,0
140001019,'1191764',650,,9456,21,,,0
140001019,'1191766',920,,9457,21,,,0
140001019,'1191775',1307,,9458,21,,,0
140001019,'1191778',735,,9459,21,,,0
140001019,'1191783',1506,,9460,21,,,0
140001019,'1191828',750,,9461,21,,,0
140001019,'1191833',1236,,9462,21,,,0
140001019,'1191839',2320,,9463,21,,,0
140001019,'1191847',907,,9464,21,,,0
140001019,'1191860',1221,,9465,21,,,0
140001019,'1191878',2007,,9466,21,,,0
140001019,'1191907',2050,,9467,21,,,0
140001019,'1191924',2105,,9468,21,,,0
140001019,'1191986',650,,9469,21,,,0
140001019,'1191995',1007,,9470,21,,,0
140001019,'1192017',1806,,9471,21,,,0
140001019,'1192024',1905,,9472,21,,,0
140001019,'1192066',1321,,9473,21,,,0
140001019,'1192107',1514,,9474,21,,,0
140001019,'1192144',1121,,9475,21,,,0
140001019,'1192184',850,,9476,21,,,0
140001019,'1192207',1306,,9477,21,,,0
140001019,'1192211',2035,,9478,21,,,0
140001019,'1192278',1336,,9479,21,,,0
140001019,'1192346',1636,,9480,21,,,0
140001019,'1192348',1444,,9481,21,,,0
140001019,'1192349',1020,,9482,21,,,0
140001019,'1192369',1459,,9483,21,,,0
140001019,'1192375',1421,,9484,21,,,0
140001019,'1192393',1306,,9485,21,,,0
140001019,'1192397',2020,,9486,21,,,0
140001019,'1192398',935,,9487,21,,,0
140001019,'1192407',1736,,9488,21,,,0
140001019,'1192409',705,,9489,21,,,0
140001019,'1192507',1920,,9490,21,,,0
140001019,'1192524',1005,,9491,21,,,0
140001019,'1192535',1651,,9492,21,,,0
140001019,'1192537',1559,,9493,21,,,0
140001019,'1192551',1607,,9494,21,,,0
140001019,'1192620',2120,,9495,21,,,0
140001019,'1192630',1529,,9496,21,,,0
140001019,'1192655',950,,9497,21,,,0
140001019,'1192688',2407,,9498,21,,,0
140001019,'1192690',1606,,9499,21,,,0
140001019,'1192691',2250,,9500,21,,,0
140001019,'1192720',1907,,9501,21,,,0
140001019,'1192769',720,,9502,21,,,0
140001019,'1192797',820,,9503,21,,,0
140001019,'1192798',2345,,9504,21,,,0
140001019,'1192805',1120,,9505,21,,,0
140001019,'1192806',1351,,9506,21,,,0
140001019,'1192822',1351,,9507,21,,,0
140001019,'1192844',1807,,9508,21,,,0
140001019,'1192862',1221,,9509,21,,,0
140001019,'1192889',2220,,9510,21,,,0
140001019,'1192903',2420,,9511,21,,,0
140001019,'1192904',2107,,9512,21,,,0
140001019,'1192960',1729,,9513,21,,,0
140001019,'1192983',1551,,9514,21,,,0
140001019,'1192989',1850,,9515,21,,,0
140001019,'1192993',1659,,9516,21,,,0
140001019,'1193007',750,,9517,21,,,0
140001019,'1193020',1451,,9518,21,,,0
140001019,'1193031',1629,,9519,21,,,0
140001019,'1193032',1809,,9520,21,,,0
140001019,'1193078',1151,,9521,21,,,0
140001019,'1193098',1035,,9522,21,,,0
140001019,'1193106',820,,9523,21,,,0
140001019,'1193123',1207,,9524,21,,,0
140001019,'1193183',807,,9525,21,,,0
140001019,'1193198',2150,,9526,21,,,0
140001019,'1193200',1321,,9527,21,,,0
140001019,'1193214',1621,,9528,21,,,0
140001019,'1193222',920,,9529,21,,,0
140001019,'1193255',1835,,9530,21,,,0
140001019,'1193261',1251,,9531,21,,,0
