101029,'1190605',1115,,9008,57,,,0
101029,'1190678',1318,,9009,57,,,0
101029,'1190897',1658,,9010,57,,,0
101029,'1190957',1015,,9011,57,,,0
101029,'1191059',858,,9012,57,,,0
101029,'1191088',1258,,9013,57,,,0
101029,'1191099',2058,,9014,57,,,0
101029,'1191397',1618,,9015,57,,,0
101029,'1191401',1058,,9016,57,,,0
101029,'1191454',1658,,9017,57,,,0
101029,'1191537',2058,,9018,57,,,0
101029,'1191600',1858,,9019,57,,,0
101029,'1191837',2258,,9020,57,,,0
101029,'1191844',1258,,9021,57,,,0
101029,'1191946',1418,,9022,57,,,0
101029,'1192220',2015,,9023,57,,,0
101029,'1192246',715,,9024,57,,,0
101029,'1192291',1458,,9025,57,,,0
101029,'1192305',2435,,9026,57,,,0
101029,'1192354',2258,,9027,57,,,0
101029,'1192401',858,,9028,57,,,0
101029,'1192520',1718,,9029,57,,,0
101029,'1192526',1458,,9030,57,,,0
101029,'1192600',2215,,9031,57,,,0
101029,'1192680',1518,,9032,57,,,0
101029,'1192726',1058,,9033,57,,,0
101029,'1192973',1815,,9034,57,,,0
101029,'1193049',815,,9035,57,,,0
101029,'1193165',1858,,9036,57,,,0
101029,'1193166',658,,9037,57,,,0
101029,'1193226',915,,9038,57,,,0
