14019,'1190713',1401,,8090,33,,,0
14019,'1190728',1456,,8091,33,,,0
14019,'1190978',1701,,8092,33,,,0
14019,'1191058',2258,,8093,33,,,0
14019,'1191091',1656,,8094,33,,,0
14019,'1191115',759,,8095,33,,,0
14019,'1191156',1531,,8096,33,,,0
14019,'1191182',1256,,8097,33,,,0
14019,'1191216',1401,,8098,33,,,0
14019,'1191274',1356,,8099,33,,,0
14019,'1191284',2356,,8100,33,,,0
14019,'1191353',1856,,8101,33,,,0
14019,'1191434',958,,8102,33,,,0
14019,'1191451',959,,8103,33,,,0
14019,'1191488',1301,,8104,33,,,0
14019,'1191517',659,,8105,33,,,0
14019,'1191609',2329,,8106,33,,,0
14019,'1191614',1829,,8107,33,,,0
14019,'1191636',1801,,8108,33,,,0
14019,'1191714',1201,,8109,33,,,0
14019,'1191747',1501,,8110,33,,,0
14019,'1191757',929,,8111,33,,,0
14019,'1191841',758,,8112,33,,,0
14019,'1191852',1929,,8113,33,,,0
14019,'1191970',2158,,8114,33,,,0
14019,'1191991',2058,,8115,33,,,0
14019,'1191996',956,,8116,33,,,0
14019,'1192119',2229,,8117,33,,,0
14019,'1192156',1601,,8118,33,,,0
14019,'1192290',2256,,8119,33,,,0
14019,'1192324',2156,,8120,33,,,0
14019,'1192341',729,,8121,33,,,0
14019,'1192355',1756,,8122,33,,,0
14019,'1192458',856,,8123,33,,,0
14019,'1192538',1701,,8124,33,,,0
14019,'1192564',2358,,8125,33,,,0
14019,'1192566',1956,,8126,33,,,0
14019,'1192675',1156,,8127,33,,,0
14019,'1192682',1556,,8128,33,,,0
14019,'1192692',1056,,8129,33,,,0
14019,'1192713',1858,,8130,33,,,0
14019,'1192727',1301,,8131,33,,,0
14019,'1192788',1501,,8132,33,,,0
14019,'1192791',1201,,8133,33,,,0
14019,'1192803',829,,8134,33,,,0
14019,'1192827',2056,,8135,33,,,0
14019,'1192837',859,,8136,33,,,0
14019,'1192840',1631,,8137,33,,,0
14019,'1192863',2129,,8138,33,,,0
14019,'1192916',1958,,8139,33,,,0
14019,'1192927',858,,8140,33,,,0
14019,'1192946',2029,,8141,33,,,0
14019,'1192962',1101,,8142,33,,,0
14019,'1192987',1801,,8143,33,,,0
14019,'1193071',1101,,8144,33,,,0
14019,'1193088',1731,,8145,33,,,0
14019,'1193127',1601,,8146,33,,,0
14019,'1193190',658,,8147,33,,,0
14019,'1193242',756,,8148,33,,,0
