13019,'1190607',942,,7967,44,,,0
13019,'1190622',842,,7968,44,,,0
13019,'1190640',1643,,7969,44,,,0
13019,'1190733',1042,,7970,44,,,0
13019,'1190801',1243,,7971,44,,,0
13019,'1190811',1942,,7972,44,,,0
13019,'1190911',742,,7973,44,,,0
13019,'1191064',1012,,7974,44,,,0
13019,'1191079',913,,7975,44,,,0
13019,'1191259',742,,7976,44,,,0
13019,'1191324',742,,7977,44,,,0
13019,'1191439',1744,,7978,44,,,0
13019,'1191443',612,,7979,18,,,0
13019,'1191477',2342,,7980,44,,,0
13019,'1191498',2242,,7981,44,,,0
13019,'1191524',642,,7982,18,,,0
13019,'1191613',1544,,7983,44,,,0
13019,'1191629',2242,,7984,44,,,0
13019,'1191635',2142,,7985,44,,,0
13019,'1191643',2112,,7986,44,,,0
13019,'1191663',1244,,7987,44,,,0
13019,'1191733',1045,,7988,44,,,0
13019,'1191945',1343,,7989,44,,,0
13019,'1192060',812,,7990,44,,,0
13019,'1192062',2212,,7991,44,,,0
13019,'1192072',1144,,7992,44,,,0
13019,'1192088',642,,7993,44,,,0
13019,'1192127',1514,,7994,44,,,0
13019,'1192154',1444,,7995,44,,,0
13019,'1192163',1443,,7996,44,,,0
13019,'1192228',843,,7997,44,,,0
13019,'1192253',1342,,7998,44,,,0
13019,'1192292',1642,,7999,44,,,0
13019,'1192313',842,,8000,44,,,0
13019,'1192426',1614,,8001,44,,,0
13019,'1192486',1714,,8002,44,,,0
13019,'1192492',1912,,8003,44,,,0
13019,'1192497',1143,,8004,44,,,0
13019,'1192498',1743,,8005,44,,,0
13019,'1192501',1812,,8006,44,,,0
13019,'1192533',1742,,8007,44,,,0
13019,'1192536',1042,,8008,44,,,0
13019,'1192544',2042,,8009,44,,,0
13019,'1192608',1442,,8010,44,,,0
13019,'1192610',942,,8011,44,,,0
13019,'1192637',2142,,8012,44,,,0
13019,'1192651',1842,,8013,44,,,0
13019,'1192715',2312,,8014,44,,,0
13019,'1192764',1942,,8015,44,,,0
13019,'1192811',2042,,8016,44,,,0
13019,'1192876',1644,,8017,44,,,0
13019,'1192895',943,,8018,44,,,0
13019,'1192920',1142,,8019,44,,,0
13019,'1192984',1242,,8020,44,,,0
13019,'1193039',1543,,8021,44,,,0
13019,'1193073',2012,,8022,44,,,0
13019,'1193083',2342,,8023,44,,,0
13019,'1193111',1542,,8024,44,,,0
13019,'1193132',712,,8025,44,,,0
13019,'1193188',1842,,8026,44,,,0
13019,'1193199',2417,,8027,44,,,0
13019,'1193221',1344,,8028,44,,,0
101029,'1190605',1047,,9008,25,,,0
101029,'1190678',1249,,9009,25,,,0
101029,'1190897',1630,,9010,25,,,0
101029,'1190957',947,,9011,25,,,0
101029,'1191059',830,,9012,25,,,0
101029,'1191088',1230,,9013,25,,,0
101029,'1191099',2030,,9014,25,,,0
101029,'1191397',1549,,9015,25,,,0
101029,'1191401',1030,,9016,25,,,0
101029,'1191454',1632,,9017,25,,,0
101029,'1191537',2032,,9018,25,,,0
101029,'1191600',1832,,9019,25,,,0
101029,'1191837',2232,,9020,25,,,0
101029,'1191844',1232,,9021,25,,,0
101029,'1191946',1349,,9022,25,,,0
101029,'1192220',1947,,9023,25,,,0
101029,'1192246',647,,9024,25,,,0
101029,'1192291',1432,,9025,25,,,0
101029,'1192305',2407,,9026,25,,,0
101029,'1192354',2230,,9027,25,,,0
101029,'1192401',832,,9028,25,,,0
101029,'1192520',1649,,9029,25,,,0
101029,'1192526',1430,,9030,25,,,0
101029,'1192600',2147,,9031,25,,,0
101029,'1192680',1449,,9032,25,,,0
101029,'1192726',1032,,9033,25,,,0
101029,'1192973',1747,,9034,25,,,0
101029,'1193049',747,,9035,25,,,0
101029,'1193165',1830,,9036,25,,,0
101029,'1193166',632,,9037,25,,,0
101029,'1193226',847,,9038,25,,,0
