2019,'1190609',1616,,7220,21,,,0
2019,'1190673',1230,,7221,21,,,0
2019,'1190685',1216,,7222,21,,,0
2019,'1190689',1946,,7223,21,,,0
2019,'1190717',1716,,7224,21,,,0
2019,'1190761',1430,,7225,21,,,0
2019,'1190765',1246,,7226,21,,,0
2019,'1190771',1330,,7227,21,,,0
2019,'1190817',1316,,7228,21,,,0
2019,'1190891',2130,,7229,21,,,0
2019,'1190941',1530,,7230,21,,,0
2019,'1190953',816,,7231,21,,,0
2019,'1190999',1716,,7232,21,,,0
2019,'1191046',1746,,7233,21,,,0
2019,'1191054',2404,,7234,21,,,0
2019,'1191067',901,,7235,21,,,0
2019,'1191084',1431,,7236,21,,,0
2019,'1191125',1730,,7237,21,,,0
2019,'1191149',730,,7238,21,,,0
2019,'1191199',845,,7239,21,,,0
2019,'1191211',1601,,7240,21,,,0
2019,'1191224',1201,,7241,21,,,0
2019,'1191233',2229,,7242,21,,,0
2019,'1191252',2359,,7243,21,,,0
2019,'1191275',731,,7244,21,,,0
2019,'1191287',1331,,7245,21,,,0
2019,'1191383',1814,,7246,21,,,0
2019,'1191405',830,,7247,21,,,0
2019,'1191408',1301,,7248,21,,,0
2019,'1191447',1446,,7249,21,,,0
2019,'1191485',2114,,7250,21,,,0
2019,'1191495',1631,,7251,21,,,0
2019,'1191512',1316,,7252,21,,,0
2019,'1191527',930,,7253,21,,,0
2019,'1191539',1346,,7254,21,,,0
2019,'1191561',1746,,7255,21,,,0
2019,'1191615',2046,,7256,21,,,0
2019,'1191644',1016,,7257,21,,,0
2019,'1191646',1031,,7258,21,,,0
2019,'1191661',1646,,7259,21,,,0
2019,'1191691',1801,,7260,21,,,0
2019,'1191768',931,,7261,21,,,0
2019,'1191793',715,,7262,21,,,0
2019,'1191820',1030,,7263,21,,,0
2019,'1191850',746,,7264,21,,,0
2019,'1191864',1616,,7265,21,,,0
2019,'1191867',2230,,7266,21,,,0
2019,'1191873',1531,,7267,21,,,0
2019,'1191904',1001,,7268,21,,,0
2019,'1191918',1929,,7269,21,,,0
2019,'1191932',2214,,7270,21,,,0
2019,'1191992',2344,,7271,21,,,0
2019,'1192029',1101,,7272,21,,,0
2019,'1192053',2144,,7273,21,,,0
2019,'1192089',1546,,7274,21,,,0
2019,'1192091',1216,,7275,21,,,0
2019,'1192130',1046,,7276,21,,,0
2019,'1192210',1830,,7277,21,,,0
2019,'1192225',1844,,7278,21,,,0
2019,'1192227',1701,,7279,21,,,0
2019,'1192252',2014,,7280,21,,,0
2019,'1192285',646,,7281,21,,,0
2019,'1192330',1015,,7282,21,,,0
2019,'1192352',1131,,7283,21,,,0
2019,'1192380',1246,,7284,21,,,0
2019,'1192437',801,,7285,21,,,0
2019,'1192442',1146,,7286,21,,,0
2019,'1192449',1231,,7287,21,,,0
2019,'1192523',1546,,7288,21,,,0
2019,'1192531',1516,,7289,21,,,0
2019,'1192546',1146,,7290,21,,,0
2019,'1192565',2030,,7291,21,,,0
2019,'1192577',2244,,7292,21,,,0
2019,'1192650',1930,,7293,21,,,0
2019,'1192668',1116,,7294,21,,,0
2019,'1192678',1446,,7295,21,,,0
2019,'1192698',831,,7296,21,,,0
2019,'1192722',1646,,7297,21,,,0
2019,'1192754',846,,7298,21,,,0
2019,'1192756',930,,7299,21,,,0
2019,'1192760',1630,,7300,21,,,0
2019,'1192800',1846,,7301,21,,,0
2019,'1192812',2330,,7302,21,,,0
2019,'1192865',1501,,7303,21,,,0
2019,'1192869',946,,7304,21,,,0
2019,'1192915',1416,,7305,21,,,0
2019,'1192923',1045,,7306,21,,,0
2019,'1192928',2016,,7307,21,,,0
2019,'1192930',1916,,7308,21,,,0
2019,'1192936',716,,7309,21,,,0
2019,'1192939',701,,7310,21,,,0
2019,'1192940',916,,7311,21,,,0
2019,'1192992',1401,,7312,21,,,0
2019,'1192994',1416,,7313,21,,,0
2019,'1193012',1731,,7314,21,,,0
2019,'1193057',1346,,7315,21,,,0
2019,'1193080',2059,,7316,21,,,0
2019,'1193128',800,,7317,21,,,0
2019,'1193163',1130,,7318,21,,,0
2019,'1193170',1116,,7319,21,,,0
2019,'1193177',2144,,7320,21,,,0
2019,'1193178',2314,,7321,21,,,0
2019,'1193210',1516,,7322,21,,,0
2019,'1193284',1816,,7323,21,,,0
2019,'1193308',2314,,7324,21,,,0
