27029,'1184502',2303,,5913,4,,,0
27029,'1184539',1833,,5914,4,,,0
27029,'1184568',733,,5915,4,,,0
27029,'1184605',2248,,5916,4,,,0
27029,'1184658',1533,,5917,4,,,0
27029,'1184665',933,,5918,4,,,0
27029,'1184708',1548,,5919,4,,,0
27029,'1184726',748,,5920,4,,,0
27029,'1184731',733,,5921,4,,,0
27029,'1184823',1233,,5922,4,,,0
27029,'1184832',2148,,5923,4,,,0
27029,'1184865',1748,,5924,4,,,0
27029,'1184868',1433,,5925,4,,,0
27029,'1184983',933,,5926,4,,,0
27029,'1184991',1448,,5927,4,,,0
27029,'1185102',1833,,5928,4,,,0
27029,'1185115',1903,,5929,4,,,0
27029,'1185181',848,,5930,4,,,0
27029,'1185195',1133,,5931,4,,,0
27029,'1185209',2103,,5932,4,,,0
27029,'1185287',633,,5933,4,,,0
27029,'1185299',1933,,5934,4,,,0
27029,'1185407',1248,,5935,4,,,0
27029,'1185560',2003,,5936,4,,,0
27029,'1185666',1948,,5937,4,,,0
27029,'1185750',1433,,5938,4,,,0
27029,'1185850',1033,,5939,4,,,0
27029,'1186031',1848,,5940,4,,,0
27029,'1186098',1733,,5941,4,,,0
27029,'1186114',1133,,5942,4,,,0
27029,'1186168',2133,,5943,4,,,0
27029,'1186188',1048,,5944,4,,,0
27029,'1186251',2033,,5945,4,,,0
27029,'1186280',1348,,5946,4,,,0
27029,'1186313',1033,,5947,4,,,0
27029,'1186314',948,,5948,4,,,0
27029,'1186361',2048,,5949,4,,,0
27029,'1186373',1333,,5950,4,,,0
27029,'1186534',633,,5951,4,,,0
27029,'1186558',1633,,5952,4,,,0
27029,'1186690',833,,5953,4,,,0
27029,'1186707',1733,,5954,4,,,0
27029,'1186713',1233,,5955,4,,,0
27029,'1186720',1533,,5956,4,,,0
27029,'1186816',1333,,5957,4,,,0
27029,'1186921',1633,,5958,4,,,0
27029,'1186926',1648,,5959,4,,,0
27029,'1186927',2233,,5960,4,,,0
27029,'1187028',2203,,5961,4,,,0
27029,'1187035',1148,,5962,4,,,0
27029,'1187134',2333,,5963,4,,,0
27029,'1187145',833,,5964,4,,,0
