10019,'1193432',1102,,9945,33,,,0
10019,'1193436',1732,,9946,33,,,0
10019,'1193437',2232,,9947,33,,,0
10019,'1193439',1202,,9948,33,,,0
10019,'1193447',2402,,9949,33,,,0
10019,'1193449',1832,,9950,33,,,0
10019,'1193451',2202,,9951,33,,,0
10019,'1193452',1302,,9952,33,,,0
10019,'1193454',1502,,9953,33,,,0
10019,'1193455',1303,,9954,33,,,0
10019,'1193456',633,,9955,33,,,0
10019,'1193457',902,,9956,33,,,0
10019,'1193458',902,,9957,33,,,0
10019,'1193459',1802,,9958,33,,,0
10019,'1193460',802,,9959,33,,,0
10019,'1193465',1702,,9960,33,,,0
10019,'1193467',1503,,9961,33,,,0
10019,'1193472',702,,9962,33,,,0
10019,'1193473',2102,,9963,33,,,0
10019,'1193477',2332,,9964,33,,,0
10019,'1193478',1602,,9965,33,,,0
10019,'1193485',1203,,9966,33,,,0
10019,'1193486',1702,,9967,33,,,0
10019,'1193489',2202,,9968,33,,,0
10019,'1193490',1102,,9969,33,,,0
10019,'1193492',1103,,9970,33,,,0
10019,'1193493',1702,,9971,33,,,0
10019,'1193495',1402,,9972,33,,,0
10019,'1193500',1002,,9973,33,,,0
10019,'1193501',1932,,9974,33,,,0
10019,'1193502',1632,,9975,33,,,0
10019,'1193503',2032,,9976,33,,,0
10019,'1193507',1902,,9977,33,,,0
10019,'1193508',802,,9978,33,,,0
10019,'1193511',1602,,9979,33,,,0
10019,'1193512',1202,,9980,33,,,0
10019,'1193513',802,,9981,33,,,0
10019,'1193516',2002,,9982,33,,,0
10019,'1193517',732,,9983,33,,,0
10019,'1193518',2002,,9984,33,,,0
10019,'1193519',2132,,9985,33,,,0
10019,'1193522',1002,,9986,33,,,0
10019,'1193523',1802,,9987,33,,,0
10019,'1193524',932,,9988,33,,,0
10019,'1193525',703,,9989,33,,,0
10019,'1193527',1002,,9990,33,,,0
10019,'1193529',2302,,9991,33,,,0
10019,'1193530',1802,,9992,33,,,0
10019,'1193531',1502,,9993,33,,,0
10019,'1193532',1533,,9994,33,,,0
10019,'1193533',1403,,9995,33,,,0
10019,'1193534',832,,9996,33,,,0
10019,'1193535',2102,,9997,33,,,0
10019,'1193536',1602,,9998,33,,,0
10019,'1193537',1302,,9999,33,,,0
10019,'1193540',2402,,10000,33,,,0
10019,'1193541',1402,,10001,33,,,0
10019,'1193543',2302,,10002,33,,,0
10019,'1193545',902,,10003,33,,,0
10019,'1193549',1902,,10004,33,,,0
