13019,'1190607',924,,7967,15,,,0
13019,'1190622',825,,7968,15,,,0
13019,'1190640',1624,,7969,15,,,0
13019,'1190733',1024,,7970,15,,,0
13019,'1190801',1224,,7971,15,,,0
13019,'1190811',1924,,7972,15,,,0
13019,'1190911',725,,7973,15,,,0
13019,'1191064',954,,7974,15,,,0
13019,'1191079',854,,7975,15,,,0
13019,'1191259',724,,7976,15,,,0
13019,'1191324',724,,7977,15,,,0
13019,'1191439',1725,,7978,15,,,0
13019,'1191477',2325,,7980,15,,,0
13019,'1191498',2225,,7981,15,,,0
13019,'1191613',1525,,7983,15,,,0
13019,'1191629',2224,,7984,15,,,0
13019,'1191635',2125,,7985,15,,,0
13019,'1191643',2054,,7986,15,,,0
13019,'1191663',1225,,7987,15,,,0
13019,'1191733',1025,,7988,15,,,0
13019,'1191945',1324,,7989,15,,,0
13019,'1192060',754,,7990,15,,,0
13019,'1192062',2154,,7991,15,,,0
13019,'1192072',1125,,7992,15,,,0
13019,'1192088',624,,7993,15,,,0
13019,'1192127',1455,,7994,15,,,0
13019,'1192154',1425,,7995,15,,,0
13019,'1192163',1424,,7996,15,,,0
13019,'1192228',824,,7997,15,,,0
13019,'1192253',1325,,7998,15,,,0
13019,'1192292',1625,,7999,15,,,0
13019,'1192313',824,,8000,15,,,0
13019,'1192426',1555,,8001,15,,,0
13019,'1192486',1655,,8002,15,,,0
13019,'1192492',1854,,8003,15,,,0
13019,'1192497',1124,,8004,15,,,0
13019,'1192498',1724,,8005,15,,,0
13019,'1192501',1754,,8006,15,,,0
13019,'1192533',1725,,8007,15,,,0
13019,'1192536',1025,,8008,15,,,0
13019,'1192544',2025,,8009,15,,,0
13019,'1192608',1425,,8010,15,,,0
13019,'1192610',925,,8011,15,,,0
13019,'1192637',2124,,8012,15,,,0
13019,'1192651',1825,,8013,15,,,0
13019,'1192715',2254,,8014,15,,,0
13019,'1192764',1925,,8015,15,,,0
13019,'1192811',2024,,8016,15,,,0
13019,'1192876',1625,,8017,15,,,0
13019,'1192895',924,,8018,15,,,0
13019,'1192920',1125,,8019,15,,,0
13019,'1192984',1225,,8020,15,,,0
13019,'1193039',1524,,8021,15,,,0
13019,'1193073',1954,,8022,15,,,0
13019,'1193083',2324,,8023,15,,,0
13019,'1193111',1525,,8024,15,,,0
13019,'1193132',654,,8025,15,,,0
13019,'1193188',1824,,8026,15,,,0
13019,'1193199',2359,,8027,15,,,0
13019,'1193221',1325,,8028,15,,,0
