105019,'1184475',1853,,6445,55,,,0
105019,'1184709',1823,,6446,55,,,0
105019,'1184754',1116,,6447,55,,,0
105019,'1184819',805,,6448,55,,,0
105019,'1184825',2301,,6449,55,,,0
105019,'1184879',1508,,6450,55,,,0
105019,'1184888',1005,,6451,55,,,0
105019,'1184928',1216,,6452,55,,,0
105019,'1184969',2314,,6453,55,,,0
105019,'1185022',2114,,6454,55,,,0
105019,'1185176',701,,6455,55,,,0
105019,'1185212',631,,6456,55,,,0
105019,'1185354',1916,,6457,55,,,0
105019,'1185498',1931,,6458,55,,,0
105019,'1185528',2032,,6459,55,,,0
105019,'1185550',1416,,6460,55,,,0
105019,'1185555',2232,,6461,55,,,0
105019,'1185569',1753,,6462,55,,,0
105019,'1185641',905,,6463,55,,,0
105019,'1185643',1832,,6464,55,,,0
105019,'1185695',1323,,6465,55,,,0
105019,'1185708',2101,,6466,55,,,0
105019,'1185807',1632,,6467,55,,,0
105019,'1185822',1316,,6468,55,,,0
105019,'1185894',1208,,6469,55,,,0
105019,'1186015',1423,,6470,55,,,0
105019,'1186061',1608,,6471,55,,,0
105019,'1186284',1432,,6472,55,,,0
105019,'1186380',1108,,6473,55,,,0
105019,'1186411',1232,,6474,55,,,0
105019,'1186477',1638,,6475,55,,,0
105019,'1186479',1032,,6476,55,,,0
105019,'1186519',1716,,6477,55,,,0
105019,'1186601',1723,,6478,55,,,0
105019,'1186602',735,,6479,55,,,0
105019,'1186613',832,,6480,55,,,0
105019,'1186624',1616,,6481,55,,,0
105019,'1186706',1816,,6482,55,,,0
105019,'1186813',914,,6483,55,,,0
105019,'1186864',2401,,6484,55,,,0
105019,'1186870',601,,6485,55,,,0
105019,'1186896',835,,6486,55,,,0
105019,'1187008',714,,6487,55,,,0
105019,'1187009',2201,,6488,55,,,0
105019,'1187061',1538,,6489,55,,,0
105019,'1187069',1516,,6490,55,,,0
106029,'1184503',1009,,6543,6,,,0
106029,'1184668',1841,,6544,6,,,0
106029,'1185934',1726,,6545,6,,,0
106029,'1185946',1611,,6546,6,,,0
106029,'1186791',854,,6547,6,,,0
106029,'1186882',739,,6548,6,,,0
