10029,'1193661',1526,,10124,24,,,0
10029,'1193662',1126,,10125,24,,,0
10029,'1193664',2026,,10126,24,,,0
10029,'1193666',1326,,10127,24,,,0
10029,'1193669',2326,,10128,24,,,0
10029,'1193670',1626,,10129,24,,,0
10029,'1193671',1526,,10130,24,,,0
10029,'1193672',856,,10131,24,,,0
10029,'1193673',2126,,10132,24,,,0
10029,'1193674',1426,,10133,24,,,0
10029,'1193676',1856,,10134,24,,,0
10029,'1193677',726,,10135,24,,,0
10029,'1193683',726,,10136,24,,,0
10029,'1193684',1726,,10137,24,,,0
10029,'1193685',1026,,10138,24,,,0
10029,'1193688',926,,10139,24,,,0
10029,'1193689',756,,10140,24,,,0
10029,'1193690',1956,,10141,24,,,0
10029,'1193692',2226,,10142,24,,,0
10029,'1193693',926,,10143,24,,,0
10029,'1193694',1326,,10144,24,,,0
10029,'1193695',656,,10145,24,,,0
10029,'1193696',626,,10146,24,,,0
10029,'1193699',2056,,10147,24,,,0
10029,'1193702',1126,,10148,24,,,0
10029,'1193705',1326,,10149,24,,,0
10029,'1193706',826,,10150,24,,,0
10029,'1193712',1826,,10151,24,,,0
10029,'1193713',2256,,10152,24,,,0
10029,'1193714',1726,,10153,24,,,0
10029,'1193716',1926,,10154,24,,,0
10029,'1193719',1426,,10155,24,,,0
10029,'1193721',1026,,10156,24,,,0
10029,'1193722',1226,,10157,24,,,0
10029,'1193723',926,,10158,24,,,0
10029,'1193726',1726,,10159,24,,,0
10029,'1193727',826,,10160,24,,,0
10029,'1193728',726,,10161,24,,,0
10029,'1193729',826,,10162,24,,,0
10029,'1193736',2401,,10163,24,,,0
10029,'1193741',2156,,10164,24,,,0
10029,'1193742',2026,,10165,24,,,0
10029,'1193744',1456,,10166,24,,,0
10029,'1193745',1556,,10167,24,,,0
10029,'1193746',1126,,10168,24,,,0
10029,'1193748',2226,,10169,24,,,0
10029,'1193750',1926,,10170,24,,,0
10029,'1193751',1026,,10171,24,,,0
10029,'1193753',1626,,10172,24,,,0
10029,'1193757',1226,,10173,24,,,0
10029,'1193758',1426,,10174,24,,,0
10029,'1193760',1226,,10175,24,,,0
10029,'1193762',1526,,10176,24,,,0
10029,'1193763',1656,,10177,24,,,0
10029,'1193764',1826,,10178,24,,,0
10029,'1193775',2326,,10179,24,,,0
10029,'1193776',2126,,10180,24,,,0
10029,'1193777',1756,,10181,24,,,0
10029,'1193778',1626,,10182,24,,,0
12029,'1190603',1227,,7896,19,,,0
12029,'1190623',926,,7897,19,,,0
12029,'1190638',1826,,7898,19,,,0
12029,'1190684',2227,,7899,19,,,0
12029,'1190691',2056,,7900,19,,,0
12029,'1190731',1626,,7901,19,,,0
12029,'1190743',1926,,7902,19,,,0
12029,'1190753',2127,,7903,19,,,0
12029,'1190777',756,,7904,19,,,0
12029,'1190812',2256,,7905,19,,,0
12029,'1190880',2156,,7906,19,,,0
12029,'1190932',1427,,7907,19,,,0
12029,'1190940',1756,,7908,19,,,0
12029,'1191029',1356,,7909,19,,,0
12029,'1191043',1726,,7910,19,,,0
12029,'1191093',1656,,7911,19,,,0
12029,'1191133',1056,,7912,19,,,0
12029,'1191256',927,,7913,19,,,0
12029,'1191281',1126,,7914,19,,,0
12029,'1191303',826,,7915,19,,,0
12029,'1191335',1626,,7916,19,,,0
12029,'1191382',1056,,7917,19,,,0
12029,'1191410',1656,,7918,19,,,0
12029,'1191500',1156,,7919,19,,,0
12029,'1191501',2027,,7920,19,,,0
12029,'1191528',1426,,7921,19,,,0
12029,'1191555',2126,,7922,19,,,0
12029,'1191588',2401,,7923,19,,,0
12029,'1191595',1326,,7924,19,,,0
12029,'1191653',626,,7925,19,,,0
12029,'1191692',827,,7926,19,,,0
12029,'1191696',1927,,7927,19,,,0
12029,'1191708',2026,,7928,19,,,0
12029,'1191789',1527,,7929,19,,,0
12029,'1191811',1127,,7930,19,,,0
12029,'1191813',926,,7931,19,,,0
12029,'1191831',1027,,7932,19,,,0
12029,'1191874',1356,,7933,19,,,0
12029,'1191998',1726,,7934,19,,,0
12029,'1192059',2327,,7935,19,,,0
12029,'1192129',1827,,7936,19,,,0
12029,'1192133',1126,,7937,19,,,0
12029,'1192152',1556,,7938,19,,,0
12029,'1192260',856,,7939,19,,,0
12029,'1192279',1256,,7940,19,,,0
12029,'1192294',727,,7941,19,,,0
12029,'1192306',956,,7942,19,,,0
12029,'1192361',1256,,7943,19,,,0
12029,'1192410',826,,7944,19,,,0
12029,'1192567',1226,,7945,19,,,0
12029,'1192578',1627,,7946,19,,,0
12029,'1192673',1156,,7947,19,,,0
12029,'1192741',1426,,7948,19,,,0
12029,'1192809',656,,7949,19,,,0
12029,'1192877',2326,,7950,19,,,0
12029,'1192898',1456,,7951,19,,,0
12029,'1192950',726,,7952,19,,,0
12029,'1193043',726,,7953,19,,,0
12029,'1193053',1026,,7954,19,,,0
12029,'1193054',1956,,7955,19,,,0
12029,'1193056',1556,,7956,19,,,0
12029,'1193058',1327,,7957,19,,,0
12029,'1193093',1727,,7958,19,,,0
12029,'1193102',1526,,7959,19,,,0
12029,'1193103',1456,,7960,19,,,0
12029,'1193156',1026,,7961,19,,,0
12029,'1193195',1326,,7962,19,,,0
12029,'1193220',1226,,7963,19,,,0
12029,'1193227',1856,,7964,19,,,0
12029,'1193272',1526,,7965,19,,,0
12029,'1193321',2226,,7966,19,,,0
