10019,'1184485',2246,,4718,9,,,0
10019,'1184494',1446,,4719,9,,,0
10019,'1184588',2346,,4720,9,,,0
10019,'1184691',1346,,4721,9,,,0
10019,'1184710',2116,,4722,9,,,0
10019,'1184801',746,,4723,9,,,0
10019,'1184804',1646,,4724,9,,,0
10019,'1184847',1546,,4725,9,,,0
10019,'1184932',1246,,4726,9,,,0
10019,'1184956',1046,,4727,9,,,0
10019,'1185047',1146,,4728,9,,,0
10019,'1185103',2216,,4729,9,,,0
10019,'1185108',1046,,4730,9,,,0
10019,'1185124',1916,,4731,9,,,0
10019,'1185132',2246,,4732,9,,,0
10019,'1185156',1846,,4733,9,,,0
10019,'1185169',1816,,4734,9,,,0
10019,'1185191',1546,,4735,9,,,0
10019,'1185198',2046,,4736,9,,,0
10019,'1185284',816,,4737,9,,,0
10019,'1185333',1746,,4738,9,,,0
10019,'1185450',1746,,4739,9,,,0
10019,'1185473',1516,,4740,9,,,0
10019,'1185509',1846,,4741,9,,,0
10019,'1185547',1546,,4742,9,,,0
10019,'1185581',1446,,4743,9,,,0
10019,'1185594',946,,4744,9,,,0
10019,'1185618',1646,,4745,9,,,0
10019,'1185663',946,,4746,9,,,0
10019,'1185672',646,,4747,9,,,0
10019,'1185674',1046,,4748,9,,,0
10019,'1185752',646,,4749,9,,,0
10019,'1185771',1246,,4750,9,,,0
10019,'1185811',1616,,4751,9,,,0
10019,'1185892',2046,,4752,9,,,0
10019,'1185902',1446,,4753,9,,,0
10019,'1186039',846,,4754,9,,,0
10019,'1186042',1716,,4755,9,,,0
10019,'1186065',846,,4756,9,,,0
10019,'1186096',2016,,4757,9,,,0
10019,'1186123',946,,4758,9,,,0
10019,'1186214',2146,,4759,9,,,0
10019,'1186225',2146,,4760,9,,,0
10019,'1186253',1946,,4761,9,,,0
10019,'1186259',1646,,4762,9,,,0
10019,'1186300',716,,4763,9,,,0
10019,'1186368',1946,,4764,9,,,0
10019,'1186454',746,,4765,9,,,0
10019,'1186511',916,,4766,9,,,0
10019,'1186540',1346,,4767,9,,,0
10019,'1186560',1746,,4768,9,,,0
10019,'1186575',616,,4769,9,,,0
10019,'1186626',2316,,4770,9,,,0
10019,'1186703',1346,,4771,9,,,0
10019,'1186729',1146,,4772,9,,,0
10019,'1186922',846,,4773,9,,,0
10019,'1186978',1246,,4774,9,,,0
10019,'1187036',746,,4775,9,,,0
10019,'1187051',1146,,4776,9,,,0
10019,'1187191',2346,,4777,9,,,0
103029,'1184553',1903,,6317,15,,,0
103029,'1184582',1434,,6318,15,,,0
103029,'1184715',936,,6319,15,,,0
103029,'1184746',1313,,6320,15,,,0
103029,'1184852',1734,,6321,15,,,0
103029,'1184872',1649,,6322,15,,,0
103029,'1184905',2005,,6323,15,,,0
103029,'1185063',2203,,6324,15,,,0
103029,'1185157',806,,6325,15,,,0
103029,'1185199',1706,,6326,15,,,0
103029,'1185213',1406,,6327,15,,,0
103029,'1185276',1106,,6328,15,,,0
103029,'1185297',2213,,6329,15,,,0
103029,'1185363',1519,,6330,15,,,0
103029,'1185387',2043,,6331,15,,,0
103029,'1185393',1743,,6332,15,,,0
103029,'1185419',1003,,6333,15,,,0
103029,'1185520',1304,,6334,15,,,0
103029,'1185558',748,,6335,15,,,0
103029,'1185665',1236,,6336,15,,,0
103029,'1185765',1134,,6337,15,,,0
103029,'1185899',1604,,6338,15,,,0
103029,'1185963',2033,,6339,15,,,0
103029,'1185965',1835,,6340,15,,,0
103029,'1185975',1013,,6341,15,,,0
103029,'1186147',918,,6342,15,,,0
103029,'1186270',2333,,6343,15,,,0
103029,'1186276',1143,,6344,15,,,0
103029,'1186283',1536,,6345,15,,,0
103029,'1186305',1613,,6346,15,,,0
103029,'1186329',2305,,6347,15,,,0
103029,'1186366',636,,6348,15,,,0
103029,'1186405',833,,6349,15,,,0
103029,'1186699',703,,6350,15,,,0
103029,'1186983',2135,,6351,15,,,0
103029,'1187131',843,,6352,15,,,0
103029,'1187135',1913,,6353,15,,,0
103029,'1187151',1443,,6354,15,,,0
