105029,'1184521',1750,,6491,23,,,0
105029,'1184537',1320,,6492,23,,,0
105029,'1184580',904,,6493,23,,,0
105029,'1184670',1535,,6494,23,,,0
105029,'1184683',1135,,6495,23,,,0
105029,'1184808',2304,,6496,23,,,0
105029,'1184833',1005,,6497,23,,,0
105029,'1184834',2409,,6498,23,,,0
105029,'1184863',1220,,6499,23,,,0
105029,'1185104',1719,,6500,23,,,0
105029,'1185135',704,,6501,23,,,0
105029,'1185184',1319,,6502,23,,,0
105029,'1185215',1619,,6503,23,,,0
105029,'1185318',1335,,6504,23,,,0
105029,'1185332',1834,,6505,23,,,0
105029,'1185350',2004,,6506,23,,,0
105029,'1185359',2204,,6507,23,,,0
105029,'1185398',1019,,6508,23,,,0
105029,'1185412',817,,6509,23,,,0
105029,'1185440',1620,,6510,23,,,0
105029,'1185523',1419,,6511,23,,,0
105029,'1185630',2335,,6512,23,,,0
105029,'1185668',734,,6513,23,,,0
105029,'1185720',1935,,6514,23,,,0
105029,'1185827',2104,,6515,23,,,0
105029,'1185938',1435,,6516,23,,,0
105029,'1186005',1650,,6517,23,,,0
105029,'1186007',617,,6518,23,,,0
105029,'1186279',1505,,6519,23,,,0
105029,'1186282',1405,,6520,23,,,0
105029,'1186299',1519,,6521,23,,,0
105029,'1186335',2417,,6522,23,,,0
105029,'1186345',2135,,6523,23,,,0
105029,'1186387',1119,,6524,23,,,0
105029,'1186470',1105,,6525,23,,,0
105029,'1186485',2217,,6526,23,,,0
105029,'1186492',935,,6527,23,,,0
105029,'1186520',1735,,6528,23,,,0
105029,'1186715',735,,6529,23,,,0
105029,'1186740',1219,,6530,23,,,0
105029,'1186861',634,,6531,23,,,0
105029,'1186874',1720,,6532,23,,,0
105029,'1186924',1819,,6533,23,,,0
105029,'1187005',804,,6534,23,,,0
105029,'1187093',1535,,6535,23,,,0
105029,'1187132',2017,,6536,23,,,0
