105019,'1190616',2258,,9291,100,,,0
105019,'1190769',1455,,9292,100,,,0
105019,'1190825',1658,,9293,100,,,0
105019,'1190865',1855,,9294,100,,,0
105019,'1190975',1925,,9295,100,,,0
105019,'1190992',1843,,9296,100,,,0
105019,'1190998',1243,,9297,100,,,0
105019,'1191007',1755,,9298,100,,,0
105019,'1191038',1543,,9299,100,,,0
105019,'1191063',1037,,9300,100,,,0
105019,'1191065',1355,,9301,100,,,0
105019,'1191145',730,,9302,100,,,0
105019,'1191217',2342,,9303,100,,,0
105019,'1191294',1443,,9304,100,,,0
105019,'1191329',942,,9305,100,,,0
105019,'1191413',1058,,9306,100,,,0
105019,'1191457',1343,,9307,100,,,0
105019,'1191557',937,,9308,100,,,0
105019,'1191709',837,,9309,100,,,0
105019,'1191750',2329,,9310,100,,,0
105019,'1191859',742,,9311,100,,,0
105019,'1191891',1825,,9312,100,,,0
105019,'1192052',1943,,9313,100,,,0
105019,'1192113',700,,9314,100,,,0
105019,'1192142',1643,,9315,100,,,0
105019,'1192176',858,,9316,100,,,0
105019,'1192218',2429,,9317,100,,,0
105019,'1192236',1458,,9318,100,,,0
105019,'1192248',2129,,9319,100,,,0
105019,'1192267',1743,,9320,100,,,0
105019,'1192318',1143,,9321,100,,,0
105019,'1192337',1710,,9322,100,,,0
105019,'1192353',1540,,9323,100,,,0
105019,'1192579',1240,,9324,100,,,0
105019,'1192586',1258,,9325,100,,,0
105019,'1192598',2058,,9326,100,,,0
105019,'1192614',807,,9327,100,,,0
105019,'1192661',2229,,9328,100,,,0
105019,'1192725',1610,,9329,100,,,0
105019,'1192735',1959,,9330,100,,,0
105019,'1192821',2142,,9331,100,,,0
105019,'1192836',1858,,9332,100,,,0
105019,'1192847',630,,9333,100,,,0
105019,'1192875',1640,,9334,100,,,0
105019,'1193045',907,,9335,100,,,0
105019,'1193298',1140,,9336,100,,,0
106029,'1190782',755,,9389,31,,,0
106029,'1191556',1857,,9390,31,,,0
106029,'1191771',1627,,9391,31,,,0
106029,'1192044',1742,,9392,31,,,0
106029,'1192429',910,,9393,31,,,0
106029,'1193063',1025,,9394,31,,,0
