28019,'1184531',1814,,5965,13,,,0
28019,'1184536',744,,5966,13,,,0
28019,'1184586',1939,,5967,13,,,0
28019,'1184590',844,,5968,13,,,0
28019,'1184806',1414,,5969,13,,,0
28019,'1184941',2139,,5970,13,,,0
28019,'1184960',759,,5971,13,,,0
28019,'1184962',1259,,5972,13,,,0
28019,'1185009',1744,,5973,13,,,0
28019,'1185083',1314,,5974,13,,,0
28019,'1185094',1039,,5975,13,,,0
28019,'1185095',1614,,5976,13,,,0
28019,'1185107',1759,,5977,13,,,0
28019,'1185217',1439,,5978,13,,,0
28019,'1185229',1014,,5979,13,,,0
28019,'1185235',739,,5980,13,,,0
28019,'1185263',2114,,5981,13,,,0
28019,'1185291',1639,,5982,13,,,0
28019,'1185463',2359,,5983,13,,,0
28019,'1185469',1914,,5984,13,,,0
28019,'1185546',2239,,5985,13,,,0
28019,'1185615',2214,,5986,13,,,0
28019,'1185718',1339,,5987,13,,,0
28019,'1185768',644,,5988,13,,,0
28019,'1185787',1514,,5989,13,,,0
28019,'1185832',1839,,5990,13,,,0
28019,'1185834',659,,5991,13,,,0
28019,'1185836',1859,,5992,13,,,0
28019,'1185880',2014,,5993,13,,,0
28019,'1185920',2314,,5994,13,,,0
28019,'1185987',1059,,5995,13,,,0
28019,'1186020',2159,,5996,13,,,0
28019,'1186085',1114,,5997,13,,,0
28019,'1186130',1214,,5998,13,,,0
28019,'1186196',1359,,5999,13,,,0
28019,'1186203',859,,6000,13,,,0
28019,'1186206',1459,,6001,13,,,0
28019,'1186293',814,,6002,13,,,0
28019,'1186426',1659,,6003,13,,,0
28019,'1186487',1539,,6004,13,,,0
28019,'1186488',2039,,6005,13,,,0
28019,'1186500',2259,,6006,13,,,0
28019,'1186547',2059,,6007,13,,,0
28019,'1186557',1239,,6008,13,,,0
28019,'1186574',614,,6009,13,,,0
28019,'1186585',1714,,6010,13,,,0
28019,'1186695',1139,,6011,13,,,0
28019,'1186743',1644,,6012,13,,,0
28019,'1186748',1739,,6013,13,,,0
28019,'1186749',839,,6014,13,,,0
28019,'1186761',1844,,6015,13,,,0
28019,'1186800',939,,6016,13,,,0
28019,'1186844',914,,6017,13,,,0
28019,'1186887',1959,,6018,13,,,0
28019,'1187015',959,,6019,13,,,0
28019,'1187017',714,,6020,13,,,0
28019,'1187021',1159,,6021,13,,,0
28019,'1187046',1559,,6022,13,,,0
28019,'1187163',2339,,6023,13,,,0
