24029,'1190659',1634,,8421,6,,,0
24029,'1190749',1618,,8422,6,,,0
24029,'1190778',1419,,8423,6,,,0
24029,'1190797',2408,,8424,6,,,0
24029,'1190885',1334,,8425,6,,,0
24029,'1191013',2248,,8426,6,,,0
24029,'1191021',934,,8427,6,,,0
24029,'1191023',2148,,8428,6,,,0
24029,'1191096',1550,,8429,6,,,0
24029,'1191111',918,,8430,6,,,0
24029,'1191208',1219,,8431,6,,,0
24029,'1191257',1319,,8432,6,,,0
24029,'1191267',2018,,8433,6,,,0
24029,'1191278',1320,,8434,6,,,0
24029,'1191288',718,,8435,6,,,0
24029,'1191296',834,,8436,6,,,0
24029,'1191426',748,,8437,6,,,0
24029,'1191479',1019,,8438,6,,,0
24029,'1191530',2234,,8439,6,,,0
24029,'1191542',648,,8440,6,,,0
24029,'1191565',734,,8441,6,,,0
24029,'1191626',2218,,8442,6,,,0
24029,'1191637',1220,,8443,6,,,0
24029,'1191667',1519,,8444,6,,,0
24029,'1191676',2048,,8445,6,,,0
24029,'1191744',1119,,8446,6,,,0
24029,'1191836',1818,,8447,6,,,0
24029,'1191879',948,,8448,6,,,0
24029,'1191917',2334,,8449,6,,,0
24029,'1191967',1034,,8450,6,,,0
24029,'1191983',848,,8451,6,,,0
24029,'1192013',1718,,8452,6,,,0
24029,'1192023',919,,8453,6,,,0
24029,'1192045',1018,,8454,6,,,0
24029,'1192070',1934,,8455,6,,,0
24029,'1192071',1720,,8456,6,,,0
24029,'1192162',1534,,8457,6,,,0
24029,'1192212',1848,,8458,6,,,0
24029,'1192216',2118,,8459,6,,,0
24029,'1192217',1234,,8460,6,,,0
24029,'1192266',1434,,8461,6,,,0
24029,'1192268',2318,,8462,6,,,0
24029,'1192314',1650,,8463,6,,,0
24029,'1192322',1734,,8464,6,,,0
24029,'1192424',1918,,8465,6,,,0
24029,'1192452',1134,,8466,6,,,0
24029,'1192545',818,,8467,6,,,0
24029,'1192560',1750,,8468,6,,,0
24029,'1192570',2134,,8469,6,,,0
24029,'1192633',1420,,8470,6,,,0
24029,'1192772',1620,,8471,6,,,0
24029,'1192808',1948,,8472,6,,,0
24029,'1192813',1120,,8473,6,,,0
24029,'1192816',818,,8474,6,,,0
24029,'1192829',2034,,8475,6,,,0
24029,'1192854',1450,,8476,6,,,0
24029,'1192965',1834,,8477,6,,,0
24029,'1192991',1520,,8478,6,,,0
24029,'1193184',717,,8479,6,,,0
24029,'1193211',617,,8480,6,,,0
105019,'1190616',2302,,9291,108,,,0
105019,'1190769',1501,,9292,108,,,0
105019,'1190825',1702,,9293,108,,,0
105019,'1190865',1901,,9294,108,,,0
105019,'1190975',1931,,9295,108,,,0
105019,'1190992',1849,,9296,108,,,0
105019,'1190998',1249,,9297,108,,,0
105019,'1191007',1801,,9298,108,,,0
105019,'1191038',1549,,9299,108,,,0
105019,'1191063',1043,,9300,108,,,0
105019,'1191065',1401,,9301,108,,,0
105019,'1191145',735,,9302,108,,,0
105019,'1191217',2347,,9303,108,,,0
105019,'1191294',1449,,9304,108,,,0
105019,'1191329',947,,9305,108,,,0
105019,'1191413',1102,,9306,108,,,0
105019,'1191457',1349,,9307,108,,,0
105019,'1191557',943,,9308,108,,,0
105019,'1191709',843,,9309,108,,,0
105019,'1191750',2335,,9310,108,,,0
105019,'1191859',747,,9311,108,,,0
105019,'1191891',1831,,9312,108,,,0
105019,'1192052',1949,,9313,108,,,0
105019,'1192113',705,,9314,108,,,0
105019,'1192142',1649,,9315,108,,,0
105019,'1192176',902,,9316,108,,,0
105019,'1192218',2435,,9317,108,,,0
105019,'1192236',1502,,9318,108,,,0
105019,'1192248',2135,,9319,108,,,0
105019,'1192267',1749,,9320,108,,,0
105019,'1192318',1149,,9321,108,,,0
105019,'1192337',1716,,9322,108,,,0
105019,'1192353',1546,,9323,108,,,0
105019,'1192579',1246,,9324,108,,,0
105019,'1192586',1302,,9325,108,,,0
105019,'1192598',2102,,9326,108,,,0
105019,'1192614',813,,9327,108,,,0
105019,'1192661',2235,,9328,108,,,0
105019,'1192725',1616,,9329,108,,,0
105019,'1192735',2005,,9330,108,,,0
105019,'1192821',2147,,9331,108,,,0
105019,'1192836',1902,,9332,108,,,0
105019,'1192847',635,,9333,108,,,0
105019,'1192875',1646,,9334,108,,,0
105019,'1193045',913,,9335,108,,,0
105019,'1193298',1146,,9336,108,,,0
106029,'1190782',801,,9389,39,,,0
106029,'1191556',1903,,9390,39,,,0
106029,'1191771',1633,,9391,39,,,0
106029,'1192044',1748,,9392,39,,,0
106029,'1192429',916,,9393,39,,,0
106029,'1193063',1031,,9394,39,,,0
140001019,'1190631',1404,,9395,18,,,0
140001019,'1190636',1149,,9396,18,,,0
140001019,'1190649',1711,,9397,18,,,0
140001019,'1190660',1505,,9398,18,,,0
140001019,'1190668',2418,,9399,18,,,0
140001019,'1190697',1134,,9400,18,,,0
140001019,'1190750',1848,,9401,18,,,0
140001019,'1190763',1105,,9402,18,,,0
140001019,'1190768',2248,,9403,18,,,0
140001019,'1190802',1704,,9404,18,,,0
140001019,'1190822',1948,,9405,18,,,0
140001019,'1190830',2348,,9406,18,,,0
140001019,'1190841',1756,,9407,18,,,0
140001019,'1190852',1003,,9408,18,,,0
140001019,'1190870',2003,,9409,18,,,0
140001019,'1190873',1405,,9410,18,,,0
140001019,'1190888',1034,,9411,18,,,0
140001019,'1190922',2048,,9412,18,,,0
140001019,'1190923',1749,,9413,18,,,0
140001019,'1190968',1611,,9414,18,,,0
140001019,'1190976',1426,,9415,18,,,0
140001019,'1190979',1519,,9416,18,,,0
140001019,'1190980',2218,,9417,18,,,0
140001019,'1190982',803,,9418,18,,,0
140001019,'1190987',1103,,9419,18,,,0
140001019,'1191035',1918,,9420,18,,,0
140001019,'1191146',1833,,9421,18,,,0
140001019,'1191160',1048,,9422,18,,,0
140001019,'1191162',848,,9423,18,,,0
140001019,'1191165',2018,,9424,18,,,0
140001019,'1191177',1134,,9425,18,,,0
140001019,'1191204',1819,,9426,18,,,0
140001019,'1191212',2318,,9427,18,,,0
140001019,'1191215',718,,9428,18,,,0
140001019,'1191276',2305,,9429,18,,,0
140001019,'1191289',1948,,9430,18,,,0
140001019,'1191299',2148,,9431,18,,,0
140001019,'1191305',1049,,9432,18,,,0
140001019,'1191313',1933,,9433,18,,,0
140001019,'1191331',1249,,9434,18,,,0
140001019,'1191356',2118,,9435,18,,,0
140001019,'1191364',1404,,9436,18,,,0
140001019,'1191379',2205,,9437,18,,,0
140001019,'1191393',1104,,9438,18,,,0
140001019,'1191394',1534,,9439,18,,,0
140001019,'1191473',1641,,9440,18,,,0
140001019,'1191484',1719,,9441,18,,,0
140001019,'1191489',1903,,9442,18,,,0
140001019,'1191578',1018,,9443,18,,,0
140001019,'1191592',1234,,9444,18,,,0
140001019,'1191603',1334,,9445,18,,,0
140001019,'1191608',948,,9446,18,,,0
140001019,'1191621',1741,,9447,18,,,0
140001019,'1191634',1818,,9448,18,,,0
140001019,'1191651',1204,,9449,18,,,0
140001019,'1191665',1541,,9450,18,,,0
140001019,'1191677',1434,,9451,18,,,0
140001019,'1191683',833,,9452,18,,,0
140001019,'1191720',1705,,9453,18,,,0
140001019,'1191753',1204,,9454,18,,,0
140001019,'1191755',903,,9455,18,,,0
140001019,'1191764',648,,9456,18,,,0
140001019,'1191766',918,,9457,18,,,0
140001019,'1191775',1305,,9458,18,,,0
140001019,'1191778',733,,9459,18,,,0
140001019,'1191783',1504,,9460,18,,,0
140001019,'1191828',748,,9461,18,,,0
140001019,'1191833',1234,,9462,18,,,0
140001019,'1191839',2318,,9463,18,,,0
140001019,'1191847',905,,9464,18,,,0
140001019,'1191860',1219,,9465,18,,,0
140001019,'1191878',2005,,9466,18,,,0
140001019,'1191907',2048,,9467,18,,,0
140001019,'1191924',2103,,9468,18,,,0
140001019,'1191986',648,,9469,18,,,0
140001019,'1191995',1005,,9470,18,,,0
140001019,'1192017',1804,,9471,18,,,0
140001019,'1192024',1903,,9472,18,,,0
140001019,'1192066',1319,,9473,18,,,0
140001019,'1192107',1511,,9474,18,,,0
140001019,'1192144',1119,,9475,18,,,0
140001019,'1192184',848,,9476,18,,,0
140001019,'1192207',1304,,9477,18,,,0
140001019,'1192211',2033,,9478,18,,,0
140001019,'1192278',1334,,9479,18,,,0
140001019,'1192346',1634,,9480,18,,,0
140001019,'1192348',1441,,9481,18,,,0
140001019,'1192349',1018,,9482,18,,,0
140001019,'1192369',1456,,9483,18,,,0
140001019,'1192375',1419,,9484,18,,,0
140001019,'1192393',1304,,9485,18,,,0
140001019,'1192397',2018,,9486,18,,,0
140001019,'1192398',933,,9487,18,,,0
140001019,'1192407',1734,,9488,18,,,0
140001019,'1192409',703,,9489,18,,,0
140001019,'1192507',1918,,9490,18,,,0
140001019,'1192524',1003,,9491,18,,,0
140001019,'1192535',1649,,9492,18,,,0
140001019,'1192537',1556,,9493,18,,,0
140001019,'1192551',1605,,9494,18,,,0
140001019,'1192620',2118,,9495,18,,,0
140001019,'1192630',1526,,9496,18,,,0
140001019,'1192655',948,,9497,18,,,0
140001019,'1192688',2405,,9498,18,,,0
140001019,'1192690',1604,,9499,18,,,0
140001019,'1192691',2248,,9500,18,,,0
140001019,'1192720',1905,,9501,18,,,0
140001019,'1192769',718,,9502,18,,,0
140001019,'1192797',818,,9503,18,,,0
140001019,'1192798',2343,,9504,18,,,0
140001019,'1192805',1118,,9505,18,,,0
140001019,'1192806',1349,,9506,18,,,0
140001019,'1192822',1349,,9507,18,,,0
140001019,'1192844',1805,,9508,18,,,0
140001019,'1192862',1219,,9509,18,,,0
140001019,'1192889',2218,,9510,18,,,0
140001019,'1192903',2418,,9511,18,,,0
140001019,'1192904',2105,,9512,18,,,0
140001019,'1192960',1726,,9513,18,,,0
140001019,'1192983',1549,,9514,18,,,0
140001019,'1192989',1848,,9515,18,,,0
140001019,'1192993',1656,,9516,18,,,0
140001019,'1193007',748,,9517,18,,,0
140001019,'1193020',1449,,9518,18,,,0
140001019,'1193031',1626,,9519,18,,,0
140001019,'1193032',1807,,9520,18,,,0
140001019,'1193078',1149,,9521,18,,,0
140001019,'1193098',1033,,9522,18,,,0
140001019,'1193106',818,,9523,18,,,0
140001019,'1193123',1205,,9524,18,,,0
140001019,'1193183',805,,9525,18,,,0
140001019,'1193198',2148,,9526,18,,,0
140001019,'1193200',1319,,9527,18,,,0
140001019,'1193214',1619,,9528,18,,,0
140001019,'1193222',918,,9529,18,,,0
140001019,'1193255',1833,,9530,18,,,0
140001019,'1193261',1249,,9531,18,,,0
