11019,'1184526',2228,,4837,19,,,0
11019,'1184558',1129,,4838,19,,,0
11019,'1184570',858,,4839,19,,,0
11019,'1184627',1359,,4840,19,,,0
11019,'1184646',2258,,4841,19,,,0
11019,'1184679',2328,,4842,19,,,0
11019,'1184687',1729,,4843,19,,,0
11019,'1184719',1928,,4844,19,,,0
11019,'1184732',958,,4845,19,,,0
11019,'1184752',801,,4846,19,,,0
11019,'1184759',1659,,4847,19,,,0
11019,'1184769',728,,4848,19,,,0
11019,'1184814',1529,,4849,19,,,0
11019,'1184824',658,,4850,19,,,0
11019,'1184835',658,,4851,19,,,0
11019,'1184858',1059,,4852,19,,,0
11019,'1184883',1401,,4853,19,,,0
11019,'1184974',2201,,4854,19,,,0
11019,'1185068',1828,,4855,19,,,0
11019,'1185073',1229,,4856,19,,,0
11019,'1185206',1559,,4857,19,,,0
11019,'1185216',2101,,4858,19,,,0
11019,'1185225',2128,,4859,19,,,0
11019,'1185298',1659,,4860,19,,,0
11019,'1185313',1101,,4861,19,,,0
11019,'1185369',1159,,4862,19,,,0
11019,'1185409',2158,,4863,19,,,0
11019,'1185422',1059,,4864,19,,,0
11019,'1185501',1801,,4865,19,,,0
11019,'1185545',758,,4866,19,,,0
11019,'1185559',928,,4867,19,,,0
11019,'1185588',901,,4868,19,,,0
11019,'1185593',1001,,4869,19,,,0
11019,'1185662',1459,,4870,19,,,0
11019,'1185690',1501,,4871,19,,,0
11019,'1185710',2358,,4872,19,,,0
11019,'1185761',1901,,4873,19,,,0
11019,'1185776',1028,,4874,19,,,0
11019,'1185795',1529,,4875,19,,,0
11019,'1185877',1201,,4876,19,,,0
11019,'1185900',1229,,4877,19,,,0
11019,'1185913',2301,,4878,19,,,0
11019,'1186010',1601,,4879,19,,,0
11019,'1186027',1259,,4880,19,,,0
11019,'1186051',858,,4881,19,,,0
11019,'1186120',1559,,4882,19,,,0
11019,'1186124',758,,4883,19,,,0
11019,'1186241',2058,,4884,19,,,0
11019,'1186252',1729,,4885,19,,,0
11019,'1186257',1459,,4886,19,,,0
11019,'1186291',958,,4887,19,,,0
11019,'1186326',1629,,4888,19,,,0
11019,'1186347',1329,,4889,19,,,0
11019,'1186375',2001,,4890,19,,,0
11019,'1186394',1301,,4891,19,,,0
11019,'1186419',1629,,4892,19,,,0
11019,'1186475',828,,4893,19,,,0
11019,'1186499',2028,,4894,19,,,0
11019,'1186523',1329,,4895,19,,,0
11019,'1186528',1858,,4896,19,,,0
11019,'1186543',1259,,4897,19,,,0
11019,'1186565',628,,4898,19,,,0
11019,'1186593',1958,,4899,19,,,0
11019,'1186600',1701,,4900,19,,,0
11019,'1186722',1359,,4901,19,,,0
11019,'1186872',1759,,4902,19,,,0
11019,'1186939',1159,,4903,19,,,0
11019,'1186960',1429,,4904,19,,,0
11019,'1187079',1759,,4905,19,,,0
11019,'1187084',2401,,4906,19,,,0
11019,'1187164',1429,,4907,19,,,0
