25019,'1190672',2234,,8481,5,,,0
25019,'1190682',918,,8482,5,,,0
25019,'1190694',734,,8483,5,,,0
25019,'1190780',2333,,8484,5,,,0
25019,'1190819',704,,8485,5,,,0
25019,'1190912',1834,,8486,5,,,0
25019,'1191039',1718,,8487,5,,,0
25019,'1191069',1933,,8488,5,,,0
25019,'1191124',2033,,8489,5,,,0
25019,'1191161',1633,,8490,5,,,0
25019,'1191291',818,,8491,5,,,0
25019,'1191327',1404,,8492,5,,,0
25019,'1191338',1033,,8493,5,,,0
25019,'1191351',1934,,8494,5,,,0
25019,'1191352',1434,,8495,5,,,0
25019,'1191409',933,,8496,5,,,0
25019,'1191435',1218,,8497,5,,,0
25019,'1191471',2118,,8498,5,,,0
25019,'1191478',2233,,8499,5,,,0
25019,'1191511',1734,,8500,5,,,0
25019,'1191525',1433,,8501,5,,,0
25019,'1191551',633,,8502,5,,,0
25019,'1191579',833,,8503,5,,,0
25019,'1191591',2318,,8504,5,,,0
25019,'1191596',2134,,8505,5,,,0
25019,'1191642',804,,8506,5,,,0
25019,'1191659',1618,,8507,5,,,0
25019,'1191842',1833,,8508,5,,,0
25019,'1191928',2034,,8509,5,,,0
25019,'1191935',834,,8510,5,,,0
25019,'1191950',1233,,8511,5,,,0
25019,'1191964',1533,,8512,5,,,0
25019,'1192103',2133,,8513,5,,,0
25019,'1192106',1204,,8514,5,,,0
25019,'1192141',2218,,8515,5,,,0
25019,'1192147',1318,,8516,5,,,0
25019,'1192241',2018,,8517,5,,,0
25019,'1192259',1333,,8518,5,,,0
25019,'1192277',1733,,8519,5,,,0
25019,'1192343',1104,,8520,5,,,0
25019,'1192356',1534,,8521,5,,,0
25019,'1192389',1418,,8522,5,,,0
25019,'1192432',1604,,8523,5,,,0
25019,'1192459',1018,,8524,5,,,0
25019,'1192477',2354,,8525,5,,,0
25019,'1192541',718,,8526,5,,,0
25019,'1192596',1504,,8527,5,,,0
25019,'1192742',1004,,8528,5,,,0
25019,'1192751',1133,,8529,5,,,0
25019,'1192774',1704,,8530,5,,,0
25019,'1192796',1304,,8531,5,,,0
25019,'1192828',1918,,8532,5,,,0
25019,'1192849',934,,8533,5,,,0
25019,'1192959',634,,8534,5,,,0
25019,'1193109',1634,,8535,5,,,0
25019,'1193121',733,,8536,5,,,0
25019,'1193125',1818,,8537,5,,,0
25019,'1193301',1118,,8538,5,,,0
25019,'1193312',1518,,8539,5,,,0
25019,'1193315',904,,8540,5,,,0
104019,'1190671',918,,9201,4,,,0
104019,'1190814',2103,,9202,4,,,0
104019,'1190818',2048,,9203,4,,,0
104019,'1190892',748,,9204,4,,,0
104019,'1190936',1449,,9205,4,,,0
104019,'1190948',2318,,9206,4,,,0
104019,'1190986',1748,,9207,4,,,0
104019,'1191016',718,,9208,4,,,0
104019,'1191017',718,,9209,4,,,0
104019,'1191094',1918,,9210,4,,,0
104019,'1191310',833,,9212,4,,,0
104019,'1191311',1718,,9213,4,,,0
104019,'1191316',1534,,9214,4,,,0
104019,'1191321',2218,,9215,4,,,0
104019,'1191385',1703,,9217,4,,,0
104019,'1191418',948,,9218,4,,,0
104019,'1191499',2333,,9219,4,,,0
104019,'1191536',1319,,9220,4,,,0
104019,'1191638',1518,,9222,4,,,0
104019,'1191722',903,,9223,4,,,0
104019,'1191770',718,,9224,4,,,0
104019,'1191825',633,,9225,4,,,0
104019,'1191885',603,,9226,4,,,0
104019,'1191947',1104,,9227,4,,,0
104019,'1191953',1218,,9228,4,,,0
104019,'1191956',1318,,9229,4,,,0
104019,'1191969',1234,,9230,4,,,0
104019,'1192007',1448,,9231,4,,,0
104019,'1192026',1833,,9232,4,,,0
104019,'1192189',2118,,9233,4,,,0
104019,'1192203',833,,9234,4,,,0
104019,'1192446',1149,,9235,4,,,0
104019,'1192457',1718,,9236,4,,,0
104019,'1192466',1333,,9237,4,,,0
104019,'1192607',1103,,9238,4,,,0
104019,'1192616',1118,,9239,4,,,0
104019,'1192795',1918,,9240,4,,,0
104019,'1192810',1404,,9241,4,,,0
104019,'1192924',1948,,9242,4,,,0
104019,'1192954',1619,,9243,4,,,0
104019,'1192997',948,,9244,4,,,0
104019,'1193072',2353,,9245,4,,,0
104019,'1193232',2218,,9246,4,,,0
104019,'1193244',1603,,9247,4,,,0
