105019,'1184475',1859,,6445,66,,,0
105019,'1184709',1829,,6446,66,,,0
105019,'1184754',1121,,6447,66,,,0
105019,'1184819',811,,6448,66,,,0
105019,'1184825',2306,,6449,66,,,0
105019,'1184879',1514,,6450,66,,,0
105019,'1184888',1011,,6451,66,,,0
105019,'1184928',1221,,6452,66,,,0
105019,'1184969',2319,,6453,66,,,0
105019,'1185022',2119,,6454,66,,,0
105019,'1185176',707,,6455,66,,,0
105019,'1185212',637,,6456,66,,,0
105019,'1185354',1921,,6457,66,,,0
105019,'1185498',1936,,6458,66,,,0
105019,'1185528',2037,,6459,66,,,0
105019,'1185550',1421,,6460,66,,,0
105019,'1185555',2237,,6461,66,,,0
105019,'1185569',1759,,6462,66,,,0
105019,'1185641',911,,6463,66,,,0
105019,'1185643',1837,,6464,66,,,0
105019,'1185695',1329,,6465,66,,,0
105019,'1185708',2106,,6466,66,,,0
105019,'1185807',1637,,6467,66,,,0
105019,'1185822',1321,,6468,66,,,0
105019,'1185894',1214,,6469,66,,,0
105019,'1186015',1429,,6470,66,,,0
105019,'1186061',1614,,6471,66,,,0
105019,'1186284',1437,,6472,66,,,0
105019,'1186380',1114,,6473,66,,,0
105019,'1186411',1237,,6474,66,,,0
105019,'1186477',1644,,6475,66,,,0
105019,'1186479',1037,,6476,66,,,0
105019,'1186519',1721,,6477,66,,,0
105019,'1186601',1729,,6478,66,,,0
105019,'1186602',741,,6479,66,,,0
105019,'1186613',837,,6480,66,,,0
105019,'1186624',1621,,6481,66,,,0
105019,'1186706',1821,,6482,66,,,0
105019,'1186813',919,,6483,66,,,0
105019,'1186864',2406,,6484,66,,,0
105019,'1186870',607,,6485,66,,,0
105019,'1186896',841,,6486,66,,,0
105019,'1187008',719,,6487,66,,,0
105019,'1187009',2206,,6488,66,,,0
105019,'1187061',1544,,6489,66,,,0
105019,'1187069',1521,,6490,66,,,0
106029,'1184503',1015,,6543,17,,,0
106029,'1184668',1847,,6544,17,,,0
106029,'1185934',1732,,6545,17,,,0
106029,'1185946',1617,,6546,17,,,0
106029,'1186791',900,,6547,17,,,0
106029,'1186882',745,,6548,17,,,0
