10019,'1193663',2221,,10064,20,,,0
10019,'1193665',1756,,10065,20,,,0
10019,'1193667',622,,10066,20,,,0
10019,'1193668',951,,10067,20,,,0
10019,'1193675',2251,,10068,20,,,0
10019,'1193678',2151,,10069,20,,,0
10019,'1193679',1826,,10070,20,,,0
10019,'1193680',751,,10071,20,,,0
10019,'1193681',1556,,10072,20,,,0
10019,'1193682',651,,10073,20,,,0
10019,'1193686',1056,,10074,20,,,0
10019,'1193687',1056,,10075,20,,,0
10019,'1193691',1756,,10076,20,,,0
10019,'1193697',1856,,10077,20,,,0
10019,'1193698',1921,,10078,20,,,0
10019,'1193700',2051,,10079,20,,,0
10019,'1193701',851,,10080,20,,,0
10019,'1193703',1456,,10081,20,,,0
10019,'1193704',751,,10082,20,,,0
10019,'1193707',951,,10083,20,,,0
10019,'1193708',851,,10084,20,,,0
10019,'1193709',951,,10085,20,,,0
10019,'1193710',1256,,10086,20,,,0
10019,'1193711',1256,,10087,20,,,0
10019,'1193715',1256,,10088,20,,,0
10019,'1193717',2121,,10089,20,,,0
10019,'1193718',1356,,10090,20,,,0
10019,'1193720',1621,,10091,20,,,0
10019,'1193724',1456,,10092,20,,,0
10019,'1193725',2021,,10093,20,,,0
10019,'1193730',1951,,10094,20,,,0
10019,'1193731',1456,,10095,20,,,0
10019,'1193732',2321,,10096,20,,,0
10019,'1193733',1756,,10097,20,,,0
10019,'1193734',1156,,10098,20,,,0
10019,'1193735',1156,,10099,20,,,0
10019,'1193737',1056,,10100,20,,,0
10019,'1193738',1156,,10101,20,,,0
10019,'1193739',2251,,10102,20,,,0
10019,'1193740',1656,,10103,20,,,0
10019,'1193743',1521,,10104,20,,,0
10019,'1193747',2351,,10105,20,,,0
10019,'1193749',1951,,10106,20,,,0
10019,'1193752',721,,10107,20,,,0
10019,'1193754',1721,,10108,20,,,0
10019,'1193755',1556,,10109,20,,,0
10019,'1193756',1856,,10110,20,,,0
10019,'1193759',1356,,10111,20,,,0
10019,'1193761',1656,,10112,20,,,0
10019,'1193765',652,,10113,20,,,0
10019,'1193766',2051,,10114,20,,,0
10019,'1193767',821,,10115,20,,,0
10019,'1193768',921,,10116,20,,,0
10019,'1193769',2351,,10117,20,,,0
10019,'1193770',1356,,10118,20,,,0
10019,'1193771',751,,10119,20,,,0
10019,'1193772',1556,,10120,20,,,0
10019,'1193773',2151,,10121,20,,,0
10019,'1193774',1656,,10122,20,,,0
10019,'1193779',851,,10123,20,,,0
