13019,'1184500',1320,,5121,5,,,0
13019,'1184512',1220,,5122,5,,,0
13019,'1184520',2319,,5123,5,,,0
13019,'1184594',2249,,5124,5,,,0
13019,'1184597',619,,5125,5,,,0
13019,'1184656',2219,,5126,5,,,0
13019,'1184680',2019,,5127,5,,,0
13019,'1184707',1820,,5128,5,,,0
13019,'1184739',1019,,5129,5,,,0
13019,'1184763',649,,5130,5,,,0
13019,'1184782',1020,,5131,5,,,0
13019,'1184816',749,,5132,5,,,0
13019,'1184967',1520,,5133,5,,,0
13019,'1185101',1650,,5134,5,,,0
13019,'1185148',1749,,5135,5,,,0
13019,'1185153',919,,5136,5,,,0
13019,'1185203',820,,5137,5,,,0
13019,'1185275',1620,,5138,5,,,0
13019,'1185347',2220,,5139,5,,,0
13019,'1185433',1419,,5140,5,,,0
13019,'1185449',2354,,5141,5,,,0
13019,'1185488',719,,5142,5,,,0
13019,'1185552',819,,5143,5,,,0
13019,'1185574',849,,5144,5,,,0
13019,'1185586',1120,,5145,5,,,0
13019,'1185648',1719,,5146,5,,,0
13019,'1185683',2020,,5147,5,,,0
13019,'1185762',2320,,5148,5,,,0
13019,'1185839',1420,,5150,5,,,0
13019,'1185874',2119,,5151,5,,,0
13019,'1185879',1520,,5152,5,,,0
13019,'1185882',1420,,5153,5,,,0
13019,'1185890',1720,,5154,5,,,0
13019,'1185893',1619,,5155,5,,,0
13019,'1185903',919,,5156,5,,,0
13019,'1185910',1320,,5157,5,,,0
13019,'1185915',1819,,5158,5,,,0
13019,'1185942',720,,5159,5,,,0
13019,'1185952',2049,,5160,5,,,0
13019,'1186041',2120,,5161,5,,,0
13019,'1186117',1319,,5162,5,,,0
13019,'1186127',2149,,5163,5,,,0
13019,'1186197',1119,,5164,5,,,0
13019,'1186271',1949,,5165,5,,,0
13019,'1186295',719,,5166,5,,,0
13019,'1186341',1220,,5167,5,,,0
13019,'1186370',1120,,5168,5,,,0
13019,'1186393',1519,,5169,5,,,0
13019,'1186564',1919,,5170,5,,,0
13019,'1186586',1219,,5171,5,,,0
13019,'1186730',949,,5172,5,,,0
13019,'1186805',1849,,5173,5,,,0
13019,'1186809',920,,5174,5,,,0
13019,'1186845',819,,5175,5,,,0
13019,'1186852',1720,,5176,5,,,0
13019,'1187032',1920,,5178,5,,,0
13019,'1187103',1620,,5179,5,,,0
13019,'1187170',1550,,5180,5,,,0
13019,'1187172',1450,,5181,5,,,0
13019,'1187197',1020,,5182,5,,,0
101029,'1184516',2354,,6162,5,,,0
101029,'1184584',1219,,6163,5,,,0
101029,'1184684',1734,,6164,5,,,0
101029,'1184724',934,,6165,5,,,0
101029,'1184785',1435,,6166,5,,,0
101029,'1184855',1419,,6167,5,,,0
101029,'1184926',1819,,6168,5,,,0
101029,'1185015',734,,6169,5,,,0
101029,'1185081',2219,,6170,5,,,0
101029,'1185143',2019,,6171,5,,,0
101029,'1185204',1019,,6172,5,,,0
101029,'1185400',1619,,6173,5,,,0
101029,'1185619',1034,,6174,5,,,0
101029,'1185726',2019,,6175,5,,,0
101029,'1185794',1219,,6176,5,,,0
101029,'1185824',1419,,6177,5,,,0
101029,'1185854',1819,,6178,5,,,0
101029,'1186045',819,,6179,5,,,0
101029,'1186082',1635,,6180,5,,,0
101029,'1186107',619,,6181,5,,,0
101029,'1186135',634,,6182,5,,,0
101029,'1186138',1619,,6183,5,,,0
101029,'1186184',834,,6184,5,,,0
101029,'1186356',2134,,6185,5,,,0
101029,'1186395',819,,6186,5,,,0
101029,'1186597',1535,,6187,5,,,0
101029,'1186712',2219,,6188,5,,,0
101029,'1186784',1934,,6189,5,,,0
101029,'1186801',1019,,6190,5,,,0
101029,'1186815',1335,,6191,5,,,0
101029,'1187194',1235,,6192,5,,,0
