105019,'1190616',2227,,9291,45,,,0
105019,'1190769',1417,,9292,45,,,0
105019,'1190825',1627,,9293,45,,,0
105019,'1190865',1817,,9294,45,,,0
105019,'1190975',1847,,9295,45,,,0
105019,'1190992',1810,,9296,45,,,0
105019,'1190998',1210,,9297,45,,,0
105019,'1191007',1717,,9298,45,,,0
105019,'1191038',1510,,9299,45,,,0
105019,'1191063',959,,9300,45,,,0
105019,'1191065',1317,,9301,45,,,0
105019,'1191145',655,,9302,45,,,0
105019,'1191217',2308,,9303,45,,,0
105019,'1191294',1410,,9304,45,,,0
105019,'1191329',908,,9305,45,,,0
105019,'1191413',1027,,9306,45,,,0
105019,'1191457',1310,,9307,45,,,0
105019,'1191557',859,,9308,45,,,0
105019,'1191709',759,,9309,45,,,0
105019,'1191750',2255,,9310,45,,,0
105019,'1191859',708,,9311,45,,,0
105019,'1191891',1747,,9312,45,,,0
105019,'1192052',1910,,9313,45,,,0
105019,'1192113',625,,9314,45,,,0
105019,'1192142',1610,,9315,45,,,0
105019,'1192176',827,,9316,45,,,0
105019,'1192218',2355,,9317,45,,,0
105019,'1192236',1427,,9318,45,,,0
105019,'1192248',2055,,9319,45,,,0
105019,'1192267',1710,,9320,45,,,0
105019,'1192318',1110,,9321,45,,,0
105019,'1192337',1632,,9322,45,,,0
105019,'1192353',1502,,9323,45,,,0
105019,'1192579',1202,,9324,45,,,0
105019,'1192586',1227,,9325,45,,,0
105019,'1192598',2027,,9326,45,,,0
105019,'1192614',729,,9327,45,,,0
105019,'1192661',2155,,9328,45,,,0
105019,'1192725',1532,,9329,45,,,0
105019,'1192735',1925,,9330,45,,,0
105019,'1192821',2108,,9331,45,,,0
105019,'1192836',1827,,9332,45,,,0
105019,'1192847',555,,9333,45,,,0
105019,'1192875',1602,,9334,45,,,0
105019,'1193045',829,,9335,45,,,0
105019,'1193298',1102,,9336,45,,,0
