105019,'1190616',2232,,9291,54,,,0
105019,'1190769',1423,,9292,54,,,0
105019,'1190825',1632,,9293,54,,,0
105019,'1190865',1823,,9294,54,,,0
105019,'1190975',1853,,9295,54,,,0
105019,'1190992',1816,,9296,54,,,0
105019,'1190998',1216,,9297,54,,,0
105019,'1191007',1723,,9298,54,,,0
105019,'1191038',1516,,9299,54,,,0
105019,'1191063',1005,,9300,54,,,0
105019,'1191065',1323,,9301,54,,,0
105019,'1191145',701,,9302,54,,,0
105019,'1191217',2314,,9303,54,,,0
105019,'1191294',1416,,9304,54,,,0
105019,'1191329',914,,9305,54,,,0
105019,'1191413',1032,,9306,54,,,0
105019,'1191457',1316,,9307,54,,,0
105019,'1191557',905,,9308,54,,,0
105019,'1191709',805,,9309,54,,,0
105019,'1191750',2301,,9310,54,,,0
105019,'1191859',714,,9311,54,,,0
105019,'1191891',1753,,9312,54,,,0
105019,'1192052',1916,,9313,54,,,0
105019,'1192113',631,,9314,54,,,0
105019,'1192142',1616,,9315,54,,,0
105019,'1192176',832,,9316,54,,,0
105019,'1192218',2401,,9317,54,,,0
105019,'1192236',1432,,9318,54,,,0
105019,'1192248',2101,,9319,54,,,0
105019,'1192267',1716,,9320,54,,,0
105019,'1192318',1116,,9321,54,,,0
105019,'1192337',1638,,9322,54,,,0
105019,'1192353',1508,,9323,54,,,0
105019,'1192579',1208,,9324,54,,,0
105019,'1192586',1232,,9325,54,,,0
105019,'1192598',2032,,9326,54,,,0
105019,'1192614',735,,9327,54,,,0
105019,'1192661',2201,,9328,54,,,0
105019,'1192725',1538,,9329,54,,,0
105019,'1192735',1931,,9330,54,,,0
105019,'1192821',2114,,9331,54,,,0
105019,'1192836',1832,,9332,54,,,0
105019,'1192847',601,,9333,54,,,0
105019,'1192875',1608,,9334,54,,,0
105019,'1193045',835,,9335,54,,,0
105019,'1193298',1108,,9336,54,,,0
106029,'1190782',739,,9389,5,,,0
106029,'1191556',1841,,9390,5,,,0
106029,'1191771',1611,,9391,5,,,0
106029,'1192044',1726,,9392,5,,,0
106029,'1192429',854,,9393,5,,,0
106029,'1193063',1009,,9394,5,,,0
