104029,'1190618',1418,,9248,30,,,0
104029,'1190628',1807,,9249,30,,,0
104029,'1190725',807,,9250,30,,,0
104029,'1190754',1037,,9251,30,,,0
104029,'1190787',1307,,9252,30,,,0
104029,'1190793',1836,,9253,30,,,0
104029,'1190961',1652,,9254,30,,,0
104029,'1191015',1548,,9255,30,,,0
104029,'1191060',1007,,9256,30,,,0
104029,'1191138',807,,9257,30,,,0
104029,'1191264',2306,,9258,30,,,0
104029,'1191265',922,,9259,30,,,0
104029,'1191297',651,,9260,30,,,0
104029,'1191332',1633,,9261,30,,,0
104029,'1191339',836,,9262,30,,,0
104029,'1191360',1537,,9263,30,,,0
104029,'1191502',1422,,9264,30,,,0
104029,'1191606',1607,,9265,30,,,0
104029,'1191664',2037,,9266,30,,,0
104029,'1191668',2152,,9267,30,,,0
104029,'1191699',806,,9268,30,,,0
104029,'1191901',2006,,9269,30,,,0
104029,'1191931',606,,9270,30,,,0
104029,'1192136',1207,,9271,30,,,0
104029,'1192243',1807,,9272,30,,,0
104029,'1192264',1718,,9273,30,,,0
104029,'1192282',1407,,9274,30,,,0
104029,'1192296',2207,,9275,30,,,0
104029,'1192329',721,,9276,30,,,0
104029,'1192460',1036,,9277,30,,,0
104029,'1192482',1503,,9278,30,,,0
104029,'1192831',1922,,9279,30,,,0
104029,'1192874',1751,,9280,30,,,0
104029,'1192986',2007,,9281,30,,,0
104029,'1192990',652,,9282,30,,,0
104029,'1193096',951,,9283,30,,,0
104029,'1193112',921,,9284,30,,,0
104029,'1193117',1203,,9285,30,,,0
104029,'1193136',2307,,9286,30,,,0
104029,'1193149',1333,,9287,30,,,0
104029,'1193215',1248,,9288,30,,,0
104029,'1193253',2136,,9289,30,,,0
104029,'1193281',1152,,9290,30,,,0
