101019,'1190633',1132,,8977,6,,,0
101019,'1190779',1312,,8978,6,,,0
101019,'1190804',1111,,8979,6,,,0
101019,'1190956',2112,,8980,6,,,0
101019,'1191198',532,,8981,6,,,0
101019,'1191312',911,,8982,6,,,0
101019,'1191333',2232,,8983,6,,,0
101019,'1191377',1512,,8984,6,,,0
101019,'1191380',2111,,8985,6,,,0
101019,'1191432',1712,,8986,6,,,0
101019,'1191480',1335,,8987,6,,,0
101019,'1191543',1911,,8988,6,,,0
101019,'1191977',1311,,8989,6,,,0
101019,'1192063',832,,8990,6,,,0
101019,'1192135',1032,,8991,6,,,0
101019,'1192166',1832,,8992,6,,,0
101019,'1192271',932,,8993,6,,,0
101019,'1192368',1511,,8994,6,,,0
101019,'1192448',912,,8995,6,,,0
101019,'1192613',732,,8996,6,,,0
101019,'1192782',1635,,8997,6,,,0
101019,'1192859',1112,,8998,6,,,0
101019,'1192896',1912,,8999,6,,,0
101019,'1192902',711,,9000,6,,,0
101019,'1192958',2031,,9001,6,,,0
101019,'1192961',712,,9002,6,,,0
101019,'1192963',2312,,9003,6,,,0
101019,'1193022',1435,,9004,6,,,0
101019,'1193099',1711,,9005,6,,,0
101019,'1193164',1535,,9006,6,,,0
101019,'1193193',1735,,9007,6,,,0
