105029,'1184521',1813,,6491,67,,,0
105029,'1184537',1343,,6492,67,,,0
105029,'1184580',925,,6493,67,,,0
105029,'1184670',1558,,6494,67,,,0
105029,'1184683',1156,,6495,67,,,0
105029,'1184808',2325,,6496,67,,,0
105029,'1184833',1028,,6497,67,,,0
105029,'1184834',2430,,6498,67,,,0
105029,'1184863',1243,,6499,67,,,0
105029,'1185104',1740,,6500,67,,,0
105029,'1185135',725,,6501,67,,,0
105029,'1185184',1340,,6502,67,,,0
105029,'1185215',1640,,6503,67,,,0
105029,'1185318',1356,,6504,67,,,0
105029,'1185332',1855,,6505,67,,,0
105029,'1185350',2025,,6506,67,,,0
105029,'1185359',2225,,6507,67,,,0
105029,'1185398',1040,,6508,67,,,0
105029,'1185412',838,,6509,67,,,0
105029,'1185440',1643,,6510,67,,,0
105029,'1185523',1440,,6511,67,,,0
105029,'1185630',2356,,6512,67,,,0
105029,'1185668',755,,6513,67,,,0
105029,'1185720',1956,,6514,67,,,0
105029,'1185827',2125,,6515,67,,,0
105029,'1185938',1458,,6516,67,,,0
105029,'1186005',1713,,6517,67,,,0
105029,'1186007',638,,6518,67,,,0
105029,'1186279',1528,,6519,67,,,0
105029,'1186282',1428,,6520,67,,,0
105029,'1186299',1540,,6521,67,,,0
105029,'1186335',2438,,6522,67,,,0
105029,'1186345',2156,,6523,67,,,0
105029,'1186387',1140,,6524,67,,,0
105029,'1186470',1128,,6525,67,,,0
105029,'1186485',2238,,6526,67,,,0
105029,'1186492',956,,6527,67,,,0
105029,'1186520',1756,,6528,67,,,0
105029,'1186715',756,,6529,67,,,0
105029,'1186740',1240,,6530,67,,,0
105029,'1186861',655,,6531,67,,,0
105029,'1186874',1743,,6532,67,,,0
105029,'1186924',1840,,6533,67,,,0
105029,'1187005',825,,6534,67,,,0
105029,'1187093',1556,,6535,67,,,0
105029,'1187132',2038,,6536,67,,,0
