2019,'1190609',1617,,7220,22,,,0
2019,'1190673',1231,,7221,22,,,0
2019,'1190685',1217,,7222,22,,,0
2019,'1190689',1946,,7223,22,,,0
2019,'1190717',1716,,7224,22,,,0
2019,'1190761',1431,,7225,22,,,0
2019,'1190765',1246,,7226,22,,,0
2019,'1190771',1331,,7227,22,,,0
2019,'1190817',1316,,7228,22,,,0
2019,'1190891',2131,,7229,22,,,0
2019,'1190941',1531,,7230,22,,,0
2019,'1190953',816,,7231,22,,,0
2019,'1190999',1717,,7232,22,,,0
2019,'1191046',1746,,7233,22,,,0
2019,'1191054',2405,,7234,22,,,0
2019,'1191067',901,,7235,22,,,0
2019,'1191084',1431,,7236,22,,,0
2019,'1191125',1731,,7237,22,,,0
2019,'1191149',731,,7238,22,,,0
2019,'1191199',846,,7239,22,,,0
2019,'1191211',1601,,7240,22,,,0
2019,'1191224',1201,,7241,22,,,0
2019,'1191233',2230,,7242,22,,,0
2019,'1191252',2400,,7243,22,,,0
2019,'1191275',731,,7244,22,,,0
2019,'1191287',1331,,7245,22,,,0
2019,'1191383',1815,,7246,22,,,0
2019,'1191405',831,,7247,22,,,0
2019,'1191408',1301,,7248,22,,,0
2019,'1191447',1446,,7249,22,,,0
2019,'1191485',2115,,7250,22,,,0
2019,'1191495',1631,,7251,22,,,0
2019,'1191512',1317,,7252,22,,,0
2019,'1191527',931,,7253,22,,,0
2019,'1191539',1347,,7254,22,,,0
2019,'1191561',1747,,7255,22,,,0
2019,'1191615',2046,,7256,22,,,0
2019,'1191644',1016,,7257,22,,,0
2019,'1191646',1031,,7258,22,,,0
2019,'1191661',1646,,7259,22,,,0
2019,'1191691',1801,,7260,22,,,0
2019,'1191768',931,,7261,22,,,0
2019,'1191793',716,,7262,22,,,0
2019,'1191820',1031,,7263,22,,,0
2019,'1191850',746,,7264,22,,,0
2019,'1191864',1616,,7265,22,,,0
2019,'1191867',2231,,7266,22,,,0
2019,'1191873',1531,,7267,22,,,0
2019,'1191904',1001,,7268,22,,,0
2019,'1191918',1930,,7269,22,,,0
2019,'1191932',2215,,7270,22,,,0
2019,'1191992',2345,,7271,22,,,0
2019,'1192029',1101,,7272,22,,,0
2019,'1192053',2145,,7273,22,,,0
2019,'1192089',1546,,7274,22,,,0
2019,'1192091',1216,,7275,22,,,0
2019,'1192130',1046,,7276,22,,,0
2019,'1192210',1831,,7277,22,,,0
2019,'1192225',1845,,7278,22,,,0
2019,'1192227',1701,,7279,22,,,0
2019,'1192252',2015,,7280,22,,,0
2019,'1192285',646,,7281,22,,,0
2019,'1192330',1016,,7282,22,,,0
2019,'1192352',1131,,7283,22,,,0
2019,'1192380',1247,,7284,22,,,0
2019,'1192437',801,,7285,22,,,0
2019,'1192442',1146,,7286,22,,,0
2019,'1192449',1231,,7287,22,,,0
2019,'1192523',1547,,7288,22,,,0
2019,'1192531',1516,,7289,22,,,0
2019,'1192546',1147,,7290,22,,,0
2019,'1192565',2031,,7291,22,,,0
2019,'1192577',2245,,7292,22,,,0
2019,'1192650',1931,,7293,22,,,0
2019,'1192668',1116,,7294,22,,,0
2019,'1192678',1447,,7295,22,,,0
2019,'1192698',831,,7296,22,,,0
2019,'1192722',1647,,7297,22,,,0
2019,'1192754',846,,7298,22,,,0
2019,'1192756',931,,7299,22,,,0
2019,'1192760',1631,,7300,22,,,0
2019,'1192800',1846,,7301,22,,,0
2019,'1192812',2331,,7302,22,,,0
2019,'1192865',1501,,7303,22,,,0
2019,'1192869',946,,7304,22,,,0
2019,'1192915',1417,,7305,22,,,0
2019,'1192923',1046,,7306,22,,,0
2019,'1192928',2016,,7307,22,,,0
2019,'1192930',1916,,7308,22,,,0
2019,'1192936',716,,7309,22,,,0
2019,'1192939',701,,7310,22,,,0
2019,'1192940',916,,7311,22,,,0
2019,'1192992',1401,,7312,22,,,0
2019,'1192994',1416,,7313,22,,,0
2019,'1193012',1731,,7314,22,,,0
2019,'1193057',1346,,7315,22,,,0
2019,'1193080',2100,,7316,22,,,0
2019,'1193128',801,,7317,22,,,0
2019,'1193163',1131,,7318,22,,,0
2019,'1193170',1117,,7319,22,,,0
2019,'1193177',2145,,7320,22,,,0
2019,'1193178',2315,,7321,22,,,0
2019,'1193210',1517,,7322,22,,,0
2019,'1193284',1816,,7323,22,,,0
2019,'1193308',2315,,7324,22,,,0
