10029,'1193433',1853,,10005,17,,,0
10029,'1193434',923,,10006,17,,,0
10029,'1193435',1953,,10007,17,,,0
10029,'1193438',823,,10008,17,,,0
10029,'1193440',1422,,10009,17,,,0
10029,'1193441',823,,10010,17,,,0
10029,'1193442',723,,10011,17,,,0
10029,'1193443',1323,,10012,17,,,0
10029,'1193444',1423,,10013,17,,,0
10029,'1193445',723,,10014,17,,,0
10029,'1193446',2053,,10015,17,,,0
10029,'1193448',1923,,10016,17,,,0
10029,'1193450',1823,,10017,17,,,0
10029,'1193453',1023,,10018,17,,,0
10029,'1193461',923,,10019,17,,,0
10029,'1193462',1223,,10020,17,,,0
10029,'1193463',1623,,10021,17,,,0
10029,'1193464',1823,,10022,17,,,0
10029,'1193466',1653,,10023,17,,,0
10029,'1193468',922,,10024,17,,,0
10029,'1193469',822,,10025,17,,,0
10029,'1193470',1222,,10026,17,,,0
10029,'1193471',2357,,10027,17,,,0
10029,'1193474',752,,10028,17,,,0
10029,'1193475',1022,,10029,17,,,0
10029,'1193476',1723,,10030,17,,,0
10029,'1193479',852,,10031,17,,,0
10029,'1193480',1623,,10032,17,,,0
10029,'1193481',1123,,10033,17,,,0
10029,'1193482',1723,,10034,17,,,0
10029,'1193483',1523,,10035,17,,,0
10029,'1193484',2223,,10036,17,,,0
10029,'1193487',2023,,10037,17,,,0
10029,'1193488',1452,,10038,17,,,0
10029,'1193491',1123,,10039,17,,,0
10029,'1193494',652,,10040,17,,,0
10029,'1193496',2153,,10041,17,,,0
10029,'1193497',2223,,10042,17,,,0
10029,'1193498',1553,,10043,17,,,0
10029,'1193499',2323,,10044,17,,,0
10029,'1193504',1523,,10045,17,,,0
10029,'1193505',1753,,10046,17,,,0
10029,'1193506',1523,,10047,17,,,0
10029,'1193509',1023,,10048,17,,,0
10029,'1193510',2123,,10049,17,,,0
10029,'1193514',2323,,10050,17,,,0
10029,'1193515',1122,,10051,17,,,0
10029,'1193520',622,,10052,17,,,0
10029,'1193521',1923,,10053,17,,,0
10029,'1193526',1322,,10054,17,,,0
10029,'1193528',1723,,10055,17,,,0
10029,'1193538',722,,10056,17,,,0
10029,'1193539',2252,,10057,17,,,0
10029,'1193542',1323,,10058,17,,,0
10029,'1193544',1223,,10059,17,,,0
10029,'1193546',1423,,10060,17,,,0
10029,'1193547',2123,,10061,17,,,0
10029,'1193548',1623,,10062,17,,,0
10029,'1193550',2023,,10063,17,,,0
