105019,'1190616',2300,,9291,102,,,0
105019,'1190769',1458,,9292,102,,,0
105019,'1190825',1700,,9293,102,,,0
105019,'1190865',1858,,9294,102,,,0
105019,'1190975',1928,,9295,102,,,0
105019,'1190992',1846,,9296,102,,,0
105019,'1190998',1246,,9297,102,,,0
105019,'1191007',1758,,9298,102,,,0
105019,'1191038',1546,,9299,102,,,0
105019,'1191063',1040,,9300,102,,,0
105019,'1191065',1358,,9301,102,,,0
105019,'1191145',733,,9302,102,,,0
105019,'1191217',2345,,9303,102,,,0
105019,'1191294',1446,,9304,102,,,0
105019,'1191329',945,,9305,102,,,0
105019,'1191413',1100,,9306,102,,,0
105019,'1191457',1346,,9307,102,,,0
105019,'1191557',940,,9308,102,,,0
105019,'1191709',840,,9309,102,,,0
105019,'1191750',2332,,9310,102,,,0
105019,'1191859',745,,9311,102,,,0
105019,'1191891',1828,,9312,102,,,0
105019,'1192052',1946,,9313,102,,,0
105019,'1192113',703,,9314,102,,,0
105019,'1192142',1646,,9315,102,,,0
105019,'1192176',900,,9316,102,,,0
105019,'1192218',2432,,9317,102,,,0
105019,'1192236',1500,,9318,102,,,0
105019,'1192248',2132,,9319,102,,,0
105019,'1192267',1746,,9320,102,,,0
105019,'1192318',1146,,9321,102,,,0
105019,'1192337',1713,,9322,102,,,0
105019,'1192353',1543,,9323,102,,,0
105019,'1192579',1243,,9324,102,,,0
105019,'1192586',1300,,9325,102,,,0
105019,'1192598',2100,,9326,102,,,0
105019,'1192614',810,,9327,102,,,0
105019,'1192661',2232,,9328,102,,,0
105019,'1192725',1613,,9329,102,,,0
105019,'1192735',2002,,9330,102,,,0
105019,'1192821',2145,,9331,102,,,0
105019,'1192836',1900,,9332,102,,,0
105019,'1192847',633,,9333,102,,,0
105019,'1192875',1643,,9334,102,,,0
105019,'1193045',910,,9335,102,,,0
105019,'1193298',1143,,9336,102,,,0
106029,'1190782',758,,9389,33,,,0
106029,'1191556',1900,,9390,33,,,0
106029,'1191771',1630,,9391,33,,,0
106029,'1192044',1745,,9392,33,,,0
106029,'1192429',913,,9393,33,,,0
106029,'1193063',1028,,9394,33,,,0
