101019,'1190633',1137,,8977,11,,,0
101019,'1190779',1316,,8978,11,,,0
101019,'1190804',1115,,8979,11,,,0
101019,'1190956',2116,,8980,11,,,0
101019,'1191198',537,,8981,11,,,0
101019,'1191312',915,,8982,11,,,0
101019,'1191333',2237,,8983,11,,,0
101019,'1191377',1516,,8984,11,,,0
101019,'1191380',2115,,8985,11,,,0
101019,'1191432',1716,,8986,11,,,0
101019,'1191480',1339,,8987,11,,,0
101019,'1191543',1915,,8988,11,,,0
101019,'1191977',1315,,8989,11,,,0
101019,'1192063',837,,8990,11,,,0
101019,'1192135',1037,,8991,11,,,0
101019,'1192166',1837,,8992,11,,,0
101019,'1192271',937,,8993,11,,,0
101019,'1192368',1515,,8994,11,,,0
101019,'1192448',916,,8995,11,,,0
101019,'1192613',737,,8996,11,,,0
101019,'1192782',1639,,8997,11,,,0
101019,'1192859',1116,,8998,11,,,0
101019,'1192896',1916,,8999,11,,,0
101019,'1192902',715,,9000,11,,,0
101019,'1192958',2036,,9001,11,,,0
101019,'1192961',716,,9002,11,,,0
101019,'1192963',2316,,9003,11,,,0
101019,'1193022',1439,,9004,11,,,0
101019,'1193099',1715,,9005,11,,,0
101019,'1193164',1539,,9006,11,,,0
101019,'1193193',1739,,9007,11,,,0
101029,'1190605',1103,,9008,40,,,0
101029,'1190678',1305,,9009,40,,,0
101029,'1190897',1646,,9010,40,,,0
101029,'1190957',1003,,9011,40,,,0
101029,'1191059',846,,9012,40,,,0
101029,'1191088',1246,,9013,40,,,0
101029,'1191099',2046,,9014,40,,,0
101029,'1191397',1605,,9015,40,,,0
101029,'1191401',1046,,9016,40,,,0
101029,'1191454',1647,,9017,40,,,0
101029,'1191537',2047,,9018,40,,,0
101029,'1191600',1847,,9019,40,,,0
101029,'1191837',2247,,9020,40,,,0
101029,'1191844',1247,,9021,40,,,0
101029,'1191946',1405,,9022,40,,,0
101029,'1192220',2003,,9023,40,,,0
101029,'1192246',703,,9024,40,,,0
101029,'1192291',1447,,9025,40,,,0
101029,'1192305',2423,,9026,40,,,0
101029,'1192354',2246,,9027,40,,,0
101029,'1192401',847,,9028,40,,,0
101029,'1192520',1705,,9029,40,,,0
101029,'1192526',1446,,9030,40,,,0
101029,'1192600',2203,,9031,40,,,0
101029,'1192680',1505,,9032,40,,,0
101029,'1192726',1047,,9033,40,,,0
101029,'1192973',1803,,9034,40,,,0
101029,'1193049',803,,9035,40,,,0
101029,'1193165',1846,,9036,40,,,0
101029,'1193166',647,,9037,40,,,0
101029,'1193226',903,,9038,40,,,0
