13019,'1184500',1342,,5121,43,,,0
13019,'1184512',1244,,5122,43,,,0
13019,'1184520',2342,,5123,43,,,0
13019,'1184594',2312,,5124,43,,,0
13019,'1184597',642,,5125,43,,,0
13019,'1184656',2242,,5126,43,,,0
13019,'1184680',2042,,5127,43,,,0
13019,'1184707',1842,,5128,43,,,0
13019,'1184739',1042,,5129,43,,,0
13019,'1184763',712,,5130,43,,,0
13019,'1184782',1045,,5131,43,,,0
13019,'1184816',812,,5132,43,,,0
13019,'1184967',1544,,5133,43,,,0
13019,'1185101',1714,,5134,43,,,0
13019,'1185148',1812,,5135,43,,,0
13019,'1185153',943,,5136,43,,,0
13019,'1185203',842,,5137,43,,,0
13019,'1185275',1642,,5138,43,,,0
13019,'1185347',2242,,5139,43,,,0
13019,'1185433',1443,,5140,43,,,0
13019,'1185449',2417,,5141,43,,,0
13019,'1185488',742,,5142,43,,,0
13019,'1185552',843,,5143,43,,,0
13019,'1185574',913,,5144,43,,,0
13019,'1185586',1142,,5145,43,,,0
13019,'1185648',1743,,5146,43,,,0
13019,'1185683',2042,,5147,43,,,0
13019,'1185762',2342,,5148,43,,,0
13019,'1185838',612,,5149,17,,,0
13019,'1185839',1442,,5150,43,,,0
13019,'1185874',2142,,5151,43,,,0
13019,'1185879',1542,,5152,43,,,0
13019,'1185882',1444,,5153,43,,,0
13019,'1185890',1744,,5154,43,,,0
13019,'1185893',1643,,5155,43,,,0
13019,'1185903',942,,5156,43,,,0
13019,'1185910',1344,,5157,43,,,0
13019,'1185915',1842,,5158,43,,,0
13019,'1185942',742,,5159,43,,,0
13019,'1185952',2112,,5160,43,,,0
13019,'1186041',2142,,5161,43,,,0
13019,'1186117',1343,,5162,43,,,0
13019,'1186127',2212,,5163,43,,,0
13019,'1186197',1143,,5164,43,,,0
13019,'1186271',2012,,5165,43,,,0
13019,'1186295',742,,5166,43,,,0
13019,'1186341',1242,,5167,43,,,0
13019,'1186370',1144,,5168,43,,,0
13019,'1186393',1543,,5169,43,,,0
13019,'1186564',1942,,5170,43,,,0
13019,'1186586',1243,,5171,43,,,0
13019,'1186730',1012,,5172,43,,,0
13019,'1186805',1912,,5173,43,,,0
13019,'1186809',942,,5174,43,,,0
13019,'1186845',842,,5175,43,,,0
13019,'1186852',1742,,5176,43,,,0
13019,'1186961',642,,5177,17,,,0
13019,'1187032',1942,,5178,43,,,0
13019,'1187103',1644,,5179,43,,,0
13019,'1187170',1614,,5180,43,,,0
13019,'1187172',1514,,5181,43,,,0
13019,'1187197',1042,,5182,43,,,0
101029,'1184516',2407,,6162,24,,,0
101029,'1184584',1232,,6163,24,,,0
101029,'1184684',1747,,6164,24,,,0
101029,'1184724',947,,6165,24,,,0
101029,'1184785',1449,,6166,24,,,0
101029,'1184855',1432,,6167,24,,,0
101029,'1184926',1830,,6168,24,,,0
101029,'1185015',747,,6169,24,,,0
101029,'1185081',2230,,6170,24,,,0
101029,'1185143',2032,,6171,24,,,0
101029,'1185204',1030,,6172,24,,,0
101029,'1185400',1632,,6173,24,,,0
101029,'1185619',1047,,6174,24,,,0
101029,'1185726',2030,,6175,24,,,0
101029,'1185794',1230,,6176,24,,,0
101029,'1185824',1430,,6177,24,,,0
101029,'1185854',1832,,6178,24,,,0
101029,'1186045',832,,6179,24,,,0
101029,'1186082',1649,,6180,24,,,0
101029,'1186107',632,,6181,24,,,0
101029,'1186135',647,,6182,24,,,0
101029,'1186138',1630,,6183,24,,,0
101029,'1186184',847,,6184,24,,,0
101029,'1186356',2147,,6185,24,,,0
101029,'1186395',830,,6186,24,,,0
101029,'1186597',1549,,6187,24,,,0
101029,'1186712',2232,,6188,24,,,0
101029,'1186784',1947,,6189,24,,,0
101029,'1186801',1032,,6190,24,,,0
101029,'1186815',1349,,6191,24,,,0
101029,'1187194',1249,,6192,24,,,0
