105029,'1190637',829,,9337,50,,,0
105029,'1190832',716,,9338,50,,,0
105029,'1190854',1518,,9339,50,,,0
105029,'1190856',1333,,9340,50,,,0
105029,'1190924',2421,,9341,50,,,0
105029,'1190926',1431,,9342,50,,,0
105029,'1190965',1448,,9343,50,,,0
105029,'1190981',646,,9344,50,,,0
105029,'1191222',2229,,9345,50,,,0
105029,'1191223',1703,,9346,50,,,0
105029,'1191285',2016,,9347,50,,,0
105029,'1191307',1548,,9348,50,,,0
105029,'1191404',1531,,9349,50,,,0
105029,'1191423',1418,,9350,50,,,0
105029,'1191572',1031,,9351,50,,,0
105029,'1191670',1746,,9352,50,,,0
105029,'1191739',1803,,9353,50,,,0
105029,'1191784',1331,,9354,50,,,0
105029,'1191846',1018,,9355,50,,,0
105029,'1191848',1233,,9356,50,,,0
105029,'1191910',2429,,9357,50,,,0
105029,'1191936',1546,,9358,50,,,0
105029,'1192016',746,,9359,50,,,0
105029,'1192019',1831,,9360,50,,,0
105029,'1192058',2346,,9361,50,,,0
105029,'1192150',746,,9362,50,,,0
105029,'1192180',1946,,9363,50,,,0
105029,'1192198',2316,,9364,50,,,0
105029,'1192205',629,,9365,50,,,0
105029,'1192224',1633,,9366,50,,,0
105029,'1192338',1846,,9367,50,,,0
105029,'1192379',2116,,9368,50,,,0
105029,'1192463',1346,,9369,50,,,0
105029,'1192488',1131,,9370,50,,,0
105029,'1192491',816,,9371,50,,,0
105029,'1192500',916,,9372,50,,,0
105029,'1192511',2029,,9373,50,,,0
105029,'1192662',1631,,9374,50,,,0
105029,'1192694',1118,,9375,50,,,0
105029,'1192728',2146,,9376,50,,,0
105029,'1193038',1231,,9377,50,,,0
105029,'1193130',1146,,9378,50,,,0
105029,'1193181',1731,,9379,50,,,0
105029,'1193225',1733,,9380,50,,,0
105029,'1193234',946,,9381,50,,,0
105029,'1193316',2216,,9382,50,,,0
