101019,'1184474',1313,,6131,8,,,0
101019,'1184498',2313,,6132,8,,,0
101019,'1184507',713,,6133,8,,,0
101019,'1184589',2113,,6134,8,,,0
101019,'1184591',1113,,6135,8,,,0
101019,'1184796',1834,,6136,8,,,0
101019,'1184902',1513,,6137,8,,,0
101019,'1184924',913,,6138,8,,,0
101019,'1184925',2033,,6139,8,,,0
101019,'1185023',1134,,6140,8,,,0
101019,'1185092',1737,,6141,8,,,0
101019,'1185544',713,,6142,8,,,0
101019,'1185571',1713,,6143,8,,,0
101019,'1185573',1513,,6144,8,,,0
101019,'1185625',1034,,6145,8,,,0
101019,'1185636',834,,6146,8,,,0
101019,'1185684',1913,,6147,8,,,0
101019,'1185751',1437,,6148,8,,,0
101019,'1185803',934,,6149,8,,,0
101019,'1185998',1337,,6150,8,,,0
101019,'1186016',1113,,6151,8,,,0
101019,'1186053',913,,6152,8,,,0
101019,'1186087',2234,,6153,8,,,0
101019,'1186263',2113,,6154,8,,,0
101019,'1186308',1313,,6155,8,,,0
101019,'1186331',534,,6156,8,,,0
101019,'1186580',1537,,6157,8,,,0
101019,'1186587',1637,,6158,8,,,0
101019,'1186594',1713,,6159,8,,,0
101019,'1187104',1913,,6160,8,,,0
101019,'1187155',734,,6161,8,,,0
