11019,'1190643',940,,7683,1,,,0
11019,'1190656',1510,,7684,1,,,0
11019,'1190700',1645,,7685,1,,,0
11019,'1190734',2240,,7686,1,,,0
11019,'1190739',1110,,7687,1,,,0
11019,'1190806',640,,7688,1,,,0
11019,'1190843',745,,7689,1,,,0
11019,'1190863',940,,7690,1,,,0
11019,'1190899',1540,,7691,1,,,0
11019,'1190901',1710,,7692,1,,,0
11019,'1190931',1940,,7693,1,,,0
11019,'1190935',2110,,7694,1,,,0
11019,'1191012',1740,,7695,1,,,0
11019,'1191045',1245,,7696,1,,,0
11019,'1191105',1210,,7697,1,,,0
11019,'1191132',2045,,7698,1,,,0
11019,'1191187',1240,,7699,1,,,0
11019,'1191230',710,,7700,1,,,0
11019,'1191238',1440,,7701,1,,,0
11019,'1191240',1640,,7702,1,,,0
11019,'1191293',2040,,7703,1,,,0
11019,'1191319',610,,7704,1,,,0
11019,'1191389',2210,,7705,1,,,0
11019,'1191427',1040,,7706,1,,,0
11019,'1191450',1545,,7707,1,,,0
11019,'1191492',740,,7708,1,,,0
11019,'1191497',1640,,7709,1,,,0
11019,'1191518',2145,,7710,1,,,0
11019,'1191624',1610,,7711,1,,,0
11019,'1191660',740,,7712,1,,,0
11019,'1191669',1710,,7713,1,,,0
11019,'1191675',840,,7714,1,,,0
11019,'1191680',2140,,7715,1,,,0
11019,'1191681',2340,,7716,1,,,0
11019,'1191687',810,,7717,1,,,0
11019,'1191697',1345,,7718,1,,,0
11019,'1191719',1610,,7719,1,,,0
11019,'1191737',1445,,7720,1,,,0
11019,'1191835',1145,,7721,1,,,0
11019,'1191884',1140,,7722,1,,,0
11019,'1191966',945,,7723,1,,,0
11019,'1192002',1410,,7724,1,,,0
11019,'1192081',845,,7725,1,,,0
11019,'1192101',1210,,7726,1,,,0
11019,'1192118',1045,,7727,1,,,0
11019,'1192123',2345,,7728,1,,,0
11019,'1192175',1910,,7729,1,,,0
11019,'1192293',640,,7730,1,,,0
11019,'1192335',1740,,7731,1,,,0
11019,'1192350',1845,,7732,1,,,0
11019,'1192404',1140,,7733,1,,,0
11019,'1192406',1745,,7734,1,,,0
11019,'1192430',1840,,7735,1,,,0
11019,'1192493',1340,,7736,1,,,0
11019,'1192513',1240,,7737,1,,,0
11019,'1192569',1310,,7738,1,,,0
11019,'1192573',1310,,7739,1,,,0
11019,'1192733',840,,7740,1,,,0
11019,'1192768',2310,,7741,1,,,0
11019,'1192799',1340,,7742,1,,,0
11019,'1192975',1440,,7743,1,,,0
11019,'1193059',1540,,7744,1,,,0
11019,'1193066',1410,,7745,1,,,0
11019,'1193090',1810,,7746,1,,,0
11019,'1193120',910,,7747,1,,,0
11019,'1193180',1040,,7748,1,,,0
11019,'1193235',2010,,7749,1,,,0
11019,'1193239',1010,,7750,1,,,0
11019,'1193241',1945,,7751,1,,,0
11019,'1193277',2245,,7752,1,,,0
11019,'1193279',1510,,7753,1,,,0
11029,'1190662',1439,,7754,31,4,,0
11029,'1190674',1609,,7755,31,4,,0
11029,'1190679',1239,,7756,31,4,,0
11029,'1190687',2238,,7757,31,4,,0
11029,'1190702',638,,7758,31,4,,0
11029,'1190707',1008,,7759,31,4,,0
11029,'1190740',1040,,7760,31,4,,0
11029,'1190760',1409,,7761,31,4,,0
11029,'1190767',1739,,7762,31,4,,0
11029,'1190846',1309,,7763,31,4,,0
11029,'1190868',1509,,7764,31,4,,0
11029,'1190908',808,,7765,31,4,,0
11029,'1190991',708,,7766,31,4,,0
11029,'1191027',1340,,7767,31,4,,0
11029,'1191113',1109,,7768,31,4,,0
11029,'1191117',1239,,7769,31,4,,0
11029,'1191127',1339,,7770,31,4,,0
11029,'1191176',840,,7771,31,4,,0
11029,'1191206',1938,,7772,31,4,,0
11029,'1191220',1740,,7773,31,4,,0
11029,'1191225',2109,,7774,31,4,,0
11029,'1191261',1640,,7775,31,4,,0
11029,'1191301',738,,7776,31,4,,0
11029,'1191458',1609,,7777,31,4,,0
11029,'1191541',2038,,7778,31,4,,0
11029,'1191571',2040,,7779,31,4,,0
11029,'1191589',1240,,7780,31,4,,0
11029,'1191607',1709,,7781,31,4,,0
11029,'1191727',1539,,7782,31,4,,0
11029,'1191782',1409,,7783,31,4,,0
11029,'1191889',2340,,7784,31,4,,0
11029,'1191897',1209,,7785,31,4,,0
11029,'1191898',1540,,7786,31,4,,0
11029,'1191943',1039,,7787,31,4,,0
11029,'1191963',1139,,7788,31,4,,0
11029,'1191968',1140,,7789,31,4,,0
11029,'1191999',2009,,7790,31,4,,0
11029,'1192027',1909,,7791,31,4,,0
11029,'1192028',740,,7792,31,4,,0
11029,'1192111',2140,,7793,31,4,,0
11029,'1192172',2414,,7794,31,4,,0
11029,'1192183',938,,7795,31,4,,0
11029,'1192286',838,,7796,31,4,,0
11029,'1192326',1940,,7797,31,4,,0
11029,'1192339',908,,7798,31,4,,0
11029,'1192422',2309,,7799,31,4,,0
11029,'1192445',1339,,7800,31,4,,0
11029,'1192481',1639,,7801,31,4,,0
11029,'1192490',2240,,7802,31,4,,0
11029,'1192503',2338,,7803,31,4,,0
11029,'1192528',938,,7804,31,4,,0
11029,'1192532',2209,,7805,31,4,,0
11029,'1192574',1139,,7806,31,4,,0
11029,'1192626',1039,,7807,31,4,,0
11029,'1192737',1739,,7808,31,4,,0
11029,'1192757',738,,7809,31,4,,0
11029,'1192779',1840,,7810,31,4,,0
11029,'1192802',1209,,7811,31,4,,0
11029,'1192807',1709,,7812,31,4,,0
11029,'1192884',1539,,7813,31,4,,0
11029,'1192947',1440,,7814,31,4,,0
11029,'1193001',940,,7815,31,4,,0
11029,'1193017',1639,,7816,31,4,,0
11029,'1193076',1309,,7817,31,4,,0
11029,'1193105',1809,,7818,31,4,,0
11029,'1193146',1509,,7819,31,4,,0
11029,'1193240',1439,,7820,31,4,,0
11029,'1193251',2138,,7821,31,4,,0
11029,'1193290',1838,,7822,31,4,,0
11029,'1193300',838,,7823,31,4,,0
20019,'1190619',635,,8208,1,,,0
20019,'1190641',1705,,8209,1,,,0
20019,'1190738',605,,8210,1,,,0
20019,'1190758',1635,,8211,1,,,0
20019,'1190774',1835,,8212,1,,,0
20019,'1190805',1405,,8213,1,,,0
20019,'1190807',1530,,8214,1,,,0
20019,'1190842',930,,8215,1,,,0
20019,'1190858',2335,,8216,1,,,0
20019,'1190934',1730,,8217,1,,,0
20019,'1190997',805,,8218,1,,,0
20019,'1191053',835,,8219,1,,,0
20019,'1191089',2135,,8220,1,,,0
20019,'1191136',1905,,8221,1,,,0
20019,'1191180',1335,,8222,1,,,0
20019,'1191184',2230,,8223,1,,,0
20019,'1191306',705,,8224,1,,,0
20019,'1191365',2105,,8225,1,,,0
20019,'1191367',2035,,8226,1,,,0
20019,'1191384',1030,,8227,1,,,0
20019,'1191430',1535,,8228,1,,,0
20019,'1191441',1735,,8229,1,,,0
20019,'1191475',1830,,8230,1,,,0
20019,'1191503',935,,8231,1,,,0
20019,'1191504',1930,,8232,1,,,0
20019,'1191515',635,,8233,1,,,0
20019,'1191641',1805,,8234,1,,,0
20019,'1191710',2130,,8235,1,,,0
20019,'1191735',1935,,8236,1,,,0
20019,'1191765',1035,,8237,1,,,0
20019,'1191794',830,,8238,1,,,0
20019,'1191882',2235,,8239,1,,,0
20019,'1191930',1635,,8240,1,,,0
20019,'1191994',1105,,8241,1,,,0
20019,'1192132',1305,,8242,1,,,0
20019,'1192365',1735,,8243,1,,,0
20019,'1192376',1205,,8244,1,,,0
20019,'1192411',1330,,8245,1,,,0
20019,'1192417',1430,,8246,1,,,0
20019,'1192420',1230,,8247,1,,,0
20019,'1192518',735,,8248,1,,,0
20019,'1192652',2330,,8249,1,,,0
20019,'1192666',2030,,8250,1,,,0
20019,'1192708',730,,8251,1,,,0
20019,'1192714',1135,,8252,1,,,0
20019,'1192729',1005,,8253,1,,,0
20019,'1192784',2205,,8254,1,,,0
20019,'1192905',1605,,8255,1,,,0
20019,'1192913',1130,,8256,1,,,0
20019,'1192933',2005,,8257,1,,,0
20019,'1193041',2305,,8258,1,,,0
20019,'1193116',2405,,8259,1,,,0
20019,'1193175',735,,8260,1,,,0
20019,'1193197',905,,8261,1,,,0
20019,'1193231',1235,,8262,1,,,0
20019,'1193236',1435,,8263,1,,,0
20019,'1193271',1630,,8264,1,,,0
20019,'1193274',1505,,8265,1,,,0
20029,'1190601',2100,,8266,13,4,,0
20029,'1190617',1932,,8267,13,4,,0
20029,'1190701',2200,,8268,13,4,,0
20029,'1190776',1000,,8269,13,4,,0
20029,'1190792',1832,,8270,13,4,,0
20029,'1190813',859,,8271,13,4,,0
20029,'1190850',801,,8272,13,4,,0
20029,'1190896',1233,,8273,13,4,,0
20029,'1190928',1400,,8274,13,4,,0
20029,'1190954',1600,,8275,13,4,,0
20029,'1190972',755,,8276,13,4,,0
20029,'1190985',2255,,8277,13,4,,0
20029,'1191010',2355,,8278,13,4,,0
20029,'1191028',759,,8279,13,4,,0
20029,'1191030',932,,8280,13,4,,0
20029,'1191193',1732,,8281,13,4,,0
20029,'1191205',1703,,8282,13,4,,0
20029,'1191242',1901,,8283,13,4,,0
20029,'1191325',2359,,8284,13,4,,0
20029,'1191388',1032,,8285,13,4,,0
20029,'1191416',2231,,8286,13,4,,0
20029,'1191462',731,,8287,13,4,,0
20029,'1191465',1055,,8288,13,4,,0
20029,'1191523',1500,,8289,13,4,,0
20029,'1191554',1534,,8290,13,4,,0
20029,'1191562',1455,,8291,13,4,,0
20029,'1191581',1700,,8292,13,4,,0
20029,'1191604',1100,,8293,13,4,,0
20029,'1191631',2300,,8294,13,4,,0
20029,'1191694',832,,8295,13,4,,0
20029,'1191776',2001,,8296,13,4,,0
20029,'1191795',1755,,8297,13,4,,0
20029,'1191838',1155,,8298,13,4,,0
20029,'1192020',1355,,8299,13,4,,0
20029,'1192033',1132,,8300,13,4,,0
20029,'1192043',1300,,8301,13,4,,0
20029,'1192073',1802,,8302,13,4,,0
20029,'1192116',1955,,8303,13,4,,0
20029,'1192128',1555,,8304,13,4,,0
20029,'1192169',700,,8305,13,4,,0
20029,'1192195',1200,,8306,13,4,,0
20029,'1192226',1433,,8307,13,4,,0
20029,'1192516',2032,,8308,13,4,,0
20029,'1192542',1800,,8309,13,4,,0
20029,'1192679',2131,,8310,13,4,,0
20029,'1192686',855,,8311,13,4,,0
20029,'1192703',2055,,8312,13,4,,0
20029,'1192826',1633,,8313,13,4,,0
20029,'1192941',2155,,8314,13,4,,0
20029,'1193004',955,,8315,13,4,,0
20029,'1193037',2331,,8316,13,4,,0
20029,'1193138',630,,8317,13,4,,0
20029,'1193150',659,,8318,13,4,,0
20029,'1193152',1333,,8319,13,4,,0
20029,'1193218',1855,,8320,13,4,,0
20029,'1193285',1655,,8321,13,4,,0
20029,'1193304',1255,,8322,13,4,,0
22019,'1191150',1605,,8323,1,,,0
22019,'1191171',1005,,8324,1,,,0
22019,'1191174',1405,,8325,1,,,0
22019,'1191912',805,,8326,1,,,0
22019,'1192716',1805,,8327,1,,,0
22019,'1192953',1235,,8328,1,,,0
22019,'1193019',1435,,8329,1,,,0
22019,'1193151',835,,8330,1,,,0
22019,'1193260',1205,,8331,1,,,0
22019,'1193278',1035,,8332,1,,,0
22029,'1190629',1826,,8333,10,4,,0
22029,'1190829',825,,8334,10,4,,0
22029,'1191658',1226,,8335,10,4,,0
22029,'1191974',856,,8336,10,4,,0
22029,'1192121',1457,,8337,10,4,,0
22029,'1192763',1056,,8338,10,4,,0
22029,'1193113',1257,,8339,10,4,,0
22029,'1193114',1426,,8340,10,4,,0
22029,'1193263',1626,,8341,10,4,,0
22029,'1193287',1026,,8342,10,4,,0
23019,'1191008',1535,,8343,1,,,0
23019,'1191438',905,,8344,1,,,0
23019,'1191575',1105,,8345,1,,,0
23019,'1191853',1335,,8346,1,,,0
23019,'1192386',935,,8347,1,,,0
23019,'1192599',1135,,8348,1,,,0
23019,'1193094',1505,,8349,1,,,0
23019,'1193162',1705,,8350,1,,,0
23019,'1193307',1305,,8351,1,,,0
23029,'1190732',1401,,8352,19,4,,0
23029,'1190742',1201,,8353,19,4,,0
23029,'1190848',1530,,8354,19,4,,0
23029,'1191071',929,,8355,19,4,,0
23029,'1191280',1331,,8356,19,4,,0
23029,'1191342',959,,8357,19,4,,0
23029,'1191679',1730,,8358,19,4,,0
23029,'1192283',1130,,8359,19,4,,0
23029,'1192955',1602,,8360,19,4,,0
102029,'1190835',1926,,9081,26,4,,0
102029,'1191107',2226,,9083,26,4,,0
102029,'1191135',756,,9084,26,4,,0
102029,'1191154',1539,,9085,26,4,,0
102029,'1191181',1156,,9086,26,4,,0
102029,'1191262',1456,,9087,26,4,,0
102029,'1191304',726,,9088,26,4,,0
102029,'1191433',926,,9089,26,4,,0
102029,'1191481',1239,,9090,26,4,,0
102029,'1191496',2256,,9091,26,4,,0
102029,'1191671',856,,9092,26,4,,0
102029,'1191758',2309,,9093,26,4,,0
102029,'1191805',1611,,9094,26,4,,0
102029,'1191922',626,,9095,26,4,,0
102029,'1191944',1409,,9096,26,4,,0
102029,'1192040',1326,,9097,26,4,,0
102029,'1192054',1356,,9098,26,4,,0
102029,'1192104',2139,,9099,26,4,,0
102029,'1192165',1026,,9100,26,4,,0
102029,'1192219',2126,,9101,26,4,,0
102029,'1192229',1839,,9102,26,4,,0
102029,'1192269',1526,,9103,26,4,,0
102029,'1192425',1226,,9104,26,4,,0
102029,'1192453',2009,,9105,26,4,,0
102029,'1192474',2356,,9106,26,4,,0
102029,'1192505',711,,9107,26,4,,0
102029,'1192509',1956,,9108,26,4,,0
102029,'1192621',1741,,9109,26,4,,0
102029,'1192631',1011,,9110,26,4,,0
102029,'1192823',809,,9111,26,4,,0
102029,'1192857',1709,,9112,26,4,,0
102029,'1192870',1626,,9113,26,4,,0
102029,'1192893',1826,,9114,26,4,,0
102029,'1192925',1656,,9115,26,4,,0
102029,'1192999',939,,9116,26,4,,0
102029,'1193000',2426,,9117,26,4,,0
102029,'1193010',1056,,9118,26,4,,0
102029,'1193070',841,,9119,26,4,,0
102029,'1193101',1109,,9120,26,4,,0
102029,'1193141',2056,,9121,26,4,,0
102029,'1193243',1756,,9122,26,4,,0
102029,'1193313',1441,,9123,26,4,,0
103019,'1190614',1715,,9124,1,,,0
103019,'1190775',1545,,9125,1,,,0
103019,'1191005',945,,9126,1,,,0
103019,'1191109',1835,,9127,1,,,0
103019,'1191130',1235,,9128,1,,,0
103019,'1191167',2145,,9129,1,,,0
103019,'1191203',1705,,9130,1,,,0
103019,'1191247',2005,,9131,1,,,0
103019,'1191446',1845,,9132,1,,,0
103019,'1191553',2015,,9133,1,,,0
103019,'1191632',1505,,9134,1,,,0
103019,'1191705',2305,,9135,1,,,0
103019,'1191773',1405,,9136,1,,,0
103019,'1191800',1450,,9137,1,,,0
103019,'1191826',635,,9139,1,,,0
103019,'1191854',1115,,9140,1,,,0
103019,'1191877',1105,,9141,1,,,0
103019,'1191892',1415,,9142,1,,,0
103019,'1192012',2235,,9143,1,,,0
103019,'1192046',935,,9144,1,,,0
103019,'1192093',1245,,9145,1,,,0
103019,'1192234',1535,,9146,1,,,0
103019,'1192444',805,,9147,1,,,0
103019,'1192450',1035,,9148,1,,,0
103019,'1192461',1805,,9149,1,,,0
103019,'1192624',850,,9150,1,,,0
103019,'1192801',905,,9151,1,,,0
103019,'1192848',735,,9152,1,,,0
103019,'1192864',2105,,9153,1,,,0
103019,'1192885',1935,,9154,1,,,0
103019,'1192886',1635,,9155,1,,,0
103019,'1192894',815,,9156,1,,,0
103019,'1192968',1620,,9157,1,,,0
103019,'1192976',2315,,9158,1,,,0
103019,'1193060',720,,9159,1,,,0
103019,'1193217',2135,,9160,1,,,0
103019,'1193247',1335,,9161,1,,,0
103019,'1193317',1205,,9162,1,,,0
140001019,'1190631',1350,,9395,1,,,0
140001019,'1190636',1135,,9396,1,,,0
140001019,'1190649',1654,,9397,1,,,0
140001019,'1190660',1455,,9398,1,,,0
140001019,'1190668',2405,,9399,1,,,0
140001019,'1190697',1120,,9400,1,,,0
140001019,'1190750',1835,,9401,1,,,0
140001019,'1190763',1055,,9402,1,,,0
140001019,'1190768',2235,,9403,1,,,0
140001019,'1190802',1650,,9404,1,,,0
140001019,'1190822',1935,,9405,1,,,0
140001019,'1190830',2335,,9406,1,,,0
140001019,'1190841',1739,,9407,1,,,0
140001019,'1190852',950,,9408,1,,,0
140001019,'1190870',1950,,9409,1,,,0
140001019,'1190873',1355,,9410,1,,,0
140001019,'1190888',1020,,9411,1,,,0
140001019,'1190922',2035,,9412,1,,,0
140001019,'1190923',1735,,9413,1,,,0
140001019,'1190968',1554,,9414,1,,,0
140001019,'1190976',1409,,9415,1,,,0
140001019,'1190979',1505,,9416,1,,,0
140001019,'1190980',2205,,9417,1,,,0
140001019,'1190982',750,,9418,1,,,0
140001019,'1190987',1050,,9419,1,,,0
140001019,'1191035',1905,,9420,1,,,0
140001019,'1191146',1820,,9421,1,,,0
140001019,'1191160',1035,,9422,1,,,0
140001019,'1191162',835,,9423,1,,,0
140001019,'1191165',2005,,9424,1,,,0
140001019,'1191177',1120,,9425,1,,,0
140001019,'1191204',1805,,9426,1,,,0
140001019,'1191212',2305,,9427,1,,,0
140001019,'1191215',705,,9428,1,,,0
140001019,'1191276',2255,,9429,1,,,0
140001019,'1191289',1935,,9430,1,,,0
140001019,'1191299',2135,,9431,1,,,0
140001019,'1191305',1035,,9432,1,,,0
140001019,'1191313',1920,,9433,1,,,0
140001019,'1191331',1235,,9434,1,,,0
140001019,'1191356',2105,,9435,1,,,0
140001019,'1191364',1350,,9436,1,,,0
140001019,'1191379',2155,,9437,1,,,0
140001019,'1191393',1050,,9438,1,,,0
140001019,'1191394',1520,,9439,1,,,0
140001019,'1191473',1624,,9440,1,,,0
140001019,'1191484',1705,,9441,1,,,0
140001019,'1191489',1850,,9442,1,,,0
140001019,'1191578',1005,,9443,1,,,0
140001019,'1191592',1220,,9444,1,,,0
140001019,'1191603',1320,,9445,1,,,0
140001019,'1191608',935,,9446,1,,,0
140001019,'1191621',1724,,9447,1,,,0
140001019,'1191634',1805,,9448,1,,,0
140001019,'1191651',1150,,9449,1,,,0
140001019,'1191665',1524,,9450,1,,,0
140001019,'1191677',1420,,9451,1,,,0
140001019,'1191683',820,,9452,1,,,0
140001019,'1191720',1655,,9453,1,,,0
140001019,'1191753',1150,,9454,1,,,0
140001019,'1191755',850,,9455,1,,,0
140001019,'1191764',635,,9456,1,,,0
140001019,'1191766',905,,9457,1,,,0
140001019,'1191775',1255,,9458,1,,,0
140001019,'1191778',720,,9459,1,,,0
140001019,'1191783',1450,,9460,1,,,0
140001019,'1191828',735,,9461,1,,,0
140001019,'1191833',1220,,9462,1,,,0
140001019,'1191839',2305,,9463,1,,,0
140001019,'1191847',855,,9464,1,,,0
140001019,'1191860',1205,,9465,1,,,0
140001019,'1191878',1955,,9466,1,,,0
140001019,'1191907',2035,,9467,1,,,0
140001019,'1191924',2050,,9468,1,,,0
140001019,'1191986',635,,9469,1,,,0
140001019,'1191995',955,,9470,1,,,0
140001019,'1192017',1750,,9471,1,,,0
140001019,'1192024',1850,,9472,1,,,0
140001019,'1192066',1305,,9473,1,,,0
140001019,'1192107',1454,,9474,1,,,0
140001019,'1192144',1105,,9475,1,,,0
140001019,'1192184',835,,9476,1,,,0
140001019,'1192207',1250,,9477,1,,,0
140001019,'1192211',2020,,9478,1,,,0
140001019,'1192278',1320,,9479,1,,,0
140001019,'1192346',1620,,9480,1,,,0
140001019,'1192348',1424,,9481,1,,,0
140001019,'1192349',1005,,9482,1,,,0
140001019,'1192369',1439,,9483,1,,,0
140001019,'1192375',1405,,9484,1,,,0
140001019,'1192393',1250,,9485,1,,,0
140001019,'1192397',2005,,9486,1,,,0
140001019,'1192398',920,,9487,1,,,0
140001019,'1192407',1720,,9488,1,,,0
140001019,'1192409',650,,9489,1,,,0
140001019,'1192507',1905,,9490,1,,,0
140001019,'1192524',950,,9491,1,,,0
140001019,'1192535',1635,,9492,1,,,0
140001019,'1192537',1539,,9493,1,,,0
140001019,'1192551',1555,,9494,1,,,0
140001019,'1192620',2105,,9495,1,,,0
140001019,'1192630',1509,,9496,1,,,0
140001019,'1192655',935,,9497,1,,,0
140001019,'1192688',2355,,9498,1,,,0
140001019,'1192690',1550,,9499,1,,,0
140001019,'1192691',2235,,9500,1,,,0
140001019,'1192720',1855,,9501,1,,,0
140001019,'1192769',705,,9502,1,,,0
140001019,'1192797',805,,9503,1,,,0
140001019,'1192798',2330,,9504,1,,,0
140001019,'1192805',1105,,9505,1,,,0
140001019,'1192806',1335,,9506,1,,,0
140001019,'1192822',1335,,9507,1,,,0
140001019,'1192844',1755,,9508,1,,,0
140001019,'1192862',1205,,9509,1,,,0
140001019,'1192889',2205,,9510,1,,,0
140001019,'1192903',2405,,9511,1,,,0
140001019,'1192904',2055,,9512,1,,,0
140001019,'1192960',1709,,9513,1,,,0
140001019,'1192983',1535,,9514,1,,,0
140001019,'1192989',1835,,9515,1,,,0
140001019,'1192993',1639,,9516,1,,,0
140001019,'1193007',735,,9517,1,,,0
140001019,'1193020',1435,,9518,1,,,0
140001019,'1193031',1609,,9519,1,,,0
140001019,'1193032',1754,,9520,1,,,0
140001019,'1193078',1135,,9521,1,,,0
140001019,'1193098',1020,,9522,1,,,0
140001019,'1193106',805,,9523,1,,,0
140001019,'1193123',1155,,9524,1,,,0
140001019,'1193183',755,,9525,1,,,0
140001019,'1193198',2135,,9526,1,,,0
140001019,'1193200',1305,,9527,1,,,0
140001019,'1193214',1605,,9528,1,,,0
140001019,'1193222',905,,9529,1,,,0
140001019,'1193255',1820,,9530,1,,,0
140001019,'1193261',1235,,9531,1,,,0
140001029,'1190599',1203,,9532,24,4,,0
140001029,'1190600',930,,9533,24,4,,0
140001029,'1190621',2301,,9534,24,4,,0
140001029,'1190654',2300,,9535,24,4,,0
140001029,'1190676',2231,,9536,24,4,,0
140001029,'1190705',1634,,9537,24,4,,0
140001029,'1190711',830,,9538,24,4,,0
140001029,'1190715',1649,,9539,24,4,,0
140001029,'1190737',2130,,9540,24,4,,0
140001029,'1190823',1116,,9541,24,4,,0
140001029,'1190849',1231,,9542,24,4,,0
140001029,'1190851',1716,,9543,24,4,,0
140001029,'1190861',745,,9544,24,4,,0
140001029,'1190919',631,,9545,24,4,,0
140001029,'1190942',845,,9546,24,4,,0
140001029,'1190950',1046,,9547,24,4,,0
140001029,'1190977',1031,,9548,24,4,,0
140001029,'1191006',1103,,9549,24,4,,0
140001029,'1191022',1801,,9550,24,4,,0
140001029,'1191026',1931,,9551,24,4,,0
140001029,'1191051',1704,,9552,24,4,,0
140001029,'1191073',1816,,9553,24,4,,0
140001029,'1191077',1902,,9554,24,4,,0
140001029,'1191100',1534,,9555,24,4,,0
140001029,'1191110',1549,,9556,24,4,,0
140001029,'1191120',2047,,9557,24,4,,0
140001029,'1191183',1346,,9558,24,4,,0
140001029,'1191185',1431,,9559,24,4,,0
140001029,'1191195',1504,,9560,24,4,,0
140001029,'1191197',1018,,9561,24,4,,0
140001029,'1191229',800,,9562,24,4,,0
140001029,'1191239',1016,,9563,24,4,,0
140001029,'1191241',801,,9564,24,4,,0
140001029,'1191249',1148,,9565,24,4,,0
140001029,'1191251',901,,9566,24,4,,0
140001029,'1191260',1201,,9567,24,4,,0
140001029,'1191273',1303,,9568,24,4,,0
140001029,'1191279',900,,9569,24,4,,0
140001029,'1191347',1446,,9570,24,4,,0
140001029,'1191349',1604,,9571,24,4,,0
140001029,'1191357',645,,9572,24,4,,0
140001029,'1191358',1546,,9573,24,4,,0
140001029,'1191362',730,,9574,24,4,,0
140001029,'1191369',1130,,9575,24,4,,0
140001029,'1191374',715,,9576,24,4,,0
140001029,'1191422',1930,,9577,24,4,,0
140001029,'1191436',1616,,9578,24,4,,0
140001029,'1191459',2102,,9579,24,4,,0
140001029,'1191461',1731,,9580,24,4,,0
140001029,'1191510',1233,,9581,24,4,,0
140001029,'1191569',1831,,9582,24,4,,0
140001029,'1191585',1631,,9583,24,4,,0
140001029,'1191594',2405,,9584,24,4,,0
140001029,'1191599',1333,,9585,24,4,,0
140001029,'1191617',2230,,9586,24,4,,0
140001029,'1191627',931,,9587,24,4,,0
140001029,'1191654',1947,,9588,24,4,,0
140001029,'1191672',1030,,9589,24,4,,0
140001029,'1191688',1817,,9590,24,4,,0
140001029,'1191700',2201,,9591,24,4,,0
140001029,'1191703',1734,,9592,24,4,,0
140001029,'1191748',731,,9593,24,4,,0
140001029,'1191749',2032,,9594,24,4,,0
140001029,'1191752',2002,,9595,24,4,,0
140001029,'1191781',1216,,9596,24,4,,0
140001029,'1191787',1917,,9597,24,4,,0
140001029,'1191809',1101,,9598,24,4,,0
140001029,'1191814',1932,,9599,24,4,,0
140001029,'1191822',1146,,9600,24,4,,0
140001029,'1191880',1434,,9601,24,4,,0
140001029,'1191895',1601,,9602,24,4,,0
140001029,'1191933',1449,,9603,24,4,,0
140001029,'1191962',1301,,9604,24,4,,0
140001029,'1191971',1531,,9605,24,4,,0
140001029,'1191993',1218,,9606,24,4,,0
140001029,'1192009',1246,,9607,24,4,,0
140001029,'1192030',2230,,9608,24,4,,0
140001029,'1192075',1719,,9609,24,4,,0
140001029,'1192076',1516,,9610,24,4,,0
140001029,'1192085',730,,9611,24,4,,0
140001029,'1192192',2001,,9612,24,4,,0
140001029,'1192204',2030,,9613,24,4,,0
140001029,'1192231',1000,,9614,24,4,,0
140001029,'1192238',1001,,9615,24,4,,0
140001029,'1192242',1519,,9616,24,4,,0
140001029,'1192251',2131,,9617,24,4,,0
140001029,'1192270',2401,,9618,24,4,,0
140001029,'1192275',1646,,9619,24,4,,0
140001029,'1192298',1630,,9620,24,4,,0
140001029,'1192358',1830,,9621,24,4,,0
140001029,'1192364',2330,,9622,24,4,,0
140001029,'1192382',1749,,9623,24,4,,0
140001029,'1192427',2017,,9624,24,4,,0
140001029,'1192462',1033,,9625,24,4,,0
140001029,'1192467',1330,,9626,24,4,,0
140001029,'1192479',2101,,9627,24,4,,0
140001029,'1192506',701,,9628,24,4,,0
140001029,'1192539',1131,,9629,24,4,,0
140001029,'1192548',946,,9630,24,4,,0
140001029,'1192550',1248,,9631,24,4,,0
140001029,'1192559',945,,9632,24,4,,0
140001029,'1192568',831,,9633,24,4,,0
140001029,'1192571',815,,9634,24,4,,0
140001029,'1192572',1530,,9635,24,4,,0
140001029,'1192575',700,,9636,24,4,,0
140001029,'1192584',1746,,9637,24,4,,0
140001029,'1192594',1048,,9638,24,4,,0
140001029,'1192612',1501,,9639,24,4,,0
140001029,'1192644',1619,,9640,24,4,,0
140001029,'1192648',1318,,9641,24,4,,0
140001029,'1192665',915,,9642,24,4,,0
140001029,'1192677',930,,9643,24,4,,0
140001029,'1192732',1404,,9644,24,4,,0
140001029,'1192736',1802,,9645,24,4,,0
140001029,'1192755',1901,,9646,24,4,,0
140001029,'1192762',1846,,9647,24,4,,0
140001029,'1192794',2031,,9648,24,4,,0
140001029,'1192842',1331,,9649,24,4,,0
140001029,'1192858',1316,,9650,24,4,,0
140001029,'1192901',1847,,9651,24,4,,0
140001029,'1192907',1401,,9652,24,4,,0
140001029,'1192922',1133,,9653,24,4,,0
140001029,'1192938',1118,,9654,24,4,,0
140001029,'1192969',1230,,9655,24,4,,0
140001029,'1193035',2330,,9656,24,4,,0
140001029,'1193142',1730,,9657,24,4,,0
140001029,'1193157',2200,,9658,24,4,,0
140001029,'1193158',2331,,9659,24,4,,0
140001029,'1193196',1416,,9660,24,4,,0
140001029,'1193202',2130,,9661,24,4,,0
140001029,'1193206',1348,,9662,24,4,,0
140001029,'1193223',1430,,9663,24,4,,0
140001029,'1193237',830,,9664,24,4,,0
140001029,'1193252',630,,9665,24,4,,0
140001029,'1193289',1419,,9666,24,4,,0
140001029,'1193293',1832,,9667,24,4,,0
140001029,'1193306',1701,,9668,24,4,,0
