3019,'1190650',1322,,7432,30,,,0
3019,'1190836',1552,,7433,30,,,0
3019,'1190847',1437,,7434,30,,,0
3019,'1190866',1022,,7435,30,,,0
3019,'1190945',1922,,7436,30,,,0
3019,'1190971',1252,,7437,30,,,0
3019,'1191034',837,,7438,30,,,0
3019,'1191126',2022,,7439,30,,,0
3019,'1191134',2022,,7440,30,,,0
3019,'1191168',1722,,7441,30,,,0
3019,'1191214',1752,,7442,30,,,0
3019,'1191270',1422,,7443,30,,,0
3019,'1191302',922,,7444,30,,,0
3019,'1191317',1922,,7445,30,,,0
3019,'1191328',722,,7446,30,,,0
3019,'1191509',2321,,7447,30,,,0
3019,'1191526',822,,7448,30,,,0
3019,'1191582',1037,,7449,30,,,0
3019,'1191602',952,,7451,30,,,0
3019,'1191652',1622,,7452,30,,,0
3019,'1191729',2322,,7453,30,,,0
3019,'1191754',1152,,7454,30,,,0
3019,'1191767',1652,,7455,30,,,0
3019,'1191779',1122,,7456,30,,,0
3019,'1191821',1137,,7457,30,,,0
3019,'1191856',1622,,7458,30,,,0
3019,'1191868',652,,7459,30,,,0
3019,'1191905',1937,,7460,30,,,0
3019,'1191978',1352,,7461,30,,,0
3019,'1191997',1222,,7462,30,,,0
3019,'1192065',2037,,7463,30,,,0
3019,'1192079',2222,,7464,30,,,0
3019,'1192105',2122,,7465,30,,,0
3019,'1192112',2422,,7466,30,,,0
3019,'1192146',1322,,7467,30,,,0
3019,'1192160',2122,,7468,30,,,0
3019,'1192171',822,,7469,30,,,0
3019,'1192197',1722,,7470,30,,,0
3019,'1192385',1337,,7471,30,,,0
3019,'1192413',1537,,7472,30,,,0
3019,'1192416',1052,,7473,30,,,0
3019,'1192443',737,,7474,30,,,0
3019,'1192454',852,,7475,30,,,0
3019,'1192525',2137,,7477,30,,,0
3019,'1192527',1637,,7478,30,,,0
3019,'1192640',1222,,7479,30,,,0
3019,'1192641',1122,,7480,30,,,0
3019,'1192643',2222,,7481,30,,,0
3019,'1192658',1837,,7482,30,,,0
3019,'1192695',937,,7483,30,,,0
3019,'1192711',2337,,7484,30,,,0
3019,'1192747',1422,,7485,30,,,0
3019,'1192824',2411,,7486,30,,,0
3019,'1192891',1452,,7487,30,,,0
3019,'1192906',752,,7488,30,,,0
3019,'1192926',2237,,7489,30,,,0
3019,'1192964',1522,,7490,30,,,0
3019,'1192967',1022,,7491,30,,,0
3019,'1192982',722,,7492,30,,,0
3019,'1193008',1822,,7493,30,,,0
3019,'1193046',1737,,7494,30,,,0
3019,'1193092',1237,,7495,30,,,0
3019,'1193159',1822,,7496,30,,,0
3019,'1193189',922,,7497,30,,,0
3019,'1193294',1522,,7498,30,,,0
