28019,'1190612',2006,,8811,2,,,0
28019,'1190648',1751,,8812,2,,,0
28019,'1190664',1506,,8813,2,,,0
28019,'1190675',2106,,8814,2,,,0
28019,'1190706',2306,,8815,2,,,0
28019,'1190722',1636,,8816,2,,,0
28019,'1190756',1006,,8817,2,,,0
28019,'1190827',1851,,8818,2,,,0
28019,'1190930',1706,,8819,2,,,0
28019,'1190951',2231,,8820,2,,,0
28019,'1190952',931,,8821,2,,,0
28019,'1190995',831,,8822,2,,,0
28019,'1191000',1431,,8823,2,,,0
28019,'1191056',1451,,8824,2,,,0
28019,'1191066',1051,,8825,2,,,0
28019,'1191068',806,,8826,2,,,0
28019,'1191147',1831,,8827,2,,,0
28019,'1191153',2151,,8828,2,,,0
28019,'1191391',1836,,8829,2,,,0
28019,'1191424',836,,8830,2,,,0
28019,'1191516',651,,8831,2,,,0
28019,'1191816',1151,,8832,2,,,0
28019,'1191883',906,,8833,2,,,0
28019,'1191952',1631,,8834,2,,,0
28019,'1191965',1551,,8835,2,,,0
28019,'1191975',2031,,8836,2,,,0
28019,'1192008',1906,,8837,2,,,0
28019,'1192010',1251,,8838,2,,,0
28019,'1192015',1806,,8839,2,,,0
28019,'1192021',851,,8840,2,,,0
28019,'1192050',1031,,8841,2,,,0
28019,'1192110',2351,,8842,2,,,0
28019,'1192173',2331,,8843,2,,,0
28019,'1192287',736,,8844,2,,,0
28019,'1192288',1736,,8845,2,,,0
28019,'1192309',1606,,8846,2,,,0
28019,'1192311',1406,,8847,2,,,0
28019,'1192315',1306,,8848,2,,,0
28019,'1192316',1106,,8849,2,,,0
28019,'1192431',606,,8850,2,,,0
28019,'1192485',1931,,8851,2,,,0
28019,'1192496',2051,,8852,2,,,0
28019,'1192602',2206,,8853,2,,,0
28019,'1192636',1651,,8854,2,,,0
28019,'1192669',751,,8855,2,,,0
28019,'1192693',1531,,8856,2,,,0
28019,'1192699',1231,,8857,2,,,0
28019,'1192734',731,,8858,2,,,0
28019,'1192750',1951,,8859,2,,,0
28019,'1192815',1131,,8860,2,,,0
28019,'1192830',636,,8861,2,,,0
28019,'1192835',2131,,8862,2,,,0
28019,'1192878',1351,,8863,2,,,0
28019,'1192900',2251,,8864,2,,,0
28019,'1193052',706,,8865,2,,,0
28019,'1193108',951,,8866,2,,,0
28019,'1193124',1731,,8867,2,,,0
28019,'1193283',1206,,8868,2,,,0
28019,'1193292',1331,,8869,2,,,0
