101019,'1190633',1151,,8977,32,,,0
101019,'1190779',1329,,8978,32,,,0
101019,'1190804',1128,,8979,32,,,0
101019,'1190956',2129,,8980,32,,,0
101019,'1191198',551,,8981,32,,,0
101019,'1191312',928,,8982,32,,,0
101019,'1191333',2251,,8983,32,,,0
101019,'1191377',1529,,8984,32,,,0
101019,'1191380',2128,,8985,32,,,0
101019,'1191432',1729,,8986,32,,,0
101019,'1191480',1353,,8987,32,,,0
101019,'1191543',1928,,8988,32,,,0
101019,'1191977',1328,,8989,32,,,0
101019,'1192063',851,,8990,32,,,0
101019,'1192135',1051,,8991,32,,,0
101019,'1192166',1851,,8992,32,,,0
101019,'1192271',951,,8993,32,,,0
101019,'1192368',1528,,8994,32,,,0
101019,'1192448',929,,8995,32,,,0
101019,'1192613',751,,8996,32,,,0
101019,'1192782',1653,,8997,32,,,0
101019,'1192859',1129,,8998,32,,,0
101019,'1192896',1929,,8999,32,,,0
101019,'1192902',728,,9000,32,,,0
101019,'1192958',2050,,9001,32,,,0
101019,'1192961',729,,9002,32,,,0
101019,'1192963',2329,,9003,32,,,0
101019,'1193022',1453,,9004,32,,,0
101019,'1193099',1728,,9005,32,,,0
101019,'1193164',1553,,9006,32,,,0
101019,'1193193',1753,,9007,32,,,0
