14019,'1190713',1344,,8090,3,,,0
14019,'1190728',1442,,8091,3,,,0
14019,'1190978',1644,,8092,3,,,0
14019,'1191058',2242,,8093,3,,,0
14019,'1191091',1642,,8094,3,,,0
14019,'1191115',743,,8095,3,,,0
14019,'1191156',1514,,8096,3,,,0
14019,'1191182',1242,,8097,3,,,0
14019,'1191216',1344,,8098,3,,,0
14019,'1191274',1342,,8099,3,,,0
14019,'1191284',2342,,8100,3,,,0
14019,'1191353',1842,,8101,3,,,0
14019,'1191434',942,,8102,3,,,0
14019,'1191451',943,,8103,3,,,0
14019,'1191488',1244,,8104,3,,,0
14019,'1191517',643,,8105,3,,,0
14019,'1191609',2313,,8106,3,,,0
14019,'1191614',1813,,8107,3,,,0
14019,'1191636',1744,,8108,3,,,0
14019,'1191714',1144,,8109,3,,,0
14019,'1191747',1444,,8110,3,,,0
14019,'1191757',913,,8111,3,,,0
14019,'1191841',742,,8112,3,,,0
14019,'1191852',1913,,8113,3,,,0
14019,'1191970',2142,,8114,3,,,0
14019,'1191991',2042,,8115,3,,,0
14019,'1191996',942,,8116,3,,,0
14019,'1192119',2213,,8117,3,,,0
14019,'1192156',1544,,8118,3,,,0
14019,'1192290',2242,,8119,3,,,0
14019,'1192324',2142,,8120,3,,,0
14019,'1192341',713,,8121,3,,,0
14019,'1192355',1742,,8122,3,,,0
14019,'1192458',842,,8123,3,,,0
14019,'1192538',1644,,8124,3,,,0
14019,'1192564',2342,,8125,3,,,0
14019,'1192566',1942,,8126,3,,,0
14019,'1192675',1142,,8127,3,,,0
14019,'1192682',1542,,8128,3,,,0
14019,'1192692',1042,,8129,3,,,0
14019,'1192713',1842,,8130,3,,,0
14019,'1192727',1244,,8131,3,,,0
14019,'1192788',1444,,8132,3,,,0
14019,'1192791',1144,,8133,3,,,0
14019,'1192803',813,,8134,3,,,0
14019,'1192827',2042,,8135,3,,,0
14019,'1192837',843,,8136,3,,,0
14019,'1192840',1614,,8137,3,,,0
14019,'1192863',2113,,8138,3,,,0
14019,'1192916',1942,,8139,3,,,0
14019,'1192927',842,,8140,3,,,0
14019,'1192946',2013,,8141,3,,,0
14019,'1192962',1044,,8142,3,,,0
14019,'1192987',1744,,8143,3,,,0
14019,'1193071',1044,,8144,3,,,0
14019,'1193088',1714,,8145,3,,,0
14019,'1193127',1544,,8146,3,,,0
14019,'1193190',642,,8147,3,,,0
14019,'1193242',742,,8148,3,,,0
29019,'1190655',1222,,8929,3,,,0
29019,'1190658',2322,,8930,3,,,0
29019,'1190695',1337,,8931,3,,,0
29019,'1190921',1322,,8932,3,,,0
29019,'1190990',1437,,8933,3,,,0
29019,'1191402',922,,8934,3,,,0
29019,'1191425',2122,,8935,3,,,0
29019,'1191673',1522,,8936,3,,,0
29019,'1191834',1922,,8937,3,,,0
29019,'1192098',2222,,8938,3,,,0
29019,'1192125',937,,8939,3,,,0
29019,'1192367',822,,8940,3,,,0
29019,'1192396',1537,,8941,3,,,0
29019,'1192451',1137,,8942,3,,,0
29019,'1192468',1122,,8943,3,,,0
29019,'1192512',1037,,8944,3,,,0
29019,'1192534',2022,,8945,3,,,0
29019,'1192606',1822,,8946,3,,,0
29019,'1192704',722,,8947,3,,,0
29019,'1192724',1022,,8948,3,,,0
29019,'1193069',1722,,8949,3,,,0
29019,'1193082',1422,,8950,3,,,0
29019,'1193084',1237,,8951,3,,,0
29019,'1193185',1622,,8952,3,,,0
190001019,'1190598',1753,,9669,3,,,0
190001019,'1190613',2152,,9670,3,,,0
190001019,'1190615',908,,9671,3,,,0
190001019,'1190624',1857,,9672,3,,,0
190001019,'1190632',1528,,9673,3,,,0
190001019,'1190653',1354,,9674,3,,,0
190001019,'1190666',1257,,9675,3,,,0
190001019,'1190680',2122,,9676,3,,,0
190001019,'1190692',1524,,9677,3,,,0
190001019,'1190714',1822,,9678,3,,,0
190001019,'1190729',1624,,9679,3,,,0
190001019,'1190735',2257,,9680,3,,,0
190001019,'1190745',2157,,9681,3,,,0
190001019,'1190783',652,,9682,3,,,0
190001019,'1190786',1709,,9683,3,,,0
190001019,'1190790',1458,,9684,3,,,0
190001019,'1190808',1443,,9685,3,,,0
190001019,'1190834',1409,,9686,3,,,0
190001019,'1190840',1353,,9687,3,,,0
190001019,'1190855',1123,,9688,3,,,0
190001019,'1190862',1654,,9689,3,,,0
190001019,'1190871',922,,9690,3,,,0
190001019,'1190886',1108,,9691,3,,,0
190001019,'1190903',953,,9692,3,,,0
190001019,'1190944',1007,,9693,3,,,0
190001019,'1190949',952,,9694,3,,,0
190001019,'1190964',1039,,9695,3,,,0
190001019,'1190983',1852,,9696,3,,,0
190001019,'1190984',1223,,9697,3,,,0
190001019,'1190988',2037,,9698,3,,,0
190001019,'1190993',1138,,9699,3,,,0
190001019,'1191036',1057,,9700,3,,,0
190001019,'1191044',2137,,9701,3,,,0
190001019,'1191070',1424,,9702,3,,,0
190001019,'1191112',1952,,9703,3,,,0
190001019,'1191119',2022,,9704,3,,,0
190001019,'1191129',622,,9705,3,,,0
190001019,'1191166',2322,,9706,3,,,0
190001019,'1191178',1609,,9707,3,,,0
190001019,'1191219',757,,9708,3,,,0
190001019,'1191250',938,,9709,3,,,0
190001019,'1191298',1658,,9710,3,,,0
190001019,'1191309',1023,,9711,3,,,0
190001019,'1191315',1357,,9712,3,,,0
190001019,'1191323',1957,,9713,3,,,0
190001019,'1191330',1124,,9714,3,,,0
190001019,'1191334',808,,9715,3,,,0
190001019,'1191371',1657,,9716,3,,,0
190001019,'1191372',653,,9717,3,,,0
190001019,'1191373',1454,,9718,3,,,0
190001019,'1191411',753,,9719,3,,,0
190001019,'1191412',1558,,9720,3,,,0
190001019,'1191437',1713,,9721,3,,,0
190001019,'1191442',1239,,9722,3,,,0
190001019,'1191490',1053,,9723,3,,,0
190001019,'1191493',1439,,9724,3,,,0
190001019,'1191506',2122,,9725,3,,,0
190001019,'1191521',823,,9726,3,,,0
190001019,'1191531',1509,,9727,3,,,0
190001019,'1191568',1837,,9728,3,,,0
190001019,'1191583',1323,,9729,3,,,0
190001019,'1191618',1724,,9730,3,,,0
190001019,'1191655',1809,,9731,3,,,0
190001019,'1191682',1643,,9732,3,,,0
190001019,'1191728',2057,,9733,3,,,0
190001019,'1191731',1139,,9734,3,,,0
190001019,'1191732',1807,,9735,3,,,0
190001019,'1191858',1639,,9736,3,,,0
190001019,'1191862',1554,,9737,3,,,0
190001019,'1191875',1539,,9738,3,,,0
190001019,'1191876',1952,,9739,3,,,0
190001019,'1191896',1513,,9740,3,,,0
190001019,'1191906',1224,,9741,3,,,0
190001019,'1191913',1157,,9742,3,,,0
190001019,'1191916',2152,,9743,3,,,0
190001019,'1191951',2222,,9744,3,,,0
190001019,'1191981',2252,,9745,3,,,0
190001019,'1192041',1457,,9746,3,,,0
190001019,'1192042',838,,9747,3,,,0
190001019,'1192048',2252,,9748,3,,,0
190001019,'1192068',1038,,9749,3,,,0
190001019,'1192122',1338,,9750,3,,,0
190001019,'1192149',2412,,9751,3,,,0
190001019,'1192170',1852,,9752,3,,,0
190001019,'1192174',1937,,9753,3,,,0
190001019,'1192178',852,,9754,3,,,0
190001019,'1192182',1739,,9755,3,,,0
190001019,'1192193',2007,,9756,3,,,0
190001019,'1192214',752,,9757,3,,,0
190001019,'1192221',1339,,9758,3,,,0
190001019,'1192232',738,,9759,3,,,0
190001019,'1192258',1628,,9760,3,,,0
190001019,'1192297',1208,,9761,3,,,0
190001019,'1192312',1837,,9762,3,,,0
190001019,'1192323',1008,,9763,3,,,0
190001019,'1192325',638,,9764,3,,,0
190001019,'1192328',1743,,9765,3,,,0
190001019,'1192331',2222,,9766,3,,,0
190001019,'1192342',1254,,9767,3,,,0
190001019,'1192373',722,,9768,3,,,0
190001019,'1192418',2322,,9769,3,,,0
190001019,'1192495',1153,,9770,3,,,0
190001019,'1192499',822,,9771,3,,,0
190001019,'1192504',1154,,9772,3,,,0
190001019,'1192510',1922,,9773,3,,,0
190001019,'1192549',1308,,9774,3,,,0
190001019,'1192555',1324,,9775,3,,,0
190001019,'1192562',1253,,9776,3,,,0
190001019,'1192597',2352,,9777,3,,,0
190001019,'1192623',923,,9778,3,,,0
190001019,'1192634',1557,,9779,3,,,0
190001019,'1192700',2052,,9780,3,,,0
190001019,'1192705',1922,,9781,3,,,0
190001019,'1192721',1728,,9782,3,,,0
190001019,'1192738',1613,,9783,3,,,0
190001019,'1192780',1413,,9784,3,,,0
190001019,'1192804',853,,9785,3,,,0
190001019,'1192819',2357,,9786,3,,,0
190001019,'1192850',1822,,9787,3,,,0
190001019,'1192871',1543,,9788,3,,,0
190001019,'1192899',1754,,9789,3,,,0
190001019,'1192937',1209,,9790,3,,,0
190001019,'1192956',1757,,9791,3,,,0
190001019,'1192985',723,,9792,3,,,0
190001019,'1193021',1109,,9793,3,,,0
190001019,'1193026',1907,,9794,3,,,0
190001019,'1193027',1024,,9795,3,,,0
190001019,'1193047',2107,,9796,3,,,0
190001019,'1193085',857,,9797,3,,,0
190001019,'1193107',1238,,9798,3,,,0
190001019,'1193134',2052,,9799,3,,,0
190001019,'1193154',2022,,9800,3,,,0
190001019,'1193155',1309,,9801,3,,,0
190001019,'1193192',957,,9802,3,,,0
190001019,'1193224',1054,,9803,3,,,0
190001019,'1193286',2352,,9804,3,,,0
190001019,'1193303',708,,9805,3,,,0
190001019,'1193314',1428,,9806,3,,,0
