20029,'1184476',1846,,5420,7,,,0
20029,'1184486',1527,,5421,7,,,0
20029,'1184501',2125,,5422,7,,,0
20029,'1184535',2346,,5423,7,,,0
20029,'1184547',1146,,5424,7,,,0
20029,'1184550',2354,,5425,7,,,0
20029,'1184581',624,,5426,7,,,0
20029,'1184650',2046,,5427,7,,,0
20029,'1184655',754,,5428,7,,,0
20029,'1184717',2255,,5429,7,,,0
20029,'1184725',1426,,5430,7,,,0
20029,'1184728',654,,5431,7,,,0
20029,'1184737',1346,,5432,7,,,0
20029,'1184743',1354,,5433,7,,,0
20029,'1184817',755,,5434,7,,,0
20029,'1184842',2146,,5435,7,,,0
20029,'1184971',654,,5436,7,,,0
20029,'1184992',946,,5437,7,,,0
20029,'1185019',1756,,5438,7,,,0
20029,'1185075',2325,,5439,7,,,0
20029,'1185118',1554,,5440,7,,,0
20029,'1185123',2055,,5441,7,,,0
20029,'1185171',1855,,5442,7,,,0
20029,'1185233',954,,5443,7,,,0
20029,'1185281',1754,,5444,7,,,0
20029,'1185399',1054,,5445,7,,,0
20029,'1185425',2155,,5446,7,,,0
20029,'1185465',1955,,5447,7,,,0
20029,'1185595',1626,,5448,7,,,0
20029,'1185633',746,,5449,7,,,0
20029,'1185644',1326,,5450,7,,,0
20029,'1185669',1946,,5451,7,,,0
20029,'1185737',846,,5452,7,,,0
20029,'1185820',1646,,5453,7,,,0
20029,'1185951',1726,,5454,7,,,0
20029,'1185978',2225,,5455,7,,,0
20029,'1186006',1746,,5456,7,,,0
20029,'1186009',826,,5457,7,,,0
20029,'1186017',854,,5458,7,,,0
20029,'1186060',1926,,5459,7,,,0
20029,'1186122',926,,5460,7,,,0
20029,'1186153',1154,,5461,7,,,0
20029,'1186189',1546,,5462,7,,,0
20029,'1186222',1246,,5463,7,,,0
20029,'1186358',1826,,5464,7,,,0
20029,'1186614',1656,,5465,7,,,0
20029,'1186645',2026,,5466,7,,,0
20029,'1186647',2246,,5467,7,,,0
20029,'1186654',1026,,5468,7,,,0
20029,'1186736',1654,,5469,7,,,0
20029,'1186787',1226,,5470,7,,,0
20029,'1186797',1446,,5471,7,,,0
20029,'1186931',1254,,5472,7,,,0
20029,'1186970',1046,,5473,7,,,0
20029,'1186985',1126,,5474,7,,,0
20029,'1187148',725,,5475,7,,,0
20029,'1187184',1454,,5476,7,,,0
