105029,'1190637',827,,9337,47,,,0
105029,'1190832',714,,9338,47,,,0
105029,'1190854',1516,,9339,47,,,0
105029,'1190856',1331,,9340,47,,,0
105029,'1190924',2419,,9341,47,,,0
105029,'1190926',1429,,9342,47,,,0
105029,'1190965',1446,,9343,47,,,0
105029,'1190981',644,,9344,47,,,0
105029,'1191222',2227,,9345,47,,,0
105029,'1191223',1701,,9346,47,,,0
105029,'1191285',2014,,9347,47,,,0
105029,'1191307',1546,,9348,47,,,0
105029,'1191404',1529,,9349,47,,,0
105029,'1191423',1416,,9350,47,,,0
105029,'1191572',1029,,9351,47,,,0
105029,'1191670',1745,,9352,47,,,0
105029,'1191739',1801,,9353,47,,,0
105029,'1191784',1329,,9354,47,,,0
105029,'1191846',1016,,9355,47,,,0
105029,'1191848',1231,,9356,47,,,0
105029,'1191910',2427,,9357,47,,,0
105029,'1191936',1545,,9358,47,,,0
105029,'1192016',744,,9359,47,,,0
105029,'1192019',1829,,9360,47,,,0
105029,'1192058',2345,,9361,47,,,0
105029,'1192150',745,,9362,47,,,0
105029,'1192180',1945,,9363,47,,,0
105029,'1192198',2314,,9364,47,,,0
105029,'1192205',627,,9365,47,,,0
105029,'1192224',1631,,9366,47,,,0
105029,'1192338',1844,,9367,47,,,0
105029,'1192379',2114,,9368,47,,,0
105029,'1192463',1345,,9369,47,,,0
105029,'1192488',1129,,9370,47,,,0
105029,'1192491',814,,9371,47,,,0
105029,'1192500',914,,9372,47,,,0
105029,'1192511',2027,,9373,47,,,0
105029,'1192662',1629,,9374,47,,,0
105029,'1192694',1116,,9375,47,,,0
105029,'1192728',2145,,9376,47,,,0
105029,'1193038',1229,,9377,47,,,0
105029,'1193130',1145,,9378,47,,,0
105029,'1193181',1729,,9379,47,,,0
105029,'1193225',1731,,9380,47,,,0
105029,'1193234',945,,9381,47,,,0
105029,'1193316',2214,,9382,47,,,0
