13019,'1184500',1324,,5121,11,,,0
13019,'1184512',1224,,5122,11,,,0
13019,'1184520',2323,,5123,11,,,0
13019,'1184594',2253,,5124,11,,,0
13019,'1184597',623,,5125,11,,,0
13019,'1184656',2223,,5126,11,,,0
13019,'1184680',2023,,5127,11,,,0
13019,'1184707',1824,,5128,11,,,0
13019,'1184739',1023,,5129,11,,,0
13019,'1184763',653,,5130,11,,,0
13019,'1184782',1024,,5131,11,,,0
13019,'1184816',753,,5132,11,,,0
13019,'1184967',1524,,5133,11,,,0
13019,'1185101',1654,,5134,11,,,0
13019,'1185148',1753,,5135,11,,,0
13019,'1185153',923,,5136,11,,,0
13019,'1185203',824,,5137,11,,,0
13019,'1185275',1624,,5138,11,,,0
13019,'1185347',2224,,5139,11,,,0
13019,'1185433',1423,,5140,11,,,0
13019,'1185449',2358,,5141,11,,,0
13019,'1185488',723,,5142,11,,,0
13019,'1185552',823,,5143,11,,,0
13019,'1185574',853,,5144,11,,,0
13019,'1185586',1124,,5145,11,,,0
13019,'1185648',1723,,5146,11,,,0
13019,'1185683',2024,,5147,11,,,0
13019,'1185762',2324,,5148,11,,,0
13019,'1185839',1424,,5150,11,,,0
13019,'1185874',2123,,5151,11,,,0
13019,'1185879',1524,,5152,11,,,0
13019,'1185882',1424,,5153,11,,,0
13019,'1185890',1724,,5154,11,,,0
13019,'1185893',1623,,5155,11,,,0
13019,'1185903',923,,5156,11,,,0
13019,'1185910',1324,,5157,11,,,0
13019,'1185915',1823,,5158,11,,,0
13019,'1185942',724,,5159,11,,,0
13019,'1185952',2053,,5160,11,,,0
13019,'1186041',2124,,5161,11,,,0
13019,'1186117',1323,,5162,11,,,0
13019,'1186127',2153,,5163,11,,,0
13019,'1186197',1123,,5164,11,,,0
13019,'1186271',1953,,5165,11,,,0
13019,'1186295',723,,5166,11,,,0
13019,'1186341',1224,,5167,11,,,0
13019,'1186370',1124,,5168,11,,,0
13019,'1186393',1523,,5169,11,,,0
13019,'1186564',1923,,5170,11,,,0
13019,'1186586',1223,,5171,11,,,0
13019,'1186730',953,,5172,11,,,0
13019,'1186805',1853,,5173,11,,,0
13019,'1186809',924,,5174,11,,,0
13019,'1186845',823,,5175,11,,,0
13019,'1186852',1724,,5176,11,,,0
13019,'1187032',1924,,5178,11,,,0
13019,'1187103',1624,,5179,11,,,0
13019,'1187170',1554,,5180,11,,,0
13019,'1187172',1454,,5181,11,,,0
13019,'1187197',1024,,5182,11,,,0
101029,'1184516',2357,,6162,11,,,0
101029,'1184584',1222,,6163,11,,,0
101029,'1184684',1737,,6164,11,,,0
101029,'1184724',937,,6165,11,,,0
101029,'1184785',1439,,6166,11,,,0
101029,'1184855',1422,,6167,11,,,0
101029,'1184926',1822,,6168,11,,,0
101029,'1185015',737,,6169,11,,,0
101029,'1185081',2222,,6170,11,,,0
101029,'1185143',2022,,6171,11,,,0
101029,'1185204',1022,,6172,11,,,0
101029,'1185400',1622,,6173,11,,,0
101029,'1185619',1037,,6174,11,,,0
101029,'1185726',2022,,6175,11,,,0
101029,'1185794',1222,,6176,11,,,0
101029,'1185824',1422,,6177,11,,,0
101029,'1185854',1822,,6178,11,,,0
101029,'1186045',822,,6179,11,,,0
101029,'1186082',1639,,6180,11,,,0
101029,'1186107',622,,6181,11,,,0
101029,'1186135',637,,6182,11,,,0
101029,'1186138',1622,,6183,11,,,0
101029,'1186184',837,,6184,11,,,0
101029,'1186356',2137,,6185,11,,,0
101029,'1186395',822,,6186,11,,,0
101029,'1186597',1539,,6187,11,,,0
101029,'1186712',2222,,6188,11,,,0
101029,'1186784',1937,,6189,11,,,0
101029,'1186801',1022,,6190,11,,,0
101029,'1186815',1339,,6191,11,,,0
101029,'1187194',1239,,6192,11,,,0
