102019,'1190597',2106,,9039,20,4,,0
102019,'1190642',1219,,9040,20,4,,0
102019,'1190683',1336,,9041,20,4,,0
102019,'1190693',2236,,9042,20,4,,0
102019,'1190718',1906,,9043,20,4,,0
102019,'1190741',1136,,9044,20,4,,0
102019,'1190744',2249,,9045,20,4,,0
102019,'1190821',1649,,9046,20,4,,0
102019,'1190958',2336,,9047,20,4,,0
102019,'1191221',651,,9048,20,4,,0
102019,'1191235',1006,,9049,20,4,,0
102019,'1191363',836,,9050,20,4,,0
102019,'1191366',1949,,9051,20,4,,0
102019,'1191400',2119,,9052,20,4,,0
102019,'1191449',1636,,9053,20,4,,0
102019,'1191519',1436,,9054,20,4,,0
102019,'1191533',951,,9055,20,4,,0
102019,'1191546',919,,9056,20,4,,0
102019,'1191550',1606,,9057,20,4,,0
102019,'1191628',1736,,9058,20,4,,0
102019,'1191743',1306,,9059,20,4,,0
102019,'1191774',906,,9060,20,4,,0
102019,'1191788',1421,,9061,20,4,,0
102019,'1191823',2036,,9062,20,4,,0
102019,'1192057',1349,,9063,20,4,,0
102019,'1192080',1936,,9064,20,4,,0
102019,'1192239',1206,,9065,20,4,,0
102019,'1192244',2406,,9066,20,4,,0
102019,'1192255',1036,,9067,20,4,,0
102019,'1192441',606,,9068,20,4,,0
102019,'1192464',706,,9069,20,4,,0
102019,'1192471',1049,,9070,20,4,,0
102019,'1192484',821,,9071,20,4,,0
102019,'1192625',1721,,9072,20,4,,0
102019,'1192766',2206,,9073,20,4,,0
102019,'1192942',1806,,9074,20,4,,0
102019,'1192981',1519,,9075,20,4,,0
102019,'1193042',1819,,9076,20,4,,0
102019,'1193104',1551,,9077,20,4,,0
102019,'1193216',1506,,9078,20,4,,0
102019,'1193256',749,,9079,20,4,,0
102019,'1193275',736,,9080,20,4,,0
102029,'1190835',1907,,9081,1,,,0
102029,'1190937',627,,9082,1,,,0
102029,'1191107',2207,,9083,1,,,0
102029,'1191135',737,,9084,1,,,0
102029,'1191154',1519,,9085,1,,,0
102029,'1191181',1137,,9086,1,,,0
102029,'1191262',1437,,9087,1,,,0
102029,'1191304',707,,9088,1,,,0
102029,'1191433',907,,9089,1,,,0
102029,'1191481',1219,,9090,1,,,0
102029,'1191496',2237,,9091,1,,,0
102029,'1191671',837,,9092,1,,,0
102029,'1191758',2249,,9093,1,,,0
102029,'1191805',1552,,9094,1,,,0
102029,'1191922',607,,9095,1,,,0
102029,'1191944',1349,,9096,1,,,0
102029,'1192040',1307,,9097,1,,,0
102029,'1192054',1337,,9098,1,,,0
102029,'1192104',2119,,9099,1,,,0
102029,'1192165',1007,,9100,1,,,0
102029,'1192219',2107,,9101,1,,,0
102029,'1192229',1819,,9102,1,,,0
102029,'1192269',1507,,9103,1,,,0
102029,'1192425',1207,,9104,1,,,0
102029,'1192453',1949,,9105,1,,,0
102029,'1192474',2337,,9106,1,,,0
102029,'1192505',652,,9107,1,,,0
102029,'1192509',1937,,9108,1,,,0
102029,'1192621',1722,,9109,1,,,0
102029,'1192631',952,,9110,1,,,0
102029,'1192823',749,,9111,1,,,0
102029,'1192857',1649,,9112,1,,,0
102029,'1192870',1607,,9113,1,,,0
102029,'1192893',1807,,9114,1,,,0
102029,'1192925',1637,,9115,1,,,0
102029,'1192999',919,,9116,1,,,0
102029,'1193000',2407,,9117,1,,,0
102029,'1193010',1037,,9118,1,,,0
102029,'1193070',822,,9119,1,,,0
102029,'1193101',1049,,9120,1,,,0
102029,'1193141',2037,,9121,1,,,0
102029,'1193243',1737,,9122,1,,,0
102029,'1193313',1422,,9123,1,,,0
