105029,'1190637',805,,9337,8,,,0
105029,'1190832',651,,9338,8,,,0
105029,'1190854',1451,,9339,8,,,0
105029,'1190856',1306,,9340,8,,,0
105029,'1190924',2356,,9341,8,,,0
105029,'1190926',1406,,9342,8,,,0
105029,'1190965',1421,,9343,8,,,0
105029,'1190981',621,,9344,8,,,0
105029,'1191222',2205,,9345,8,,,0
105029,'1191223',1636,,9346,8,,,0
105029,'1191285',1951,,9347,8,,,0
105029,'1191307',1521,,9348,8,,,0
105029,'1191404',1506,,9349,8,,,0
105029,'1191423',1351,,9350,8,,,0
105029,'1191572',1006,,9351,8,,,0
105029,'1191670',1720,,9352,8,,,0
105029,'1191739',1736,,9353,8,,,0
105029,'1191784',1306,,9354,8,,,0
105029,'1191846',951,,9355,8,,,0
105029,'1191848',1206,,9356,8,,,0
105029,'1191910',2405,,9357,8,,,0
105029,'1191936',1520,,9358,8,,,0
105029,'1192016',721,,9359,8,,,0
105029,'1192019',1806,,9360,8,,,0
105029,'1192058',2320,,9361,8,,,0
105029,'1192150',720,,9362,8,,,0
105029,'1192180',1920,,9363,8,,,0
105029,'1192198',2251,,9364,8,,,0
105029,'1192205',605,,9365,8,,,0
105029,'1192224',1606,,9366,8,,,0
105029,'1192338',1821,,9367,8,,,0
105029,'1192379',2051,,9368,8,,,0
105029,'1192463',1320,,9369,8,,,0
105029,'1192488',1106,,9370,8,,,0
105029,'1192491',751,,9371,8,,,0
105029,'1192500',851,,9372,8,,,0
105029,'1192511',2005,,9373,8,,,0
105029,'1192662',1606,,9374,8,,,0
105029,'1192694',1051,,9375,8,,,0
105029,'1192728',2120,,9376,8,,,0
105029,'1193038',1206,,9377,8,,,0
105029,'1193130',1120,,9378,8,,,0
105029,'1193181',1706,,9379,8,,,0
105029,'1193225',1706,,9380,8,,,0
105029,'1193234',920,,9381,8,,,0
105029,'1193316',2151,,9382,8,,,0
106019,'1190751',706,,9383,8,,,0
106019,'1190960',1651,,9384,8,,,0
106019,'1191191',1806,,9385,8,,,0
106019,'1191645',936,,9386,8,,,0
106019,'1192317',1536,,9387,8,,,0
106019,'1192475',821,,9388,8,,,0
140001029,'1190599',1151,,9532,8,,,0
140001029,'1190600',920,,9533,8,,,0
140001029,'1190621',2251,,9534,8,,,0
140001029,'1190654',2250,,9535,8,,,0
140001029,'1190676',2221,,9536,8,,,0
140001029,'1190705',1622,,9537,8,,,0
140001029,'1190711',820,,9538,8,,,0
140001029,'1190715',1637,,9539,8,,,0
140001029,'1190737',2120,,9540,8,,,0
140001029,'1190823',1106,,9541,8,,,0
140001029,'1190849',1221,,9542,8,,,0
140001029,'1190851',1706,,9543,8,,,0
140001029,'1190861',735,,9544,8,,,0
140001029,'1190919',621,,9545,8,,,0
140001029,'1190942',835,,9546,8,,,0
140001029,'1190950',1036,,9547,8,,,0
140001029,'1190977',1021,,9548,8,,,0
140001029,'1191006',1051,,9549,8,,,0
140001029,'1191022',1751,,9550,8,,,0
140001029,'1191026',1921,,9551,8,,,0
140001029,'1191051',1652,,9552,8,,,0
140001029,'1191073',1806,,9553,8,,,0
140001029,'1191077',1851,,9554,8,,,0
140001029,'1191100',1522,,9555,8,,,0
140001029,'1191110',1537,,9556,8,,,0
140001029,'1191120',2036,,9557,8,,,0
140001029,'1191183',1336,,9558,8,,,0
140001029,'1191185',1421,,9559,8,,,0
140001029,'1191195',1452,,9560,8,,,0
140001029,'1191197',1006,,9561,8,,,0
140001029,'1191229',750,,9562,8,,,0
140001029,'1191239',1006,,9563,8,,,0
140001029,'1191241',751,,9564,8,,,0
140001029,'1191249',1136,,9565,8,,,0
140001029,'1191251',851,,9566,8,,,0
140001029,'1191260',1151,,9567,8,,,0
140001029,'1191273',1251,,9568,8,,,0
140001029,'1191279',850,,9569,8,,,0
140001029,'1191347',1436,,9570,8,,,0
140001029,'1191349',1552,,9571,8,,,0
140001029,'1191357',635,,9572,8,,,0
140001029,'1191358',1536,,9573,8,,,0
140001029,'1191362',720,,9574,8,,,0
140001029,'1191369',1121,,9575,8,,,0
140001029,'1191374',705,,9576,8,,,0
140001029,'1191422',1921,,9577,8,,,0
140001029,'1191436',1606,,9578,8,,,0
140001029,'1191459',2051,,9579,8,,,0
140001029,'1191461',1721,,9580,8,,,0
140001029,'1191510',1221,,9581,8,,,0
140001029,'1191569',1821,,9582,8,,,0
140001029,'1191585',1621,,9583,8,,,0
140001029,'1191594',2355,,9584,8,,,0
140001029,'1191599',1321,,9585,8,,,0
140001029,'1191617',2221,,9586,8,,,0
140001029,'1191627',921,,9587,8,,,0
140001029,'1191654',1936,,9588,8,,,0
140001029,'1191672',1021,,9589,8,,,0
140001029,'1191688',1806,,9590,8,,,0
140001029,'1191700',2151,,9591,8,,,0
140001029,'1191703',1722,,9592,8,,,0
140001029,'1191748',721,,9593,8,,,0
140001029,'1191749',2021,,9594,8,,,0
140001029,'1191752',1951,,9595,8,,,0
140001029,'1191781',1206,,9596,8,,,0
140001029,'1191787',1906,,9597,8,,,0
140001029,'1191809',1051,,9598,8,,,0
140001029,'1191814',1921,,9599,8,,,0
140001029,'1191822',1136,,9600,8,,,0
140001029,'1191880',1422,,9601,8,,,0
140001029,'1191895',1551,,9602,8,,,0
140001029,'1191933',1437,,9603,8,,,0
140001029,'1191962',1251,,9604,8,,,0
140001029,'1191971',1521,,9605,8,,,0
140001029,'1191993',1206,,9606,8,,,0
140001029,'1192009',1236,,9607,8,,,0
140001029,'1192030',2220,,9608,8,,,0
140001029,'1192075',1707,,9609,8,,,0
140001029,'1192076',1506,,9610,8,,,0
140001029,'1192085',721,,9611,8,,,0
140001029,'1192192',1951,,9612,8,,,0
140001029,'1192204',2021,,9613,8,,,0
140001029,'1192231',950,,9614,8,,,0
140001029,'1192238',951,,9615,8,,,0
140001029,'1192242',1507,,9616,8,,,0
140001029,'1192251',2121,,9617,8,,,0
140001029,'1192270',2351,,9618,8,,,0
140001029,'1192275',1636,,9619,8,,,0
140001029,'1192298',1621,,9620,8,,,0
140001029,'1192358',1821,,9621,8,,,0
140001029,'1192364',2320,,9622,8,,,0
140001029,'1192382',1737,,9623,8,,,0
140001029,'1192427',2006,,9624,8,,,0
140001029,'1192462',1021,,9625,8,,,0
140001029,'1192467',1321,,9626,8,,,0
140001029,'1192479',2051,,9627,8,,,0
140001029,'1192506',651,,9628,8,,,0
140001029,'1192539',1121,,9629,8,,,0
140001029,'1192548',936,,9630,8,,,0
140001029,'1192550',1236,,9631,8,,,0
140001029,'1192559',935,,9632,8,,,0
140001029,'1192568',821,,9633,8,,,0
140001029,'1192571',805,,9634,8,,,0
140001029,'1192572',1521,,9635,8,,,0
140001029,'1192575',650,,9636,8,,,0
140001029,'1192584',1736,,9637,8,,,0
140001029,'1192594',1036,,9638,8,,,0
140001029,'1192612',1451,,9639,8,,,0
140001029,'1192644',1607,,9640,8,,,0
140001029,'1192648',1306,,9641,8,,,0
140001029,'1192665',905,,9642,8,,,0
140001029,'1192677',921,,9643,8,,,0
140001029,'1192732',1352,,9644,8,,,0
140001029,'1192736',1751,,9645,8,,,0
140001029,'1192755',1851,,9646,8,,,0
140001029,'1192762',1836,,9647,8,,,0
140001029,'1192794',2021,,9648,8,,,0
140001029,'1192842',1321,,9649,8,,,0
140001029,'1192858',1306,,9650,8,,,0
140001029,'1192901',1836,,9651,8,,,0
140001029,'1192907',1351,,9652,8,,,0
140001029,'1192922',1121,,9653,8,,,0
140001029,'1192938',1106,,9654,8,,,0
140001029,'1192969',1221,,9655,8,,,0
140001029,'1193035',2321,,9656,8,,,0
140001029,'1193142',1721,,9657,8,,,0
140001029,'1193157',2150,,9658,8,,,0
140001029,'1193158',2321,,9659,8,,,0
140001029,'1193196',1406,,9660,8,,,0
140001029,'1193202',2121,,9661,8,,,0
140001029,'1193206',1336,,9662,8,,,0
140001029,'1193223',1421,,9663,8,,,0
140001029,'1193237',821,,9664,8,,,0
140001029,'1193252',620,,9665,8,,,0
140001029,'1193289',1407,,9666,8,,,0
140001029,'1193293',1821,,9667,8,,,0
140001029,'1193306',1651,,9668,8,,,0
