3029,'1190608',805,,7499,29,,,0
3029,'1190611',1950,,7500,29,,,0
3029,'1190627',1753,,7501,29,,,0
3029,'1190644',1524,,7502,29,,,0
3029,'1190703',905,,7503,29,,,0
3029,'1190736',1224,,7504,29,,,0
3029,'1190789',1653,,7505,29,,,0
3029,'1190824',2250,,7506,29,,,0
3029,'1190826',1105,,7507,29,,,0
3029,'1190828',1805,,7508,29,,,0
3029,'1190874',752,,7509,29,,,0
3029,'1190893',1205,,7510,29,,,0
3029,'1190909',1122,,7511,29,,,0
3029,'1190946',1453,,7512,29,,,0
3029,'1190994',750,,7513,29,,,0
3029,'1191014',922,,7514,29,,,0
3029,'1191024',1824,,7515,29,,,0
3029,'1191040',1554,,7516,29,,,0
3029,'1191098',1850,,7517,29,,,0
3029,'1191158',2350,,7518,29,,,0
3029,'1191226',950,,7519,29,,,0
3029,'1191231',1254,,7520,29,,,0
3029,'1191245',1005,,7521,29,,,0
3029,'1191258',722,,7522,29,,,0
3029,'1191314',1454,,7523,29,,,0
3029,'1191341',1605,,7524,29,,,0
3029,'1191381',1705,,7525,29,,,0
3029,'1191407',2205,,7526,29,,,0
3029,'1191474',2405,,7527,29,,,0
3029,'1191535',1050,,7528,29,,,0
3029,'1191540',1754,,7529,29,,,0
3029,'1191586',2250,,7530,29,,,0
3029,'1191666',2150,,7531,29,,,0
3029,'1191712',1424,,7532,29,,,0
3029,'1191791',1654,,7533,29,,,0
3029,'1191888',2005,,7534,29,,,0
3029,'1191899',1950,,7535,29,,,0
3029,'1191925',1553,,7536,29,,,0
3029,'1191939',2346,,7537,29,,,0
3029,'1192011',1905,,7538,29,,,0
3029,'1192084',2150,,7539,29,,,0
3029,'1192087',952,,7540,29,,,0
3029,'1192092',1405,,7541,29,,,0
3029,'1192097',650,,7542,29,,,0
3029,'1192186',1850,,7543,29,,,0
3029,'1192237',1353,,7544,29,,,0
3029,'1192250',2305,,7545,29,,,0
3029,'1192257',1724,,7546,29,,,0
3029,'1192374',2050,,7547,29,,,0
3029,'1192469',1154,,7548,29,,,0
3029,'1192581',2105,,7549,29,,,0
3029,'1192585',1253,,7550,29,,,0
3029,'1192635',852,,7551,29,,,0
3029,'1192717',652,,7552,29,,,0
3029,'1192825',1305,,7553,29,,,0
3029,'1192832',1324,,7554,29,,,0
3029,'1192839',2050,,7555,29,,,0
3029,'1192856',1022,,7556,29,,,0
3029,'1192861',1052,,7557,29,,,0
3029,'1193034',1505,,7558,29,,,0
3029,'1193061',850,,7559,29,,,0
3029,'1193095',822,,7560,29,,,0
3029,'1193126',1624,,7561,29,,,0
3029,'1193264',1153,,7562,29,,,0
3029,'1193282',1354,,7563,29,,,0
10019,'1193432',1105,,9945,37,,,0
10019,'1193436',1735,,9946,37,,,0
10019,'1193437',2235,,9947,37,,,0
10019,'1193439',1205,,9948,37,,,0
10019,'1193447',2405,,9949,37,,,0
10019,'1193449',1835,,9950,37,,,0
10019,'1193451',2205,,9951,37,,,0
10019,'1193452',1305,,9952,37,,,0
10019,'1193454',1505,,9953,37,,,0
10019,'1193455',1307,,9954,37,,,0
10019,'1193456',636,,9955,37,,,0
10019,'1193457',906,,9956,37,,,0
10019,'1193458',905,,9957,37,,,0
10019,'1193459',1805,,9958,37,,,0
10019,'1193460',805,,9959,37,,,0
10019,'1193465',1705,,9960,37,,,0
10019,'1193467',1507,,9961,37,,,0
10019,'1193472',705,,9962,37,,,0
10019,'1193473',2105,,9963,37,,,0
10019,'1193477',2335,,9964,37,,,0
10019,'1193478',1605,,9965,37,,,0
10019,'1193485',1207,,9966,37,,,0
10019,'1193486',1705,,9967,37,,,0
10019,'1193489',2205,,9968,37,,,0
10019,'1193490',1105,,9969,37,,,0
10019,'1193492',1107,,9970,37,,,0
10019,'1193493',1705,,9971,37,,,0
10019,'1193495',1405,,9972,37,,,0
10019,'1193500',1005,,9973,37,,,0
10019,'1193501',1935,,9974,37,,,0
10019,'1193502',1635,,9975,37,,,0
10019,'1193503',2035,,9976,37,,,0
10019,'1193507',1905,,9977,37,,,0
10019,'1193508',806,,9978,37,,,0
10019,'1193511',1605,,9979,37,,,0
10019,'1193512',1205,,9980,37,,,0
10019,'1193513',805,,9981,37,,,0
10019,'1193516',2005,,9982,37,,,0
10019,'1193517',736,,9983,37,,,0
10019,'1193518',2005,,9984,37,,,0
10019,'1193519',2135,,9985,37,,,0
10019,'1193522',1005,,9986,37,,,0
10019,'1193523',1805,,9987,37,,,0
10019,'1193524',936,,9988,37,,,0
10019,'1193525',706,,9989,37,,,0
10019,'1193527',1006,,9990,37,,,0
10019,'1193529',2305,,9991,37,,,0
10019,'1193530',1805,,9992,37,,,0
10019,'1193531',1505,,9993,37,,,0
10019,'1193532',1536,,9994,37,,,0
10019,'1193533',1407,,9995,37,,,0
10019,'1193534',836,,9996,37,,,0
10019,'1193535',2105,,9997,37,,,0
10019,'1193536',1605,,9998,37,,,0
10019,'1193537',1305,,9999,37,,,0
10019,'1193540',2405,,10000,37,,,0
10019,'1193541',1405,,10001,37,,,0
10019,'1193543',2305,,10002,37,,,0
10019,'1193545',905,,10003,37,,,0
10019,'1193549',1905,,10004,37,,,0
13029,'1190748',1605,,8029,26,,,0
13029,'1190784',1807,,8030,26,,,0
13029,'1190796',2134,,8031,26,,,0
13029,'1190929',1105,,8032,26,,,0
13029,'1190969',1034,,8033,26,,,0
13029,'1191018',1305,,8034,26,,,0
13029,'1191033',634,,8035,26,,,0
13029,'1191057',1805,,8036,26,,,0
13029,'1191072',2104,,8037,26,,,0
13029,'1191114',1307,,8038,26,,,0
13029,'1191152',2205,,8039,26,,,0
13029,'1191172',805,,8040,26,,,0
13029,'1191186',1507,,8041,26,,,0
13029,'1191234',2405,,8042,26,,,0
13029,'1191244',2305,,8043,26,,,0
13029,'1191326',2105,,8044,26,,,0
13029,'1191368',1637,,8045,26,,,0
13029,'1191623',1207,,8046,26,,,0
13029,'1191693',1705,,8047,26,,,0
13029,'1191716',804,,8048,26,,,0
13029,'1191725',704,,8049,26,,,0
13029,'1191812',704,,8050,26,,,0
13029,'1191861',2004,,8051,26,,,0
13029,'1191866',804,,8052,26,,,0
13029,'1191929',1607,,8053,26,,,0
13029,'1191941',1904,,8054,26,,,0
13029,'1191987',1505,,8055,26,,,0
13029,'1192037',1405,,8056,26,,,0
13029,'1192114',2005,,8057,26,,,0
13029,'1192117',904,,8058,26,,,0
13029,'1192120',1405,,8059,26,,,0
13029,'1192134',2304,,8060,26,,,0
13029,'1192157',1005,,8061,26,,,0
13029,'1192158',1505,,8062,26,,,0
13029,'1192164',905,,8063,26,,,0
13029,'1192190',1205,,8064,26,,,0
13029,'1192202',2204,,8065,26,,,0
13029,'1192230',1407,,8066,26,,,0
13029,'1192308',1905,,8067,26,,,0
13029,'1192320',834,,8068,26,,,0
13029,'1192403',935,,8069,26,,,0
13029,'1192519',1605,,8070,26,,,0
13029,'1192654',1737,,8071,26,,,0
13029,'1192739',2234,,8072,26,,,0
13029,'1192740',2334,,8073,26,,,0
13029,'1192743',1104,,8074,26,,,0
13029,'1192770',1705,,8075,26,,,0
13029,'1192773',1707,,8076,26,,,0
13029,'1192843',2404,,8077,26,,,0
13029,'1192910',1004,,8078,26,,,0
13029,'1192970',1538,,8079,27,,,0
13029,'1192977',1934,,8080,26,,,0
13029,'1193002',1205,,8081,26,,,0
13029,'1193005',1108,,8082,26,,,0
13029,'1193028',1834,,8083,26,,,0
13029,'1193062',734,,8084,26,,,0
13029,'1193086',2034,,8085,26,,,0
13029,'1193110',1805,,8086,26,,,0
13029,'1193245',1005,,8087,26,,,0
13029,'1193295',1305,,8088,26,,,0
13029,'1193310',905,,8089,26,,,0
14019,'1190713',1409,,8090,46,,,0
14019,'1190728',1506,,8091,46,,,0
14019,'1190978',1709,,8092,46,,,0
14019,'1191058',2306,,8093,46,,,0
14019,'1191091',1706,,8094,46,,,0
14019,'1191115',807,,8095,46,,,0
14019,'1191156',1539,,8096,46,,,0
14019,'1191182',1306,,8097,46,,,0
14019,'1191216',1409,,8098,46,,,0
14019,'1191274',1406,,8099,46,,,0
14019,'1191284',2406,,8100,46,,,0
14019,'1191353',1906,,8101,46,,,0
14019,'1191434',1006,,8102,46,,,0
14019,'1191451',1007,,8103,46,,,0
14019,'1191488',1309,,8104,46,,,0
14019,'1191517',707,,8105,46,,,0
14019,'1191609',2337,,8106,46,,,0
14019,'1191614',1837,,8107,46,,,0
14019,'1191636',1809,,8108,46,,,0
14019,'1191714',1209,,8109,46,,,0
14019,'1191747',1509,,8110,46,,,0
14019,'1191757',937,,8111,46,,,0
14019,'1191841',806,,8112,46,,,0
14019,'1191852',1937,,8113,46,,,0
14019,'1191970',2206,,8114,46,,,0
14019,'1191991',2106,,8115,46,,,0
14019,'1191996',1006,,8116,46,,,0
14019,'1192119',2237,,8117,46,,,0
14019,'1192156',1609,,8118,46,,,0
14019,'1192290',2306,,8119,46,,,0
14019,'1192324',2206,,8120,46,,,0
14019,'1192341',737,,8121,46,,,0
14019,'1192355',1806,,8122,46,,,0
14019,'1192458',906,,8123,46,,,0
14019,'1192538',1709,,8124,46,,,0
14019,'1192564',2406,,8125,46,,,0
14019,'1192566',2006,,8126,46,,,0
14019,'1192675',1206,,8127,46,,,0
14019,'1192682',1606,,8128,46,,,0
14019,'1192692',1106,,8129,46,,,0
14019,'1192713',1906,,8130,46,,,0
14019,'1192727',1309,,8131,46,,,0
14019,'1192788',1509,,8132,46,,,0
14019,'1192791',1209,,8133,46,,,0
14019,'1192803',837,,8134,46,,,0
14019,'1192827',2106,,8135,46,,,0
14019,'1192837',907,,8136,46,,,0
14019,'1192840',1639,,8137,46,,,0
14019,'1192863',2137,,8138,46,,,0
14019,'1192916',2006,,8139,46,,,0
14019,'1192927',906,,8140,46,,,0
14019,'1192946',2037,,8141,46,,,0
14019,'1192962',1109,,8142,46,,,0
14019,'1192987',1809,,8143,46,,,0
14019,'1193071',1109,,8144,46,,,0
14019,'1193088',1739,,8145,46,,,0
14019,'1193127',1609,,8146,46,,,0
14019,'1193190',706,,8147,46,,,0
14019,'1193242',806,,8148,46,,,0
26029,'1190602',1224,,8654,19,,,0
26029,'1190667',2208,,8655,19,,,0
26029,'1190669',2223,,8656,19,,,0
26029,'1190670',1908,,8657,19,,,0
26029,'1190686',1824,,8658,19,,,0
26029,'1190712',1308,,8659,19,,,0
26029,'1190727',1724,,8660,19,,,0
26029,'1190889',622,,8661,19,,,0
26029,'1190895',1923,,8662,19,,,0
26029,'1190902',2123,,8663,19,,,0
26029,'1190943',1023,,8664,19,,,0
26029,'1191009',924,,8665,19,,,0
26029,'1191080',1524,,8666,19,,,0
26029,'1191118',1454,,8667,19,,,0
26029,'1191163',2108,,8668,19,,,0
26029,'1191253',2222,,8669,19,,,0
26029,'1191395',908,,8670,19,,,0
26029,'1191440',824,,8671,19,,,0
26029,'1191476',1208,,8672,19,,,0
26029,'1191491',722,,8673,19,,,0
26029,'1191544',1054,,8674,19,,,0
26029,'1191695',624,,8675,19,,,0
26029,'1191702',2123,,8676,19,,,0
26029,'1191808',2323,,8677,19,,,0
26029,'1191881',1723,,8678,19,,,0
26029,'1191902',822,,8679,19,,,0
26029,'1191938',1354,,8680,19,,,0
26029,'1191960',2008,,8681,19,,,0
26029,'1191972',1324,,8682,19,,,0
26029,'1192035',1608,,8683,19,,,0
26029,'1192047',1524,,8684,19,,,0
26029,'1192090',1108,,8685,19,,,0
26029,'1192249',2308,,8686,19,,,0
26029,'1192289',1124,,8687,19,,,0
26029,'1192423',1424,,8688,19,,,0
26029,'1192540',724,,8689,19,,,0
26029,'1192618',1625,,8690,19,,,0
26029,'1192622',2322,,8691,19,,,0
26029,'1192646',1408,,8692,19,,,0
26029,'1192657',1823,,8693,19,,,0
26029,'1192671',1154,,8694,19,,,0
26029,'1192730',2023,,8695,19,,,0
26029,'1192771',1808,,8696,19,,,0
26029,'1192852',922,,8697,19,,,0
26029,'1192897',1508,,8698,19,,,0
26029,'1192921',1008,,8699,19,,,0
26029,'1192966',1254,,8700,19,,,0
26029,'1193122',808,,8701,19,,,0
26029,'1193153',1623,,8702,19,,,0
26029,'1193187',2023,,8703,19,,,0
26029,'1193205',1024,,8704,19,,,0
26029,'1193258',1708,,8705,19,,,0
26029,'1193297',1923,,8706,19,,,0
