10029,'1190625',2019,,7624,8,,,0
10029,'1190724',2319,,7625,8,,,0
10029,'1190730',2049,,7626,8,,,0
10029,'1190839',919,,7627,8,,,0
10029,'1190853',1919,,7628,8,,,0
10029,'1190869',1119,,7629,8,,,0
10029,'1190878',919,,7630,8,,,0
10029,'1191049',849,,7631,8,,,0
10029,'1191062',1719,,7632,8,,,0
10029,'1191108',819,,7633,8,,,0
10029,'1191123',1519,,7634,8,,,0
10029,'1191144',1419,,7635,8,,,0
10029,'1191159',1119,,7636,8,,,0
10029,'1191202',719,,7637,8,,,0
10029,'1191277',2354,,7638,8,,,0
10029,'1191483',1519,,7639,8,,,0
10029,'1191570',1319,,7640,8,,,0
10029,'1191573',1319,,7641,8,,,0
10029,'1191576',1219,,7642,8,,,0
10029,'1191584',2219,,7643,8,,,0
10029,'1191619',1519,,7644,8,,,0
10029,'1191622',1319,,7645,8,,,0
10029,'1191648',1719,,7646,8,,,0
10029,'1191723',1819,,7647,8,,,0
10029,'1191745',1019,,7648,8,,,0
10029,'1191751',1719,,7649,8,,,0
10029,'1191792',1419,,7650,8,,,0
10029,'1191801',1619,,7651,8,,,0
10029,'1191827',2019,,7652,8,,,0
10029,'1191830',619,,7653,8,,,0
10029,'1191857',1749,,7654,8,,,0
10029,'1191872',1849,,7655,8,,,0
10029,'1191903',1219,,7656,8,,,0
10029,'1191920',719,,7657,8,,,0
10029,'1191954',2119,,7658,8,,,0
10029,'1192064',719,,7659,8,,,0
10029,'1192201',1949,,7660,8,,,0
10029,'1192263',2249,,7661,8,,,0
10029,'1192276',819,,7662,8,,,0
10029,'1192303',819,,7663,8,,,0
10029,'1192360',649,,7664,8,,,0
10029,'1192391',919,,7665,8,,,0
10029,'1192433',1419,,7666,8,,,0
10029,'1192440',1449,,7667,8,,,0
10029,'1192529',1819,,7668,8,,,0
10029,'1192588',1619,,7669,8,,,0
10029,'1192664',2119,,7670,8,,,0
10029,'1192697',2219,,7671,8,,,0
10029,'1192781',1219,,7672,8,,,0
10029,'1192785',2149,,7673,8,,,0
10029,'1192846',1919,,7674,8,,,0
10029,'1192873',1619,,7675,8,,,0
10029,'1192880',1019,,7676,8,,,0
10029,'1192980',1119,,7677,8,,,0
10029,'1192995',749,,7678,8,,,0
10029,'1193051',1549,,7679,8,,,0
10029,'1193143',1649,,7680,8,,,0
10029,'1193171',1019,,7681,8,,,0
10029,'1193319',2319,,7682,8,,,0
