27029,'1184502',2304,,5913,5,,,0
27029,'1184539',1834,,5914,5,,,0
27029,'1184568',734,,5915,5,,,0
27029,'1184605',2249,,5916,5,,,0
27029,'1184658',1534,,5917,5,,,0
27029,'1184665',934,,5918,5,,,0
27029,'1184708',1549,,5919,5,,,0
27029,'1184726',749,,5920,5,,,0
27029,'1184731',734,,5921,5,,,0
27029,'1184823',1234,,5922,5,,,0
27029,'1184832',2149,,5923,5,,,0
27029,'1184865',1749,,5924,5,,,0
27029,'1184868',1434,,5925,5,,,0
27029,'1184983',934,,5926,5,,,0
27029,'1184991',1449,,5927,5,,,0
27029,'1185102',1834,,5928,5,,,0
27029,'1185115',1904,,5929,5,,,0
27029,'1185181',849,,5930,5,,,0
27029,'1185195',1134,,5931,5,,,0
27029,'1185209',2104,,5932,5,,,0
27029,'1185287',634,,5933,5,,,0
27029,'1185299',1934,,5934,5,,,0
27029,'1185407',1249,,5935,5,,,0
27029,'1185560',2004,,5936,5,,,0
27029,'1185666',1949,,5937,5,,,0
27029,'1185750',1434,,5938,5,,,0
27029,'1185850',1034,,5939,5,,,0
27029,'1186031',1849,,5940,5,,,0
27029,'1186098',1734,,5941,5,,,0
27029,'1186114',1134,,5942,5,,,0
27029,'1186168',2134,,5943,5,,,0
27029,'1186188',1049,,5944,5,,,0
27029,'1186251',2034,,5945,5,,,0
27029,'1186280',1349,,5946,5,,,0
27029,'1186313',1034,,5947,5,,,0
27029,'1186314',949,,5948,5,,,0
27029,'1186361',2049,,5949,5,,,0
27029,'1186373',1334,,5950,5,,,0
27029,'1186534',634,,5951,5,,,0
27029,'1186558',1634,,5952,5,,,0
27029,'1186690',834,,5953,5,,,0
27029,'1186707',1734,,5954,5,,,0
27029,'1186713',1234,,5955,5,,,0
27029,'1186720',1534,,5956,5,,,0
27029,'1186816',1334,,5957,5,,,0
27029,'1186921',1634,,5958,5,,,0
27029,'1186926',1649,,5959,5,,,0
27029,'1186927',2234,,5960,5,,,0
27029,'1187028',2204,,5961,5,,,0
27029,'1187035',1149,,5962,5,,,0
27029,'1187134',2334,,5963,5,,,0
27029,'1187145',834,,5964,5,,,0
