10029,'1193661',1522,,10124,14,,,0
10029,'1193662',1122,,10125,14,,,0
10029,'1193664',2022,,10126,14,,,0
10029,'1193666',1322,,10127,14,,,0
10029,'1193669',2322,,10128,14,,,0
10029,'1193670',1622,,10129,14,,,0
10029,'1193671',1522,,10130,14,,,0
10029,'1193672',851,,10131,14,,,0
10029,'1193673',2122,,10132,14,,,0
10029,'1193674',1422,,10133,14,,,0
10029,'1193676',1852,,10134,14,,,0
10029,'1193677',722,,10135,14,,,0
10029,'1193683',722,,10136,14,,,0
10029,'1193684',1722,,10137,14,,,0
10029,'1193685',1021,,10138,14,,,0
10029,'1193688',921,,10139,14,,,0
10029,'1193689',751,,10140,14,,,0
10029,'1193690',1952,,10141,14,,,0
10029,'1193692',2222,,10142,14,,,0
10029,'1193693',922,,10143,14,,,0
10029,'1193694',1321,,10144,14,,,0
10029,'1193695',651,,10145,14,,,0
10029,'1193696',621,,10146,14,,,0
10029,'1193699',2052,,10147,14,,,0
10029,'1193702',1122,,10148,14,,,0
10029,'1193705',1322,,10149,14,,,0
10029,'1193706',822,,10150,14,,,0
10029,'1193712',1822,,10151,14,,,0
10029,'1193713',2251,,10152,14,,,0
10029,'1193714',1722,,10153,14,,,0
10029,'1193716',1922,,10154,14,,,0
10029,'1193719',1421,,10155,14,,,0
10029,'1193721',1022,,10156,14,,,0
10029,'1193722',1222,,10157,14,,,0
10029,'1193723',922,,10158,14,,,0
10029,'1193726',1722,,10159,14,,,0
10029,'1193727',821,,10160,14,,,0
10029,'1193728',721,,10161,14,,,0
10029,'1193729',822,,10162,14,,,0
10029,'1193736',2356,,10163,14,,,0
10029,'1193741',2152,,10164,14,,,0
10029,'1193742',2022,,10165,14,,,0
10029,'1193744',1451,,10166,14,,,0
10029,'1193745',1552,,10167,14,,,0
10029,'1193746',1121,,10168,14,,,0
10029,'1193748',2222,,10169,14,,,0
10029,'1193750',1922,,10170,14,,,0
10029,'1193751',1022,,10171,14,,,0
10029,'1193753',1622,,10172,14,,,0
10029,'1193757',1221,,10173,14,,,0
10029,'1193758',1422,,10174,14,,,0
10029,'1193760',1222,,10175,14,,,0
10029,'1193762',1522,,10176,14,,,0
10029,'1193763',1652,,10177,14,,,0
10029,'1193764',1822,,10178,14,,,0
10029,'1193775',2322,,10179,14,,,0
10029,'1193776',2122,,10180,14,,,0
10029,'1193777',1752,,10181,14,,,0
10029,'1193778',1622,,10182,14,,,0
