11019,'1190643',944,,7683,6,,,0
11019,'1190656',1514,,7684,6,,,0
11019,'1190700',1647,,7685,6,,,0
11019,'1190734',2244,,7686,6,,,0
11019,'1190739',1114,,7687,6,,,0
11019,'1190806',644,,7688,6,,,0
11019,'1190843',747,,7689,6,,,0
11019,'1190863',944,,7690,6,,,0
11019,'1190899',1544,,7691,6,,,0
11019,'1190901',1714,,7692,6,,,0
11019,'1190931',1944,,7693,6,,,0
11019,'1190935',2114,,7694,6,,,0
11019,'1191012',1744,,7695,6,,,0
11019,'1191045',1247,,7696,6,,,0
11019,'1191105',1214,,7697,6,,,0
11019,'1191132',2047,,7698,6,,,0
11019,'1191187',1244,,7699,6,,,0
11019,'1191230',714,,7700,6,,,0
11019,'1191238',1444,,7701,6,,,0
11019,'1191240',1644,,7702,6,,,0
11019,'1191293',2044,,7703,6,,,0
11019,'1191319',614,,7704,6,,,0
11019,'1191389',2214,,7705,6,,,0
11019,'1191427',1044,,7706,6,,,0
11019,'1191450',1547,,7707,6,,,0
11019,'1191492',744,,7708,6,,,0
11019,'1191497',1644,,7709,6,,,0
11019,'1191518',2147,,7710,6,,,0
11019,'1191624',1614,,7711,6,,,0
11019,'1191660',744,,7712,6,,,0
11019,'1191669',1714,,7713,6,,,0
11019,'1191675',844,,7714,6,,,0
11019,'1191680',2144,,7715,6,,,0
11019,'1191681',2344,,7716,6,,,0
11019,'1191687',814,,7717,6,,,0
11019,'1191697',1347,,7718,6,,,0
11019,'1191719',1614,,7719,6,,,0
11019,'1191737',1447,,7720,6,,,0
11019,'1191835',1147,,7721,6,,,0
11019,'1191884',1144,,7722,6,,,0
11019,'1191966',947,,7723,6,,,0
11019,'1192002',1414,,7724,6,,,0
11019,'1192081',847,,7725,6,,,0
11019,'1192101',1214,,7726,6,,,0
11019,'1192118',1047,,7727,6,,,0
11019,'1192123',2347,,7728,6,,,0
11019,'1192175',1914,,7729,6,,,0
11019,'1192293',644,,7730,6,,,0
11019,'1192335',1744,,7731,6,,,0
11019,'1192350',1847,,7732,6,,,0
11019,'1192404',1144,,7733,6,,,0
11019,'1192406',1747,,7734,6,,,0
11019,'1192430',1844,,7735,6,,,0
11019,'1192493',1344,,7736,6,,,0
11019,'1192513',1244,,7737,6,,,0
11019,'1192569',1314,,7738,6,,,0
11019,'1192573',1314,,7739,6,,,0
11019,'1192733',844,,7740,6,,,0
11019,'1192768',2314,,7741,6,,,0
11019,'1192799',1344,,7742,6,,,0
11019,'1192975',1444,,7743,6,,,0
11019,'1193059',1544,,7744,6,,,0
11019,'1193066',1414,,7745,6,,,0
11019,'1193090',1814,,7746,6,,,0
11019,'1193120',914,,7747,6,,,0
11019,'1193180',1044,,7748,6,,,0
11019,'1193235',2014,,7749,6,,,0
11019,'1193239',1014,,7750,6,,,0
11019,'1193241',1947,,7751,6,,,0
11019,'1193277',2247,,7752,6,,,0
11019,'1193279',1514,,7753,6,,,0
140001019,'1190631',1355,,9395,6,,,0
140001019,'1190636',1140,,9396,6,,,0
140001019,'1190649',1659,,9397,6,,,0
140001019,'1190660',1458,,9398,6,,,0
140001019,'1190668',2409,,9399,6,,,0
140001019,'1190697',1125,,9400,6,,,0
140001019,'1190750',1839,,9401,6,,,0
140001019,'1190763',1058,,9402,6,,,0
140001019,'1190768',2239,,9403,6,,,0
140001019,'1190802',1655,,9404,6,,,0
140001019,'1190822',1939,,9405,6,,,0
140001019,'1190830',2339,,9406,6,,,0
140001019,'1190841',1744,,9407,6,,,0
140001019,'1190852',954,,9408,6,,,0
140001019,'1190870',1954,,9409,6,,,0
140001019,'1190873',1358,,9410,6,,,0
140001019,'1190888',1025,,9411,6,,,0
140001019,'1190922',2039,,9412,6,,,0
140001019,'1190923',1740,,9413,6,,,0
140001019,'1190968',1559,,9414,6,,,0
140001019,'1190976',1414,,9415,6,,,0
140001019,'1190979',1510,,9416,6,,,0
140001019,'1190980',2209,,9417,6,,,0
140001019,'1190982',754,,9418,6,,,0
140001019,'1190987',1054,,9419,6,,,0
140001019,'1191035',1909,,9420,6,,,0
140001019,'1191146',1824,,9421,6,,,0
140001019,'1191160',1039,,9422,6,,,0
140001019,'1191162',839,,9423,6,,,0
140001019,'1191165',2009,,9424,6,,,0
140001019,'1191177',1125,,9425,6,,,0
140001019,'1191204',1810,,9426,6,,,0
140001019,'1191212',2309,,9427,6,,,0
140001019,'1191215',709,,9428,6,,,0
140001019,'1191276',2258,,9429,6,,,0
140001019,'1191289',1939,,9430,6,,,0
140001019,'1191299',2139,,9431,6,,,0
140001019,'1191305',1040,,9432,6,,,0
140001019,'1191313',1924,,9433,6,,,0
140001019,'1191331',1240,,9434,6,,,0
140001019,'1191356',2109,,9435,6,,,0
140001019,'1191364',1355,,9436,6,,,0
140001019,'1191379',2158,,9437,6,,,0
140001019,'1191393',1055,,9438,6,,,0
140001019,'1191394',1525,,9439,6,,,0
140001019,'1191473',1629,,9440,6,,,0
140001019,'1191484',1710,,9441,6,,,0
140001019,'1191489',1854,,9442,6,,,0
140001019,'1191578',1009,,9443,6,,,0
140001019,'1191592',1225,,9444,6,,,0
140001019,'1191603',1325,,9445,6,,,0
140001019,'1191608',939,,9446,6,,,0
140001019,'1191621',1729,,9447,6,,,0
140001019,'1191634',1809,,9448,6,,,0
140001019,'1191651',1155,,9449,6,,,0
140001019,'1191665',1529,,9450,6,,,0
140001019,'1191677',1425,,9451,6,,,0
140001019,'1191683',824,,9452,6,,,0
140001019,'1191720',1658,,9453,6,,,0
140001019,'1191753',1155,,9454,6,,,0
140001019,'1191755',854,,9455,6,,,0
140001019,'1191764',639,,9456,6,,,0
140001019,'1191766',909,,9457,6,,,0
140001019,'1191775',1258,,9458,6,,,0
140001019,'1191778',724,,9459,6,,,0
140001019,'1191783',1455,,9460,6,,,0
140001019,'1191828',739,,9461,6,,,0
140001019,'1191833',1225,,9462,6,,,0
140001019,'1191839',2309,,9463,6,,,0
140001019,'1191847',858,,9464,6,,,0
140001019,'1191860',1210,,9465,6,,,0
140001019,'1191878',1958,,9466,6,,,0
140001019,'1191907',2039,,9467,6,,,0
140001019,'1191924',2054,,9468,6,,,0
140001019,'1191986',639,,9469,6,,,0
140001019,'1191995',958,,9470,6,,,0
140001019,'1192017',1755,,9471,6,,,0
140001019,'1192024',1854,,9472,6,,,0
140001019,'1192066',1310,,9473,6,,,0
140001019,'1192107',1459,,9474,6,,,0
140001019,'1192144',1110,,9475,6,,,0
140001019,'1192184',839,,9476,6,,,0
140001019,'1192207',1255,,9477,6,,,0
140001019,'1192211',2024,,9478,6,,,0
140001019,'1192278',1325,,9479,6,,,0
140001019,'1192346',1625,,9480,6,,,0
140001019,'1192348',1429,,9481,6,,,0
140001019,'1192349',1009,,9482,6,,,0
140001019,'1192369',1444,,9483,6,,,0
140001019,'1192375',1410,,9484,6,,,0
140001019,'1192393',1255,,9485,6,,,0
140001019,'1192397',2009,,9486,6,,,0
140001019,'1192398',924,,9487,6,,,0
140001019,'1192407',1725,,9488,6,,,0
140001019,'1192409',654,,9489,6,,,0
140001019,'1192507',1909,,9490,6,,,0
140001019,'1192524',954,,9491,6,,,0
140001019,'1192535',1640,,9492,6,,,0
140001019,'1192537',1544,,9493,6,,,0
140001019,'1192551',1558,,9494,6,,,0
140001019,'1192620',2109,,9495,6,,,0
140001019,'1192630',1514,,9496,6,,,0
140001019,'1192655',939,,9497,6,,,0
140001019,'1192688',2358,,9498,6,,,0
140001019,'1192690',1555,,9499,6,,,0
140001019,'1192691',2239,,9500,6,,,0
140001019,'1192720',1858,,9501,6,,,0
140001019,'1192769',709,,9502,6,,,0
140001019,'1192797',809,,9503,6,,,0
140001019,'1192798',2334,,9504,6,,,0
140001019,'1192805',1109,,9505,6,,,0
140001019,'1192806',1340,,9506,6,,,0
140001019,'1192822',1340,,9507,6,,,0
140001019,'1192844',1758,,9508,6,,,0
140001019,'1192862',1210,,9509,6,,,0
140001019,'1192889',2209,,9510,6,,,0
140001019,'1192903',2409,,9511,6,,,0
140001019,'1192904',2058,,9512,6,,,0
140001019,'1192960',1714,,9513,6,,,0
140001019,'1192983',1540,,9514,6,,,0
140001019,'1192989',1839,,9515,6,,,0
140001019,'1192993',1644,,9516,6,,,0
140001019,'1193007',739,,9517,6,,,0
140001019,'1193020',1440,,9518,6,,,0
140001019,'1193031',1614,,9519,6,,,0
140001019,'1193032',1758,,9520,6,,,0
140001019,'1193078',1140,,9521,6,,,0
140001019,'1193098',1024,,9522,6,,,0
140001019,'1193106',809,,9523,6,,,0
140001019,'1193123',1158,,9524,6,,,0
140001019,'1193183',758,,9525,6,,,0
140001019,'1193198',2139,,9526,6,,,0
140001019,'1193200',1310,,9527,6,,,0
140001019,'1193214',1610,,9528,6,,,0
140001019,'1193222',909,,9529,6,,,0
140001019,'1193255',1824,,9530,6,,,0
140001019,'1193261',1240,,9531,6,,,0
