10019,'1190610',2400,,7564,29,,,0
10019,'1190646',1100,,7565,29,,,0
10019,'1190651',2230,,7566,29,,,0
10019,'1190766',1000,,7567,29,,,0
10019,'1190772',1900,,7568,29,,,0
10019,'1190785',1930,,7569,29,,,0
10019,'1190799',1100,,7570,29,,,0
10019,'1190857',900,,7571,29,,,0
10019,'1190859',1830,,7572,29,,,0
10019,'1190883',1800,,7573,29,,,0
10019,'1190907',930,,7574,29,,,0
10019,'1190910',1531,,7575,29,,,0
10019,'1190959',1300,,7576,29,,,0
10019,'1190962',1000,,7577,29,,,0
10019,'1190989',2130,,7578,29,,,0
10019,'1191003',2330,,7579,29,,,0
10019,'1191074',1700,,7580,29,,,0
10019,'1191083',1800,,7581,29,,,0
10019,'1191102',1200,,7582,29,,,0
10019,'1191194',1101,,7583,29,,,0
10019,'1191196',1201,,7584,29,,,0
10019,'1191337',1400,,7585,29,,,0
10019,'1191350',1600,,7586,29,,,0
10019,'1191370',700,,7587,29,,,0
10019,'1191386',1630,,7588,29,,,0
10019,'1191403',1500,,7589,29,,,0
10019,'1191494',1400,,7590,29,,,0
10019,'1191508',2000,,7591,29,,,0
10019,'1191560',830,,7592,29,,,0
10019,'1191730',2200,,7593,29,,,0
10019,'1191797',2100,,7594,29,,,0
10019,'1191886',1300,,7595,29,,,0
10019,'1191914',2000,,7596,29,,,0
10019,'1191919',2300,,7597,29,,,0
10019,'1192082',1600,,7598,29,,,0
10019,'1192109',1900,,7599,29,,,0
10019,'1192179',1500,,7600,29,,,0
10019,'1192233',2200,,7601,29,,,0
10019,'1192240',800,,7602,29,,,0
10019,'1192284',730,,7603,29,,,0
10019,'1192351',2400,,7604,29,,,0
10019,'1192377',1700,,7605,29,,,0
10019,'1192478',800,,7606,29,,,0
10019,'1192649',631,,7607,29,,,0
10019,'1192653',1000,,7608,29,,,0
10019,'1192758',2100,,7609,29,,,0
10019,'1192767',701,,7610,29,,,0
10019,'1192929',1401,,7611,29,,,0
10019,'1192932',900,,7612,29,,,0
10019,'1193029',1700,,7613,29,,,0
10019,'1193089',1800,,7614,29,,,0
10019,'1193115',1600,,7615,29,,,0
10019,'1193131',900,,7616,29,,,0
10019,'1193137',800,,7617,29,,,0
10019,'1193208',1301,,7618,29,,,0
10019,'1193209',1200,,7619,29,,,0
10019,'1193233',2300,,7620,29,,,0
10019,'1193268',2030,,7621,29,,,0
10019,'1193309',1730,,7622,29,,,0
10019,'1193311',1501,,7623,29,,,0
