10029,'1190625',2021,,7624,12,,,0
10029,'1190724',2321,,7625,12,,,0
10029,'1190730',2051,,7626,12,,,0
10029,'1190839',921,,7627,12,,,0
10029,'1190853',1921,,7628,12,,,0
10029,'1190869',1121,,7629,12,,,0
10029,'1190878',921,,7630,12,,,0
10029,'1191049',851,,7631,12,,,0
10029,'1191062',1721,,7632,12,,,0
10029,'1191108',821,,7633,12,,,0
10029,'1191123',1521,,7634,12,,,0
10029,'1191144',1421,,7635,12,,,0
10029,'1191159',1121,,7636,12,,,0
10029,'1191202',721,,7637,12,,,0
10029,'1191277',2356,,7638,12,,,0
10029,'1191483',1521,,7639,12,,,0
10029,'1191570',1321,,7640,12,,,0
10029,'1191573',1321,,7641,12,,,0
10029,'1191576',1221,,7642,12,,,0
10029,'1191584',2221,,7643,12,,,0
10029,'1191619',1521,,7644,12,,,0
10029,'1191622',1321,,7645,12,,,0
10029,'1191648',1721,,7646,12,,,0
10029,'1191723',1821,,7647,12,,,0
10029,'1191745',1021,,7648,12,,,0
10029,'1191751',1721,,7649,12,,,0
10029,'1191792',1421,,7650,12,,,0
10029,'1191801',1621,,7651,12,,,0
10029,'1191827',2021,,7652,12,,,0
10029,'1191830',621,,7653,12,,,0
10029,'1191857',1751,,7654,12,,,0
10029,'1191872',1851,,7655,12,,,0
10029,'1191903',1221,,7656,12,,,0
10029,'1191920',721,,7657,12,,,0
10029,'1191954',2121,,7658,12,,,0
10029,'1192064',721,,7659,12,,,0
10029,'1192201',1951,,7660,12,,,0
10029,'1192263',2251,,7661,12,,,0
10029,'1192276',821,,7662,12,,,0
10029,'1192303',821,,7663,12,,,0
10029,'1192360',651,,7664,12,,,0
10029,'1192391',921,,7665,12,,,0
10029,'1192433',1421,,7666,12,,,0
10029,'1192440',1451,,7667,12,,,0
10029,'1192529',1821,,7668,12,,,0
10029,'1192588',1621,,7669,12,,,0
10029,'1192664',2121,,7670,12,,,0
10029,'1192697',2221,,7671,12,,,0
10029,'1192781',1221,,7672,12,,,0
10029,'1192785',2151,,7673,12,,,0
10029,'1192846',1921,,7674,12,,,0
10029,'1192873',1621,,7675,12,,,0
10029,'1192880',1021,,7676,12,,,0
10029,'1192980',1121,,7677,12,,,0
10029,'1192995',751,,7678,12,,,0
10029,'1193051',1551,,7679,12,,,0
10029,'1193143',1651,,7680,12,,,0
10029,'1193171',1021,,7681,12,,,0
10029,'1193319',2321,,7682,12,,,0
