10029,'1190625',2038,,7624,39,,,0
10029,'1190724',2338,,7625,39,,,0
10029,'1190730',2108,,7626,39,,,0
10029,'1190839',938,,7627,39,,,0
10029,'1190853',1938,,7628,39,,,0
10029,'1190869',1138,,7629,39,,,0
10029,'1190878',938,,7630,39,,,0
10029,'1191049',908,,7631,39,,,0
10029,'1191062',1738,,7632,39,,,0
10029,'1191108',838,,7633,39,,,0
10029,'1191123',1538,,7634,39,,,0
10029,'1191144',1438,,7635,39,,,0
10029,'1191159',1138,,7636,39,,,0
10029,'1191202',738,,7637,39,,,0
10029,'1191277',2413,,7638,39,,,0
10029,'1191483',1538,,7639,39,,,0
10029,'1191570',1338,,7640,39,,,0
10029,'1191573',1338,,7641,39,,,0
10029,'1191576',1238,,7642,39,,,0
10029,'1191584',2238,,7643,39,,,0
10029,'1191619',1538,,7644,39,,,0
10029,'1191622',1338,,7645,39,,,0
10029,'1191648',1738,,7646,39,,,0
10029,'1191723',1838,,7647,39,,,0
10029,'1191745',1038,,7648,39,,,0
10029,'1191751',1738,,7649,39,,,0
10029,'1191792',1438,,7650,39,,,0
10029,'1191801',1638,,7651,39,,,0
10029,'1191827',2038,,7652,39,,,0
10029,'1191830',638,,7653,39,,,0
10029,'1191857',1808,,7654,39,,,0
10029,'1191872',1908,,7655,39,,,0
10029,'1191903',1238,,7656,39,,,0
10029,'1191920',738,,7657,39,,,0
10029,'1191954',2138,,7658,39,,,0
10029,'1192064',738,,7659,39,,,0
10029,'1192201',2008,,7660,39,,,0
10029,'1192263',2308,,7661,39,,,0
10029,'1192276',838,,7662,39,,,0
10029,'1192303',838,,7663,39,,,0
10029,'1192360',708,,7664,39,,,0
10029,'1192391',938,,7665,39,,,0
10029,'1192433',1438,,7666,39,,,0
10029,'1192440',1508,,7667,39,,,0
10029,'1192529',1838,,7668,39,,,0
10029,'1192588',1638,,7669,39,,,0
10029,'1192664',2138,,7670,39,,,0
10029,'1192697',2238,,7671,39,,,0
10029,'1192781',1238,,7672,39,,,0
10029,'1192785',2208,,7673,39,,,0
10029,'1192846',1938,,7674,39,,,0
10029,'1192873',1638,,7675,39,,,0
10029,'1192880',1038,,7676,39,,,0
10029,'1192980',1138,,7677,39,,,0
10029,'1192995',808,,7678,39,,,0
10029,'1193051',1608,,7679,39,,,0
10029,'1193143',1708,,7680,39,,,0
10029,'1193171',1038,,7681,39,,,0
10029,'1193319',2338,,7682,39,,,0
