14019,'1190713',1401,,8090,35,,,0
14019,'1190728',1457,,8091,35,,,0
14019,'1190978',1701,,8092,35,,,0
14019,'1191058',2258,,8093,35,,,0
14019,'1191091',1657,,8094,35,,,0
14019,'1191115',759,,8095,35,,,0
14019,'1191156',1531,,8096,35,,,0
14019,'1191182',1257,,8097,35,,,0
14019,'1191216',1401,,8098,35,,,0
14019,'1191274',1357,,8099,35,,,0
14019,'1191284',2357,,8100,35,,,0
14019,'1191353',1857,,8101,35,,,0
14019,'1191434',958,,8102,35,,,0
14019,'1191451',959,,8103,35,,,0
14019,'1191488',1301,,8104,35,,,0
14019,'1191517',659,,8105,35,,,0
14019,'1191609',2329,,8106,35,,,0
14019,'1191614',1829,,8107,35,,,0
14019,'1191636',1801,,8108,35,,,0
14019,'1191714',1201,,8109,35,,,0
14019,'1191747',1501,,8110,35,,,0
14019,'1191757',929,,8111,35,,,0
14019,'1191841',758,,8112,35,,,0
14019,'1191852',1929,,8113,35,,,0
14019,'1191970',2158,,8114,35,,,0
14019,'1191991',2058,,8115,35,,,0
14019,'1191996',957,,8116,35,,,0
14019,'1192119',2229,,8117,35,,,0
14019,'1192156',1601,,8118,35,,,0
14019,'1192290',2257,,8119,35,,,0
14019,'1192324',2157,,8120,35,,,0
14019,'1192341',729,,8121,35,,,0
14019,'1192355',1757,,8122,35,,,0
14019,'1192458',857,,8123,35,,,0
14019,'1192538',1701,,8124,35,,,0
14019,'1192564',2358,,8125,35,,,0
14019,'1192566',1957,,8126,35,,,0
14019,'1192675',1157,,8127,35,,,0
14019,'1192682',1557,,8128,35,,,0
14019,'1192692',1057,,8129,35,,,0
14019,'1192713',1858,,8130,35,,,0
14019,'1192727',1301,,8131,35,,,0
14019,'1192788',1501,,8132,35,,,0
14019,'1192791',1201,,8133,35,,,0
14019,'1192803',829,,8134,35,,,0
14019,'1192827',2057,,8135,35,,,0
14019,'1192837',859,,8136,35,,,0
14019,'1192840',1631,,8137,35,,,0
14019,'1192863',2129,,8138,35,,,0
14019,'1192916',1958,,8139,35,,,0
14019,'1192927',858,,8140,35,,,0
14019,'1192946',2029,,8141,35,,,0
14019,'1192962',1101,,8142,35,,,0
14019,'1192987',1801,,8143,35,,,0
14019,'1193071',1101,,8144,35,,,0
14019,'1193088',1731,,8145,35,,,0
14019,'1193127',1601,,8146,35,,,0
14019,'1193190',658,,8147,35,,,0
14019,'1193242',757,,8148,35,,,0
