105029,'1190637',825,,9337,42,,,0
105029,'1190832',712,,9338,42,,,0
105029,'1190854',1514,,9339,42,,,0
105029,'1190856',1329,,9340,42,,,0
105029,'1190924',2417,,9341,42,,,0
105029,'1190926',1427,,9342,42,,,0
105029,'1190965',1444,,9343,42,,,0
105029,'1190981',642,,9344,42,,,0
105029,'1191222',2225,,9345,42,,,0
105029,'1191223',1659,,9346,42,,,0
105029,'1191285',2012,,9347,42,,,0
105029,'1191307',1544,,9348,42,,,0
105029,'1191404',1527,,9349,42,,,0
105029,'1191423',1414,,9350,42,,,0
105029,'1191572',1027,,9351,42,,,0
105029,'1191670',1743,,9352,42,,,0
105029,'1191739',1759,,9353,42,,,0
105029,'1191784',1327,,9354,42,,,0
105029,'1191846',1014,,9355,42,,,0
105029,'1191848',1229,,9356,42,,,0
105029,'1191910',2425,,9357,42,,,0
105029,'1191936',1543,,9358,42,,,0
105029,'1192016',742,,9359,42,,,0
105029,'1192019',1827,,9360,42,,,0
105029,'1192058',2343,,9361,42,,,0
105029,'1192150',743,,9362,42,,,0
105029,'1192180',1943,,9363,42,,,0
105029,'1192198',2312,,9364,42,,,0
105029,'1192205',625,,9365,42,,,0
105029,'1192224',1629,,9366,42,,,0
105029,'1192338',1842,,9367,42,,,0
105029,'1192379',2112,,9368,42,,,0
105029,'1192463',1343,,9369,42,,,0
105029,'1192488',1127,,9370,42,,,0
105029,'1192491',812,,9371,42,,,0
105029,'1192500',912,,9372,42,,,0
105029,'1192511',2025,,9373,42,,,0
105029,'1192662',1627,,9374,42,,,0
105029,'1192694',1114,,9375,42,,,0
105029,'1192728',2143,,9376,42,,,0
105029,'1193038',1227,,9377,42,,,0
105029,'1193130',1143,,9378,42,,,0
105029,'1193181',1727,,9379,42,,,0
105029,'1193225',1729,,9380,42,,,0
105029,'1193234',943,,9381,42,,,0
105029,'1193316',2212,,9382,42,,,0
