105019,'1190616',2207,,9291,11,,,0
105019,'1190769',1354,,9292,11,,,0
105019,'1190825',1607,,9293,11,,,0
105019,'1190865',1754,,9294,11,,,0
105019,'1190975',1824,,9295,11,,,0
105019,'1190992',1750,,9296,11,,,0
105019,'1190998',1150,,9297,11,,,0
105019,'1191007',1654,,9298,11,,,0
105019,'1191038',1450,,9299,11,,,0
105019,'1191063',936,,9300,11,,,0
105019,'1191065',1254,,9301,11,,,0
105019,'1191145',634,,9302,11,,,0
105019,'1191217',2248,,9303,11,,,0
105019,'1191294',1350,,9304,11,,,0
105019,'1191329',848,,9305,11,,,0
105019,'1191413',1007,,9306,11,,,0
105019,'1191457',1250,,9307,11,,,0
105019,'1191557',836,,9308,11,,,0
105019,'1191709',736,,9309,11,,,0
105019,'1191750',2234,,9310,11,,,0
105019,'1191859',648,,9311,11,,,0
105019,'1191891',1724,,9312,11,,,0
105019,'1192052',1850,,9313,11,,,0
105019,'1192113',604,,9314,11,,,0
105019,'1192142',1550,,9315,11,,,0
105019,'1192176',807,,9316,11,,,0
105019,'1192218',2334,,9317,11,,,0
105019,'1192236',1407,,9318,11,,,0
105019,'1192248',2034,,9319,11,,,0
105019,'1192267',1650,,9320,11,,,0
105019,'1192318',1050,,9321,11,,,0
105019,'1192337',1609,,9322,11,,,0
105019,'1192353',1439,,9323,11,,,0
105019,'1192579',1139,,9324,11,,,0
105019,'1192586',1207,,9325,11,,,0
105019,'1192598',2007,,9326,11,,,0
105019,'1192614',706,,9327,11,,,0
105019,'1192661',2134,,9328,11,,,0
105019,'1192725',1509,,9329,11,,,0
105019,'1192735',1904,,9330,11,,,0
105019,'1192821',2048,,9331,11,,,0
105019,'1192836',1807,,9332,11,,,0
105019,'1192847',534,,9333,11,,,0
105019,'1192875',1539,,9334,11,,,0
105019,'1193045',806,,9335,11,,,0
105019,'1193298',1039,,9336,11,,,0
