102029,'1190835',1911,,9081,9,,,0
102029,'1190937',631,,9082,9,,,0
102029,'1191107',2211,,9083,9,,,0
102029,'1191135',741,,9084,9,,,0
102029,'1191154',1524,,9085,9,,,0
102029,'1191181',1141,,9086,9,,,0
102029,'1191262',1441,,9087,9,,,0
102029,'1191304',711,,9088,9,,,0
102029,'1191433',911,,9089,9,,,0
102029,'1191481',1224,,9090,9,,,0
102029,'1191496',2241,,9091,9,,,0
102029,'1191671',841,,9092,9,,,0
102029,'1191758',2254,,9093,9,,,0
102029,'1191805',1556,,9094,9,,,0
102029,'1191922',611,,9095,9,,,0
102029,'1191944',1354,,9096,9,,,0
102029,'1192040',1311,,9097,9,,,0
102029,'1192054',1341,,9098,9,,,0
102029,'1192104',2124,,9099,9,,,0
102029,'1192165',1011,,9100,9,,,0
102029,'1192219',2111,,9101,9,,,0
102029,'1192229',1824,,9102,9,,,0
102029,'1192269',1511,,9103,9,,,0
102029,'1192425',1211,,9104,9,,,0
102029,'1192453',1954,,9105,9,,,0
102029,'1192474',2341,,9106,9,,,0
102029,'1192505',656,,9107,9,,,0
102029,'1192509',1941,,9108,9,,,0
102029,'1192621',1726,,9109,9,,,0
102029,'1192631',956,,9110,9,,,0
102029,'1192823',754,,9111,9,,,0
102029,'1192857',1654,,9112,9,,,0
102029,'1192870',1611,,9113,9,,,0
102029,'1192893',1811,,9114,9,,,0
102029,'1192925',1641,,9115,9,,,0
102029,'1192999',924,,9116,9,,,0
102029,'1193000',2411,,9117,9,,,0
102029,'1193010',1041,,9118,9,,,0
102029,'1193070',826,,9119,9,,,0
102029,'1193101',1054,,9120,9,,,0
102029,'1193141',2041,,9121,9,,,0
102029,'1193243',1741,,9122,9,,,0
102029,'1193313',1426,,9123,9,,,0
