102029,'1190835',1912,,9081,10,,,0
102029,'1190937',632,,9082,10,,,0
102029,'1191107',2212,,9083,10,,,0
102029,'1191135',742,,9084,10,,,0
102029,'1191154',1525,,9085,10,,,0
102029,'1191181',1142,,9086,10,,,0
102029,'1191262',1442,,9087,10,,,0
102029,'1191304',712,,9088,10,,,0
102029,'1191433',912,,9089,10,,,0
102029,'1191481',1225,,9090,10,,,0
102029,'1191496',2242,,9091,10,,,0
102029,'1191671',842,,9092,10,,,0
102029,'1191758',2255,,9093,10,,,0
102029,'1191805',1557,,9094,10,,,0
102029,'1191922',612,,9095,10,,,0
102029,'1191944',1355,,9096,10,,,0
102029,'1192040',1312,,9097,10,,,0
102029,'1192054',1342,,9098,10,,,0
102029,'1192104',2125,,9099,10,,,0
102029,'1192165',1012,,9100,10,,,0
102029,'1192219',2112,,9101,10,,,0
102029,'1192229',1825,,9102,10,,,0
102029,'1192269',1512,,9103,10,,,0
102029,'1192425',1212,,9104,10,,,0
102029,'1192453',1955,,9105,10,,,0
102029,'1192474',2342,,9106,10,,,0
102029,'1192505',657,,9107,10,,,0
102029,'1192509',1942,,9108,10,,,0
102029,'1192621',1727,,9109,10,,,0
102029,'1192631',957,,9110,10,,,0
102029,'1192823',755,,9111,10,,,0
102029,'1192857',1655,,9112,10,,,0
102029,'1192870',1612,,9113,10,,,0
102029,'1192893',1812,,9114,10,,,0
102029,'1192925',1642,,9115,10,,,0
102029,'1192999',925,,9116,10,,,0
102029,'1193000',2412,,9117,10,,,0
102029,'1193010',1042,,9118,10,,,0
102029,'1193070',827,,9119,10,,,0
102029,'1193101',1055,,9120,10,,,0
102029,'1193141',2042,,9121,10,,,0
102029,'1193243',1742,,9122,10,,,0
102029,'1193313',1427,,9123,10,,,0
