105029,'1190637',824,,9337,40,,,0
105029,'1190832',711,,9338,40,,,0
105029,'1190854',1513,,9339,40,,,0
105029,'1190856',1328,,9340,40,,,0
105029,'1190924',2416,,9341,40,,,0
105029,'1190926',1426,,9342,40,,,0
105029,'1190965',1443,,9343,40,,,0
105029,'1190981',641,,9344,40,,,0
105029,'1191222',2224,,9345,40,,,0
105029,'1191223',1658,,9346,40,,,0
105029,'1191285',2011,,9347,40,,,0
105029,'1191307',1543,,9348,40,,,0
105029,'1191404',1526,,9349,40,,,0
105029,'1191423',1413,,9350,40,,,0
105029,'1191572',1026,,9351,40,,,0
105029,'1191670',1742,,9352,40,,,0
105029,'1191739',1758,,9353,40,,,0
105029,'1191784',1326,,9354,40,,,0
105029,'1191846',1013,,9355,40,,,0
105029,'1191848',1228,,9356,40,,,0
105029,'1191910',2424,,9357,40,,,0
105029,'1191936',1542,,9358,40,,,0
105029,'1192016',741,,9359,40,,,0
105029,'1192019',1826,,9360,40,,,0
105029,'1192058',2342,,9361,40,,,0
105029,'1192150',742,,9362,40,,,0
105029,'1192180',1942,,9363,40,,,0
105029,'1192198',2311,,9364,40,,,0
105029,'1192205',624,,9365,40,,,0
105029,'1192224',1628,,9366,40,,,0
105029,'1192338',1841,,9367,40,,,0
105029,'1192379',2111,,9368,40,,,0
105029,'1192463',1342,,9369,40,,,0
105029,'1192488',1126,,9370,40,,,0
105029,'1192491',811,,9371,40,,,0
105029,'1192500',911,,9372,40,,,0
105029,'1192511',2024,,9373,40,,,0
105029,'1192662',1626,,9374,40,,,0
105029,'1192694',1113,,9375,40,,,0
105029,'1192728',2142,,9376,40,,,0
105029,'1193038',1226,,9377,40,,,0
105029,'1193130',1142,,9378,40,,,0
105029,'1193181',1726,,9379,40,,,0
105029,'1193225',1728,,9380,40,,,0
105029,'1193234',942,,9381,40,,,0
105029,'1193316',2211,,9382,40,,,0
