3019,'1184522',1810,,4586,17,,,0
3019,'1184561',1127,,4587,17,,,0
3019,'1184608',2310,,4588,17,,,0
3019,'1184631',1140,,4589,17,,,0
3019,'1184649',1710,,4590,17,,,0
3019,'1184676',2400,,4591,17,,,0
3019,'1184760',1910,,4592,17,,,0
3019,'1184770',1510,,4593,17,,,0
3019,'1184856',1410,,4594,17,,,0
3019,'1184874',1240,,4595,17,,,0
3019,'1184909',840,,4596,17,,,0
3019,'1184934',2010,,4597,17,,,0
3019,'1185010',1810,,4598,17,,,0
3019,'1185056',1110,,4599,17,,,0
3019,'1185058',910,,4600,17,,,0
3019,'1185078',1527,,4601,17,,,0
3019,'1185117',710,,4602,17,,,0
3019,'1185259',2027,,4603,17,,,0
3019,'1185268',1827,,4604,17,,,0
3019,'1185374',1227,,4605,17,,,0
3019,'1185375',1710,,4606,17,,,0
3019,'1185395',1427,,4607,17,,,0
3019,'1185421',1740,,4608,17,,,0
3019,'1185443',1640,,4609,17,,,0
3019,'1185451',1927,,4610,17,,,0
3019,'1185561',1610,,4611,17,,,0
3019,'1185578',2010,,4612,17,,,0
3019,'1185590',1410,,4613,17,,,0
3019,'1185597',910,,4614,17,,,0
3019,'1185658',2310,,4615,17,,,0
3019,'1185673',927,,4616,17,,,0
3019,'1185706',1340,,4617,17,,,0
3019,'1185767',2110,,4618,17,,,0
3019,'1185843',940,,4619,17,,,0
3019,'1185867',1310,,4620,17,,,0
3019,'1185911',810,,4622,17,,,0
3019,'1185927',1440,,4623,17,,,0
3019,'1185935',2210,,4624,17,,,0
3019,'1185955',2410,,4625,17,,,0
3019,'1185979',1510,,4626,17,,,0
3019,'1186113',1040,,4627,17,,,0
3019,'1186177',640,,4628,17,,,0
3019,'1186216',1010,,4629,17,,,0
3019,'1186304',810,,4630,17,,,0
3019,'1186382',1727,,4631,17,,,0
3019,'1186397',1027,,4632,17,,,0
3019,'1186501',1540,,4633,17,,,0
3019,'1186510',1327,,4634,17,,,0
3019,'1186516',2110,,4635,17,,,0
3019,'1186518',740,,4636,17,,,0
3019,'1186571',2327,,4637,17,,,0
3019,'1186582',1627,,4638,17,,,0
3019,'1186631',2127,,4639,17,,,0
3019,'1186666',2210,,4640,17,,,0
3019,'1186700',827,,4641,17,,,0
3019,'1186762',1210,,4642,17,,,0
3019,'1186821',1110,,4644,17,,,0
3019,'1186832',2227,,4645,17,,,0
3019,'1186834',1910,,4646,17,,,0
3019,'1186857',1310,,4647,17,,,0
3019,'1186867',727,,4648,17,,,0
3019,'1186883',1010,,4649,17,,,0
3019,'1186894',710,,4650,17,,,0
3019,'1187105',1210,,4651,17,,,0
3019,'1187174',1610,,4652,17,,,0
