105019,'1190616',2246,,9291,81,,,0
105019,'1190769',1441,,9292,81,,,0
105019,'1190825',1646,,9293,81,,,0
105019,'1190865',1841,,9294,81,,,0
105019,'1190975',1911,,9295,81,,,0
105019,'1190992',1831,,9296,81,,,0
105019,'1190998',1231,,9297,81,,,0
105019,'1191007',1741,,9298,81,,,0
105019,'1191038',1531,,9299,81,,,0
105019,'1191063',1023,,9300,81,,,0
105019,'1191065',1341,,9301,81,,,0
105019,'1191145',716,,9302,81,,,0
105019,'1191217',2330,,9303,81,,,0
105019,'1191294',1431,,9304,81,,,0
105019,'1191329',930,,9305,81,,,0
105019,'1191413',1046,,9306,81,,,0
105019,'1191457',1331,,9307,81,,,0
105019,'1191557',923,,9308,81,,,0
105019,'1191709',823,,9309,81,,,0
105019,'1191750',2316,,9310,81,,,0
105019,'1191859',730,,9311,81,,,0
105019,'1191891',1811,,9312,81,,,0
105019,'1192052',1931,,9313,81,,,0
105019,'1192113',646,,9314,81,,,0
105019,'1192142',1631,,9315,81,,,0
105019,'1192176',846,,9316,81,,,0
105019,'1192218',2416,,9317,81,,,0
105019,'1192236',1446,,9318,81,,,0
105019,'1192248',2116,,9319,81,,,0
105019,'1192267',1731,,9320,81,,,0
105019,'1192318',1131,,9321,81,,,0
105019,'1192337',1656,,9322,81,,,0
105019,'1192353',1526,,9323,81,,,0
105019,'1192579',1226,,9324,81,,,0
105019,'1192586',1246,,9325,81,,,0
105019,'1192598',2046,,9326,81,,,0
105019,'1192614',753,,9327,81,,,0
105019,'1192661',2216,,9328,81,,,0
105019,'1192725',1556,,9329,81,,,0
105019,'1192735',1946,,9330,81,,,0
105019,'1192821',2130,,9331,81,,,0
105019,'1192836',1846,,9332,81,,,0
105019,'1192847',616,,9333,81,,,0
105019,'1192875',1626,,9334,81,,,0
105019,'1193045',853,,9335,81,,,0
105019,'1193298',1126,,9336,81,,,0
