105019,'1184475',1852,,6445,51,,,0
105019,'1184709',1822,,6446,51,,,0
105019,'1184754',1115,,6447,51,,,0
105019,'1184819',804,,6448,51,,,0
105019,'1184825',2300,,6449,51,,,0
105019,'1184879',1507,,6450,51,,,0
105019,'1184888',1004,,6451,51,,,0
105019,'1184928',1215,,6452,51,,,0
105019,'1184969',2313,,6453,51,,,0
105019,'1185022',2113,,6454,51,,,0
105019,'1185176',700,,6455,51,,,0
105019,'1185212',630,,6456,51,,,0
105019,'1185354',1915,,6457,51,,,0
105019,'1185498',1930,,6458,51,,,0
105019,'1185528',2031,,6459,51,,,0
105019,'1185550',1415,,6460,51,,,0
105019,'1185555',2231,,6461,51,,,0
105019,'1185569',1752,,6462,51,,,0
105019,'1185641',904,,6463,51,,,0
105019,'1185643',1831,,6464,51,,,0
105019,'1185695',1322,,6465,51,,,0
105019,'1185708',2100,,6466,51,,,0
105019,'1185807',1631,,6467,51,,,0
105019,'1185822',1315,,6468,51,,,0
105019,'1185894',1207,,6469,51,,,0
105019,'1186015',1422,,6470,51,,,0
105019,'1186061',1607,,6471,51,,,0
105019,'1186284',1431,,6472,51,,,0
105019,'1186380',1107,,6473,51,,,0
105019,'1186411',1231,,6474,51,,,0
105019,'1186477',1637,,6475,51,,,0
105019,'1186479',1031,,6476,51,,,0
105019,'1186519',1715,,6477,51,,,0
105019,'1186601',1722,,6478,51,,,0
105019,'1186602',734,,6479,51,,,0
105019,'1186613',831,,6480,51,,,0
105019,'1186624',1615,,6481,51,,,0
105019,'1186706',1815,,6482,51,,,0
105019,'1186813',913,,6483,51,,,0
105019,'1186864',2400,,6484,51,,,0
105019,'1186870',600,,6485,51,,,0
105019,'1186896',834,,6486,51,,,0
105019,'1187008',713,,6487,51,,,0
105019,'1187009',2200,,6488,51,,,0
105019,'1187061',1537,,6489,51,,,0
105019,'1187069',1515,,6490,51,,,0
106029,'1184503',1008,,6543,2,,,0
106029,'1184668',1840,,6544,2,,,0
106029,'1185934',1725,,6545,2,,,0
106029,'1185946',1610,,6546,2,,,0
106029,'1186791',853,,6547,2,,,0
106029,'1186882',738,,6548,2,,,0
