104029,'1190618',1413,,9248,24,,,0
104029,'1190628',1802,,9249,24,,,0
104029,'1190725',802,,9250,24,,,0
104029,'1190754',1032,,9251,24,,,0
104029,'1190787',1302,,9252,24,,,0
104029,'1190793',1832,,9253,24,,,0
104029,'1190961',1647,,9254,24,,,0
104029,'1191015',1543,,9255,24,,,0
104029,'1191060',1002,,9256,24,,,0
104029,'1191138',802,,9257,24,,,0
104029,'1191264',2302,,9258,24,,,0
104029,'1191265',917,,9259,24,,,0
104029,'1191297',647,,9260,24,,,0
104029,'1191332',1628,,9261,24,,,0
104029,'1191339',832,,9262,24,,,0
104029,'1191360',1532,,9263,24,,,0
104029,'1191502',1417,,9264,24,,,0
104029,'1191606',1602,,9265,24,,,0
104029,'1191664',2032,,9266,24,,,0
104029,'1191668',2147,,9267,24,,,0
104029,'1191699',802,,9268,24,,,0
104029,'1191901',2002,,9269,24,,,0
104029,'1191931',602,,9270,24,,,0
104029,'1192136',1202,,9271,24,,,0
104029,'1192243',1802,,9272,24,,,0
104029,'1192264',1713,,9273,24,,,0
104029,'1192282',1402,,9274,24,,,0
104029,'1192296',2202,,9275,24,,,0
104029,'1192329',717,,9276,24,,,0
104029,'1192460',1032,,9277,24,,,0
104029,'1192482',1458,,9278,24,,,0
104029,'1192831',1917,,9279,24,,,0
104029,'1192874',1747,,9280,24,,,0
104029,'1192986',2002,,9281,24,,,0
104029,'1192990',647,,9282,24,,,0
104029,'1193096',947,,9283,24,,,0
104029,'1193112',917,,9284,24,,,0
104029,'1193117',1158,,9285,24,,,0
104029,'1193136',2302,,9286,24,,,0
104029,'1193149',1328,,9287,24,,,0
104029,'1193215',1243,,9288,24,,,0
104029,'1193253',2132,,9289,24,,,0
104029,'1193281',1147,,9290,24,,,0
