2029,'1190626',1032,,7325,15,,,0
2029,'1190688',1802,,7326,15,,,0
2029,'1190708',2131,,7327,15,,,0
2029,'1190719',2401,,7328,15,,,0
2029,'1190781',748,,7329,15,,,0
2029,'1190788',733,,7330,15,,,0
2029,'1190794',918,,7331,15,,,0
2029,'1190810',1132,,7332,15,,,0
2029,'1190833',732,,7333,15,,,0
2029,'1190838',2117,,7334,15,,,0
2029,'1190875',1102,,7335,15,,,0
2029,'1190877',803,,7336,15,,,0
2029,'1190894',1848,,7337,15,,,0
2029,'1190915',1103,,7338,15,,,0
2029,'1190967',718,,7339,15,,,0
2029,'1191031',1603,,7340,15,,,0
2029,'1191050',1202,,7341,15,,,0
2029,'1191076',1618,,7342,15,,,0
2029,'1191116',903,,7343,15,,,0
2029,'1191190',2417,,7344,15,,,0
2029,'1191228',1548,,7345,15,,,0
2029,'1191232',1232,,7346,15,,,0
2029,'1191236',2048,,7347,15,,,0
2029,'1191243',2201,,7348,15,,,0
2029,'1191246',1532,,7349,15,,,0
2029,'1191282',2231,,7350,15,,,0
2029,'1191283',1803,,7351,15,,,0
2029,'1191345',1432,,7352,15,,,0
2029,'1191378',1433,,7353,15,,,0
2029,'1191445',1048,,7354,15,,,0
2029,'1191452',703,,7355,15,,,0
2029,'1191453',2331,,7356,15,,,0
2029,'1191464',1502,,7357,15,,,0
2029,'1191468',933,,7358,15,,,0
2029,'1191482',647,,7359,15,,,0
2029,'1191486',1718,,7360,15,,,0
2029,'1191507',1448,,7361,15,,,0
2029,'1191548',1702,,7362,15,,,0
2029,'1191564',1248,,7363,15,,,0
2029,'1191566',1318,,7364,15,,,0
2029,'1191577',2421,,7365,15,,,0
2029,'1191587',748,,7366,15,,,0
2029,'1191640',2002,,7367,15,,,0
2029,'1191649',1048,,7368,15,,,0
2029,'1191678',1633,,7369,15,,,0
2029,'1191684',1733,,7370,15,,,0
2029,'1191701',1947,,7371,15,,,0
2029,'1191721',1448,,7372,15,,,0
2029,'1191726',1902,,7373,15,,,0
2029,'1191736',2332,,7374,15,,,0
2029,'1191799',1832,,7375,15,,,0
2029,'1191815',948,,7376,15,,,0
2029,'1191824',1602,,7377,15,,,0
2029,'1191863',2032,,7378,15,,,0
2029,'1191887',1003,,7379,15,,,0
2029,'1191900',2248,,7380,15,,,0
2029,'1191908',1948,,7381,15,,,0
2029,'1191923',2247,,7382,15,,,0
2029,'1191934',1302,,7383,15,,,0
2029,'1191979',1133,,7384,15,,,0
2029,'1192014',848,,7385,15,,,0
2029,'1192038',1732,,7386,15,,,0
2029,'1192039',1118,,7387,15,,,0
2029,'1192049',2148,,7388,15,,,0
2029,'1192067',1233,,7389,15,,,0
2029,'1192095',1832,,7390,15,,,0
2029,'1192143',2348,,7391,15,,,0
2029,'1192161',1402,,7392,15,,,0
2029,'1192177',902,,7393,15,,,0
2029,'1192187',1333,,7394,15,,,0
2029,'1192206',1648,,7395,15,,,0
2029,'1192222',1818,,7396,15,,,0
2029,'1192235',1503,,7397,15,,,0
2029,'1192245',818,,7398,15,,,0
2029,'1192247',1332,,7399,15,,,0
2029,'1192371',1303,,7400,15,,,0
2029,'1192372',833,,7401,15,,,0
2029,'1192395',1033,,7402,15,,,0
2029,'1192415',2032,,7403,15,,,0
2029,'1192421',948,,7404,15,,,0
2029,'1192494',817,,7405,15,,,0
2029,'1192515',1648,,7406,15,,,0
2029,'1192587',1403,,7407,15,,,0
2029,'1192639',947,,7408,15,,,0
2029,'1192647',1418,,7409,15,,,0
2029,'1192656',1902,,7410,15,,,0
2029,'1192681',1148,,7411,15,,,0
2029,'1192709',1148,,7412,15,,,0
2029,'1192718',1533,,7413,15,,,0
2029,'1192745',1703,,7414,15,,,0
2029,'1192753',1248,,7415,15,,,0
2029,'1192778',1348,,7416,15,,,0
2029,'1192790',2102,,7417,15,,,0
2029,'1192793',2301,,7418,15,,,0
2029,'1192868',1218,,7419,15,,,0
2029,'1192872',648,,7420,15,,,0
2029,'1192912',1632,,7421,15,,,0
2029,'1192917',848,,7422,15,,,0
2029,'1192918',1348,,7423,15,,,0
2029,'1193030',1548,,7424,15,,,0
2029,'1193075',1932,,7425,15,,,0
2029,'1193081',1748,,7426,15,,,0
2029,'1193140',1018,,7427,15,,,0
2029,'1193168',2202,,7428,15,,,0
2029,'1193194',1203,,7429,15,,,0
2029,'1193219',1518,,7430,15,,,0
2029,'1193269',1748,,7431,15,,,0
