14029,'1184567',2037,,5303,43,,,0
14029,'1184744',737,,5304,43,,,0
14029,'1184813',1535,,5305,43,,,0
14029,'1184869',637,,5306,43,,,0
14029,'1184894',1637,,5307,43,,,0
14029,'1184948',2137,,5308,43,,,0
14029,'1184973',1735,,5309,43,,,0
14029,'1184981',1708,,5310,43,,,0
14029,'1184993',1738,,5311,43,,,0
14029,'1185190',2007,,5312,43,,,0
14029,'1185192',1635,,5313,43,,,0
14029,'1185265',837,,5314,43,,,0
14029,'1185266',2237,,5315,43,,,0
14029,'1185306',737,,5316,43,,,0
14029,'1185322',1438,,5317,43,,,0
14029,'1185345',1337,,5318,43,,,0
14029,'1185408',1508,,5319,43,,,0
14029,'1185466',2335,,5320,43,,,0
14029,'1185480',1237,,5321,43,,,0
14029,'1185491',1638,,5322,43,,,0
14029,'1185496',1837,,5323,43,,,0
14029,'1185512',1937,,5324,43,,,0
14029,'1185568',1538,,5325,43,,,0
14029,'1185647',1037,,5326,43,,,0
14029,'1185698',1335,,5327,43,,,0
14029,'1185828',2307,,5328,43,,,0
14029,'1185848',1435,,5329,43,,,0
14029,'1185866',2412,,5330,43,,,0
14029,'1185960',837,,5331,43,,,0
14029,'1185970',937,,5332,43,,,0
14029,'1186076',1737,,5333,43,,,0
14029,'1186118',707,,5334,43,,,0
14029,'1186154',937,,5335,43,,,0
14029,'1186312',2207,,5336,43,,,0
14029,'1186319',1608,,5337,43,,,0
14029,'1186327',1338,,5338,43,,,0
14029,'1186353',1935,,5339,43,,,0
14029,'1186377',1238,,5340,43,,,0
14029,'1186418',1038,,5341,43,,,0
14029,'1186536',1035,,5342,43,,,0
14029,'1186554',1537,,5343,43,,,0
14029,'1186577',2337,,5344,43,,,0
14029,'1186622',1235,,5345,43,,,0
14029,'1186746',1437,,5346,43,,,0
14029,'1186757',1137,,5347,43,,,0
14029,'1186771',807,,5348,43,,,0
14029,'1186789',1135,,5349,43,,,0
14029,'1186793',2135,,5350,43,,,0
14029,'1186798',735,,5351,43,,,0
14029,'1186876',1835,,5352,43,,,0
14029,'1186908',907,,5353,43,,,0
14029,'1186964',835,,5354,43,,,0
14029,'1186971',2107,,5355,43,,,0
14029,'1187011',2235,,5356,43,,,0
14029,'1187063',1807,,5357,43,,,0
14029,'1187088',2035,,5358,43,,,0
14029,'1187110',935,,5359,43,,,0
14029,'1187137',1907,,5360,43,,,0
14029,'1187192',1138,,5361,43,,,0
190001029,'1184490',1701,,6961,21,,,0
190001029,'1184527',1203,,6962,21,,,0
190001029,'1184534',901,,6963,21,,,0
190001029,'1184609',646,,6964,21,,,0
190001029,'1184616',1048,,6965,21,,,0
190001029,'1184651',2046,,6966,21,,,0
190001029,'1184661',1633,,6967,21,,,0
190001029,'1184721',2346,,6968,21,,,0
190001029,'1184789',645,,6969,21,,,0
190001029,'1184791',2146,,6970,21,,,0
190001029,'1184794',1346,,6971,21,,,0
190001029,'1184799',1303,,6972,21,,,0
190001029,'1184802',2406,,6973,21,,,0
190001029,'1184839',831,,6974,21,,,0
190001029,'1184889',2216,,6975,21,,,0
190001029,'1184906',1248,,6976,21,,,0
190001029,'1184907',827,,6977,21,,,0
190001029,'1184944',1448,,6978,21,,,0
190001029,'1184952',927,,6979,21,,,0
190001029,'1184954',2027,,6980,21,,,0
190001029,'1184980',2001,,6981,21,,,0
190001029,'1184997',1503,,6982,21,,,0
190001029,'1185011',2227,,6983,21,,,0
190001029,'1185017',2145,,6984,21,,,0
190001029,'1185025',1401,,6985,21,,,0
190001029,'1185053',1233,,6986,21,,,0
190001029,'1185071',1703,,6987,21,,,0
190001029,'1185119',2245,,6988,21,,,0
190001029,'1185120',1631,,6989,21,,,0
190001029,'1185125',1118,,6990,21,,,0
190001029,'1185141',1227,,6991,21,,,0
190001029,'1185166',1101,,6992,21,,,0
190001029,'1185167',1801,,6993,21,,,0
190001029,'1185180',2045,,6994,21,,,0
190001029,'1185201',1830,,6995,21,,,0
190001029,'1185223',1746,,6996,21,,,0
190001029,'1185234',931,,6997,21,,,0
190001029,'1185246',716,,6998,21,,,0
190001029,'1185252',1018,,6999,21,,,0
190001029,'1185262',1301,,7000,21,,,0
190001029,'1185321',2015,,7001,21,,,0
190001029,'1185331',1931,,7002,21,,,0
190001029,'1185351',915,,7003,21,,,0
190001029,'1185355',1533,,7004,21,,,0
190001029,'1185367',916,,7005,21,,,0
190001029,'1185389',2116,,7006,21,,,0
190001029,'1185390',1815,,7007,21,,,0
190001029,'1185410',2315,,7008,21,,,0
190001029,'1185424',815,,7009,21,,,0
190001029,'1185432',746,,7010,21,,,0
190001029,'1185483',1133,,7011,21,,,0
190001029,'1185504',1618,,7012,21,,,0
190001029,'1185587',1516,,7013,21,,,0
190001029,'1185591',1333,,7014,21,,,0
190001029,'1185606',1603,,7015,21,,,0
190001029,'1185626',1846,,7016,21,,,0
190001029,'1185646',1231,,7017,21,,,0
190001029,'1185689',1518,,7018,21,,,0
190001029,'1185714',1148,,7019,21,,,0
190001029,'1185744',1403,,7020,21,,,0
190001029,'1185775',1546,,7021,21,,,0
190001029,'1185840',1827,,7022,21,,,0
190001029,'1185841',1427,,7023,21,,,0
190001029,'1185855',1416,,7024,21,,,0
190001029,'1185865',1000,,7025,21,,,0
190001029,'1185898',1646,,7026,21,,,0
190001029,'1185905',1901,,7027,21,,,0
190001029,'1185932',1648,,7028,21,,,0
190001029,'1185953',727,,7029,21,,,0
190001029,'1185962',801,,7030,21,,,0
190001029,'1186000',1146,,7031,21,,,0
190001029,'1186001',731,,7032,21,,,0
190001029,'1186004',1216,,7033,21,,,0
190001029,'1186023',1246,,7034,21,,,0
190001029,'1186073',1501,,7035,21,,,0
190001029,'1186074',615,,7036,21,,,0
190001029,'1186081',945,,7037,21,,,0
190001029,'1186094',2101,,7038,21,,,0
190001029,'1186100',1731,,7039,21,,,0
190001029,'1186108',1201,,7040,21,,,0
190001029,'1186109',1716,,7041,21,,,0
190001029,'1186134',1318,,7042,21,,,0
190001029,'1186143',1418,,7043,21,,,0
190001029,'1186171',1801,,7044,21,,,0
190001029,'1186182',1031,,7045,21,,,0
190001029,'1186183',2031,,7046,21,,,0
190001029,'1186248',631,,7047,21,,,0
190001029,'1186250',1331,,7048,21,,,0
190001029,'1186255',1527,,7049,21,,,0
190001029,'1186307',1915,,7050,21,,,0
190001029,'1186324',2016,,7051,21,,,0
190001029,'1186336',701,,7052,21,,,0
190001029,'1186339',2127,,7053,21,,,0
190001029,'1186400',745,,7054,21,,,0
190001029,'1186407',1531,,7055,21,,,0
190001029,'1186448',1601,,7056,21,,,0
190001029,'1186464',1727,,7057,21,,,0
190001029,'1186468',1616,,7058,21,,,0
190001029,'1186469',1033,,7059,21,,,0
190001029,'1186472',1831,,7060,21,,,0
190001029,'1186480',1916,,7061,21,,,0
190001029,'1186542',1016,,7062,21,,,0
190001029,'1186570',845,,7063,21,,,0
190001029,'1186592',1733,,7064,21,,,0
190001029,'1186595',1927,,7065,21,,,0
190001029,'1186617',1446,,7066,21,,,0
190001029,'1186627',2131,,7067,21,,,0
190001029,'1186676',1627,,7068,21,,,0
190001029,'1186718',2316,,7069,21,,,0
190001029,'1186758',1046,,7070,21,,,0
190001029,'1186764',1116,,7071,21,,,0
190001029,'1186785',1127,,7072,21,,,0
190001029,'1186808',2246,,7073,21,,,0
190001029,'1186828',1348,,7074,21,,,0
190001029,'1186840',946,,7075,21,,,0
190001029,'1186842',1945,,7076,21,,,0
190001029,'1186847',2115,,7077,21,,,0
190001029,'1186858',1316,,7078,21,,,0
190001029,'1186862',1001,,7079,21,,,0
190001029,'1186865',1431,,7080,21,,,0
190001029,'1186868',1946,,7081,21,,,0
190001029,'1186899',1816,,7082,21,,,0
190001029,'1186910',2215,,7083,21,,,0
190001029,'1186913',1327,,7084,21,,,0
190001029,'1186923',816,,7085,21,,,0
190001029,'1186934',1027,,7086,21,,,0
190001029,'1186947',715,,7087,21,,,0
190001029,'1186965',1548,,7088,21,,,0
190001029,'1186988',1103,,7089,21,,,0
190001029,'1186997',1131,,7090,21,,,0
190001029,'1187034',846,,7091,21,,,0
190001029,'1187095',2327,,7092,21,,,0
190001029,'1187119',1218,,7093,21,,,0
190001029,'1187129',1746,,7094,21,,,0
190001029,'1187140',2345,,7095,21,,,0
190001029,'1187146',1718,,7096,21,,,0
190001029,'1187167',1845,,7097,21,,,0
190001029,'1187176',1433,,7098,21,,,0
