105029,'1184521',1800,,6491,44,,,0
105029,'1184537',1330,,6492,44,,,0
105029,'1184580',913,,6493,44,,,0
105029,'1184670',1545,,6494,44,,,0
105029,'1184683',1144,,6495,44,,,0
105029,'1184808',2313,,6496,44,,,0
105029,'1184833',1015,,6497,44,,,0
105029,'1184834',2418,,6498,44,,,0
105029,'1184863',1230,,6499,44,,,0
105029,'1185104',1728,,6500,44,,,0
105029,'1185135',713,,6501,44,,,0
105029,'1185184',1328,,6502,44,,,0
105029,'1185215',1628,,6503,44,,,0
105029,'1185318',1344,,6504,44,,,0
105029,'1185332',1843,,6505,44,,,0
105029,'1185350',2013,,6506,44,,,0
105029,'1185359',2213,,6507,44,,,0
105029,'1185398',1028,,6508,44,,,0
105029,'1185412',826,,6509,44,,,0
105029,'1185440',1630,,6510,44,,,0
105029,'1185523',1428,,6511,44,,,0
105029,'1185630',2344,,6512,44,,,0
105029,'1185668',743,,6513,44,,,0
105029,'1185720',1944,,6514,44,,,0
105029,'1185827',2113,,6515,44,,,0
105029,'1185938',1445,,6516,44,,,0
105029,'1186005',1700,,6517,44,,,0
105029,'1186007',626,,6518,44,,,0
105029,'1186279',1515,,6519,44,,,0
105029,'1186282',1415,,6520,44,,,0
105029,'1186299',1528,,6521,44,,,0
105029,'1186335',2426,,6522,44,,,0
105029,'1186345',2144,,6523,44,,,0
105029,'1186387',1128,,6524,44,,,0
105029,'1186470',1115,,6525,44,,,0
105029,'1186485',2226,,6526,44,,,0
105029,'1186492',944,,6527,44,,,0
105029,'1186520',1744,,6528,44,,,0
105029,'1186715',744,,6529,44,,,0
105029,'1186740',1228,,6530,44,,,0
105029,'1186861',643,,6531,44,,,0
105029,'1186874',1730,,6532,44,,,0
105029,'1186924',1828,,6533,44,,,0
105029,'1187005',813,,6534,44,,,0
105029,'1187093',1544,,6535,44,,,0
105029,'1187132',2026,,6536,44,,,0
