13019,'1184500',1325,,5121,14,,,0
13019,'1184512',1225,,5122,14,,,0
13019,'1184520',2324,,5123,14,,,0
13019,'1184594',2254,,5124,14,,,0
13019,'1184597',624,,5125,14,,,0
13019,'1184656',2224,,5126,14,,,0
13019,'1184680',2024,,5127,14,,,0
13019,'1184707',1825,,5128,14,,,0
13019,'1184739',1024,,5129,14,,,0
13019,'1184763',654,,5130,14,,,0
13019,'1184782',1025,,5131,14,,,0
13019,'1184816',754,,5132,14,,,0
13019,'1184967',1525,,5133,14,,,0
13019,'1185101',1655,,5134,14,,,0
13019,'1185148',1754,,5135,14,,,0
13019,'1185153',924,,5136,14,,,0
13019,'1185203',825,,5137,14,,,0
13019,'1185275',1625,,5138,14,,,0
13019,'1185347',2225,,5139,14,,,0
13019,'1185433',1424,,5140,14,,,0
13019,'1185449',2359,,5141,14,,,0
13019,'1185488',724,,5142,14,,,0
13019,'1185552',824,,5143,14,,,0
13019,'1185574',854,,5144,14,,,0
13019,'1185586',1125,,5145,14,,,0
13019,'1185648',1724,,5146,14,,,0
13019,'1185683',2025,,5147,14,,,0
13019,'1185762',2325,,5148,14,,,0
13019,'1185839',1425,,5150,14,,,0
13019,'1185874',2124,,5151,14,,,0
13019,'1185879',1525,,5152,14,,,0
13019,'1185882',1425,,5153,14,,,0
13019,'1185890',1725,,5154,14,,,0
13019,'1185893',1624,,5155,14,,,0
13019,'1185903',924,,5156,14,,,0
13019,'1185910',1325,,5157,14,,,0
13019,'1185915',1824,,5158,14,,,0
13019,'1185942',725,,5159,14,,,0
13019,'1185952',2054,,5160,14,,,0
13019,'1186041',2125,,5161,14,,,0
13019,'1186117',1324,,5162,14,,,0
13019,'1186127',2154,,5163,14,,,0
13019,'1186197',1124,,5164,14,,,0
13019,'1186271',1954,,5165,14,,,0
13019,'1186295',724,,5166,14,,,0
13019,'1186341',1225,,5167,14,,,0
13019,'1186370',1125,,5168,14,,,0
13019,'1186393',1524,,5169,14,,,0
13019,'1186564',1924,,5170,14,,,0
13019,'1186586',1224,,5171,14,,,0
13019,'1186730',954,,5172,14,,,0
13019,'1186805',1854,,5173,14,,,0
13019,'1186809',925,,5174,14,,,0
13019,'1186845',824,,5175,14,,,0
13019,'1186852',1725,,5176,14,,,0
13019,'1187032',1925,,5178,14,,,0
13019,'1187103',1625,,5179,14,,,0
13019,'1187170',1555,,5180,14,,,0
13019,'1187172',1455,,5181,14,,,0
13019,'1187197',1025,,5182,14,,,0
