105019,'1184475',1913,,6445,83,,,0
105019,'1184709',1843,,6446,83,,,0
105019,'1184754',1133,,6447,83,,,0
105019,'1184819',825,,6448,83,,,0
105019,'1184825',2318,,6449,83,,,0
105019,'1184879',1528,,6450,83,,,0
105019,'1184888',1025,,6451,83,,,0
105019,'1184928',1233,,6452,83,,,0
105019,'1184969',2332,,6453,83,,,0
105019,'1185022',2132,,6454,83,,,0
105019,'1185176',718,,6455,83,,,0
105019,'1185212',648,,6456,83,,,0
105019,'1185354',1933,,6457,83,,,0
105019,'1185498',1948,,6458,83,,,0
105019,'1185528',2047,,6459,83,,,0
105019,'1185550',1433,,6460,83,,,0
105019,'1185555',2247,,6461,83,,,0
105019,'1185569',1813,,6462,83,,,0
105019,'1185641',925,,6463,83,,,0
105019,'1185643',1847,,6464,83,,,0
105019,'1185695',1343,,6465,83,,,0
105019,'1185708',2118,,6466,83,,,0
105019,'1185807',1647,,6467,83,,,0
105019,'1185822',1333,,6468,83,,,0
105019,'1185894',1228,,6469,83,,,0
105019,'1186015',1443,,6470,83,,,0
105019,'1186061',1628,,6471,83,,,0
105019,'1186284',1447,,6472,83,,,0
105019,'1186380',1128,,6473,83,,,0
105019,'1186411',1247,,6474,83,,,0
105019,'1186477',1658,,6475,83,,,0
105019,'1186479',1047,,6476,83,,,0
105019,'1186519',1733,,6477,83,,,0
105019,'1186601',1743,,6478,83,,,0
105019,'1186602',755,,6479,83,,,0
105019,'1186613',847,,6480,83,,,0
105019,'1186624',1633,,6481,83,,,0
105019,'1186706',1833,,6482,83,,,0
105019,'1186813',932,,6483,83,,,0
105019,'1186864',2418,,6484,83,,,0
105019,'1186870',618,,6485,83,,,0
105019,'1186896',855,,6486,83,,,0
105019,'1187008',732,,6487,83,,,0
105019,'1187009',2218,,6488,83,,,0
105019,'1187061',1558,,6489,83,,,0
105019,'1187069',1533,,6490,83,,,0
106019,'1185164',1711,,6537,26,,,0
106019,'1185303',1826,,6538,26,,,0
106019,'1185356',725,,6539,26,,,0
106019,'1185885',840,,6540,26,,,0
106019,'1186388',955,,6541,26,,,0
106019,'1186998',1556,,6542,26,,,0
