103029,'1184553',1904,,6317,17,,,0
103029,'1184582',1435,,6318,17,,,0
103029,'1184715',937,,6319,17,,,0
103029,'1184746',1314,,6320,17,,,0
103029,'1184852',1735,,6321,17,,,0
103029,'1184872',1650,,6322,17,,,0
103029,'1184905',2006,,6323,17,,,0
103029,'1185063',2204,,6324,17,,,0
103029,'1185157',807,,6325,17,,,0
103029,'1185199',1707,,6326,17,,,0
103029,'1185213',1407,,6327,17,,,0
103029,'1185276',1107,,6328,17,,,0
103029,'1185297',2214,,6329,17,,,0
103029,'1185363',1520,,6330,17,,,0
103029,'1185387',2044,,6331,17,,,0
103029,'1185393',1744,,6332,17,,,0
103029,'1185419',1004,,6333,17,,,0
103029,'1185520',1305,,6334,17,,,0
103029,'1185558',749,,6335,17,,,0
103029,'1185665',1237,,6336,17,,,0
103029,'1185765',1135,,6337,17,,,0
103029,'1185899',1605,,6338,17,,,0
103029,'1185963',2034,,6339,17,,,0
103029,'1185965',1836,,6340,17,,,0
103029,'1185975',1014,,6341,17,,,0
103029,'1186147',919,,6342,17,,,0
103029,'1186270',2334,,6343,17,,,0
103029,'1186276',1144,,6344,17,,,0
103029,'1186283',1537,,6345,17,,,0
103029,'1186305',1614,,6346,17,,,0
103029,'1186329',2306,,6347,17,,,0
103029,'1186366',637,,6348,17,,,0
103029,'1186405',834,,6349,17,,,0
103029,'1186699',704,,6350,17,,,0
103029,'1186983',2136,,6351,17,,,0
103029,'1187131',844,,6352,17,,,0
103029,'1187135',1914,,6353,17,,,0
103029,'1187151',1444,,6354,17,,,0
