26019,'1190663',1756,,8601,14,,,0
26019,'1190721',1712,,8602,14,,,0
26019,'1190773',2112,,8603,14,,,0
26019,'1190816',1056,,8604,14,,,0
26019,'1190845',2012,,8605,14,,,0
26019,'1190884',1112,,8606,14,,,0
26019,'1190966',1912,,8607,14,,,0
26019,'1190973',956,,8608,14,,,0
26019,'1191004',1656,,8609,14,,,0
26019,'1191025',1142,,8610,14,,,0
26019,'1191095',2211,,8611,14,,,0
26019,'1191169',756,,8612,14,,,0
26019,'1191218',1812,,8613,14,,,0
26019,'1191263',1613,,8614,14,,,0
26019,'1191344',611,,8615,14,,,0
26019,'1191406',1956,,8616,14,,,0
26019,'1191417',1912,,8617,14,,,0
26019,'1191428',1812,,8618,14,,,0
26019,'1191505',1412,,8619,14,,,0
26019,'1191534',2156,,8620,14,,,0
26019,'1191563',1256,,8621,14,,,0
26019,'1191610',1556,,8622,14,,,0
26019,'1191650',911,,8623,14,,,0
26019,'1191698',1612,,8624,14,,,0
26019,'1191711',1712,,8625,14,,,0
26019,'1191759',1312,,8626,14,,,0
26019,'1191851',2256,,8627,14,,,0
26019,'1191911',2212,,8628,14,,,0
26019,'1192083',711,,8629,14,,,0
26019,'1192096',612,,8630,14,,,0
26019,'1192137',1512,,8631,14,,,0
26019,'1192185',1342,,8632,14,,,0
26019,'1192319',2056,,8633,14,,,0
26019,'1192434',1442,,8634,14,,,0
26019,'1192436',1456,,8635,14,,,0
26019,'1192522',2311,,8636,14,,,0
26019,'1192547',1012,,8637,14,,,0
26019,'1192554',1156,,8638,14,,,0
26019,'1192558',1512,,8639,14,,,0
26019,'1192615',2312,,8640,14,,,0
26019,'1192663',1012,,8641,14,,,0
26019,'1192684',1356,,8642,14,,,0
26019,'1192817',1856,,8643,14,,,0
26019,'1192853',1212,,8644,14,,,0
26019,'1192866',1042,,8645,14,,,0
26019,'1192909',812,,8646,14,,,0
26019,'1192944',2012,,8647,14,,,0
26019,'1192988',912,,8648,14,,,0
26019,'1193013',1242,,8649,14,,,0
26019,'1193014',2112,,8650,14,,,0
26019,'1193129',712,,8651,14,,,0
26019,'1193182',811,,8652,14,,,0
26019,'1193318',856,,8653,14,,,0
