2019,'1190609',1605,,7220,9,,,0
2019,'1190673',1220,,7221,9,,,0
2019,'1190685',1205,,7222,9,,,0
2019,'1190689',1935,,7223,9,,,0
2019,'1190717',1705,,7224,9,,,0
2019,'1190761',1420,,7225,9,,,0
2019,'1190765',1235,,7226,9,,,0
2019,'1190771',1320,,7227,9,,,0
2019,'1190817',1305,,7228,9,,,0
2019,'1190891',2120,,7229,9,,,0
2019,'1190941',1520,,7230,9,,,0
2019,'1190953',805,,7231,9,,,0
2019,'1190999',1705,,7232,9,,,0
2019,'1191046',1735,,7233,9,,,0
2019,'1191054',2354,,7234,9,,,0
2019,'1191067',850,,7235,9,,,0
2019,'1191084',1420,,7236,9,,,0
2019,'1191125',1720,,7237,9,,,0
2019,'1191149',720,,7238,9,,,0
2019,'1191199',835,,7239,9,,,0
2019,'1191211',1550,,7240,9,,,0
2019,'1191224',1150,,7241,9,,,0
2019,'1191233',2219,,7242,9,,,0
2019,'1191252',2349,,7243,9,,,0
2019,'1191275',720,,7244,9,,,0
2019,'1191287',1320,,7245,9,,,0
2019,'1191383',1804,,7246,9,,,0
2019,'1191405',820,,7247,9,,,0
2019,'1191408',1250,,7248,9,,,0
2019,'1191447',1435,,7249,9,,,0
2019,'1191485',2104,,7250,9,,,0
2019,'1191495',1620,,7251,9,,,0
2019,'1191512',1305,,7252,9,,,0
2019,'1191527',920,,7253,9,,,0
2019,'1191539',1335,,7254,9,,,0
2019,'1191561',1735,,7255,9,,,0
2019,'1191615',2035,,7256,9,,,0
2019,'1191644',1005,,7257,9,,,0
2019,'1191646',1020,,7258,9,,,0
2019,'1191661',1635,,7259,9,,,0
2019,'1191691',1750,,7260,9,,,0
2019,'1191768',920,,7261,9,,,0
2019,'1191793',705,,7262,9,,,0
2019,'1191820',1020,,7263,9,,,0
2019,'1191850',735,,7264,9,,,0
2019,'1191864',1605,,7265,9,,,0
2019,'1191867',2220,,7266,9,,,0
2019,'1191873',1520,,7267,9,,,0
2019,'1191904',950,,7268,9,,,0
2019,'1191918',1919,,7269,9,,,0
2019,'1191932',2204,,7270,9,,,0
2019,'1191992',2334,,7271,9,,,0
2019,'1192029',1050,,7272,9,,,0
2019,'1192053',2134,,7273,9,,,0
2019,'1192089',1535,,7274,9,,,0
2019,'1192091',1205,,7275,9,,,0
2019,'1192130',1035,,7276,9,,,0
2019,'1192210',1820,,7277,9,,,0
2019,'1192225',1834,,7278,9,,,0
2019,'1192227',1650,,7279,9,,,0
2019,'1192252',2004,,7280,9,,,0
2019,'1192285',635,,7281,9,,,0
2019,'1192330',1005,,7282,9,,,0
2019,'1192352',1120,,7283,9,,,0
2019,'1192380',1235,,7284,9,,,0
2019,'1192437',750,,7285,9,,,0
2019,'1192442',1135,,7286,9,,,0
2019,'1192449',1220,,7287,9,,,0
2019,'1192523',1535,,7288,9,,,0
2019,'1192531',1505,,7289,9,,,0
2019,'1192546',1135,,7290,9,,,0
2019,'1192565',2020,,7291,9,,,0
2019,'1192577',2234,,7292,9,,,0
2019,'1192650',1920,,7293,9,,,0
2019,'1192668',1105,,7294,9,,,0
2019,'1192678',1435,,7295,9,,,0
2019,'1192698',820,,7296,9,,,0
2019,'1192722',1635,,7297,9,,,0
2019,'1192754',835,,7298,9,,,0
2019,'1192756',920,,7299,9,,,0
2019,'1192760',1620,,7300,9,,,0
2019,'1192800',1835,,7301,9,,,0
2019,'1192812',2320,,7302,9,,,0
2019,'1192865',1450,,7303,9,,,0
2019,'1192869',935,,7304,9,,,0
2019,'1192915',1405,,7305,9,,,0
2019,'1192923',1035,,7306,9,,,0
2019,'1192928',2005,,7307,9,,,0
2019,'1192930',1905,,7308,9,,,0
2019,'1192936',705,,7309,9,,,0
2019,'1192939',650,,7310,9,,,0
2019,'1192940',905,,7311,9,,,0
2019,'1192992',1350,,7312,9,,,0
2019,'1192994',1405,,7313,9,,,0
2019,'1193012',1720,,7314,9,,,0
2019,'1193057',1335,,7315,9,,,0
2019,'1193080',2049,,7316,9,,,0
2019,'1193128',750,,7317,9,,,0
2019,'1193163',1120,,7318,9,,,0
2019,'1193170',1105,,7319,9,,,0
2019,'1193177',2134,,7320,9,,,0
2019,'1193178',2304,,7321,9,,,0
2019,'1193210',1505,,7322,9,,,0
2019,'1193284',1805,,7323,9,,,0
2019,'1193308',2304,,7324,9,,,0
