105029,'1190637',840,,9337,73,,,0
105029,'1190832',728,,9338,73,,,0
105029,'1190854',1531,,9339,73,,,0
105029,'1190856',1346,,9340,73,,,0
105029,'1190924',2433,,9341,73,,,0
105029,'1190926',1442,,9342,73,,,0
105029,'1190965',1501,,9343,73,,,0
105029,'1190981',658,,9344,73,,,0
105029,'1191222',2240,,9345,73,,,0
105029,'1191223',1716,,9346,73,,,0
105029,'1191285',2028,,9347,73,,,0
105029,'1191307',1601,,9348,73,,,0
105029,'1191404',1542,,9349,73,,,0
105029,'1191423',1431,,9350,73,,,0
105029,'1191572',1042,,9351,73,,,0
105029,'1191670',1759,,9352,73,,,0
105029,'1191739',1816,,9353,73,,,0
105029,'1191784',1342,,9354,73,,,0
105029,'1191846',1031,,9355,73,,,0
105029,'1191848',1246,,9356,73,,,0
105029,'1191910',2440,,9357,73,,,0
105029,'1191936',1559,,9358,73,,,0
105029,'1192016',758,,9359,73,,,0
105029,'1192019',1842,,9360,73,,,0
105029,'1192058',2359,,9361,73,,,0
105029,'1192150',759,,9362,73,,,0
105029,'1192180',1959,,9363,73,,,0
105029,'1192198',2328,,9364,73,,,0
105029,'1192205',640,,9365,73,,,0
105029,'1192224',1646,,9366,73,,,0
105029,'1192338',1858,,9367,73,,,0
105029,'1192379',2128,,9368,73,,,0
105029,'1192463',1359,,9369,73,,,0
105029,'1192488',1142,,9370,73,,,0
105029,'1192491',828,,9371,73,,,0
105029,'1192500',928,,9372,73,,,0
105029,'1192511',2040,,9373,73,,,0
105029,'1192662',1642,,9374,73,,,0
105029,'1192694',1131,,9375,73,,,0
105029,'1192728',2159,,9376,73,,,0
105029,'1193038',1242,,9377,73,,,0
105029,'1193130',1159,,9378,73,,,0
105029,'1193181',1742,,9379,73,,,0
105029,'1193225',1746,,9380,73,,,0
105029,'1193234',959,,9381,73,,,0
105029,'1193316',2228,,9382,73,,,0
