10019,'1190610',2357,,7564,21,,,0
10019,'1190646',1057,,7565,21,,,0
10019,'1190651',2227,,7566,21,,,0
10019,'1190766',957,,7567,21,,,0
10019,'1190772',1857,,7568,21,,,0
10019,'1190785',1927,,7569,21,,,0
10019,'1190799',1057,,7570,21,,,0
10019,'1190857',857,,7571,21,,,0
10019,'1190859',1827,,7572,21,,,0
10019,'1190883',1757,,7573,21,,,0
10019,'1190907',927,,7574,21,,,0
10019,'1190910',1527,,7575,21,,,0
10019,'1190959',1257,,7576,21,,,0
10019,'1190962',957,,7577,21,,,0
10019,'1190989',2127,,7578,21,,,0
10019,'1191003',2327,,7579,21,,,0
10019,'1191074',1657,,7580,21,,,0
10019,'1191083',1757,,7581,21,,,0
10019,'1191102',1157,,7582,21,,,0
10019,'1191194',1057,,7583,21,,,0
10019,'1191196',1157,,7584,21,,,0
10019,'1191337',1357,,7585,21,,,0
10019,'1191350',1557,,7586,21,,,0
10019,'1191370',657,,7587,21,,,0
10019,'1191386',1627,,7588,21,,,0
10019,'1191403',1457,,7589,21,,,0
10019,'1191494',1357,,7590,21,,,0
10019,'1191508',1957,,7591,21,,,0
10019,'1191560',827,,7592,21,,,0
10019,'1191730',2157,,7593,21,,,0
10019,'1191797',2057,,7594,21,,,0
10019,'1191886',1257,,7595,21,,,0
10019,'1191914',1957,,7596,21,,,0
10019,'1191919',2257,,7597,21,,,0
10019,'1192082',1557,,7598,21,,,0
10019,'1192109',1857,,7599,21,,,0
10019,'1192179',1457,,7600,21,,,0
10019,'1192233',2157,,7601,21,,,0
10019,'1192240',757,,7602,21,,,0
10019,'1192284',727,,7603,21,,,0
10019,'1192351',2357,,7604,21,,,0
10019,'1192377',1657,,7605,21,,,0
10019,'1192478',757,,7606,21,,,0
10019,'1192649',628,,7607,21,,,0
10019,'1192653',957,,7608,21,,,0
10019,'1192758',2057,,7609,21,,,0
10019,'1192767',658,,7610,21,,,0
10019,'1192929',1357,,7611,21,,,0
10019,'1192932',857,,7612,21,,,0
10019,'1193029',1657,,7613,21,,,0
10019,'1193089',1757,,7614,21,,,0
10019,'1193115',1557,,7615,21,,,0
10019,'1193131',857,,7616,21,,,0
10019,'1193137',757,,7617,21,,,0
10019,'1193208',1257,,7618,21,,,0
10019,'1193209',1157,,7619,21,,,0
10019,'1193233',2257,,7620,21,,,0
10019,'1193268',2027,,7621,21,,,0
10019,'1193309',1727,,7622,21,,,0
10019,'1193311',1457,,7623,21,,,0
