11029,'1190662',1433,,7754,22,,,0
11029,'1190674',1603,,7755,22,,,0
11029,'1190679',1233,,7756,22,,,0
11029,'1190687',2233,,7757,22,,,0
11029,'1190702',633,,7758,22,,,0
11029,'1190707',1003,,7759,22,,,0
11029,'1190740',1034,,7760,22,,,0
11029,'1190760',1403,,7761,22,,,0
11029,'1190767',1733,,7762,22,,,0
11029,'1190846',1303,,7763,22,,,0
11029,'1190868',1503,,7764,22,,,0
11029,'1190908',803,,7765,22,,,0
11029,'1190991',703,,7766,22,,,0
11029,'1191027',1334,,7767,22,,,0
11029,'1191113',1103,,7768,22,,,0
11029,'1191117',1233,,7769,22,,,0
11029,'1191127',1333,,7770,22,,,0
11029,'1191176',834,,7771,22,,,0
11029,'1191206',1933,,7772,22,,,0
11029,'1191220',1734,,7773,22,,,0
11029,'1191225',2103,,7774,22,,,0
11029,'1191261',1634,,7775,22,,,0
11029,'1191301',733,,7776,22,,,0
11029,'1191458',1603,,7777,22,,,0
11029,'1191541',2033,,7778,22,,,0
11029,'1191571',2034,,7779,22,,,0
11029,'1191589',1234,,7780,22,,,0
11029,'1191607',1703,,7781,22,,,0
11029,'1191727',1533,,7782,22,,,0
11029,'1191782',1403,,7783,22,,,0
11029,'1191889',2334,,7784,22,,,0
11029,'1191897',1203,,7785,22,,,0
11029,'1191898',1534,,7786,22,,,0
11029,'1191943',1033,,7787,22,,,0
11029,'1191963',1133,,7788,22,,,0
11029,'1191968',1134,,7789,22,,,0
11029,'1191999',2003,,7790,22,,,0
11029,'1192027',1903,,7791,22,,,0
11029,'1192028',734,,7792,22,,,0
11029,'1192111',2134,,7793,22,,,0
11029,'1192172',2408,,7794,22,,,0
11029,'1192183',933,,7795,22,,,0
11029,'1192286',833,,7796,22,,,0
11029,'1192326',1934,,7797,22,,,0
11029,'1192339',903,,7798,22,,,0
11029,'1192422',2303,,7799,22,,,0
11029,'1192445',1333,,7800,22,,,0
11029,'1192481',1633,,7801,22,,,0
11029,'1192490',2234,,7802,22,,,0
11029,'1192503',2333,,7803,22,,,0
11029,'1192528',933,,7804,22,,,0
11029,'1192532',2203,,7805,22,,,0
11029,'1192574',1133,,7806,22,,,0
11029,'1192626',1033,,7807,22,,,0
11029,'1192737',1733,,7808,22,,,0
11029,'1192757',733,,7809,22,,,0
11029,'1192779',1834,,7810,22,,,0
11029,'1192802',1203,,7811,22,,,0
11029,'1192807',1703,,7812,22,,,0
11029,'1192884',1533,,7813,22,,,0
11029,'1192947',1434,,7814,22,,,0
11029,'1193001',934,,7815,22,,,0
11029,'1193017',1633,,7816,22,,,0
11029,'1193076',1303,,7817,22,,,0
11029,'1193105',1803,,7818,22,,,0
11029,'1193146',1503,,7819,22,,,0
11029,'1193240',1433,,7820,22,,,0
11029,'1193251',2133,,7821,22,,,0
11029,'1193290',1833,,7822,22,,,0
11029,'1193300',833,,7823,22,,,0
140001029,'1190599',1157,,9532,15,,,0
140001029,'1190600',924,,9533,15,,,0
140001029,'1190621',2255,,9534,15,,,0
140001029,'1190654',2254,,9535,15,,,0
140001029,'1190676',2225,,9536,15,,,0
140001029,'1190705',1628,,9537,15,,,0
140001029,'1190711',824,,9538,15,,,0
140001029,'1190715',1643,,9539,15,,,0
140001029,'1190737',2124,,9540,15,,,0
140001029,'1190823',1110,,9541,15,,,0
140001029,'1190849',1225,,9542,15,,,0
140001029,'1190851',1710,,9543,15,,,0
140001029,'1190861',739,,9544,15,,,0
140001029,'1190919',625,,9545,15,,,0
140001029,'1190942',839,,9546,15,,,0
140001029,'1190950',1040,,9547,15,,,0
140001029,'1190977',1025,,9548,15,,,0
140001029,'1191006',1057,,9549,15,,,0
140001029,'1191022',1755,,9550,15,,,0
140001029,'1191026',1925,,9551,15,,,0
140001029,'1191051',1658,,9552,15,,,0
140001029,'1191073',1810,,9553,15,,,0
140001029,'1191077',1856,,9554,15,,,0
140001029,'1191100',1528,,9555,15,,,0
140001029,'1191110',1543,,9556,15,,,0
140001029,'1191120',2041,,9557,15,,,0
140001029,'1191183',1340,,9558,15,,,0
140001029,'1191185',1425,,9559,15,,,0
140001029,'1191195',1458,,9560,15,,,0
140001029,'1191197',1012,,9561,15,,,0
140001029,'1191229',754,,9562,15,,,0
140001029,'1191239',1010,,9563,15,,,0
140001029,'1191241',755,,9564,15,,,0
140001029,'1191249',1142,,9565,15,,,0
140001029,'1191251',855,,9566,15,,,0
140001029,'1191260',1155,,9567,15,,,0
140001029,'1191273',1257,,9568,15,,,0
140001029,'1191279',854,,9569,15,,,0
140001029,'1191347',1440,,9570,15,,,0
140001029,'1191349',1558,,9571,15,,,0
140001029,'1191357',639,,9572,15,,,0
140001029,'1191358',1540,,9573,15,,,0
140001029,'1191362',724,,9574,15,,,0
140001029,'1191369',1125,,9575,15,,,0
140001029,'1191374',709,,9576,15,,,0
140001029,'1191422',1925,,9577,15,,,0
140001029,'1191436',1610,,9578,15,,,0
140001029,'1191459',2056,,9579,15,,,0
140001029,'1191461',1725,,9580,15,,,0
140001029,'1191510',1227,,9581,15,,,0
140001029,'1191569',1825,,9582,15,,,0
140001029,'1191585',1625,,9583,15,,,0
140001029,'1191594',2359,,9584,15,,,0
140001029,'1191599',1327,,9585,15,,,0
140001029,'1191617',2225,,9586,15,,,0
140001029,'1191627',925,,9587,15,,,0
140001029,'1191654',1941,,9588,15,,,0
140001029,'1191672',1025,,9589,15,,,0
140001029,'1191688',1811,,9590,15,,,0
140001029,'1191700',2155,,9591,15,,,0
140001029,'1191703',1728,,9592,15,,,0
140001029,'1191748',725,,9593,15,,,0
140001029,'1191749',2026,,9594,15,,,0
140001029,'1191752',1956,,9595,15,,,0
140001029,'1191781',1210,,9596,15,,,0
140001029,'1191787',1911,,9597,15,,,0
140001029,'1191809',1055,,9598,15,,,0
140001029,'1191814',1926,,9599,15,,,0
140001029,'1191822',1140,,9600,15,,,0
140001029,'1191880',1428,,9601,15,,,0
140001029,'1191895',1555,,9602,15,,,0
140001029,'1191933',1443,,9603,15,,,0
140001029,'1191962',1255,,9604,15,,,0
140001029,'1191971',1525,,9605,15,,,0
140001029,'1191993',1212,,9606,15,,,0
140001029,'1192009',1240,,9607,15,,,0
140001029,'1192030',2224,,9608,15,,,0
140001029,'1192075',1713,,9609,15,,,0
140001029,'1192076',1510,,9610,15,,,0
140001029,'1192085',725,,9611,15,,,0
140001029,'1192192',1955,,9612,15,,,0
140001029,'1192204',2025,,9613,15,,,0
140001029,'1192231',954,,9614,15,,,0
140001029,'1192238',955,,9615,15,,,0
140001029,'1192242',1513,,9616,15,,,0
140001029,'1192251',2125,,9617,15,,,0
140001029,'1192270',2355,,9618,15,,,0
140001029,'1192275',1640,,9619,15,,,0
140001029,'1192298',1625,,9620,15,,,0
140001029,'1192358',1825,,9621,15,,,0
140001029,'1192364',2324,,9622,15,,,0
140001029,'1192382',1743,,9623,15,,,0
140001029,'1192427',2011,,9624,15,,,0
140001029,'1192462',1027,,9625,15,,,0
140001029,'1192467',1325,,9626,15,,,0
140001029,'1192479',2055,,9627,15,,,0
140001029,'1192506',655,,9628,15,,,0
140001029,'1192539',1125,,9629,15,,,0
140001029,'1192548',940,,9630,15,,,0
140001029,'1192550',1242,,9631,15,,,0
140001029,'1192559',939,,9632,15,,,0
140001029,'1192568',825,,9633,15,,,0
140001029,'1192571',809,,9634,15,,,0
140001029,'1192572',1525,,9635,15,,,0
140001029,'1192575',654,,9636,15,,,0
140001029,'1192584',1740,,9637,15,,,0
140001029,'1192594',1042,,9638,15,,,0
140001029,'1192612',1455,,9639,15,,,0
140001029,'1192644',1613,,9640,15,,,0
140001029,'1192648',1312,,9641,15,,,0
140001029,'1192665',909,,9642,15,,,0
140001029,'1192677',925,,9643,15,,,0
140001029,'1192732',1358,,9644,15,,,0
140001029,'1192736',1756,,9645,15,,,0
140001029,'1192755',1855,,9646,15,,,0
140001029,'1192762',1840,,9647,15,,,0
140001029,'1192794',2025,,9648,15,,,0
140001029,'1192842',1325,,9649,15,,,0
140001029,'1192858',1310,,9650,15,,,0
140001029,'1192901',1841,,9651,15,,,0
140001029,'1192907',1355,,9652,15,,,0
140001029,'1192922',1127,,9653,15,,,0
140001029,'1192938',1112,,9654,15,,,0
140001029,'1192969',1225,,9655,15,,,0
140001029,'1193035',2325,,9656,15,,,0
140001029,'1193142',1725,,9657,15,,,0
140001029,'1193157',2154,,9658,15,,,0
140001029,'1193158',2325,,9659,15,,,0
140001029,'1193196',1410,,9660,15,,,0
140001029,'1193202',2125,,9661,15,,,0
140001029,'1193206',1342,,9662,15,,,0
140001029,'1193223',1425,,9663,15,,,0
140001029,'1193237',825,,9664,15,,,0
140001029,'1193252',624,,9665,15,,,0
140001029,'1193289',1413,,9666,15,,,0
140001029,'1193293',1826,,9667,15,,,0
140001029,'1193306',1655,,9668,15,,,0
