10019,'1190610',2356,,7564,19,,,0
10019,'1190646',1056,,7565,19,,,0
10019,'1190651',2226,,7566,19,,,0
10019,'1190766',956,,7567,19,,,0
10019,'1190772',1856,,7568,19,,,0
10019,'1190785',1926,,7569,19,,,0
10019,'1190799',1056,,7570,19,,,0
10019,'1190857',856,,7571,19,,,0
10019,'1190859',1826,,7572,19,,,0
10019,'1190883',1756,,7573,19,,,0
10019,'1190907',926,,7574,19,,,0
10019,'1190910',1526,,7575,19,,,0
10019,'1190959',1256,,7576,19,,,0
10019,'1190962',956,,7577,19,,,0
10019,'1190989',2126,,7578,19,,,0
10019,'1191003',2326,,7579,19,,,0
10019,'1191074',1656,,7580,19,,,0
10019,'1191083',1756,,7581,19,,,0
10019,'1191102',1156,,7582,19,,,0
10019,'1191194',1056,,7583,19,,,0
10019,'1191196',1156,,7584,19,,,0
10019,'1191337',1356,,7585,19,,,0
10019,'1191350',1556,,7586,19,,,0
10019,'1191370',656,,7587,19,,,0
10019,'1191386',1626,,7588,19,,,0
10019,'1191403',1456,,7589,19,,,0
10019,'1191494',1356,,7590,19,,,0
10019,'1191508',1956,,7591,19,,,0
10019,'1191560',826,,7592,19,,,0
10019,'1191730',2156,,7593,19,,,0
10019,'1191797',2056,,7594,19,,,0
10019,'1191886',1256,,7595,19,,,0
10019,'1191914',1956,,7596,19,,,0
10019,'1191919',2256,,7597,19,,,0
10019,'1192082',1556,,7598,19,,,0
10019,'1192109',1856,,7599,19,,,0
10019,'1192179',1456,,7600,19,,,0
10019,'1192233',2156,,7601,19,,,0
10019,'1192240',756,,7602,19,,,0
10019,'1192284',726,,7603,19,,,0
10019,'1192351',2356,,7604,19,,,0
10019,'1192377',1656,,7605,19,,,0
10019,'1192478',756,,7606,19,,,0
10019,'1192649',626,,7607,19,,,0
10019,'1192653',956,,7608,19,,,0
10019,'1192758',2056,,7609,19,,,0
10019,'1192767',656,,7610,19,,,0
10019,'1192929',1356,,7611,19,,,0
10019,'1192932',856,,7612,19,,,0
10019,'1193029',1656,,7613,19,,,0
10019,'1193089',1756,,7614,19,,,0
10019,'1193115',1556,,7615,19,,,0
10019,'1193131',856,,7616,19,,,0
10019,'1193137',756,,7617,19,,,0
10019,'1193208',1256,,7618,19,,,0
10019,'1193209',1156,,7619,19,,,0
10019,'1193233',2256,,7620,19,,,0
10019,'1193268',2026,,7621,19,,,0
10019,'1193309',1726,,7622,19,,,0
10019,'1193311',1456,,7623,19,,,0
