13019,'1190607',937,,7967,33,,,0
13019,'1190622',837,,7968,33,,,0
13019,'1190640',1638,,7969,33,,,0
13019,'1190733',1037,,7970,33,,,0
13019,'1190801',1238,,7971,33,,,0
13019,'1190811',1937,,7972,33,,,0
13019,'1190911',737,,7973,33,,,0
13019,'1191064',1007,,7974,33,,,0
13019,'1191079',908,,7975,33,,,0
13019,'1191259',737,,7976,33,,,0
13019,'1191324',737,,7977,33,,,0
13019,'1191439',1739,,7978,33,,,0
13019,'1191443',607,,7979,7,,,0
13019,'1191477',2337,,7980,33,,,0
13019,'1191498',2237,,7981,33,,,0
13019,'1191524',637,,7982,7,,,0
13019,'1191613',1539,,7983,33,,,0
13019,'1191629',2237,,7984,33,,,0
13019,'1191635',2137,,7985,33,,,0
13019,'1191643',2107,,7986,33,,,0
13019,'1191663',1239,,7987,33,,,0
13019,'1191733',1040,,7988,33,,,0
13019,'1191945',1338,,7989,33,,,0
13019,'1192060',807,,7990,33,,,0
13019,'1192062',2207,,7991,33,,,0
13019,'1192072',1139,,7992,33,,,0
13019,'1192088',637,,7993,33,,,0
13019,'1192127',1509,,7994,33,,,0
13019,'1192154',1439,,7995,33,,,0
13019,'1192163',1438,,7996,33,,,0
13019,'1192228',838,,7997,33,,,0
13019,'1192253',1337,,7998,33,,,0
13019,'1192292',1637,,7999,33,,,0
13019,'1192313',837,,8000,33,,,0
13019,'1192426',1609,,8001,33,,,0
13019,'1192486',1709,,8002,33,,,0
13019,'1192492',1907,,8003,33,,,0
13019,'1192497',1138,,8004,33,,,0
13019,'1192498',1738,,8005,33,,,0
13019,'1192501',1807,,8006,33,,,0
13019,'1192533',1737,,8007,33,,,0
13019,'1192536',1037,,8008,33,,,0
13019,'1192544',2037,,8009,33,,,0
13019,'1192608',1437,,8010,33,,,0
13019,'1192610',937,,8011,33,,,0
13019,'1192637',2137,,8012,33,,,0
13019,'1192651',1837,,8013,33,,,0
13019,'1192715',2307,,8014,33,,,0
13019,'1192764',1937,,8015,33,,,0
13019,'1192811',2037,,8016,33,,,0
13019,'1192876',1639,,8017,33,,,0
13019,'1192895',938,,8018,33,,,0
13019,'1192920',1137,,8019,33,,,0
13019,'1192984',1237,,8020,33,,,0
13019,'1193039',1538,,8021,33,,,0
13019,'1193073',2007,,8022,33,,,0
13019,'1193083',2337,,8023,33,,,0
13019,'1193111',1537,,8024,33,,,0
13019,'1193132',707,,8025,33,,,0
13019,'1193188',1837,,8026,33,,,0
13019,'1193199',2412,,8027,33,,,0
13019,'1193221',1339,,8028,33,,,0
