28019,'1190612',2013,,8811,12,,,0
28019,'1190648',1758,,8812,12,,,0
28019,'1190664',1513,,8813,12,,,0
28019,'1190675',2113,,8814,12,,,0
28019,'1190706',2313,,8815,12,,,0
28019,'1190722',1643,,8816,12,,,0
28019,'1190756',1013,,8817,12,,,0
28019,'1190827',1858,,8818,12,,,0
28019,'1190930',1713,,8819,12,,,0
28019,'1190951',2238,,8820,12,,,0
28019,'1190952',938,,8821,12,,,0
28019,'1190995',838,,8822,12,,,0
28019,'1191000',1438,,8823,12,,,0
28019,'1191056',1458,,8824,12,,,0
28019,'1191066',1058,,8825,12,,,0
28019,'1191068',813,,8826,12,,,0
28019,'1191147',1838,,8827,12,,,0
28019,'1191153',2158,,8828,12,,,0
28019,'1191391',1843,,8829,12,,,0
28019,'1191424',843,,8830,12,,,0
28019,'1191516',658,,8831,12,,,0
28019,'1191816',1158,,8832,12,,,0
28019,'1191883',913,,8833,12,,,0
28019,'1191952',1638,,8834,12,,,0
28019,'1191965',1558,,8835,12,,,0
28019,'1191975',2038,,8836,12,,,0
28019,'1192008',1913,,8837,12,,,0
28019,'1192010',1258,,8838,12,,,0
28019,'1192015',1813,,8839,12,,,0
28019,'1192021',858,,8840,12,,,0
28019,'1192050',1038,,8841,12,,,0
28019,'1192110',2358,,8842,12,,,0
28019,'1192173',2338,,8843,12,,,0
28019,'1192287',743,,8844,12,,,0
28019,'1192288',1743,,8845,12,,,0
28019,'1192309',1613,,8846,12,,,0
28019,'1192311',1413,,8847,12,,,0
28019,'1192315',1313,,8848,12,,,0
28019,'1192316',1113,,8849,12,,,0
28019,'1192431',613,,8850,12,,,0
28019,'1192485',1938,,8851,12,,,0
28019,'1192496',2058,,8852,12,,,0
28019,'1192602',2213,,8853,12,,,0
28019,'1192636',1658,,8854,12,,,0
28019,'1192669',758,,8855,12,,,0
28019,'1192693',1538,,8856,12,,,0
28019,'1192699',1238,,8857,12,,,0
28019,'1192734',738,,8858,12,,,0
28019,'1192750',1958,,8859,12,,,0
28019,'1192815',1138,,8860,12,,,0
28019,'1192830',643,,8861,12,,,0
28019,'1192835',2138,,8862,12,,,0
28019,'1192878',1358,,8863,12,,,0
28019,'1192900',2258,,8864,12,,,0
28019,'1193052',713,,8865,12,,,0
28019,'1193108',958,,8866,12,,,0
28019,'1193124',1738,,8867,12,,,0
28019,'1193283',1213,,8868,12,,,0
28019,'1193292',1338,,8869,12,,,0
