12029,'1190603',1222,,7896,11,,,0
12029,'1190623',921,,7897,11,,,0
12029,'1190638',1821,,7898,11,,,0
12029,'1190684',2222,,7899,11,,,0
12029,'1190691',2051,,7900,11,,,0
12029,'1190731',1621,,7901,11,,,0
12029,'1190743',1921,,7902,11,,,0
12029,'1190753',2122,,7903,11,,,0
12029,'1190777',751,,7904,11,,,0
12029,'1190812',2251,,7905,11,,,0
12029,'1190880',2151,,7906,11,,,0
12029,'1190932',1422,,7907,11,,,0
12029,'1190940',1751,,7908,11,,,0
12029,'1191029',1351,,7909,11,,,0
12029,'1191043',1721,,7910,11,,,0
12029,'1191093',1651,,7911,11,,,0
12029,'1191133',1051,,7912,11,,,0
12029,'1191256',922,,7913,11,,,0
12029,'1191281',1121,,7914,11,,,0
12029,'1191303',821,,7915,11,,,0
12029,'1191335',1621,,7916,11,,,0
12029,'1191382',1051,,7917,11,,,0
12029,'1191410',1651,,7918,11,,,0
12029,'1191500',1151,,7919,11,,,0
12029,'1191501',2022,,7920,11,,,0
12029,'1191528',1421,,7921,11,,,0
12029,'1191555',2121,,7922,11,,,0
12029,'1191588',2356,,7923,11,,,0
12029,'1191595',1321,,7924,11,,,0
12029,'1191653',621,,7925,11,,,0
12029,'1191692',822,,7926,11,,,0
12029,'1191696',1922,,7927,11,,,0
12029,'1191708',2021,,7928,11,,,0
12029,'1191789',1522,,7929,11,,,0
12029,'1191811',1122,,7930,11,,,0
12029,'1191813',921,,7931,11,,,0
12029,'1191831',1022,,7932,11,,,0
12029,'1191874',1351,,7933,11,,,0
12029,'1191998',1721,,7934,11,,,0
12029,'1192059',2322,,7935,11,,,0
12029,'1192129',1822,,7936,11,,,0
12029,'1192133',1121,,7937,11,,,0
12029,'1192152',1551,,7938,11,,,0
12029,'1192260',851,,7939,11,,,0
12029,'1192279',1251,,7940,11,,,0
12029,'1192294',722,,7941,11,,,0
12029,'1192306',951,,7942,11,,,0
12029,'1192361',1251,,7943,11,,,0
12029,'1192410',821,,7944,11,,,0
12029,'1192567',1221,,7945,11,,,0
12029,'1192578',1622,,7946,11,,,0
12029,'1192673',1151,,7947,11,,,0
12029,'1192741',1421,,7948,11,,,0
12029,'1192809',651,,7949,11,,,0
12029,'1192877',2321,,7950,11,,,0
12029,'1192898',1451,,7951,11,,,0
12029,'1192950',721,,7952,11,,,0
12029,'1193043',721,,7953,11,,,0
12029,'1193053',1021,,7954,11,,,0
12029,'1193054',1951,,7955,11,,,0
12029,'1193056',1551,,7956,11,,,0
12029,'1193058',1322,,7957,11,,,0
12029,'1193093',1722,,7958,11,,,0
12029,'1193102',1521,,7959,11,,,0
12029,'1193103',1451,,7960,11,,,0
12029,'1193156',1021,,7961,11,,,0
12029,'1193195',1321,,7962,11,,,0
12029,'1193220',1221,,7963,11,,,0
12029,'1193227',1851,,7964,11,,,0
12029,'1193272',1521,,7965,11,,,0
12029,'1193321',2221,,7966,11,,,0
