20019,'1190619',643,,8208,12,,,0
20019,'1190641',1714,,8209,12,,,0
20019,'1190738',612,,8210,12,,,0
20019,'1190758',1644,,8211,12,,,0
20019,'1190774',1843,,8212,12,,,0
20019,'1190805',1414,,8213,12,,,0
20019,'1190807',1537,,8214,12,,,0
20019,'1190842',937,,8215,12,,,0
20019,'1190858',2342,,8216,12,,,0
20019,'1190934',1737,,8217,12,,,0
20019,'1190997',814,,8218,12,,,0
20019,'1191053',843,,8219,12,,,0
20019,'1191089',2143,,8220,12,,,0
20019,'1191136',1914,,8221,12,,,0
20019,'1191180',1343,,8222,12,,,0
20019,'1191184',2237,,8223,12,,,0
20019,'1191306',713,,8224,12,,,0
20019,'1191365',2113,,8225,12,,,0
20019,'1191367',2043,,8226,12,,,0
20019,'1191384',1037,,8227,12,,,0
20019,'1191430',1543,,8228,12,,,0
20019,'1191441',1744,,8229,12,,,0
20019,'1191475',1837,,8230,12,,,0
20019,'1191503',943,,8231,12,,,0
20019,'1191504',1937,,8232,12,,,0
20019,'1191515',642,,8233,12,,,0
20019,'1191641',1814,,8234,12,,,0
20019,'1191710',2137,,8235,12,,,0
20019,'1191735',1943,,8236,12,,,0
20019,'1191765',1043,,8237,12,,,0
20019,'1191794',837,,8238,12,,,0
20019,'1191882',2243,,8239,12,,,0
20019,'1191930',1643,,8240,12,,,0
20019,'1191994',1114,,8241,12,,,0
20019,'1192132',1314,,8242,12,,,0
20019,'1192365',1743,,8243,12,,,0
20019,'1192376',1214,,8244,12,,,0
20019,'1192411',1337,,8245,12,,,0
20019,'1192417',1437,,8246,12,,,0
20019,'1192420',1237,,8247,12,,,0
20019,'1192518',743,,8248,12,,,0
20019,'1192652',2337,,8249,12,,,0
20019,'1192666',2037,,8250,12,,,0
20019,'1192708',737,,8251,12,,,0
20019,'1192714',1143,,8252,12,,,0
20019,'1192729',1014,,8253,12,,,0
20019,'1192784',2213,,8254,12,,,0
20019,'1192905',1614,,8255,12,,,0
20019,'1192913',1137,,8256,12,,,0
20019,'1192933',2014,,8257,12,,,0
20019,'1193041',2313,,8258,12,,,0
20019,'1193116',2413,,8259,12,,,0
20019,'1193175',743,,8260,12,,,0
20019,'1193197',914,,8261,12,,,0
20019,'1193231',1243,,8262,12,,,0
20019,'1193236',1443,,8263,12,,,0
20019,'1193271',1637,,8264,12,,,0
20019,'1193274',1514,,8265,12,,,0
