28029,'1190634',747,,8870,3,,,0
28029,'1190661',1647,,8871,3,,,0
28029,'1190770',2307,,8872,3,,,0
28029,'1190803',822,,8873,3,,,0
28029,'1190860',652,,8874,3,,,0
28029,'1190918',1247,,8875,3,,,0
28029,'1190970',2407,,8876,3,,,0
28029,'1191001',1147,,8877,3,,,0
28029,'1191052',2207,,8878,3,,,0
28029,'1191081',1122,,8879,3,,,0
28029,'1191179',1947,,8880,3,,,0
28029,'1191269',2222,,8881,3,,,0
28029,'1191271',1652,,8882,3,,,0
28029,'1191336',807,,8883,3,,,0
28029,'1191340',1522,,8884,3,,,0
28029,'1191354',1508,,8885,3,,,0
28029,'1191361',1322,,8886,3,,,0
28029,'1191396',2022,,8887,3,,,0
28029,'1191399',1922,,8888,3,,,0
28029,'1191469',1852,,8889,3,,,0
28029,'1191538',1907,,8890,3,,,0
28029,'1191558',622,,8891,3,,,0
28029,'1191593',2047,,8892,3,,,0
28029,'1191761',2107,,8893,3,,,0
28029,'1191796',1007,,8894,3,,,0
28029,'1191802',847,,8895,3,,,0
28029,'1191849',907,,8896,3,,,0
28029,'1191894',852,,8897,3,,,0
28029,'1191915',2147,,8898,3,,,0
28029,'1191989',1752,,8899,3,,,0
28029,'1192005',947,,8900,3,,,0
28029,'1192036',1408,,8901,3,,,0
28029,'1192069',1847,,8902,3,,,0
28029,'1192124',1447,,8903,3,,,0
28029,'1192139',1722,,8904,3,,,0
28029,'1192188',752,,8905,3,,,0
28029,'1192295',1747,,8906,3,,,0
28029,'1192302',1807,,8907,3,,,0
28029,'1192370',2347,,8908,3,,,0
28029,'1192378',2322,,8909,3,,,0
28029,'1192387',707,,8910,3,,,0
28029,'1192517',1022,,8911,3,,,0
28029,'1192556',1622,,8912,3,,,0
28029,'1192593',1822,,8913,3,,,0
28029,'1192638',1107,,8914,3,,,0
28029,'1192687',2007,,8915,3,,,0
28029,'1192748',722,,8916,3,,,0
28029,'1192752',1707,,8917,3,,,0
28029,'1192786',1208,,8918,3,,,0
28029,'1192789',922,,8919,3,,,0
28029,'1192890',1426,,8920,3,,,0
28029,'1192951',1308,,8921,3,,,0
28029,'1193018',1608,,8922,3,,,0
28029,'1193050',2247,,8923,3,,,0
28029,'1193145',1047,,8924,3,,,0
28029,'1193148',1547,,8925,3,,,0
28029,'1193161',1222,,8926,3,,,0
28029,'1193213',1347,,8927,3,,,0
28029,'1193302',2122,,8928,3,,,0
