104019,'1184517',739,,6355,25,,,0
104019,'1184528',1510,,6356,25,,,0
104019,'1184559',740,,6357,25,,,0
104019,'1184617',939,,6359,25,,,0
104019,'1184688',625,,6360,25,,,0
104019,'1184877',1514,,6361,25,,,0
104019,'1184922',810,,6362,25,,,0
104019,'1184979',1725,,6363,25,,,0
104019,'1185038',1539,,6364,25,,,0
104019,'1185193',1010,,6365,25,,,0
104019,'1185278',2010,,6366,25,,,0
104019,'1185307',2110,,6367,25,,,0
104019,'1185470',2125,,6368,25,,,0
104019,'1185654',1855,,6370,25,,,0
104019,'1185670',2355,,6371,25,,,0
104019,'1185701',855,,6372,25,,,0
104019,'1185725',2139,,6373,25,,,0
104019,'1185733',1810,,6374,25,,,0
104019,'1185907',1740,,6375,25,,,0
104019,'1186067',1259,,6376,25,,,0
104019,'1186077',655,,6377,25,,,0
104019,'1186132',1010,,6378,25,,,0
104019,'1186146',1355,,6379,25,,,0
104019,'1186158',1139,,6380,25,,,0
104019,'1186167',1559,,6381,25,,,0
104019,'1186273',1644,,6382,25,,,0
104019,'1186311',1339,,6383,25,,,0
104019,'1186364',1214,,6384,25,,,0
104019,'1186429',1129,,6385,25,,,0
104019,'1186457',2240,,6386,25,,,0
104019,'1186466',1939,,6387,25,,,0
104019,'1186556',2339,,6388,25,,,0
104019,'1186581',2240,,6389,25,,,0
104019,'1186599',1739,,6390,25,,,0
104019,'1186640',1240,,6391,25,,,0
104019,'1186711',925,,6392,25,,,0
104019,'1186886',1625,,6393,25,,,0
104019,'1186953',855,,6394,25,,,0
104019,'1187029',1344,,6395,25,,,0
104019,'1187040',740,,6396,25,,,0
104019,'1187094',1429,,6398,25,,,0
104019,'1187116',2415,,6399,25,,,0
104019,'1187157',1940,,6400,25,,,0
104019,'1187171',1125,,6401,25,,,0
