10019,'1193663',2217,,10064,10,,,0
10019,'1193665',1752,,10065,10,,,0
10019,'1193667',617,,10066,10,,,0
10019,'1193668',947,,10067,10,,,0
10019,'1193675',2247,,10068,10,,,0
10019,'1193678',2147,,10069,10,,,0
10019,'1193679',1822,,10070,10,,,0
10019,'1193680',747,,10071,10,,,0
10019,'1193681',1552,,10072,10,,,0
10019,'1193682',647,,10073,10,,,0
10019,'1193686',1052,,10074,10,,,0
10019,'1193687',1052,,10075,10,,,0
10019,'1193691',1752,,10076,10,,,0
10019,'1193697',1852,,10077,10,,,0
10019,'1193698',1917,,10078,10,,,0
10019,'1193700',2047,,10079,10,,,0
10019,'1193701',847,,10080,10,,,0
10019,'1193703',1452,,10081,10,,,0
10019,'1193704',747,,10082,10,,,0
10019,'1193707',947,,10083,10,,,0
10019,'1193708',847,,10084,10,,,0
10019,'1193709',947,,10085,10,,,0
10019,'1193710',1252,,10086,10,,,0
10019,'1193711',1252,,10087,10,,,0
10019,'1193715',1252,,10088,10,,,0
10019,'1193717',2117,,10089,10,,,0
10019,'1193718',1352,,10090,10,,,0
10019,'1193720',1617,,10091,10,,,0
10019,'1193724',1452,,10092,10,,,0
10019,'1193725',2017,,10093,10,,,0
10019,'1193730',1947,,10094,10,,,0
10019,'1193731',1452,,10095,10,,,0
10019,'1193732',2317,,10096,10,,,0
10019,'1193733',1752,,10097,10,,,0
10019,'1193734',1152,,10098,10,,,0
10019,'1193735',1152,,10099,10,,,0
10019,'1193737',1052,,10100,10,,,0
10019,'1193738',1152,,10101,10,,,0
10019,'1193739',2247,,10102,10,,,0
10019,'1193740',1652,,10103,10,,,0
10019,'1193743',1517,,10104,10,,,0
10019,'1193747',2347,,10105,10,,,0
10019,'1193749',1947,,10106,10,,,0
10019,'1193752',717,,10107,10,,,0
10019,'1193754',1717,,10108,10,,,0
10019,'1193755',1552,,10109,10,,,0
10019,'1193756',1852,,10110,10,,,0
10019,'1193759',1352,,10111,10,,,0
10019,'1193761',1652,,10112,10,,,0
10019,'1193765',647,,10113,10,,,0
10019,'1193766',2047,,10114,10,,,0
10019,'1193767',817,,10115,10,,,0
10019,'1193768',917,,10116,10,,,0
10019,'1193769',2347,,10117,10,,,0
10019,'1193770',1352,,10118,10,,,0
10019,'1193771',747,,10119,10,,,0
10019,'1193772',1552,,10120,10,,,0
10019,'1193773',2147,,10121,10,,,0
10019,'1193774',1652,,10122,10,,,0
10019,'1193779',847,,10123,10,,,0
103029,'1190630',1107,,9163,16,,,0
103029,'1190665',1913,,9164,16,,,0
103029,'1190791',919,,9165,16,,,0
103029,'1190798',1135,,9166,16,,,0
103029,'1190809',1537,,9167,16,,,0
103029,'1190864',1435,,9168,16,,,0
103029,'1191002',807,,9169,16,,,0
103029,'1191061',1143,,9170,16,,,0
103029,'1191087',1443,,9171,16,,,0
103029,'1191104',2006,,9172,16,,,0
103029,'1191213',1520,,9173,16,,,0
103029,'1191266',1237,,9174,16,,,0
103029,'1191392',1013,,9175,16,,,0
103029,'1191472',2136,,9176,16,,,0
103029,'1191532',2334,,9177,16,,,0
103029,'1191567',1836,,9178,16,,,0
103029,'1191612',2043,,9179,16,,,0
103029,'1191756',2034,,9180,16,,,0
103029,'1191869',1313,,9181,16,,,0
103029,'1191909',749,,9182,16,,,0
103029,'1191948',1605,,9183,16,,,0
103029,'1192055',2204,,9184,16,,,0
103029,'1192191',2306,,9185,16,,,0
103029,'1192208',1735,,9186,16,,,0
103029,'1192508',1407,,9187,16,,,0
103029,'1192592',637,,9188,16,,,0
103029,'1192628',2213,,9189,16,,,0
103029,'1192659',704,,9190,16,,,0
103029,'1192683',1613,,9191,16,,,0
103029,'1192749',1707,,9192,16,,,0
103029,'1192860',1743,,9193,16,,,0
103029,'1192948',1305,,9194,16,,,0
103029,'1193006',843,,9195,16,,,0
103029,'1193036',1004,,9196,16,,,0
103029,'1193074',834,,9197,16,,,0
103029,'1193169',1650,,9198,16,,,0
103029,'1193174',937,,9199,16,,,0
103029,'1193259',1904,,9200,16,,,0
