3029,'1190608',800,,7499,24,,,0
3029,'1190611',1946,,7500,24,,,0
3029,'1190627',1749,,7501,24,,,0
3029,'1190644',1520,,7502,24,,,0
3029,'1190703',900,,7503,24,,,0
3029,'1190736',1220,,7504,24,,,0
3029,'1190789',1649,,7505,24,,,0
3029,'1190824',2246,,7506,24,,,0
3029,'1190826',1100,,7507,24,,,0
3029,'1190828',1800,,7508,24,,,0
3029,'1190874',748,,7509,24,,,0
3029,'1190893',1200,,7510,24,,,0
3029,'1190909',1118,,7511,24,,,0
3029,'1190946',1449,,7512,24,,,0
3029,'1190994',746,,7513,24,,,0
3029,'1191014',918,,7514,24,,,0
3029,'1191024',1820,,7515,24,,,0
3029,'1191040',1550,,7516,24,,,0
3029,'1191098',1846,,7517,24,,,0
3029,'1191158',2346,,7518,24,,,0
3029,'1191226',946,,7519,24,,,0
3029,'1191231',1250,,7520,24,,,0
3029,'1191245',1000,,7521,24,,,0
3029,'1191258',718,,7522,24,,,0
3029,'1191314',1450,,7523,24,,,0
3029,'1191341',1600,,7524,24,,,0
3029,'1191381',1700,,7525,24,,,0
3029,'1191407',2200,,7526,24,,,0
3029,'1191474',2400,,7527,24,,,0
3029,'1191535',1046,,7528,24,,,0
3029,'1191540',1750,,7529,24,,,0
3029,'1191586',2246,,7530,24,,,0
3029,'1191666',2146,,7531,24,,,0
3029,'1191712',1420,,7532,24,,,0
3029,'1191791',1650,,7533,24,,,0
3029,'1191888',2000,,7534,24,,,0
3029,'1191899',1946,,7535,24,,,0
3029,'1191925',1549,,7536,24,,,0
3029,'1191939',2343,,7537,24,,,0
3029,'1192011',1900,,7538,24,,,0
3029,'1192084',2146,,7539,24,,,0
3029,'1192087',948,,7540,24,,,0
3029,'1192092',1400,,7541,24,,,0
3029,'1192097',646,,7542,24,,,0
3029,'1192186',1846,,7543,24,,,0
3029,'1192237',1349,,7544,24,,,0
3029,'1192250',2300,,7545,24,,,0
3029,'1192257',1720,,7546,24,,,0
3029,'1192374',2046,,7547,24,,,0
3029,'1192469',1150,,7548,24,,,0
3029,'1192581',2100,,7549,24,,,0
3029,'1192585',1249,,7550,24,,,0
3029,'1192635',848,,7551,24,,,0
3029,'1192717',648,,7552,24,,,0
3029,'1192825',1300,,7553,24,,,0
3029,'1192832',1320,,7554,24,,,0
3029,'1192839',2046,,7555,24,,,0
3029,'1192856',1018,,7556,24,,,0
3029,'1192861',1048,,7557,24,,,0
3029,'1193034',1500,,7558,24,,,0
3029,'1193061',846,,7559,24,,,0
3029,'1193095',818,,7560,24,,,0
3029,'1193126',1620,,7561,24,,,0
3029,'1193264',1149,,7562,24,,,0
3029,'1193282',1350,,7563,24,,,0
