105019,'1184475',1855,,6445,58,,,0
105019,'1184709',1825,,6446,58,,,0
105019,'1184754',1117,,6447,58,,,0
105019,'1184819',807,,6448,58,,,0
105019,'1184825',2302,,6449,58,,,0
105019,'1184879',1510,,6450,58,,,0
105019,'1184888',1007,,6451,58,,,0
105019,'1184928',1217,,6452,58,,,0
105019,'1184969',2315,,6453,58,,,0
105019,'1185022',2115,,6454,58,,,0
105019,'1185176',703,,6455,58,,,0
105019,'1185212',633,,6456,58,,,0
105019,'1185354',1917,,6457,58,,,0
105019,'1185498',1932,,6458,58,,,0
105019,'1185528',2033,,6459,58,,,0
105019,'1185550',1417,,6460,58,,,0
105019,'1185555',2233,,6461,58,,,0
105019,'1185569',1755,,6462,58,,,0
105019,'1185641',907,,6463,58,,,0
105019,'1185643',1833,,6464,58,,,0
105019,'1185695',1325,,6465,58,,,0
105019,'1185708',2102,,6466,58,,,0
105019,'1185807',1633,,6467,58,,,0
105019,'1185822',1317,,6468,58,,,0
105019,'1185894',1210,,6469,58,,,0
105019,'1186015',1425,,6470,58,,,0
105019,'1186061',1610,,6471,58,,,0
105019,'1186284',1433,,6472,58,,,0
105019,'1186380',1110,,6473,58,,,0
105019,'1186411',1233,,6474,58,,,0
105019,'1186477',1640,,6475,58,,,0
105019,'1186479',1033,,6476,58,,,0
105019,'1186519',1717,,6477,58,,,0
105019,'1186601',1725,,6478,58,,,0
105019,'1186602',737,,6479,58,,,0
105019,'1186613',833,,6480,58,,,0
105019,'1186624',1617,,6481,58,,,0
105019,'1186706',1817,,6482,58,,,0
105019,'1186813',915,,6483,58,,,0
105019,'1186864',2402,,6484,58,,,0
105019,'1186870',603,,6485,58,,,0
105019,'1186896',837,,6486,58,,,0
105019,'1187008',715,,6487,58,,,0
105019,'1187009',2202,,6488,58,,,0
105019,'1187061',1540,,6489,58,,,0
105019,'1187069',1517,,6490,58,,,0
106029,'1184503',1011,,6543,9,,,0
106029,'1184668',1843,,6544,9,,,0
106029,'1185934',1728,,6545,9,,,0
106029,'1185946',1613,,6546,9,,,0
106029,'1186791',856,,6547,9,,,0
106029,'1186882',741,,6548,9,,,0
