2029,'1190626',1022,,7325,2,,,0
2029,'1190688',1751,,7326,2,,,0
2029,'1190708',2121,,7327,2,,,0
2029,'1190719',2351,,7328,2,,,0
2029,'1190781',737,,7329,2,,,0
2029,'1190788',722,,7330,2,,,0
2029,'1190794',907,,7331,2,,,0
2029,'1190810',1121,,7332,2,,,0
2029,'1190833',722,,7333,2,,,0
2029,'1190838',2107,,7334,2,,,0
2029,'1190875',1052,,7335,2,,,0
2029,'1190877',752,,7336,2,,,0
2029,'1190894',1837,,7337,2,,,0
2029,'1190915',1052,,7338,2,,,0
2029,'1190967',707,,7339,2,,,0
2029,'1191031',1551,,7340,2,,,0
2029,'1191050',1151,,7341,2,,,0
2029,'1191076',1606,,7342,2,,,0
2029,'1191116',852,,7343,2,,,0
2029,'1191190',2407,,7344,2,,,0
2029,'1191228',1537,,7345,2,,,0
2029,'1191232',1221,,7346,2,,,0
2029,'1191236',2037,,7347,2,,,0
2029,'1191243',2151,,7348,2,,,0
2029,'1191246',1521,,7349,2,,,0
2029,'1191282',2221,,7350,2,,,0
2029,'1191283',1751,,7351,2,,,0
2029,'1191345',1421,,7352,2,,,0
2029,'1191378',1421,,7353,2,,,0
2029,'1191445',1037,,7354,2,,,0
2029,'1191452',652,,7355,2,,,0
2029,'1191453',2321,,7356,2,,,0
2029,'1191464',1451,,7357,2,,,0
2029,'1191468',922,,7358,2,,,0
2029,'1191482',637,,7359,2,,,0
2029,'1191486',1706,,7360,2,,,0
2029,'1191507',1436,,7361,2,,,0
2029,'1191548',1651,,7362,2,,,0
2029,'1191564',1236,,7363,2,,,0
2029,'1191566',1306,,7364,2,,,0
2029,'1191577',2411,,7365,2,,,0
2029,'1191587',737,,7366,2,,,0
2029,'1191640',1951,,7367,2,,,0
2029,'1191649',1037,,7368,2,,,0
2029,'1191678',1621,,7369,2,,,0
2029,'1191684',1721,,7370,2,,,0
2029,'1191701',1937,,7371,2,,,0
2029,'1191721',1437,,7372,2,,,0
2029,'1191726',1851,,7373,2,,,0
2029,'1191736',2322,,7374,2,,,0
2029,'1191799',1822,,7375,2,,,0
2029,'1191815',937,,7376,2,,,0
2029,'1191824',1551,,7377,2,,,0
2029,'1191863',2022,,7378,2,,,0
2029,'1191887',952,,7379,2,,,0
2029,'1191900',2237,,7380,2,,,0
2029,'1191908',1937,,7381,2,,,0
2029,'1191923',2237,,7382,2,,,0
2029,'1191934',1251,,7383,2,,,0
2029,'1191979',1121,,7384,2,,,0
2029,'1192014',837,,7385,2,,,0
2029,'1192038',1721,,7386,2,,,0
2029,'1192039',1107,,7387,2,,,0
2029,'1192049',2137,,7388,2,,,0
2029,'1192067',1221,,7389,2,,,0
2029,'1192095',1821,,7390,2,,,0
2029,'1192143',2337,,7391,2,,,0
2029,'1192161',1351,,7392,2,,,0
2029,'1192177',852,,7393,2,,,0
2029,'1192187',1321,,7394,2,,,0
2029,'1192206',1637,,7395,2,,,0
2029,'1192222',1806,,7396,2,,,0
2029,'1192235',1451,,7397,2,,,0
2029,'1192245',807,,7398,2,,,0
2029,'1192247',1321,,7399,2,,,0
2029,'1192371',1251,,7400,2,,,0
2029,'1192372',822,,7401,2,,,0
2029,'1192395',1022,,7402,2,,,0
2029,'1192415',2021,,7403,2,,,0
2029,'1192421',937,,7404,2,,,0
2029,'1192494',807,,7405,2,,,0
2029,'1192515',1636,,7406,2,,,0
2029,'1192587',1351,,7407,2,,,0
2029,'1192639',937,,7408,2,,,0
2029,'1192647',1406,,7409,2,,,0
2029,'1192656',1852,,7410,2,,,0
2029,'1192681',1136,,7411,2,,,0
2029,'1192709',1137,,7412,2,,,0
2029,'1192718',1521,,7413,2,,,0
2029,'1192745',1651,,7414,2,,,0
2029,'1192753',1237,,7415,2,,,0
2029,'1192778',1337,,7416,2,,,0
2029,'1192790',2051,,7417,2,,,0
2029,'1192793',2251,,7418,2,,,0
2029,'1192868',1206,,7419,2,,,0
2029,'1192872',637,,7420,2,,,0
2029,'1192912',1621,,7421,2,,,0
2029,'1192917',837,,7422,2,,,0
2029,'1192918',1336,,7423,2,,,0
2029,'1193030',1536,,7424,2,,,0
2029,'1193075',1921,,7425,2,,,0
2029,'1193081',1736,,7426,2,,,0
2029,'1193140',1007,,7427,2,,,0
2029,'1193168',2152,,7428,2,,,0
2029,'1193194',1151,,7429,2,,,0
2029,'1193219',1506,,7430,2,,,0
2029,'1193269',1737,,7431,2,,,0
