13029,'1190748',1602,,8029,23,,,0
13029,'1190784',1804,,8030,23,,,0
13029,'1190796',2131,,8031,23,,,0
13029,'1190929',1101,,8032,23,,,0
13029,'1190969',1031,,8033,23,,,0
13029,'1191018',1301,,8034,23,,,0
13029,'1191033',631,,8035,23,,,0
13029,'1191057',1801,,8036,23,,,0
13029,'1191072',2101,,8037,23,,,0
13029,'1191114',1304,,8038,23,,,0
13029,'1191152',2201,,8039,23,,,0
13029,'1191172',801,,8040,23,,,0
13029,'1191186',1504,,8041,23,,,0
13029,'1191234',2401,,8042,23,,,0
13029,'1191244',2301,,8043,23,,,0
13029,'1191326',2101,,8044,23,,,0
13029,'1191368',1634,,8045,23,,,0
13029,'1191623',1204,,8046,23,,,0
13029,'1191693',1702,,8047,23,,,0
13029,'1191716',801,,8048,23,,,0
13029,'1191725',701,,8049,23,,,0
13029,'1191812',701,,8050,23,,,0
13029,'1191861',2001,,8051,23,,,0
13029,'1191866',801,,8052,23,,,0
13029,'1191929',1604,,8053,23,,,0
13029,'1191941',1901,,8054,23,,,0
13029,'1191987',1502,,8055,23,,,0
13029,'1192037',1401,,8056,23,,,0
13029,'1192114',2001,,8057,23,,,0
13029,'1192117',901,,8058,23,,,0
13029,'1192120',1402,,8059,23,,,0
13029,'1192134',2301,,8060,23,,,0
13029,'1192157',1001,,8061,23,,,0
13029,'1192158',1501,,8062,23,,,0
13029,'1192164',901,,8063,23,,,0
13029,'1192190',1201,,8064,23,,,0
13029,'1192202',2201,,8065,23,,,0
13029,'1192230',1404,,8066,23,,,0
13029,'1192308',1901,,8067,23,,,0
13029,'1192320',831,,8068,23,,,0
13029,'1192403',932,,8069,23,,,0
13029,'1192519',1601,,8070,23,,,0
13029,'1192654',1734,,8071,23,,,0
13029,'1192739',2231,,8072,23,,,0
13029,'1192740',2331,,8073,23,,,0
13029,'1192743',1101,,8074,23,,,0
13029,'1192770',1701,,8075,23,,,0
13029,'1192773',1704,,8076,23,,,0
13029,'1192843',2401,,8077,23,,,0
13029,'1192910',1001,,8078,23,,,0
13029,'1192970',1535,,8079,24,,,0
13029,'1192977',1931,,8080,23,,,0
13029,'1193002',1202,,8081,23,,,0
13029,'1193005',1105,,8082,23,,,0
13029,'1193028',1831,,8083,23,,,0
13029,'1193062',731,,8084,23,,,0
13029,'1193086',2031,,8085,23,,,0
13029,'1193110',1802,,8086,23,,,0
13029,'1193245',1002,,8087,23,,,0
13029,'1193295',1302,,8088,23,,,0
13029,'1193310',902,,8089,23,,,0
101019,'1190633',1215,,8977,56,,,0
101019,'1190779',1352,,8978,56,,,0
101019,'1190804',1153,,8979,56,,,0
101019,'1190956',2152,,8980,56,,,0
101019,'1191198',615,,8981,56,,,0
101019,'1191312',953,,8982,56,,,0
101019,'1191333',2315,,8983,56,,,0
101019,'1191377',1552,,8984,56,,,0
101019,'1191380',2153,,8985,56,,,0
101019,'1191432',1752,,8986,56,,,0
101019,'1191480',1417,,8987,56,,,0
101019,'1191543',1953,,8988,56,,,0
101019,'1191977',1353,,8989,56,,,0
101019,'1192063',915,,8990,56,,,0
101019,'1192135',1115,,8991,56,,,0
101019,'1192166',1915,,8992,56,,,0
101019,'1192271',1015,,8993,56,,,0
101019,'1192368',1553,,8994,56,,,0
101019,'1192448',952,,8995,56,,,0
101019,'1192613',815,,8996,56,,,0
101019,'1192782',1717,,8997,56,,,0
101019,'1192859',1152,,8998,56,,,0
101019,'1192896',1952,,8999,56,,,0
101019,'1192902',753,,9000,56,,,0
101019,'1192958',2114,,9001,56,,,0
101019,'1192961',752,,9002,56,,,0
101019,'1192963',2352,,9003,56,,,0
101019,'1193022',1517,,9004,56,,,0
101019,'1193099',1753,,9005,56,,,0
101019,'1193164',1617,,9006,56,,,0
101019,'1193193',1817,,9007,56,,,0
