26029,'1190602',1215,,8654,6,,,0
26029,'1190667',2159,,8655,6,,,0
26029,'1190669',2215,,8656,6,,,0
26029,'1190670',1859,,8657,6,,,0
26029,'1190686',1815,,8658,6,,,0
26029,'1190712',1259,,8659,6,,,0
26029,'1190727',1715,,8660,6,,,0
26029,'1190889',614,,8661,6,,,0
26029,'1190895',1915,,8662,6,,,0
26029,'1190902',2115,,8663,6,,,0
26029,'1190943',1015,,8664,6,,,0
26029,'1191009',915,,8665,6,,,0
26029,'1191080',1515,,8666,6,,,0
26029,'1191118',1445,,8667,6,,,0
26029,'1191163',2059,,8668,6,,,0
26029,'1191253',2214,,8669,6,,,0
26029,'1191395',859,,8670,6,,,0
26029,'1191440',815,,8671,6,,,0
26029,'1191476',1159,,8672,6,,,0
26029,'1191491',714,,8673,6,,,0
26029,'1191544',1045,,8674,6,,,0
26029,'1191695',615,,8675,6,,,0
26029,'1191702',2115,,8676,6,,,0
26029,'1191808',2315,,8677,6,,,0
26029,'1191881',1715,,8678,6,,,0
26029,'1191902',814,,8679,6,,,0
26029,'1191938',1345,,8680,6,,,0
26029,'1191960',1959,,8681,6,,,0
26029,'1191972',1315,,8682,6,,,0
26029,'1192035',1559,,8683,6,,,0
26029,'1192047',1515,,8684,6,,,0
26029,'1192090',1059,,8685,6,,,0
26029,'1192249',2259,,8686,6,,,0
26029,'1192289',1115,,8687,6,,,0
26029,'1192423',1415,,8688,6,,,0
26029,'1192540',715,,8689,6,,,0
26029,'1192618',1616,,8690,6,,,0
26029,'1192622',2314,,8691,6,,,0
26029,'1192646',1359,,8692,6,,,0
26029,'1192657',1815,,8693,6,,,0
26029,'1192671',1145,,8694,6,,,0
26029,'1192730',2015,,8695,6,,,0
26029,'1192771',1759,,8696,6,,,0
26029,'1192852',914,,8697,6,,,0
26029,'1192897',1459,,8698,6,,,0
26029,'1192921',959,,8699,6,,,0
26029,'1192966',1245,,8700,6,,,0
26029,'1193122',759,,8701,6,,,0
26029,'1193153',1615,,8702,6,,,0
26029,'1193187',2015,,8703,6,,,0
26029,'1193205',1015,,8704,6,,,0
26029,'1193258',1659,,8705,6,,,0
26029,'1193297',1915,,8706,6,,,0
