11029,'1190662',1424,,7754,15,,,0
11029,'1190674',1554,,7755,15,,,0
11029,'1190679',1224,,7756,15,,,0
11029,'1190687',2224,,7757,15,,,0
11029,'1190702',624,,7758,15,,,0
11029,'1190707',954,,7759,15,,,0
11029,'1190740',1024,,7760,15,,,0
11029,'1190760',1354,,7761,15,,,0
11029,'1190767',1724,,7762,15,,,0
11029,'1190846',1254,,7763,15,,,0
11029,'1190868',1454,,7764,15,,,0
11029,'1190908',754,,7765,15,,,0
11029,'1190991',654,,7766,15,,,0
11029,'1191027',1324,,7767,15,,,0
11029,'1191113',1054,,7768,15,,,0
11029,'1191117',1224,,7769,15,,,0
11029,'1191127',1324,,7770,15,,,0
11029,'1191176',824,,7771,15,,,0
11029,'1191206',1924,,7772,15,,,0
11029,'1191220',1724,,7773,15,,,0
11029,'1191225',2054,,7774,15,,,0
11029,'1191261',1624,,7775,15,,,0
11029,'1191301',724,,7776,15,,,0
11029,'1191458',1554,,7777,15,,,0
11029,'1191541',2024,,7778,15,,,0
11029,'1191571',2024,,7779,15,,,0
11029,'1191589',1224,,7780,15,,,0
11029,'1191607',1654,,7781,15,,,0
11029,'1191727',1524,,7782,15,,,0
11029,'1191782',1354,,7783,15,,,0
11029,'1191889',2324,,7784,15,,,0
11029,'1191897',1154,,7785,15,,,0
11029,'1191898',1524,,7786,15,,,0
11029,'1191943',1024,,7787,15,,,0
11029,'1191963',1124,,7788,15,,,0
11029,'1191968',1124,,7789,15,,,0
11029,'1191999',1954,,7790,15,,,0
11029,'1192027',1854,,7791,15,,,0
11029,'1192028',724,,7792,15,,,0
11029,'1192111',2124,,7793,15,,,0
11029,'1192172',2359,,7794,15,,,0
11029,'1192183',924,,7795,15,,,0
11029,'1192286',824,,7796,15,,,0
11029,'1192326',1924,,7797,15,,,0
11029,'1192339',854,,7798,15,,,0
11029,'1192422',2254,,7799,15,,,0
11029,'1192445',1324,,7800,15,,,0
11029,'1192481',1624,,7801,15,,,0
11029,'1192490',2224,,7802,15,,,0
11029,'1192503',2324,,7803,15,,,0
11029,'1192528',924,,7804,15,,,0
11029,'1192532',2154,,7805,15,,,0
11029,'1192574',1124,,7806,15,,,0
11029,'1192626',1024,,7807,15,,,0
11029,'1192737',1724,,7808,15,,,0
11029,'1192757',724,,7809,15,,,0
11029,'1192779',1824,,7810,15,,,0
11029,'1192802',1154,,7811,15,,,0
11029,'1192807',1654,,7812,15,,,0
11029,'1192884',1524,,7813,15,,,0
11029,'1192947',1424,,7814,15,,,0
11029,'1193001',924,,7815,15,,,0
11029,'1193017',1624,,7816,15,,,0
11029,'1193076',1254,,7817,15,,,0
11029,'1193105',1754,,7818,15,,,0
11029,'1193146',1454,,7819,15,,,0
11029,'1193240',1424,,7820,15,,,0
11029,'1193251',2124,,7821,15,,,0
11029,'1193290',1824,,7822,15,,,0
11029,'1193300',824,,7823,15,,,0
