10029,'1193433',1907,,10005,36,,,0
10029,'1193434',937,,10006,36,,,0
10029,'1193435',2007,,10007,36,,,0
10029,'1193438',837,,10008,36,,,0
10029,'1193440',1437,,10009,36,,,0
10029,'1193441',837,,10010,36,,,0
10029,'1193442',737,,10011,36,,,0
10029,'1193443',1337,,10012,36,,,0
10029,'1193444',1437,,10013,36,,,0
10029,'1193445',737,,10014,36,,,0
10029,'1193446',2107,,10015,36,,,0
10029,'1193448',1937,,10016,36,,,0
10029,'1193450',1837,,10017,36,,,0
10029,'1193453',1037,,10018,36,,,0
10029,'1193461',937,,10019,36,,,0
10029,'1193462',1237,,10020,36,,,0
10029,'1193463',1637,,10021,36,,,0
10029,'1193464',1837,,10022,36,,,0
10029,'1193466',1707,,10023,36,,,0
10029,'1193468',937,,10024,36,,,0
10029,'1193469',837,,10025,36,,,0
10029,'1193470',1237,,10026,36,,,0
10029,'1193471',2412,,10027,36,,,0
10029,'1193474',807,,10028,36,,,0
10029,'1193475',1037,,10029,36,,,0
10029,'1193476',1737,,10030,36,,,0
10029,'1193479',907,,10031,36,,,0
10029,'1193480',1637,,10032,36,,,0
10029,'1193481',1137,,10033,36,,,0
10029,'1193482',1737,,10034,36,,,0
10029,'1193483',1537,,10035,36,,,0
10029,'1193484',2237,,10036,36,,,0
10029,'1193487',2037,,10037,36,,,0
10029,'1193488',1507,,10038,36,,,0
10029,'1193491',1137,,10039,36,,,0
10029,'1193494',707,,10040,36,,,0
10029,'1193496',2207,,10041,36,,,0
10029,'1193497',2237,,10042,36,,,0
10029,'1193498',1607,,10043,36,,,0
10029,'1193499',2337,,10044,36,,,0
10029,'1193504',1537,,10045,36,,,0
10029,'1193505',1807,,10046,36,,,0
10029,'1193506',1537,,10047,36,,,0
10029,'1193509',1037,,10048,36,,,0
10029,'1193510',2137,,10049,36,,,0
10029,'1193514',2337,,10050,36,,,0
10029,'1193515',1137,,10051,36,,,0
10029,'1193520',637,,10052,36,,,0
10029,'1193521',1937,,10053,36,,,0
10029,'1193526',1337,,10054,36,,,0
10029,'1193528',1737,,10055,36,,,0
10029,'1193538',737,,10056,36,,,0
10029,'1193539',2307,,10057,36,,,0
10029,'1193542',1337,,10058,36,,,0
10029,'1193544',1237,,10059,36,,,0
10029,'1193546',1437,,10060,36,,,0
10029,'1193547',2137,,10061,36,,,0
10029,'1193548',1637,,10062,36,,,0
10029,'1193550',2037,,10063,36,,,0
