105029,'1184521',1756,,6491,37,,,0
105029,'1184537',1326,,6492,37,,,0
105029,'1184580',910,,6493,37,,,0
105029,'1184670',1541,,6494,37,,,0
105029,'1184683',1141,,6495,37,,,0
105029,'1184808',2310,,6496,37,,,0
105029,'1184833',1011,,6497,37,,,0
105029,'1184834',2415,,6498,37,,,0
105029,'1184863',1226,,6499,37,,,0
105029,'1185104',1725,,6500,37,,,0
105029,'1185135',710,,6501,37,,,0
105029,'1185184',1325,,6502,37,,,0
105029,'1185215',1625,,6503,37,,,0
105029,'1185318',1341,,6504,37,,,0
105029,'1185332',1840,,6505,37,,,0
105029,'1185350',2010,,6506,37,,,0
105029,'1185359',2210,,6507,37,,,0
105029,'1185398',1025,,6508,37,,,0
105029,'1185412',823,,6509,37,,,0
105029,'1185440',1626,,6510,37,,,0
105029,'1185523',1425,,6511,37,,,0
105029,'1185630',2341,,6512,37,,,0
105029,'1185668',740,,6513,37,,,0
105029,'1185720',1941,,6514,37,,,0
105029,'1185827',2110,,6515,37,,,0
105029,'1185938',1441,,6516,37,,,0
105029,'1186005',1656,,6517,37,,,0
105029,'1186007',623,,6518,37,,,0
105029,'1186279',1511,,6519,37,,,0
105029,'1186282',1411,,6520,37,,,0
105029,'1186299',1525,,6521,37,,,0
105029,'1186335',2423,,6522,37,,,0
105029,'1186345',2141,,6523,37,,,0
105029,'1186387',1125,,6524,37,,,0
105029,'1186470',1111,,6525,37,,,0
105029,'1186485',2223,,6526,37,,,0
105029,'1186492',941,,6527,37,,,0
105029,'1186520',1741,,6528,37,,,0
105029,'1186715',741,,6529,37,,,0
105029,'1186740',1225,,6530,37,,,0
105029,'1186861',640,,6531,37,,,0
105029,'1186874',1726,,6532,37,,,0
105029,'1186924',1825,,6533,37,,,0
105029,'1187005',810,,6534,37,,,0
105029,'1187093',1541,,6535,37,,,0
105029,'1187132',2023,,6536,37,,,0
