2019,'1184478',931,,4374,2,,,0
2019,'1184484',1631,,4375,2,,,0
2019,'1184493',1646,,4376,2,,,0
2019,'1184505',716,,4377,2,,,0
2019,'1184604',2301,,4378,2,,,0
2019,'1184635',2001,,4379,2,,,0
2019,'1184640',1131,,4380,2,,,0
2019,'1184644',1116,,4381,2,,,0
2019,'1184664',1031,,4382,2,,,0
2019,'1184673',1831,,4383,2,,,0
2019,'1184695',1701,,4384,2,,,0
2019,'1184735',2001,,4385,2,,,0
2019,'1184777',1531,,4386,2,,,0
2019,'1184829',2046,,4387,2,,,0
2019,'1184873',1301,,4388,2,,,0
2019,'1184875',2131,,4389,2,,,0
2019,'1184947',701,,4390,2,,,0
2019,'1185034',816,,4391,2,,,0
2019,'1185067',946,,4392,2,,,0
2019,'1185089',1716,,4393,2,,,0
2019,'1185113',816,,4394,2,,,0
2019,'1185138',1001,,4395,2,,,0
2019,'1185159',2201,,4396,2,,,0
2019,'1185185',1146,,4397,2,,,0
2019,'1185186',1601,,4398,2,,,0
2019,'1185205',1201,,4399,2,,,0
2019,'1185210',1016,,4400,2,,,0
2019,'1185302',1801,,4401,2,,,0
2019,'1185315',1701,,4402,2,,,0
2019,'1185349',1231,,4403,2,,,0
2019,'1185380',1416,,4404,2,,,0
2019,'1185381',1431,,4405,2,,,0
2019,'1185413',1531,,4406,2,,,0
2019,'1185427',2346,,4407,2,,,0
2019,'1185444',2131,,4408,2,,,0
2019,'1185460',1601,,4409,2,,,0
2019,'1185475',746,,4410,2,,,0
2019,'1185486',1616,,4411,2,,,0
2019,'1185503',1216,,4412,2,,,0
2019,'1185530',1516,,4413,2,,,0
2019,'1185565',1401,,4414,2,,,0
2019,'1185579',1331,,4415,2,,,0
2019,'1185601',2216,,4416,2,,,0
2019,'1185629',2351,,4417,2,,,0
2019,'1185637',2016,,4418,2,,,0
2019,'1185661',1831,,4419,2,,,0
2019,'1185712',1331,,4420,2,,,0
2019,'1185727',2116,,4421,2,,,0
2019,'1185783',2101,,4422,2,,,0
2019,'1185790',1431,,4423,2,,,0
2019,'1185814',746,,4424,2,,,0
2019,'1185837',1101,,4425,2,,,0
2019,'1185864',2301,,4426,2,,,0
2019,'1185870',2231,,4427,2,,,0
2019,'1185887',1746,,4428,2,,,0
2019,'1185891',631,,4429,2,,,0
2019,'1185901',1201,,4430,2,,,0
2019,'1185914',846,,4431,2,,,0
2019,'1185947',2031,,4432,2,,,0
2019,'1185964',1731,,4433,2,,,0
2019,'1186028',916,,4434,2,,,0
2019,'1186079',701,,4435,2,,,0
2019,'1186092',1246,,4436,2,,,0
2019,'1186200',1446,,4437,2,,,0
2019,'1186201',1231,,4438,2,,,0
2019,'1186232',1346,,4439,2,,,0
2019,'1186267',831,,4440,2,,,0
2019,'1186302',1301,,4441,2,,,0
2019,'1186306',1631,,4442,2,,,0
2019,'1186344',1501,,4443,2,,,0
2019,'1186352',916,,4444,2,,,0
2019,'1186384',1016,,4445,2,,,0
2019,'1186385',716,,4446,2,,,0
2019,'1186389',1031,,4447,2,,,0
2019,'1186471',1916,,4448,2,,,0
2019,'1186496',1616,,4449,2,,,0
2019,'1186507',1001,,4450,2,,,0
2019,'1186533',2331,,4451,2,,,0
2019,'1186546',731,,4452,2,,,0
2019,'1186563',801,,4453,2,,,0
2019,'1186568',1716,,4454,2,,,0
2019,'1186689',1416,,4455,2,,,0
2019,'1186697',831,,4456,2,,,0
2019,'1186701',1546,,4457,2,,,0
2019,'1186724',1316,,4458,2,,,0
2019,'1186745',2216,,4459,2,,,0
2019,'1186755',1401,,4460,2,,,0
2019,'1186766',1501,,4461,2,,,0
2019,'1186772',1116,,4462,2,,,0
2019,'1186795',1046,,4463,2,,,0
2019,'1186802',1131,,4464,2,,,0
2019,'1186856',1816,,4465,2,,,0
2019,'1186918',901,,4466,2,,,0
2019,'1186929',1101,,4467,2,,,0
2019,'1186952',646,,4468,2,,,0
2019,'1186977',1801,,4469,2,,,0
2019,'1186990',1516,,4470,2,,,0
2019,'1187031',1901,,4471,2,,,0
2019,'1187033',1916,,4472,2,,,0
2019,'1187083',1731,,4473,2,,,0
2019,'1187101',1216,,4474,2,,,0
2019,'1187153',916,,4475,2,,,0
2019,'1187175',2316,,4476,2,,,0
2019,'1187179',1931,,4477,2,,,0
2019,'1187185',1316,,4478,2,,,0
12029,'1184489',1717,,5050,2,,,0
12029,'1184508',847,,5051,2,,,0
12029,'1184603',1347,,5052,2,,,0
12029,'1184653',2317,,5053,2,,,0
12029,'1184672',2117,,5054,2,,,0
12029,'1184705',647,,5055,2,,,0
12029,'1184792',1847,,5056,2,,,0
12029,'1184793',1417,,5057,2,,,0
12029,'1184864',1547,,5058,2,,,0
12029,'1184919',1617,,5059,2,,,0
12029,'1184946',717,,5060,2,,,0
12029,'1184975',1017,,5061,2,,,0
12029,'1184990',947,,5062,2,,,0
12029,'1185014',2352,,5063,2,,,0
12029,'1185037',2217,,5064,2,,,0
12029,'1185085',1317,,5065,2,,,0
12029,'1185128',1147,,5066,2,,,0
12029,'1185239',1417,,5067,2,,,0
12029,'1185264',1717,,5068,2,,,0
12029,'1185309',917,,5069,2,,,0
12029,'1185324',1317,,5070,2,,,0
12029,'1185339',1117,,5071,2,,,0
12029,'1185471',2147,,5072,2,,,0
12029,'1185511',1617,,5073,2,,,0
12029,'1185556',1217,,5074,2,,,0
12029,'1185604',1917,,5075,2,,,0
12029,'1185612',1817,,5076,2,,,0
12029,'1185613',1017,,5077,2,,,0
12029,'1185638',1817,,5078,2,,,0
12029,'1185640',1417,,5079,2,,,0
12029,'1185721',1217,,5080,2,,,0
12029,'1185757',1047,,5081,2,,,0
12029,'1185758',1647,,5082,2,,,0
12029,'1185875',2047,,5083,2,,,0
12029,'1185878',1447,,5084,2,,,0
12029,'1185933',1247,,5085,2,,,0
12029,'1185994',2017,,5086,2,,,0
12029,'1185999',1447,,5087,2,,,0
12029,'1186050',817,,5088,2,,,0
12029,'1186139',617,,5089,2,,,0
12029,'1186210',1147,,5090,2,,,0
12029,'1186290',1517,,5091,2,,,0
12029,'1186423',1747,,5092,2,,,0
12029,'1186445',1317,,5093,2,,,0
12029,'1186463',717,,5094,2,,,0
12029,'1186483',1117,,5095,2,,,0
12029,'1186502',1647,,5096,2,,,0
12029,'1186549',1017,,5097,2,,,0
12029,'1186551',1517,,5098,2,,,0
12029,'1186588',1347,,5099,2,,,0
12029,'1186603',2117,,5100,2,,,0
12029,'1186638',1617,,5101,2,,,0
12029,'1186651',1517,,5102,2,,,0
12029,'1186685',817,,5103,2,,,0
12029,'1186747',817,,5104,2,,,0
12029,'1186763',2017,,5105,2,,,0
12029,'1186814',1117,,5106,2,,,0
12029,'1186824',1217,,5107,2,,,0
12029,'1186841',2317,,5108,2,,,0
12029,'1186878',1947,,5109,2,,,0
12029,'1186945',1247,,5110,2,,,0
12029,'1186966',1717,,5111,2,,,0
12029,'1186973',2247,,5112,2,,,0
12029,'1187037',917,,5113,2,,,0
12029,'1187044',2217,,5114,2,,,0
12029,'1187072',1917,,5115,2,,,0
12029,'1187141',1047,,5116,2,,,0
12029,'1187166',1547,,5117,2,,,0
12029,'1187183',717,,5118,2,,,0
12029,'1187188',917,,5119,2,,,0
12029,'1187196',747,,5120,2,,,0
27029,'1184502',2301,,5913,2,,,0
27029,'1184539',1831,,5914,2,,,0
27029,'1184568',731,,5915,2,,,0
27029,'1184605',2246,,5916,2,,,0
27029,'1184658',1531,,5917,2,,,0
27029,'1184665',931,,5918,2,,,0
27029,'1184708',1546,,5919,2,,,0
27029,'1184726',746,,5920,2,,,0
27029,'1184731',731,,5921,2,,,0
27029,'1184823',1231,,5922,2,,,0
27029,'1184832',2146,,5923,2,,,0
27029,'1184865',1746,,5924,2,,,0
27029,'1184868',1431,,5925,2,,,0
27029,'1184983',931,,5926,2,,,0
27029,'1184991',1446,,5927,2,,,0
27029,'1185102',1831,,5928,2,,,0
27029,'1185115',1901,,5929,2,,,0
27029,'1185181',846,,5930,2,,,0
27029,'1185195',1131,,5931,2,,,0
27029,'1185209',2101,,5932,2,,,0
27029,'1185287',631,,5933,2,,,0
27029,'1185299',1931,,5934,2,,,0
27029,'1185407',1246,,5935,2,,,0
27029,'1185560',2001,,5936,2,,,0
27029,'1185666',1946,,5937,2,,,0
27029,'1185750',1431,,5938,2,,,0
27029,'1185850',1031,,5939,2,,,0
27029,'1186031',1846,,5940,2,,,0
27029,'1186098',1731,,5941,2,,,0
27029,'1186114',1131,,5942,2,,,0
27029,'1186168',2131,,5943,2,,,0
27029,'1186188',1046,,5944,2,,,0
27029,'1186251',2031,,5945,2,,,0
27029,'1186280',1346,,5946,2,,,0
27029,'1186313',1031,,5947,2,,,0
27029,'1186314',946,,5948,2,,,0
27029,'1186361',2046,,5949,2,,,0
27029,'1186373',1331,,5950,2,,,0
27029,'1186534',631,,5951,2,,,0
27029,'1186558',1631,,5952,2,,,0
27029,'1186690',831,,5953,2,,,0
27029,'1186707',1731,,5954,2,,,0
27029,'1186713',1231,,5955,2,,,0
27029,'1186720',1531,,5956,2,,,0
27029,'1186816',1331,,5957,2,,,0
27029,'1186921',1631,,5958,2,,,0
27029,'1186926',1646,,5959,2,,,0
27029,'1186927',2231,,5960,2,,,0
27029,'1187028',2201,,5961,2,,,0
27029,'1187035',1146,,5962,2,,,0
27029,'1187134',2331,,5963,2,,,0
27029,'1187145',831,,5964,2,,,0
