105019,'1190616',2300,,9291,103,,,0
105019,'1190769',1458,,9292,103,,,0
105019,'1190825',1700,,9293,103,,,0
105019,'1190865',1858,,9294,103,,,0
105019,'1190975',1928,,9295,103,,,0
105019,'1190992',1846,,9296,103,,,0
105019,'1190998',1246,,9297,103,,,0
105019,'1191007',1758,,9298,103,,,0
105019,'1191038',1546,,9299,103,,,0
105019,'1191063',1040,,9300,103,,,0
105019,'1191065',1358,,9301,103,,,0
105019,'1191145',733,,9302,103,,,0
105019,'1191217',2345,,9303,103,,,0
105019,'1191294',1446,,9304,103,,,0
105019,'1191329',945,,9305,103,,,0
105019,'1191413',1100,,9306,103,,,0
105019,'1191457',1346,,9307,103,,,0
105019,'1191557',940,,9308,103,,,0
105019,'1191709',840,,9309,103,,,0
105019,'1191750',2332,,9310,103,,,0
105019,'1191859',745,,9311,103,,,0
105019,'1191891',1828,,9312,103,,,0
105019,'1192052',1946,,9313,103,,,0
105019,'1192113',703,,9314,103,,,0
105019,'1192142',1646,,9315,103,,,0
105019,'1192176',900,,9316,103,,,0
105019,'1192218',2432,,9317,103,,,0
105019,'1192236',1500,,9318,103,,,0
105019,'1192248',2132,,9319,103,,,0
105019,'1192267',1746,,9320,103,,,0
105019,'1192318',1146,,9321,103,,,0
105019,'1192337',1713,,9322,103,,,0
105019,'1192353',1543,,9323,103,,,0
105019,'1192579',1243,,9324,103,,,0
105019,'1192586',1300,,9325,103,,,0
105019,'1192598',2100,,9326,103,,,0
105019,'1192614',810,,9327,103,,,0
105019,'1192661',2232,,9328,103,,,0
105019,'1192725',1613,,9329,103,,,0
105019,'1192735',2002,,9330,103,,,0
105019,'1192821',2145,,9331,103,,,0
105019,'1192836',1900,,9332,103,,,0
105019,'1192847',633,,9333,103,,,0
105019,'1192875',1643,,9334,103,,,0
105019,'1193045',910,,9335,103,,,0
105019,'1193298',1143,,9336,103,,,0
106029,'1190782',758,,9389,34,,,0
106029,'1191556',1900,,9390,34,,,0
106029,'1191771',1630,,9391,34,,,0
106029,'1192044',1745,,9392,34,,,0
106029,'1192429',913,,9393,34,,,0
106029,'1193063',1028,,9394,34,,,0
140001019,'1190631',1401,,9395,13,,,0
140001019,'1190636',1146,,9396,13,,,0
140001019,'1190649',1707,,9397,13,,,0
140001019,'1190660',1502,,9398,13,,,0
140001019,'1190668',2415,,9399,13,,,0
140001019,'1190697',1131,,9400,13,,,0
140001019,'1190750',1845,,9401,13,,,0
140001019,'1190763',1102,,9402,13,,,0
140001019,'1190768',2245,,9403,13,,,0
140001019,'1190802',1701,,9404,13,,,0
140001019,'1190822',1945,,9405,13,,,0
140001019,'1190830',2345,,9406,13,,,0
140001019,'1190841',1752,,9407,13,,,0
140001019,'1190852',1000,,9408,13,,,0
140001019,'1190870',2000,,9409,13,,,0
140001019,'1190873',1402,,9410,13,,,0
140001019,'1190888',1031,,9411,13,,,0
140001019,'1190922',2045,,9412,13,,,0
140001019,'1190923',1746,,9413,13,,,0
140001019,'1190968',1607,,9414,13,,,0
140001019,'1190976',1422,,9415,13,,,0
140001019,'1190979',1516,,9416,13,,,0
140001019,'1190980',2215,,9417,13,,,0
140001019,'1190982',800,,9418,13,,,0
140001019,'1190987',1100,,9419,13,,,0
140001019,'1191035',1915,,9420,13,,,0
140001019,'1191146',1830,,9421,13,,,0
140001019,'1191160',1045,,9422,13,,,0
140001019,'1191162',845,,9423,13,,,0
140001019,'1191165',2015,,9424,13,,,0
140001019,'1191177',1131,,9425,13,,,0
140001019,'1191204',1816,,9426,13,,,0
140001019,'1191212',2315,,9427,13,,,0
140001019,'1191215',715,,9428,13,,,0
140001019,'1191276',2302,,9429,13,,,0
140001019,'1191289',1945,,9430,13,,,0
140001019,'1191299',2145,,9431,13,,,0
140001019,'1191305',1046,,9432,13,,,0
140001019,'1191313',1930,,9433,13,,,0
140001019,'1191331',1246,,9434,13,,,0
140001019,'1191356',2115,,9435,13,,,0
140001019,'1191364',1401,,9436,13,,,0
140001019,'1191379',2202,,9437,13,,,0
140001019,'1191393',1101,,9438,13,,,0
140001019,'1191394',1531,,9439,13,,,0
140001019,'1191473',1637,,9440,13,,,0
140001019,'1191484',1716,,9441,13,,,0
140001019,'1191489',1900,,9442,13,,,0
140001019,'1191578',1015,,9443,13,,,0
140001019,'1191592',1231,,9444,13,,,0
140001019,'1191603',1331,,9445,13,,,0
140001019,'1191608',945,,9446,13,,,0
140001019,'1191621',1737,,9447,13,,,0
140001019,'1191634',1815,,9448,13,,,0
140001019,'1191651',1201,,9449,13,,,0
140001019,'1191665',1537,,9450,13,,,0
140001019,'1191677',1431,,9451,13,,,0
140001019,'1191683',830,,9452,13,,,0
140001019,'1191720',1702,,9453,13,,,0
140001019,'1191753',1201,,9454,13,,,0
140001019,'1191755',900,,9455,13,,,0
140001019,'1191764',645,,9456,13,,,0
140001019,'1191766',915,,9457,13,,,0
140001019,'1191775',1302,,9458,13,,,0
140001019,'1191778',730,,9459,13,,,0
140001019,'1191783',1501,,9460,13,,,0
140001019,'1191828',745,,9461,13,,,0
140001019,'1191833',1231,,9462,13,,,0
140001019,'1191839',2315,,9463,13,,,0
140001019,'1191847',902,,9464,13,,,0
140001019,'1191860',1216,,9465,13,,,0
140001019,'1191878',2002,,9466,13,,,0
140001019,'1191907',2045,,9467,13,,,0
140001019,'1191924',2100,,9468,13,,,0
140001019,'1191986',645,,9469,13,,,0
140001019,'1191995',1002,,9470,13,,,0
140001019,'1192017',1801,,9471,13,,,0
140001019,'1192024',1900,,9472,13,,,0
140001019,'1192066',1316,,9473,13,,,0
140001019,'1192107',1507,,9474,13,,,0
140001019,'1192144',1116,,9475,13,,,0
140001019,'1192184',845,,9476,13,,,0
140001019,'1192207',1301,,9477,13,,,0
140001019,'1192211',2030,,9478,13,,,0
140001019,'1192278',1331,,9479,13,,,0
140001019,'1192346',1631,,9480,13,,,0
140001019,'1192348',1437,,9481,13,,,0
140001019,'1192349',1015,,9482,13,,,0
140001019,'1192369',1452,,9483,13,,,0
140001019,'1192375',1416,,9484,13,,,0
140001019,'1192393',1301,,9485,13,,,0
140001019,'1192397',2015,,9486,13,,,0
140001019,'1192398',930,,9487,13,,,0
140001019,'1192407',1731,,9488,13,,,0
140001019,'1192409',700,,9489,13,,,0
140001019,'1192507',1915,,9490,13,,,0
140001019,'1192524',1000,,9491,13,,,0
140001019,'1192535',1646,,9492,13,,,0
140001019,'1192537',1552,,9493,13,,,0
140001019,'1192551',1602,,9494,13,,,0
140001019,'1192620',2115,,9495,13,,,0
140001019,'1192630',1522,,9496,13,,,0
140001019,'1192655',945,,9497,13,,,0
140001019,'1192688',2402,,9498,13,,,0
140001019,'1192690',1601,,9499,13,,,0
140001019,'1192691',2245,,9500,13,,,0
140001019,'1192720',1902,,9501,13,,,0
140001019,'1192769',715,,9502,13,,,0
140001019,'1192797',815,,9503,13,,,0
140001019,'1192798',2340,,9504,13,,,0
140001019,'1192805',1115,,9505,13,,,0
140001019,'1192806',1346,,9506,13,,,0
140001019,'1192822',1346,,9507,13,,,0
140001019,'1192844',1802,,9508,13,,,0
140001019,'1192862',1216,,9509,13,,,0
140001019,'1192889',2215,,9510,13,,,0
140001019,'1192903',2415,,9511,13,,,0
140001019,'1192904',2102,,9512,13,,,0
140001019,'1192960',1722,,9513,13,,,0
140001019,'1192983',1546,,9514,13,,,0
140001019,'1192989',1845,,9515,13,,,0
140001019,'1192993',1652,,9516,13,,,0
140001019,'1193007',745,,9517,13,,,0
140001019,'1193020',1446,,9518,13,,,0
140001019,'1193031',1622,,9519,13,,,0
140001019,'1193032',1804,,9520,13,,,0
140001019,'1193078',1146,,9521,13,,,0
140001019,'1193098',1030,,9522,13,,,0
140001019,'1193106',815,,9523,13,,,0
140001019,'1193123',1202,,9524,13,,,0
140001019,'1193183',802,,9525,13,,,0
140001019,'1193198',2145,,9526,13,,,0
140001019,'1193200',1316,,9527,13,,,0
140001019,'1193214',1616,,9528,13,,,0
140001019,'1193222',915,,9529,13,,,0
140001019,'1193255',1830,,9530,13,,,0
140001019,'1193261',1246,,9531,13,,,0
