3019,'1184522',1808,,4586,14,,,0
3019,'1184561',1124,,4587,14,,,0
3019,'1184608',2308,,4588,14,,,0
3019,'1184631',1138,,4589,14,,,0
3019,'1184649',1708,,4590,14,,,0
3019,'1184676',2357,,4591,14,,,0
3019,'1184760',1908,,4592,14,,,0
3019,'1184770',1508,,4593,14,,,0
3019,'1184856',1408,,4594,14,,,0
3019,'1184874',1238,,4595,14,,,0
3019,'1184909',838,,4596,14,,,0
3019,'1184934',2008,,4597,14,,,0
3019,'1185010',1808,,4598,14,,,0
3019,'1185056',1108,,4599,14,,,0
3019,'1185058',908,,4600,14,,,0
3019,'1185078',1524,,4601,14,,,0
3019,'1185117',708,,4602,14,,,0
3019,'1185259',2024,,4603,14,,,0
3019,'1185268',1824,,4604,14,,,0
3019,'1185374',1224,,4605,14,,,0
3019,'1185375',1708,,4606,14,,,0
3019,'1185395',1424,,4607,14,,,0
3019,'1185421',1738,,4608,14,,,0
3019,'1185443',1638,,4609,14,,,0
3019,'1185451',1924,,4610,14,,,0
3019,'1185561',1608,,4611,14,,,0
3019,'1185578',2008,,4612,14,,,0
3019,'1185590',1408,,4613,14,,,0
3019,'1185597',908,,4614,14,,,0
3019,'1185658',2307,,4615,14,,,0
3019,'1185673',924,,4616,14,,,0
3019,'1185706',1338,,4617,14,,,0
3019,'1185767',2108,,4618,14,,,0
3019,'1185843',938,,4619,14,,,0
3019,'1185867',1308,,4620,14,,,0
3019,'1185911',808,,4622,14,,,0
3019,'1185927',1438,,4623,14,,,0
3019,'1185935',2208,,4624,14,,,0
3019,'1185955',2408,,4625,14,,,0
3019,'1185979',1508,,4626,14,,,0
3019,'1186113',1038,,4627,14,,,0
3019,'1186177',638,,4628,14,,,0
3019,'1186216',1008,,4629,14,,,0
3019,'1186304',808,,4630,14,,,0
3019,'1186382',1724,,4631,14,,,0
3019,'1186397',1024,,4632,14,,,0
3019,'1186501',1538,,4633,14,,,0
3019,'1186510',1324,,4634,14,,,0
3019,'1186516',2108,,4635,14,,,0
3019,'1186518',738,,4636,14,,,0
3019,'1186571',2324,,4637,14,,,0
3019,'1186582',1624,,4638,14,,,0
3019,'1186631',2124,,4639,14,,,0
3019,'1186666',2208,,4640,14,,,0
3019,'1186700',824,,4641,14,,,0
3019,'1186762',1208,,4642,14,,,0
3019,'1186821',1108,,4644,14,,,0
3019,'1186832',2224,,4645,14,,,0
3019,'1186834',1908,,4646,14,,,0
3019,'1186857',1308,,4647,14,,,0
3019,'1186867',724,,4648,14,,,0
3019,'1186883',1008,,4649,14,,,0
3019,'1186894',708,,4650,14,,,0
3019,'1187105',1208,,4651,14,,,0
3019,'1187174',1608,,4652,14,,,0
