26019,'1190663',1746,,8601,2,,,0
26019,'1190721',1701,,8602,2,,,0
26019,'1190773',2101,,8603,2,,,0
26019,'1190816',1046,,8604,2,,,0
26019,'1190845',2001,,8605,2,,,0
26019,'1190884',1101,,8606,2,,,0
26019,'1190966',1901,,8607,2,,,0
26019,'1190973',946,,8608,2,,,0
26019,'1191004',1646,,8609,2,,,0
26019,'1191025',1131,,8610,2,,,0
26019,'1191095',2201,,8611,2,,,0
26019,'1191169',746,,8612,2,,,0
26019,'1191218',1801,,8613,2,,,0
26019,'1191263',1601,,8614,2,,,0
26019,'1191344',601,,8615,2,,,0
26019,'1191406',1946,,8616,2,,,0
26019,'1191417',1901,,8617,2,,,0
26019,'1191428',1801,,8618,2,,,0
26019,'1191505',1401,,8619,2,,,0
26019,'1191534',2146,,8620,2,,,0
26019,'1191563',1246,,8621,2,,,0
26019,'1191610',1546,,8622,2,,,0
26019,'1191650',901,,8623,2,,,0
26019,'1191698',1601,,8624,2,,,0
26019,'1191711',1701,,8625,2,,,0
26019,'1191759',1301,,8626,2,,,0
26019,'1191851',2246,,8627,2,,,0
26019,'1191911',2201,,8628,2,,,0
26019,'1192083',701,,8629,2,,,0
26019,'1192096',601,,8630,2,,,0
26019,'1192137',1501,,8631,2,,,0
26019,'1192185',1331,,8632,2,,,0
26019,'1192319',2046,,8633,2,,,0
26019,'1192434',1431,,8634,2,,,0
26019,'1192436',1446,,8635,2,,,0
26019,'1192522',2301,,8636,2,,,0
26019,'1192547',1001,,8637,2,,,0
26019,'1192554',1146,,8638,2,,,0
26019,'1192558',1501,,8639,2,,,0
26019,'1192615',2301,,8640,2,,,0
26019,'1192663',1001,,8641,2,,,0
26019,'1192684',1346,,8642,2,,,0
26019,'1192817',1846,,8643,2,,,0
26019,'1192853',1201,,8644,2,,,0
26019,'1192866',1031,,8645,2,,,0
26019,'1192909',801,,8646,2,,,0
26019,'1192944',2001,,8647,2,,,0
26019,'1192988',901,,8648,2,,,0
26019,'1193013',1231,,8649,2,,,0
26019,'1193014',2101,,8650,2,,,0
26019,'1193129',701,,8651,2,,,0
26019,'1193182',801,,8652,2,,,0
26019,'1193318',846,,8653,2,,,0
