10019,'1190610',2351,,7564,8,,,0
10019,'1190646',1051,,7565,8,,,0
10019,'1190651',2221,,7566,8,,,0
10019,'1190766',951,,7567,8,,,0
10019,'1190772',1851,,7568,8,,,0
10019,'1190785',1921,,7569,8,,,0
10019,'1190799',1051,,7570,8,,,0
10019,'1190857',851,,7571,8,,,0
10019,'1190859',1821,,7572,8,,,0
10019,'1190883',1751,,7573,8,,,0
10019,'1190907',921,,7574,8,,,0
10019,'1190910',1521,,7575,8,,,0
10019,'1190959',1251,,7576,8,,,0
10019,'1190962',951,,7577,8,,,0
10019,'1190989',2121,,7578,8,,,0
10019,'1191003',2321,,7579,8,,,0
10019,'1191074',1651,,7580,8,,,0
10019,'1191083',1751,,7581,8,,,0
10019,'1191102',1151,,7582,8,,,0
10019,'1191194',1051,,7583,8,,,0
10019,'1191196',1151,,7584,8,,,0
10019,'1191337',1351,,7585,8,,,0
10019,'1191350',1551,,7586,8,,,0
10019,'1191370',651,,7587,8,,,0
10019,'1191386',1621,,7588,8,,,0
10019,'1191403',1451,,7589,8,,,0
10019,'1191494',1351,,7590,8,,,0
10019,'1191508',1951,,7591,8,,,0
10019,'1191560',821,,7592,8,,,0
10019,'1191730',2151,,7593,8,,,0
10019,'1191797',2051,,7594,8,,,0
10019,'1191886',1251,,7595,8,,,0
10019,'1191914',1951,,7596,8,,,0
10019,'1191919',2251,,7597,8,,,0
10019,'1192082',1551,,7598,8,,,0
10019,'1192109',1851,,7599,8,,,0
10019,'1192179',1451,,7600,8,,,0
10019,'1192233',2151,,7601,8,,,0
10019,'1192240',751,,7602,8,,,0
10019,'1192284',721,,7603,8,,,0
10019,'1192351',2351,,7604,8,,,0
10019,'1192377',1651,,7605,8,,,0
10019,'1192478',751,,7606,8,,,0
10019,'1192649',621,,7607,8,,,0
10019,'1192653',951,,7608,8,,,0
10019,'1192758',2051,,7609,8,,,0
10019,'1192767',651,,7610,8,,,0
10019,'1192929',1351,,7611,8,,,0
10019,'1192932',851,,7612,8,,,0
10019,'1193029',1651,,7613,8,,,0
10019,'1193089',1751,,7614,8,,,0
10019,'1193115',1551,,7615,8,,,0
10019,'1193131',851,,7616,8,,,0
10019,'1193137',751,,7617,8,,,0
10019,'1193208',1251,,7618,8,,,0
10019,'1193209',1151,,7619,8,,,0
10019,'1193233',2251,,7620,8,,,0
10019,'1193268',2021,,7621,8,,,0
10019,'1193309',1721,,7622,8,,,0
10019,'1193311',1451,,7623,8,,,0
103029,'1190630',1106,,9163,14,,,0
103029,'1190665',1913,,9164,14,,,0
103029,'1190791',918,,9165,14,,,0
103029,'1190798',1134,,9166,14,,,0
103029,'1190809',1536,,9167,14,,,0
103029,'1190864',1434,,9168,14,,,0
103029,'1191002',806,,9169,14,,,0
103029,'1191061',1143,,9170,14,,,0
103029,'1191087',1443,,9171,14,,,0
103029,'1191104',2005,,9172,14,,,0
103029,'1191213',1519,,9173,14,,,0
103029,'1191266',1236,,9174,14,,,0
103029,'1191392',1013,,9175,14,,,0
103029,'1191472',2135,,9176,14,,,0
103029,'1191532',2333,,9177,14,,,0
103029,'1191567',1835,,9178,14,,,0
103029,'1191612',2043,,9179,14,,,0
103029,'1191756',2033,,9180,14,,,0
103029,'1191869',1313,,9181,14,,,0
103029,'1191909',748,,9182,14,,,0
103029,'1191948',1604,,9183,14,,,0
103029,'1192055',2203,,9184,14,,,0
103029,'1192191',2305,,9185,14,,,0
103029,'1192208',1734,,9186,14,,,0
103029,'1192508',1406,,9187,14,,,0
103029,'1192592',636,,9188,14,,,0
103029,'1192628',2213,,9189,14,,,0
103029,'1192659',703,,9190,14,,,0
103029,'1192683',1613,,9191,14,,,0
103029,'1192749',1706,,9192,14,,,0
103029,'1192860',1743,,9193,14,,,0
103029,'1192948',1304,,9194,14,,,0
103029,'1193006',843,,9195,14,,,0
103029,'1193036',1003,,9196,14,,,0
103029,'1193074',833,,9197,14,,,0
103029,'1193169',1649,,9198,14,,,0
103029,'1193174',936,,9199,14,,,0
103029,'1193259',1903,,9200,14,,,0
