13019,'1190607',926,,7967,19,,,0
13019,'1190622',827,,7968,19,,,0
13019,'1190640',1627,,7969,19,,,0
13019,'1190733',1026,,7970,19,,,0
13019,'1190801',1227,,7971,19,,,0
13019,'1190811',1926,,7972,19,,,0
13019,'1190911',727,,7973,19,,,0
13019,'1191064',956,,7974,19,,,0
13019,'1191079',856,,7975,19,,,0
13019,'1191259',726,,7976,19,,,0
13019,'1191324',726,,7977,19,,,0
13019,'1191439',1728,,7978,19,,,0
13019,'1191477',2327,,7980,19,,,0
13019,'1191498',2227,,7981,19,,,0
13019,'1191613',1528,,7983,19,,,0
13019,'1191629',2226,,7984,19,,,0
13019,'1191635',2127,,7985,19,,,0
13019,'1191643',2056,,7986,19,,,0
13019,'1191663',1228,,7987,19,,,0
13019,'1191733',1028,,7988,19,,,0
13019,'1191945',1327,,7989,19,,,0
13019,'1192060',756,,7990,19,,,0
13019,'1192062',2156,,7991,19,,,0
13019,'1192072',1128,,7992,19,,,0
13019,'1192088',626,,7993,19,,,0
13019,'1192127',1458,,7994,19,,,0
13019,'1192154',1428,,7995,19,,,0
13019,'1192163',1427,,7996,19,,,0
13019,'1192228',826,,7997,19,,,0
13019,'1192253',1327,,7998,19,,,0
13019,'1192292',1627,,7999,19,,,0
13019,'1192313',826,,8000,19,,,0
13019,'1192426',1558,,8001,19,,,0
13019,'1192486',1658,,8002,19,,,0
13019,'1192492',1856,,8003,19,,,0
13019,'1192497',1127,,8004,19,,,0
13019,'1192498',1727,,8005,19,,,0
13019,'1192501',1756,,8006,19,,,0
13019,'1192533',1727,,8007,19,,,0
13019,'1192536',1027,,8008,19,,,0
13019,'1192544',2027,,8009,19,,,0
13019,'1192608',1427,,8010,19,,,0
13019,'1192610',927,,8011,19,,,0
13019,'1192637',2126,,8012,19,,,0
13019,'1192651',1827,,8013,19,,,0
13019,'1192715',2256,,8014,19,,,0
13019,'1192764',1927,,8015,19,,,0
13019,'1192811',2026,,8016,19,,,0
13019,'1192876',1628,,8017,19,,,0
13019,'1192895',926,,8018,19,,,0
13019,'1192920',1127,,8019,19,,,0
13019,'1192984',1227,,8020,19,,,0
13019,'1193039',1527,,8021,19,,,0
13019,'1193073',1956,,8022,19,,,0
13019,'1193083',2326,,8023,19,,,0
13019,'1193111',1527,,8024,19,,,0
13019,'1193132',656,,8025,19,,,0
13019,'1193188',1826,,8026,19,,,0
13019,'1193199',2401,,8027,19,,,0
13019,'1193221',1328,,8028,19,,,0
