102019,'1184511',1643,,6193,12,,,0
102019,'1184544',1629,,6194,12,,,0
102019,'1184563',1729,,6195,12,,,0
102019,'1184592',2329,,6196,12,,,0
102019,'1184600',1343,,6197,12,,,0
102019,'1184614',1213,,6198,12,,,0
102019,'1184677',2159,,6199,12,,,0
102019,'1184703',1129,,6200,12,,,0
102019,'1184798',2229,,6201,12,,,0
102019,'1184845',944,,6202,12,,,0
102019,'1184904',2359,,6203,12,,,0
102019,'1184994',1559,,6204,12,,,0
102019,'1185093',1544,,6205,12,,,0
102019,'1185114',1759,,6206,12,,,0
102019,'1185228',1459,,6207,12,,,0
102019,'1185238',2243,,6208,12,,,0
102019,'1185323',1159,,6209,12,,,0
102019,'1185453',559,,6210,12,,,0
102019,'1185639',1259,,6211,12,,,0
102019,'1185693',729,,6212,12,,,0
102019,'1185825',659,,6213,12,,,0
102019,'1185886',1813,,6214,12,,,0
102019,'1185919',2029,,6215,12,,,0
102019,'1185931',743,,6216,12,,,0
102019,'1186030',959,,6217,12,,,0
102019,'1186046',1714,,6218,12,,,0
102019,'1186119',1414,,6219,12,,,0
102019,'1186150',814,,6220,12,,,0
102019,'1186325',1029,,6221,12,,,0
102019,'1186337',913,,6222,12,,,0
102019,'1186374',1513,,6223,12,,,0
102019,'1186494',1043,,6224,12,,,0
102019,'1186567',1929,,6225,12,,,0
102019,'1186658',1329,,6226,12,,,0
102019,'1186672',1859,,6227,12,,,0
102019,'1186705',1429,,6228,12,,,0
102019,'1186774',859,,6229,12,,,0
102019,'1186786',644,,6230,12,,,0
102019,'1186906',2113,,6231,12,,,0
102019,'1186915',2059,,6232,12,,,0
102019,'1186949',829,,6233,12,,,0
102019,'1187070',1943,,6234,12,,,0
