105029,'1190637',842,,9337,77,,,0
105029,'1190832',730,,9338,77,,,0
105029,'1190854',1533,,9339,77,,,0
105029,'1190856',1348,,9340,77,,,0
105029,'1190924',2435,,9341,77,,,0
105029,'1190926',1444,,9342,77,,,0
105029,'1190965',1503,,9343,77,,,0
105029,'1190981',700,,9344,77,,,0
105029,'1191222',2242,,9345,77,,,0
105029,'1191223',1718,,9346,77,,,0
105029,'1191285',2030,,9347,77,,,0
105029,'1191307',1603,,9348,77,,,0
105029,'1191404',1544,,9349,77,,,0
105029,'1191423',1433,,9350,77,,,0
105029,'1191572',1044,,9351,77,,,0
105029,'1191670',1801,,9352,77,,,0
105029,'1191739',1818,,9353,77,,,0
105029,'1191784',1344,,9354,77,,,0
105029,'1191846',1033,,9355,77,,,0
105029,'1191848',1248,,9356,77,,,0
105029,'1191910',2442,,9357,77,,,0
105029,'1191936',1601,,9358,77,,,0
105029,'1192016',800,,9359,77,,,0
105029,'1192019',1844,,9360,77,,,0
105029,'1192058',2401,,9361,77,,,0
105029,'1192150',801,,9362,77,,,0
105029,'1192180',2001,,9363,77,,,0
105029,'1192198',2330,,9364,77,,,0
105029,'1192205',642,,9365,77,,,0
105029,'1192224',1648,,9366,77,,,0
105029,'1192338',1900,,9367,77,,,0
105029,'1192379',2130,,9368,77,,,0
105029,'1192463',1401,,9369,77,,,0
105029,'1192488',1144,,9370,77,,,0
105029,'1192491',830,,9371,77,,,0
105029,'1192500',930,,9372,77,,,0
105029,'1192511',2042,,9373,77,,,0
105029,'1192662',1644,,9374,77,,,0
105029,'1192694',1133,,9375,77,,,0
105029,'1192728',2201,,9376,77,,,0
105029,'1193038',1244,,9377,77,,,0
105029,'1193130',1201,,9378,77,,,0
105029,'1193181',1744,,9379,77,,,0
105029,'1193225',1748,,9380,77,,,0
105029,'1193234',1001,,9381,77,,,0
105029,'1193316',2230,,9382,77,,,0
