104019,'1190671',934,,9201,21,,,0
104019,'1190814',2120,,9202,21,,,0
104019,'1190818',2105,,9203,21,,,0
104019,'1190892',805,,9204,21,,,0
104019,'1190936',1508,,9205,21,,,0
104019,'1190948',2334,,9206,21,,,0
104019,'1190986',1805,,9207,21,,,0
104019,'1191016',734,,9208,21,,,0
104019,'1191017',735,,9209,21,,,0
104019,'1191094',1935,,9210,21,,,0
104019,'1191310',850,,9212,21,,,0
104019,'1191311',1734,,9213,21,,,0
104019,'1191316',1553,,9214,21,,,0
104019,'1191321',2235,,9215,21,,,0
104019,'1191385',1720,,9217,21,,,0
104019,'1191418',1005,,9218,21,,,0
104019,'1191499',2350,,9219,21,,,0
104019,'1191536',1338,,9220,21,,,0
104019,'1191638',1534,,9222,21,,,0
104019,'1191722',920,,9223,21,,,0
104019,'1191770',735,,9224,21,,,0
104019,'1191825',650,,9225,21,,,0
104019,'1191885',620,,9226,21,,,0
104019,'1191947',1123,,9227,21,,,0
104019,'1191953',1235,,9228,21,,,0
104019,'1191956',1334,,9229,21,,,0
104019,'1191969',1253,,9230,21,,,0
104019,'1192007',1505,,9231,21,,,0
104019,'1192026',1850,,9232,21,,,0
104019,'1192189',2134,,9233,21,,,0
104019,'1192203',850,,9234,21,,,0
104019,'1192446',1208,,9235,21,,,0
104019,'1192457',1735,,9236,21,,,0
104019,'1192466',1350,,9237,21,,,0
104019,'1192607',1120,,9238,21,,,0
104019,'1192616',1134,,9239,21,,,0
104019,'1192795',1934,,9240,21,,,0
104019,'1192810',1423,,9241,21,,,0
104019,'1192924',2005,,9242,21,,,0
104019,'1192954',1638,,9243,21,,,0
104019,'1192997',1005,,9244,21,,,0
104019,'1193072',2410,,9245,21,,,0
104019,'1193232',2235,,9246,21,,,0
104019,'1193244',1620,,9247,21,,,0
