105029,'1190637',804,,9337,6,,,0
105029,'1190832',649,,9338,6,,,0
105029,'1190854',1450,,9339,6,,,0
105029,'1190856',1305,,9340,6,,,0
105029,'1190924',2354,,9341,6,,,0
105029,'1190926',1404,,9342,6,,,0
105029,'1190965',1420,,9343,6,,,0
105029,'1190981',619,,9344,6,,,0
105029,'1191222',2204,,9345,6,,,0
105029,'1191223',1635,,9346,6,,,0
105029,'1191285',1949,,9347,6,,,0
105029,'1191307',1520,,9348,6,,,0
105029,'1191404',1504,,9349,6,,,0
105029,'1191423',1350,,9350,6,,,0
105029,'1191572',1004,,9351,6,,,0
105029,'1191670',1719,,9352,6,,,0
105029,'1191739',1735,,9353,6,,,0
105029,'1191784',1304,,9354,6,,,0
105029,'1191846',950,,9355,6,,,0
105029,'1191848',1205,,9356,6,,,0
105029,'1191910',2404,,9357,6,,,0
105029,'1191936',1519,,9358,6,,,0
105029,'1192016',719,,9359,6,,,0
105029,'1192019',1804,,9360,6,,,0
105029,'1192058',2319,,9361,6,,,0
105029,'1192150',719,,9362,6,,,0
105029,'1192180',1919,,9363,6,,,0
105029,'1192198',2249,,9364,6,,,0
105029,'1192205',604,,9365,6,,,0
105029,'1192224',1605,,9366,6,,,0
105029,'1192338',1819,,9367,6,,,0
105029,'1192379',2049,,9368,6,,,0
105029,'1192463',1319,,9369,6,,,0
105029,'1192488',1104,,9370,6,,,0
105029,'1192491',749,,9371,6,,,0
105029,'1192500',849,,9372,6,,,0
105029,'1192511',2004,,9373,6,,,0
105029,'1192662',1604,,9374,6,,,0
105029,'1192694',1050,,9375,6,,,0
105029,'1192728',2119,,9376,6,,,0
105029,'1193038',1204,,9377,6,,,0
105029,'1193130',1119,,9378,6,,,0
105029,'1193181',1704,,9379,6,,,0
105029,'1193225',1705,,9380,6,,,0
105029,'1193234',919,,9381,6,,,0
105029,'1193316',2149,,9382,6,,,0
106019,'1190751',704,,9383,6,,,0
106019,'1190960',1650,,9384,6,,,0
106019,'1191191',1805,,9385,6,,,0
106019,'1191645',934,,9386,6,,,0
106019,'1192317',1535,,9387,6,,,0
106019,'1192475',819,,9388,6,,,0
140001029,'1190599',1150,,9532,6,,,0
140001029,'1190600',919,,9533,6,,,0
140001029,'1190621',2249,,9534,6,,,0
140001029,'1190654',2249,,9535,6,,,0
140001029,'1190676',2219,,9536,6,,,0
140001029,'1190705',1621,,9537,6,,,0
140001029,'1190711',819,,9538,6,,,0
140001029,'1190715',1636,,9539,6,,,0
140001029,'1190737',2119,,9540,6,,,0
140001029,'1190823',1104,,9541,6,,,0
140001029,'1190849',1219,,9542,6,,,0
140001029,'1190851',1704,,9543,6,,,0
140001029,'1190861',734,,9544,6,,,0
140001029,'1190919',619,,9545,6,,,0
140001029,'1190942',834,,9546,6,,,0
140001029,'1190950',1034,,9547,6,,,0
140001029,'1190977',1019,,9548,6,,,0
140001029,'1191006',1050,,9549,6,,,0
140001029,'1191022',1749,,9550,6,,,0
140001029,'1191026',1919,,9551,6,,,0
140001029,'1191051',1651,,9552,6,,,0
140001029,'1191073',1804,,9553,6,,,0
140001029,'1191077',1849,,9554,6,,,0
140001029,'1191100',1521,,9555,6,,,0
140001029,'1191110',1536,,9556,6,,,0
140001029,'1191120',2034,,9557,6,,,0
140001029,'1191183',1334,,9558,6,,,0
140001029,'1191185',1419,,9559,6,,,0
140001029,'1191195',1451,,9560,6,,,0
140001029,'1191197',1005,,9561,6,,,0
140001029,'1191229',749,,9562,6,,,0
140001029,'1191239',1004,,9563,6,,,0
140001029,'1191241',749,,9564,6,,,0
140001029,'1191249',1135,,9565,6,,,0
140001029,'1191251',849,,9566,6,,,0
140001029,'1191260',1149,,9567,6,,,0
140001029,'1191273',1250,,9568,6,,,0
140001029,'1191279',849,,9569,6,,,0
140001029,'1191347',1434,,9570,6,,,0
140001029,'1191349',1551,,9571,6,,,0
140001029,'1191357',634,,9572,6,,,0
140001029,'1191358',1534,,9573,6,,,0
140001029,'1191362',719,,9574,6,,,0
140001029,'1191369',1119,,9575,6,,,0
140001029,'1191374',704,,9576,6,,,0
140001029,'1191422',1919,,9577,6,,,0
140001029,'1191436',1604,,9578,6,,,0
140001029,'1191459',2049,,9579,6,,,0
140001029,'1191461',1719,,9580,6,,,0
140001029,'1191510',1220,,9581,6,,,0
140001029,'1191569',1819,,9582,6,,,0
140001029,'1191585',1619,,9583,6,,,0
140001029,'1191594',2354,,9584,6,,,0
140001029,'1191599',1320,,9585,6,,,0
140001029,'1191617',2219,,9586,6,,,0
140001029,'1191627',919,,9587,6,,,0
140001029,'1191654',1934,,9588,6,,,0
140001029,'1191672',1019,,9589,6,,,0
140001029,'1191688',1804,,9590,6,,,0
140001029,'1191700',2149,,9591,6,,,0
140001029,'1191703',1721,,9592,6,,,0
140001029,'1191748',719,,9593,6,,,0
140001029,'1191749',2019,,9594,6,,,0
140001029,'1191752',1949,,9595,6,,,0
140001029,'1191781',1204,,9596,6,,,0
140001029,'1191787',1904,,9597,6,,,0
140001029,'1191809',1049,,9598,6,,,0
140001029,'1191814',1919,,9599,6,,,0
140001029,'1191822',1134,,9600,6,,,0
140001029,'1191880',1421,,9601,6,,,0
140001029,'1191895',1549,,9602,6,,,0
140001029,'1191933',1436,,9603,6,,,0
140001029,'1191962',1249,,9604,6,,,0
140001029,'1191971',1519,,9605,6,,,0
140001029,'1191993',1205,,9606,6,,,0
140001029,'1192009',1234,,9607,6,,,0
140001029,'1192030',2219,,9608,6,,,0
140001029,'1192075',1706,,9609,6,,,0
140001029,'1192076',1504,,9610,6,,,0
140001029,'1192085',719,,9611,6,,,0
140001029,'1192192',1949,,9612,6,,,0
140001029,'1192204',2019,,9613,6,,,0
140001029,'1192231',949,,9614,6,,,0
140001029,'1192238',949,,9615,6,,,0
140001029,'1192242',1506,,9616,6,,,0
140001029,'1192251',2119,,9617,6,,,0
140001029,'1192270',2349,,9618,6,,,0
140001029,'1192275',1634,,9619,6,,,0
140001029,'1192298',1619,,9620,6,,,0
140001029,'1192358',1819,,9621,6,,,0
140001029,'1192364',2319,,9622,6,,,0
140001029,'1192382',1736,,9623,6,,,0
140001029,'1192427',2004,,9624,6,,,0
140001029,'1192462',1020,,9625,6,,,0
140001029,'1192467',1319,,9626,6,,,0
140001029,'1192479',2049,,9627,6,,,0
140001029,'1192506',649,,9628,6,,,0
140001029,'1192539',1119,,9629,6,,,0
140001029,'1192548',934,,9630,6,,,0
140001029,'1192550',1235,,9631,6,,,0
140001029,'1192559',934,,9632,6,,,0
140001029,'1192568',819,,9633,6,,,0
140001029,'1192571',804,,9634,6,,,0
140001029,'1192572',1519,,9635,6,,,0
140001029,'1192575',649,,9636,6,,,0
140001029,'1192584',1734,,9637,6,,,0
140001029,'1192594',1035,,9638,6,,,0
140001029,'1192612',1449,,9639,6,,,0
140001029,'1192644',1606,,9640,6,,,0
140001029,'1192648',1305,,9641,6,,,0
140001029,'1192665',904,,9642,6,,,0
140001029,'1192677',919,,9643,6,,,0
140001029,'1192732',1351,,9644,6,,,0
140001029,'1192736',1749,,9645,6,,,0
140001029,'1192755',1849,,9646,6,,,0
140001029,'1192762',1834,,9647,6,,,0
140001029,'1192794',2019,,9648,6,,,0
140001029,'1192842',1319,,9649,6,,,0
140001029,'1192858',1304,,9650,6,,,0
140001029,'1192901',1834,,9651,6,,,0
140001029,'1192907',1349,,9652,6,,,0
140001029,'1192922',1120,,9653,6,,,0
140001029,'1192938',1105,,9654,6,,,0
140001029,'1192969',1219,,9655,6,,,0
140001029,'1193035',2319,,9656,6,,,0
140001029,'1193142',1719,,9657,6,,,0
140001029,'1193157',2149,,9658,6,,,0
140001029,'1193158',2319,,9659,6,,,0
140001029,'1193196',1404,,9660,6,,,0
140001029,'1193202',2119,,9661,6,,,0
140001029,'1193206',1335,,9662,6,,,0
140001029,'1193223',1419,,9663,6,,,0
140001029,'1193237',819,,9664,6,,,0
140001029,'1193252',619,,9665,6,,,0
140001029,'1193289',1406,,9666,6,,,0
140001029,'1193293',1819,,9667,6,,,0
140001029,'1193306',1649,,9668,6,,,0
