24019,'1184560',2327,,5515,17,,,0
24019,'1184619',611,,5516,17,,,0
24019,'1184689',2311,,5517,17,,,0
24019,'1184697',811,,5518,17,,,0
24019,'1184701',1412,,5519,17,,,0
24019,'1184720',2242,,5520,17,,,0
24019,'1184783',1514,,5521,17,,,0
24019,'1184820',1027,,5522,17,,,0
24019,'1184838',1327,,5523,17,,,0
24019,'1184989',727,,5524,17,,,0
24019,'1185006',712,,5525,17,,,0
24019,'1185016',1714,,5526,17,,,0
24019,'1185028',1811,,5527,17,,,0
24019,'1185031',1614,,5528,17,,,0
24019,'1185105',1114,,5529,17,,,0
24019,'1185134',1544,,5530,17,,,0
24019,'1185220',2227,,5531,17,,,0
24019,'1185311',1312,,5532,17,,,0
24019,'1185652',711,,5533,17,,,0
24019,'1185680',912,,5534,17,,,0
24019,'1185686',2142,,5535,17,,,0
24019,'1185754',642,,5536,17,,,0
24019,'1185781',2111,,5537,17,,,0
24019,'1185861',842,,5538,17,,,0
24019,'1185884',1427,,5539,17,,,0
24019,'1186018',1644,,5540,17,,,0
24019,'1186037',1827,,5541,17,,,0
24019,'1186137',1227,,5542,17,,,0
24019,'1186166',1214,,5543,17,,,0
24019,'1186186',927,,5544,17,,,0
24019,'1186258',1627,,5545,17,,,0
24019,'1186359',2402,,5546,17,,,0
24019,'1186391',1314,,5547,17,,,0
24019,'1186431',1842,,5548,17,,,0
24019,'1186446',1444,,5549,17,,,0
24019,'1186476',1911,,5550,17,,,0
24019,'1186515',942,,5551,17,,,0
24019,'1186633',742,,5552,17,,,0
24019,'1186642',1927,,5553,17,,,0
24019,'1186693',2042,,5554,17,,,0
24019,'1186696',1512,,5555,17,,,0
24019,'1186725',1414,,5556,17,,,0
24019,'1186741',1127,,5557,17,,,0
24019,'1186817',1212,,5558,17,,,0
24019,'1186826',1527,,5559,17,,,0
24019,'1186904',1744,,5560,17,,,0
24019,'1186919',827,,5561,17,,,0
24019,'1186963',1112,,5562,17,,,0
24019,'1186974',1012,,5563,17,,,0
24019,'1186989',912,,5564,17,,,0
24019,'1187048',1012,,5565,17,,,0
24019,'1187054',2027,,5566,17,,,0
24019,'1187060',1727,,5567,17,,,0
24019,'1187065',2011,,5568,17,,,0
24019,'1187078',1942,,5569,17,,,0
24019,'1187091',2127,,5570,17,,,0
24019,'1187097',1611,,5571,17,,,0
24019,'1187111',1711,,5572,17,,,0
24019,'1187158',812,,5573,17,,,0
24019,'1187189',2211,,5574,17,,,0
