23029,'1184815',1548,,5506,2,,,0
23029,'1184896',1117,,5507,2,,,0
23029,'1185296',1318,,5508,2,,,0
23029,'1185599',946,,5509,2,,,0
23029,'1185623',916,,5510,2,,,0
23029,'1185723',1517,,5511,2,,,0
23029,'1185835',1148,,5512,2,,,0
23029,'1185916',1348,,5513,2,,,0
23029,'1187007',1717,,5514,2,,,0
103019,'1184499',1120,,6278,7,,,0
103019,'1184504',1410,,6279,7,,,0
103019,'1184657',1340,,6280,7,,,0
103019,'1184910',1110,,6281,7,,,0
103019,'1184918',639,,6282,7,,,0
103019,'1185122',2239,,6283,7,,,0
103019,'1185202',1850,,6284,7,,,0
103019,'1185273',2139,,6285,7,,,0
103019,'1185326',2320,,6286,7,,,0
103019,'1185405',1839,,6287,7,,,0
103019,'1185459',2150,,6288,7,,,0
103019,'1185533',854,,6289,7,,,0
103019,'1185539',2009,,6290,7,,,0
103019,'1185585',739,,6291,7,,,0
103019,'1185688',820,,6292,7,,,0
103019,'1185749',1540,,6293,7,,,0
103019,'1185800',724,,6294,7,,,0
103019,'1185819',1420,,6295,7,,,0
103019,'1185862',1240,,6296,7,,,0
103019,'1185957',2020,,6297,7,,,0
103019,'1185997',950,,6298,7,,,0
103019,'1186013',939,,6299,7,,,0
103019,'1186148',1455,,6300,7,,,0
103019,'1186224',1210,,6301,7,,,0
103019,'1186231',809,,6302,7,,,0
103019,'1186269',1510,,6303,7,,,0
103019,'1186278',2309,,6304,7,,,0
103019,'1186435',1809,,6305,7,,,0
103019,'1186529',2109,,6306,7,,,0
103019,'1186561',1625,,6307,7,,,0
103019,'1186562',1550,,6308,7,,,0
103019,'1186606',1250,,6309,7,,,0
103019,'1186721',1039,,6310,7,,,0
103019,'1186769',1710,,6312,7,,,0
103019,'1186890',1640,,6313,7,,,0
103019,'1187000',1939,,6314,7,,,0
103019,'1187108',1720,,6315,7,,,0
103019,'1187124',909,,6316,7,,,0
