101029,'1190605',1059,,9008,34,,,0
101029,'1190678',1301,,9009,34,,,0
101029,'1190897',1642,,9010,34,,,0
101029,'1190957',959,,9011,34,,,0
101029,'1191059',842,,9012,34,,,0
101029,'1191088',1242,,9013,34,,,0
101029,'1191099',2042,,9014,34,,,0
101029,'1191397',1601,,9015,34,,,0
101029,'1191401',1042,,9016,34,,,0
101029,'1191454',1643,,9017,34,,,0
101029,'1191537',2043,,9018,34,,,0
101029,'1191600',1843,,9019,34,,,0
101029,'1191837',2243,,9020,34,,,0
101029,'1191844',1243,,9021,34,,,0
101029,'1191946',1401,,9022,34,,,0
101029,'1192220',1959,,9023,34,,,0
101029,'1192246',659,,9024,34,,,0
101029,'1192291',1443,,9025,34,,,0
101029,'1192305',2419,,9026,34,,,0
101029,'1192354',2242,,9027,34,,,0
101029,'1192401',843,,9028,34,,,0
101029,'1192520',1701,,9029,34,,,0
101029,'1192526',1442,,9030,34,,,0
101029,'1192600',2159,,9031,34,,,0
101029,'1192680',1501,,9032,34,,,0
101029,'1192726',1043,,9033,34,,,0
101029,'1192973',1759,,9034,34,,,0
101029,'1193049',759,,9035,34,,,0
101029,'1193165',1842,,9036,34,,,0
101029,'1193166',643,,9037,34,,,0
101029,'1193226',859,,9038,34,,,0
