29029,'1184496',1936,,6107,6,,,0
29029,'1184548',2236,,6108,6,,,0
29029,'1184602',1052,,6109,6,,,0
29029,'1184681',936,,6110,6,,,0
29029,'1184958',2036,,6111,6,,,0
29029,'1185054',952,,6112,6,,,0
29029,'1185079',1237,,6113,6,,,0
29029,'1185411',1352,,6114,6,,,0
29029,'1185428',2336,,6115,6,,,0
29029,'1185454',1552,,6116,6,,,0
29029,'1185554',1037,,6117,6,,,0
29029,'1185817',1452,,6118,6,,,0
29029,'1185830',1337,,6119,6,,,0
29029,'1186029',1152,,6120,6,,,0
29029,'1186121',1252,,6121,6,,,0
29029,'1186538',1437,,6122,6,,,0
29029,'1186653',1737,,6123,6,,,0
29029,'1186838',1537,,6124,6,,,0
29029,'1186879',836,,6125,6,,,0
29029,'1186880',1137,,6126,6,,,0
29029,'1186895',1836,,6127,6,,,0
29029,'1186928',2136,,6128,6,,,0
29029,'1187082',1637,,6129,6,,,0
29029,'1187112',736,,6130,6,,,0
190001029,'1184490',1658,,6961,17,,,0
190001029,'1184527',1159,,6962,17,,,0
190001029,'1184534',858,,6963,17,,,0
190001029,'1184609',643,,6964,17,,,0
190001029,'1184616',1044,,6965,17,,,0
190001029,'1184651',2043,,6966,17,,,0
190001029,'1184661',1629,,6967,17,,,0
190001029,'1184721',2343,,6968,17,,,0
190001029,'1184789',642,,6969,17,,,0
190001029,'1184791',2143,,6970,17,,,0
190001029,'1184794',1343,,6971,17,,,0
190001029,'1184799',1259,,6972,17,,,0
190001029,'1184802',2403,,6973,17,,,0
190001029,'1184839',828,,6974,17,,,0
190001029,'1184889',2213,,6975,17,,,0
190001029,'1184906',1244,,6976,17,,,0
190001029,'1184907',825,,6977,17,,,0
190001029,'1184944',1444,,6978,17,,,0
190001029,'1184952',925,,6979,17,,,0
190001029,'1184954',2025,,6980,17,,,0
190001029,'1184980',1958,,6981,17,,,0
190001029,'1184997',1459,,6982,17,,,0
190001029,'1185011',2225,,6983,17,,,0
190001029,'1185017',2142,,6984,17,,,0
190001029,'1185025',1358,,6985,17,,,0
190001029,'1185053',1229,,6986,17,,,0
190001029,'1185071',1659,,6987,17,,,0
190001029,'1185119',2242,,6988,17,,,0
190001029,'1185120',1628,,6989,17,,,0
190001029,'1185125',1114,,6990,17,,,0
190001029,'1185141',1225,,6991,17,,,0
190001029,'1185166',1058,,6992,17,,,0
190001029,'1185167',1758,,6993,17,,,0
190001029,'1185180',2042,,6994,17,,,0
190001029,'1185201',1827,,6995,17,,,0
190001029,'1185223',1743,,6996,17,,,0
190001029,'1185234',928,,6997,17,,,0
190001029,'1185246',713,,6998,17,,,0
190001029,'1185252',1014,,6999,17,,,0
190001029,'1185262',1258,,7000,17,,,0
190001029,'1185321',2012,,7001,17,,,0
190001029,'1185331',1928,,7002,17,,,0
190001029,'1185351',912,,7003,17,,,0
190001029,'1185355',1529,,7004,17,,,0
190001029,'1185367',913,,7005,17,,,0
190001029,'1185389',2113,,7006,17,,,0
190001029,'1185390',1812,,7007,17,,,0
190001029,'1185410',2312,,7008,17,,,0
190001029,'1185424',812,,7009,17,,,0
190001029,'1185432',743,,7010,17,,,0
190001029,'1185483',1129,,7011,17,,,0
190001029,'1185504',1614,,7012,17,,,0
190001029,'1185587',1513,,7013,17,,,0
190001029,'1185591',1329,,7014,17,,,0
190001029,'1185606',1559,,7015,17,,,0
190001029,'1185626',1843,,7016,17,,,0
190001029,'1185646',1228,,7017,17,,,0
190001029,'1185689',1514,,7018,17,,,0
190001029,'1185714',1144,,7019,17,,,0
190001029,'1185744',1359,,7020,17,,,0
190001029,'1185775',1543,,7021,17,,,0
190001029,'1185840',1825,,7022,17,,,0
190001029,'1185841',1425,,7023,17,,,0
190001029,'1185855',1413,,7024,17,,,0
190001029,'1185865',957,,7025,17,,,0
190001029,'1185898',1643,,7026,17,,,0
190001029,'1185905',1858,,7027,17,,,0
190001029,'1185932',1644,,7028,17,,,0
190001029,'1185953',725,,7029,17,,,0
190001029,'1185962',758,,7030,17,,,0
190001029,'1186000',1143,,7031,17,,,0
190001029,'1186001',728,,7032,17,,,0
190001029,'1186004',1213,,7033,17,,,0
190001029,'1186023',1243,,7034,17,,,0
190001029,'1186073',1458,,7035,17,,,0
190001029,'1186074',612,,7036,17,,,0
190001029,'1186081',942,,7037,17,,,0
190001029,'1186094',2058,,7038,17,,,0
190001029,'1186100',1728,,7039,17,,,0
190001029,'1186108',1158,,7040,17,,,0
190001029,'1186109',1713,,7041,17,,,0
190001029,'1186134',1314,,7042,17,,,0
190001029,'1186143',1414,,7043,17,,,0
190001029,'1186171',1758,,7044,17,,,0
190001029,'1186182',1028,,7045,17,,,0
190001029,'1186183',2028,,7046,17,,,0
190001029,'1186248',628,,7047,17,,,0
190001029,'1186250',1328,,7048,17,,,0
190001029,'1186255',1525,,7049,17,,,0
190001029,'1186307',1912,,7050,17,,,0
190001029,'1186324',2013,,7051,17,,,0
190001029,'1186336',658,,7052,17,,,0
190001029,'1186339',2125,,7053,17,,,0
190001029,'1186400',742,,7054,17,,,0
190001029,'1186407',1528,,7055,17,,,0
190001029,'1186448',1558,,7056,17,,,0
190001029,'1186464',1725,,7057,17,,,0
190001029,'1186468',1613,,7058,17,,,0
190001029,'1186469',1029,,7059,17,,,0
190001029,'1186472',1828,,7060,17,,,0
190001029,'1186480',1913,,7061,17,,,0
190001029,'1186542',1013,,7062,17,,,0
190001029,'1186570',842,,7063,17,,,0
190001029,'1186592',1729,,7064,17,,,0
190001029,'1186595',1925,,7065,17,,,0
190001029,'1186617',1443,,7066,17,,,0
190001029,'1186627',2128,,7067,17,,,0
190001029,'1186676',1625,,7068,17,,,0
190001029,'1186718',2313,,7069,17,,,0
190001029,'1186758',1043,,7070,17,,,0
190001029,'1186764',1113,,7071,17,,,0
190001029,'1186785',1125,,7072,17,,,0
190001029,'1186808',2243,,7073,17,,,0
190001029,'1186828',1344,,7074,17,,,0
190001029,'1186840',943,,7075,17,,,0
190001029,'1186842',1942,,7076,17,,,0
190001029,'1186847',2112,,7077,17,,,0
190001029,'1186858',1313,,7078,17,,,0
190001029,'1186862',958,,7079,17,,,0
190001029,'1186865',1428,,7080,17,,,0
190001029,'1186868',1943,,7081,17,,,0
190001029,'1186899',1813,,7082,17,,,0
190001029,'1186910',2212,,7083,17,,,0
190001029,'1186913',1325,,7084,17,,,0
190001029,'1186923',813,,7085,17,,,0
190001029,'1186934',1025,,7086,17,,,0
190001029,'1186947',712,,7087,17,,,0
190001029,'1186965',1544,,7088,17,,,0
190001029,'1186988',1059,,7089,17,,,0
190001029,'1186997',1128,,7090,17,,,0
190001029,'1187034',843,,7091,17,,,0
190001029,'1187095',2325,,7092,17,,,0
190001029,'1187119',1214,,7093,17,,,0
190001029,'1187129',1743,,7094,17,,,0
190001029,'1187140',2342,,7095,17,,,0
190001029,'1187146',1714,,7096,17,,,0
190001029,'1187167',1842,,7097,17,,,0
190001029,'1187176',1429,,7098,17,,,0
