3019,'1190650',1301,,7432,2,,,0
3019,'1190836',1531,,7433,2,,,0
3019,'1190847',1417,,7434,2,,,0
3019,'1190866',1001,,7435,2,,,0
3019,'1190945',1901,,7436,2,,,0
3019,'1190971',1231,,7437,2,,,0
3019,'1191034',817,,7438,2,,,0
3019,'1191126',2001,,7439,2,,,0
3019,'1191134',2001,,7440,2,,,0
3019,'1191168',1701,,7441,2,,,0
3019,'1191214',1731,,7442,2,,,0
3019,'1191270',1401,,7443,2,,,0
3019,'1191302',901,,7444,2,,,0
3019,'1191317',1901,,7445,2,,,0
3019,'1191328',701,,7446,2,,,0
3019,'1191509',2301,,7447,2,,,0
3019,'1191526',801,,7448,2,,,0
3019,'1191582',1017,,7449,2,,,0
3019,'1191602',931,,7451,2,,,0
3019,'1191652',1601,,7452,2,,,0
3019,'1191729',2301,,7453,2,,,0
3019,'1191754',1131,,7454,2,,,0
3019,'1191767',1631,,7455,2,,,0
3019,'1191779',1101,,7456,2,,,0
3019,'1191821',1117,,7457,2,,,0
3019,'1191856',1601,,7458,2,,,0
3019,'1191868',631,,7459,2,,,0
3019,'1191905',1917,,7460,2,,,0
3019,'1191978',1331,,7461,2,,,0
3019,'1191997',1201,,7462,2,,,0
3019,'1192065',2017,,7463,2,,,0
3019,'1192079',2201,,7464,2,,,0
3019,'1192105',2101,,7465,2,,,0
3019,'1192112',2401,,7466,2,,,0
3019,'1192146',1301,,7467,2,,,0
3019,'1192160',2101,,7468,2,,,0
3019,'1192171',801,,7469,2,,,0
3019,'1192197',1701,,7470,2,,,0
3019,'1192385',1317,,7471,2,,,0
3019,'1192413',1517,,7472,2,,,0
3019,'1192416',1031,,7473,2,,,0
3019,'1192443',717,,7474,2,,,0
3019,'1192454',831,,7475,2,,,0
3019,'1192525',2117,,7477,2,,,0
3019,'1192527',1617,,7478,2,,,0
3019,'1192640',1201,,7479,2,,,0
3019,'1192641',1101,,7480,2,,,0
3019,'1192643',2201,,7481,2,,,0
3019,'1192658',1817,,7482,2,,,0
3019,'1192695',917,,7483,2,,,0
3019,'1192711',2317,,7484,2,,,0
3019,'1192747',1401,,7485,2,,,0
3019,'1192824',2351,,7486,2,,,0
3019,'1192891',1431,,7487,2,,,0
3019,'1192906',731,,7488,2,,,0
3019,'1192926',2217,,7489,2,,,0
3019,'1192964',1501,,7490,2,,,0
3019,'1192967',1001,,7491,2,,,0
3019,'1192982',701,,7492,2,,,0
3019,'1193008',1801,,7493,2,,,0
3019,'1193046',1717,,7494,2,,,0
3019,'1193092',1217,,7495,2,,,0
3019,'1193159',1801,,7496,2,,,0
3019,'1193189',901,,7497,2,,,0
3019,'1193294',1501,,7498,2,,,0
3029,'1190608',805,,7499,30,,,0
3029,'1190611',1950,,7500,30,,,0
3029,'1190627',1753,,7501,30,,,0
3029,'1190644',1524,,7502,30,,,0
3029,'1190703',905,,7503,30,,,0
3029,'1190736',1224,,7504,30,,,0
3029,'1190789',1653,,7505,30,,,0
3029,'1190824',2250,,7506,30,,,0
3029,'1190826',1105,,7507,30,,,0
3029,'1190828',1805,,7508,30,,,0
3029,'1190874',752,,7509,30,,,0
3029,'1190893',1205,,7510,30,,,0
3029,'1190909',1122,,7511,30,,,0
3029,'1190946',1453,,7512,30,,,0
3029,'1190994',750,,7513,30,,,0
3029,'1191014',922,,7514,30,,,0
3029,'1191024',1824,,7515,30,,,0
3029,'1191040',1554,,7516,30,,,0
3029,'1191098',1850,,7517,30,,,0
3029,'1191158',2350,,7518,30,,,0
3029,'1191226',950,,7519,30,,,0
3029,'1191231',1254,,7520,30,,,0
3029,'1191245',1005,,7521,30,,,0
3029,'1191258',722,,7522,30,,,0
3029,'1191314',1454,,7523,30,,,0
3029,'1191341',1605,,7524,30,,,0
3029,'1191381',1705,,7525,30,,,0
3029,'1191407',2205,,7526,30,,,0
3029,'1191474',2405,,7527,30,,,0
3029,'1191535',1050,,7528,30,,,0
3029,'1191540',1754,,7529,30,,,0
3029,'1191586',2250,,7530,30,,,0
3029,'1191666',2150,,7531,30,,,0
3029,'1191712',1424,,7532,30,,,0
3029,'1191791',1654,,7533,30,,,0
3029,'1191888',2005,,7534,30,,,0
3029,'1191899',1950,,7535,30,,,0
3029,'1191925',1553,,7536,30,,,0
3029,'1191939',2346,,7537,30,,,0
3029,'1192011',1905,,7538,30,,,0
3029,'1192084',2150,,7539,30,,,0
3029,'1192087',952,,7540,30,,,0
3029,'1192092',1405,,7541,30,,,0
3029,'1192097',650,,7542,30,,,0
3029,'1192186',1850,,7543,30,,,0
3029,'1192237',1353,,7544,30,,,0
3029,'1192250',2305,,7545,30,,,0
3029,'1192257',1724,,7546,30,,,0
3029,'1192374',2050,,7547,30,,,0
3029,'1192469',1154,,7548,30,,,0
3029,'1192581',2105,,7549,30,,,0
3029,'1192585',1253,,7550,30,,,0
3029,'1192635',852,,7551,30,,,0
3029,'1192717',652,,7552,30,,,0
3029,'1192825',1305,,7553,30,,,0
3029,'1192832',1324,,7554,30,,,0
3029,'1192839',2050,,7555,30,,,0
3029,'1192856',1022,,7556,30,,,0
3029,'1192861',1052,,7557,30,,,0
3029,'1193034',1505,,7558,30,,,0
3029,'1193061',850,,7559,30,,,0
3029,'1193095',822,,7560,30,,,0
3029,'1193126',1624,,7561,30,,,0
3029,'1193264',1153,,7562,30,,,0
3029,'1193282',1354,,7563,30,,,0
10019,'1193663',2231,,10064,38,,,0
10019,'1193665',1806,,10065,38,,,0
10019,'1193667',632,,10066,38,,,0
10019,'1193668',1002,,10067,38,,,0
10019,'1193675',2301,,10068,38,,,0
10019,'1193678',2200,,10069,38,,,0
10019,'1193679',1836,,10070,38,,,0
10019,'1193680',801,,10071,38,,,0
10019,'1193681',1606,,10072,38,,,0
10019,'1193682',701,,10073,38,,,0
10019,'1193686',1106,,10074,38,,,0
10019,'1193687',1106,,10075,38,,,0
10019,'1193691',1806,,10076,38,,,0
10019,'1193697',1906,,10077,38,,,0
10019,'1193698',1931,,10078,38,,,0
10019,'1193700',2101,,10079,38,,,0
10019,'1193701',901,,10080,38,,,0
10019,'1193703',1506,,10081,38,,,0
10019,'1193704',801,,10082,38,,,0
10019,'1193707',1001,,10083,38,,,0
10019,'1193708',902,,10084,38,,,0
10019,'1193709',1001,,10085,38,,,0
10019,'1193710',1306,,10086,38,,,0
10019,'1193711',1306,,10087,38,,,0
10019,'1193715',1308,,10088,38,,,0
10019,'1193717',2131,,10089,38,,,0
10019,'1193718',1406,,10090,38,,,0
10019,'1193720',1631,,10091,38,,,0
10019,'1193724',1508,,10092,38,,,0
10019,'1193725',2031,,10093,38,,,0
10019,'1193730',2001,,10094,38,,,0
10019,'1193731',1506,,10095,38,,,0
10019,'1193732',2331,,10096,38,,,0
10019,'1193733',1806,,10097,38,,,0
10019,'1193734',1208,,10098,38,,,0
10019,'1193735',1206,,10099,38,,,0
10019,'1193737',1108,,10100,38,,,0
10019,'1193738',1206,,10101,38,,,0
10019,'1193739',2300,,10102,38,,,0
10019,'1193740',1706,,10103,38,,,0
10019,'1193743',1532,,10104,38,,,0
10019,'1193747',2400,,10105,38,,,0
10019,'1193749',2001,,10106,38,,,0
10019,'1193752',732,,10107,38,,,0
10019,'1193754',1731,,10108,38,,,0
10019,'1193755',1606,,10109,38,,,0
10019,'1193756',1906,,10110,38,,,0
10019,'1193759',1408,,10111,38,,,0
10019,'1193761',1706,,10112,38,,,0
10019,'1193765',702,,10113,38,,,0
10019,'1193766',2101,,10114,38,,,0
10019,'1193767',832,,10115,38,,,0
10019,'1193768',932,,10116,38,,,0
10019,'1193769',2401,,10117,38,,,0
10019,'1193770',1406,,10118,38,,,0
10019,'1193771',802,,10119,38,,,0
10019,'1193772',1606,,10120,38,,,0
10019,'1193773',2201,,10121,38,,,0
10019,'1193774',1706,,10122,38,,,0
10019,'1193779',901,,10123,38,,,0
13029,'1190748',1606,,8029,27,,,0
13029,'1190784',1808,,8030,27,,,0
13029,'1190796',2135,,8031,27,,,0
13029,'1190929',1105,,8032,27,,,0
13029,'1190969',1035,,8033,27,,,0
13029,'1191018',1305,,8034,27,,,0
13029,'1191033',635,,8035,27,,,0
13029,'1191057',1805,,8036,27,,,0
13029,'1191072',2105,,8037,27,,,0
13029,'1191114',1308,,8038,27,,,0
13029,'1191152',2205,,8039,27,,,0
13029,'1191172',805,,8040,27,,,0
13029,'1191186',1508,,8041,27,,,0
13029,'1191234',2405,,8042,27,,,0
13029,'1191244',2305,,8043,27,,,0
13029,'1191326',2105,,8044,27,,,0
13029,'1191368',1638,,8045,27,,,0
13029,'1191623',1208,,8046,27,,,0
13029,'1191693',1706,,8047,27,,,0
13029,'1191716',805,,8048,27,,,0
13029,'1191725',705,,8049,27,,,0
13029,'1191812',705,,8050,27,,,0
13029,'1191861',2005,,8051,27,,,0
13029,'1191866',805,,8052,27,,,0
13029,'1191929',1608,,8053,27,,,0
13029,'1191941',1905,,8054,27,,,0
13029,'1191987',1506,,8055,27,,,0
13029,'1192037',1405,,8056,27,,,0
13029,'1192114',2005,,8057,27,,,0
13029,'1192117',905,,8058,27,,,0
13029,'1192120',1406,,8059,27,,,0
13029,'1192134',2305,,8060,27,,,0
13029,'1192157',1005,,8061,27,,,0
13029,'1192158',1505,,8062,27,,,0
13029,'1192164',905,,8063,27,,,0
13029,'1192190',1205,,8064,27,,,0
13029,'1192202',2205,,8065,27,,,0
13029,'1192230',1408,,8066,27,,,0
13029,'1192308',1905,,8067,27,,,0
13029,'1192320',835,,8068,27,,,0
13029,'1192403',936,,8069,27,,,0
13029,'1192519',1605,,8070,27,,,0
13029,'1192654',1738,,8071,27,,,0
13029,'1192739',2235,,8072,27,,,0
13029,'1192740',2335,,8073,27,,,0
13029,'1192743',1105,,8074,27,,,0
13029,'1192770',1705,,8075,27,,,0
13029,'1192773',1708,,8076,27,,,0
13029,'1192843',2405,,8077,27,,,0
13029,'1192910',1005,,8078,27,,,0
13029,'1192970',1539,,8079,28,,,0
13029,'1192977',1935,,8080,27,,,0
13029,'1193002',1206,,8081,27,,,0
13029,'1193005',1109,,8082,27,,,0
13029,'1193028',1835,,8083,27,,,0
13029,'1193062',735,,8084,27,,,0
13029,'1193086',2035,,8085,27,,,0
13029,'1193110',1806,,8086,27,,,0
13029,'1193245',1006,,8087,27,,,0
13029,'1193295',1306,,8088,27,,,0
13029,'1193310',906,,8089,27,,,0
14019,'1190713',1409,,8090,47,,,0
14019,'1190728',1506,,8091,47,,,0
14019,'1190978',1709,,8092,47,,,0
14019,'1191058',2306,,8093,47,,,0
14019,'1191091',1706,,8094,47,,,0
14019,'1191115',807,,8095,47,,,0
14019,'1191156',1539,,8096,47,,,0
14019,'1191182',1306,,8097,47,,,0
14019,'1191216',1409,,8098,47,,,0
14019,'1191274',1406,,8099,47,,,0
14019,'1191284',2406,,8100,47,,,0
14019,'1191353',1906,,8101,47,,,0
14019,'1191434',1006,,8102,47,,,0
14019,'1191451',1007,,8103,47,,,0
14019,'1191488',1309,,8104,47,,,0
14019,'1191517',707,,8105,47,,,0
14019,'1191609',2337,,8106,47,,,0
14019,'1191614',1837,,8107,47,,,0
14019,'1191636',1809,,8108,47,,,0
14019,'1191714',1209,,8109,47,,,0
14019,'1191747',1509,,8110,47,,,0
14019,'1191757',937,,8111,47,,,0
14019,'1191841',806,,8112,47,,,0
14019,'1191852',1937,,8113,47,,,0
14019,'1191970',2206,,8114,47,,,0
14019,'1191991',2106,,8115,47,,,0
14019,'1191996',1006,,8116,47,,,0
14019,'1192119',2237,,8117,47,,,0
14019,'1192156',1609,,8118,47,,,0
14019,'1192290',2306,,8119,47,,,0
14019,'1192324',2206,,8120,47,,,0
14019,'1192341',737,,8121,47,,,0
14019,'1192355',1806,,8122,47,,,0
14019,'1192458',906,,8123,47,,,0
14019,'1192538',1709,,8124,47,,,0
14019,'1192564',2406,,8125,47,,,0
14019,'1192566',2006,,8126,47,,,0
14019,'1192675',1206,,8127,47,,,0
14019,'1192682',1606,,8128,47,,,0
14019,'1192692',1106,,8129,47,,,0
14019,'1192713',1906,,8130,47,,,0
14019,'1192727',1309,,8131,47,,,0
14019,'1192788',1509,,8132,47,,,0
14019,'1192791',1209,,8133,47,,,0
14019,'1192803',837,,8134,47,,,0
14019,'1192827',2106,,8135,47,,,0
14019,'1192837',907,,8136,47,,,0
14019,'1192840',1639,,8137,47,,,0
14019,'1192863',2137,,8138,47,,,0
14019,'1192916',2006,,8139,47,,,0
14019,'1192927',906,,8140,47,,,0
14019,'1192946',2037,,8141,47,,,0
14019,'1192962',1109,,8142,47,,,0
14019,'1192987',1809,,8143,47,,,0
14019,'1193071',1109,,8144,47,,,0
14019,'1193088',1739,,8145,47,,,0
14019,'1193127',1609,,8146,47,,,0
14019,'1193190',706,,8147,47,,,0
14019,'1193242',806,,8148,47,,,0
14029,'1190709',1846,,8149,2,,,0
14029,'1190764',1746,,8150,2,,,0
14029,'1190906',646,,8151,2,,,0
14029,'1190920',2316,,8152,2,,,0
14029,'1190927',1616,,8153,2,,,0
14029,'1190947',2116,,8154,2,,,0
14029,'1191037',1446,,8155,2,,,0
14029,'1191042',1116,,8156,2,,,0
14029,'1191055',1016,,8157,2,,,0
14029,'1191078',816,,8158,2,,,0
14029,'1191085',716,,8159,2,,,0
14029,'1191268',2016,,8160,2,,,0
14029,'1191308',1416,,8161,2,,,0
14029,'1191322',1016,,8162,2,,,0
14029,'1191348',1216,,8163,2,,,0
14029,'1191415',2216,,8164,2,,,0
14029,'1191429',1816,,8165,2,,,0
14029,'1191444',916,,8166,2,,,0
14029,'1191520',1416,,8167,2,,,0
14029,'1191547',1516,,8168,2,,,0
14029,'1191620',1916,,8169,2,,,0
14029,'1191630',916,,8170,2,,,0
14029,'1191685',1116,,8171,2,,,0
14029,'1191690',1516,,8172,2,,,0
14029,'1191718',2316,,8173,2,,,0
14029,'1191777',916,,8174,2,,,0
14029,'1191810',716,,8175,2,,,0
14029,'1191843',1416,,8176,2,,,0
14029,'1191865',746,,8177,2,,,0
14029,'1191921',846,,8178,2,,,0
14029,'1191937',1216,,8179,2,,,0
14029,'1191955',816,,8180,2,,,0
14029,'1191980',2351,,8181,2,,,0
14029,'1192001',2246,,8182,2,,,0
14029,'1192032',816,,8183,2,,,0
14029,'1192051',1646,,8184,2,,,0
14029,'1192126',2216,,8185,2,,,0
14029,'1192347',2146,,8186,2,,,0
14029,'1192381',1816,,8187,2,,,0
14029,'1192383',1316,,8188,2,,,0
14029,'1192388',616,,8189,2,,,0
14029,'1192435',1616,,8190,2,,,0
14029,'1192473',2016,,8191,2,,,0
14029,'1192489',1546,,8192,2,,,0
14029,'1192580',2116,,8193,2,,,0
14029,'1192589',1716,,8194,2,,,0
14029,'1192627',1316,,8195,2,,,0
14029,'1192632',1216,,8196,2,,,0
14029,'1192674',1516,,8197,2,,,0
14029,'1192744',1616,,8198,2,,,0
14029,'1192787',1916,,8199,2,,,0
14029,'1192957',1716,,8200,2,,,0
14029,'1193009',1716,,8201,2,,,0
14029,'1193016',2046,,8202,2,,,0
14029,'1193023',1946,,8203,2,,,0
14029,'1193040',1116,,8204,2,,,0
14029,'1193048',716,,8205,2,,,0
14029,'1193064',1016,,8206,2,,,0
14029,'1193291',1316,,8207,2,,,0
26029,'1190602',1224,,8654,20,,,0
26029,'1190667',2209,,8655,20,,,0
26029,'1190669',2224,,8656,20,,,0
26029,'1190670',1909,,8657,20,,,0
26029,'1190686',1825,,8658,20,,,0
26029,'1190712',1309,,8659,20,,,0
26029,'1190727',1725,,8660,20,,,0
26029,'1190889',622,,8661,20,,,0
26029,'1190895',1924,,8662,20,,,0
26029,'1190902',2124,,8663,20,,,0
26029,'1190943',1023,,8664,20,,,0
26029,'1191009',925,,8665,20,,,0
26029,'1191080',1525,,8666,20,,,0
26029,'1191118',1455,,8667,20,,,0
26029,'1191163',2109,,8668,20,,,0
26029,'1191253',2222,,8669,20,,,0
26029,'1191395',909,,8670,20,,,0
26029,'1191440',825,,8671,20,,,0
26029,'1191476',1209,,8672,20,,,0
26029,'1191491',722,,8673,20,,,0
26029,'1191544',1055,,8674,20,,,0
26029,'1191695',625,,8675,20,,,0
26029,'1191702',2123,,8676,20,,,0
26029,'1191808',2324,,8677,20,,,0
26029,'1191881',1723,,8678,20,,,0
26029,'1191902',822,,8679,20,,,0
26029,'1191938',1355,,8680,20,,,0
26029,'1191960',2009,,8681,20,,,0
26029,'1191972',1324,,8682,20,,,0
26029,'1192035',1609,,8683,20,,,0
26029,'1192047',1524,,8684,20,,,0
26029,'1192090',1109,,8685,20,,,0
26029,'1192249',2309,,8686,20,,,0
26029,'1192289',1124,,8687,20,,,0
26029,'1192423',1424,,8688,20,,,0
26029,'1192540',725,,8689,20,,,0
26029,'1192618',1626,,8690,20,,,0
26029,'1192622',2322,,8691,20,,,0
26029,'1192646',1409,,8692,20,,,0
26029,'1192657',1823,,8693,20,,,0
26029,'1192671',1155,,8694,20,,,0
26029,'1192730',2023,,8695,20,,,0
26029,'1192771',1809,,8696,20,,,0
26029,'1192852',922,,8697,20,,,0
26029,'1192897',1509,,8698,20,,,0
26029,'1192921',1009,,8699,20,,,0
26029,'1192966',1255,,8700,20,,,0
26029,'1193122',809,,8701,20,,,0
26029,'1193153',1623,,8702,20,,,0
26029,'1193187',2024,,8703,20,,,0
26029,'1193205',1025,,8704,20,,,0
26029,'1193258',1709,,8705,20,,,0
26029,'1193297',1923,,8706,20,,,0
