10019,'1190610',2358,,7564,25,,,0
10019,'1190646',1058,,7565,25,,,0
10019,'1190651',2228,,7566,25,,,0
10019,'1190766',958,,7567,25,,,0
10019,'1190772',1858,,7568,25,,,0
10019,'1190785',1928,,7569,25,,,0
10019,'1190799',1058,,7570,25,,,0
10019,'1190857',858,,7571,25,,,0
10019,'1190859',1828,,7572,25,,,0
10019,'1190883',1758,,7573,25,,,0
10019,'1190907',928,,7574,25,,,0
10019,'1190910',1529,,7575,25,,,0
10019,'1190959',1258,,7576,25,,,0
10019,'1190962',958,,7577,25,,,0
10019,'1190989',2128,,7578,25,,,0
10019,'1191003',2328,,7579,25,,,0
10019,'1191074',1658,,7580,25,,,0
10019,'1191083',1758,,7581,25,,,0
10019,'1191102',1158,,7582,25,,,0
10019,'1191194',1059,,7583,25,,,0
10019,'1191196',1159,,7584,25,,,0
10019,'1191337',1358,,7585,25,,,0
10019,'1191350',1558,,7586,25,,,0
10019,'1191370',658,,7587,25,,,0
10019,'1191386',1628,,7588,25,,,0
10019,'1191403',1458,,7589,25,,,0
10019,'1191494',1358,,7590,25,,,0
10019,'1191508',1958,,7591,25,,,0
10019,'1191560',828,,7592,25,,,0
10019,'1191730',2158,,7593,25,,,0
10019,'1191797',2058,,7594,25,,,0
10019,'1191886',1258,,7595,25,,,0
10019,'1191914',1958,,7596,25,,,0
10019,'1191919',2258,,7597,25,,,0
10019,'1192082',1558,,7598,25,,,0
10019,'1192109',1858,,7599,25,,,0
10019,'1192179',1458,,7600,25,,,0
10019,'1192233',2158,,7601,25,,,0
10019,'1192240',758,,7602,25,,,0
10019,'1192284',728,,7603,25,,,0
10019,'1192351',2358,,7604,25,,,0
10019,'1192377',1658,,7605,25,,,0
10019,'1192478',758,,7606,25,,,0
10019,'1192649',629,,7607,25,,,0
10019,'1192653',958,,7608,25,,,0
10019,'1192758',2058,,7609,25,,,0
10019,'1192767',659,,7610,25,,,0
10019,'1192929',1359,,7611,25,,,0
10019,'1192932',858,,7612,25,,,0
10019,'1193029',1658,,7613,25,,,0
10019,'1193089',1758,,7614,25,,,0
10019,'1193115',1558,,7615,25,,,0
10019,'1193131',858,,7616,25,,,0
10019,'1193137',758,,7617,25,,,0
10019,'1193208',1259,,7618,25,,,0
10019,'1193209',1158,,7619,25,,,0
10019,'1193233',2258,,7620,25,,,0
10019,'1193268',2028,,7621,25,,,0
10019,'1193309',1728,,7622,25,,,0
10019,'1193311',1459,,7623,25,,,0
