11029,'1190662',1433,,7754,21,,,0
11029,'1190674',1603,,7755,21,,,0
11029,'1190679',1233,,7756,21,,,0
11029,'1190687',2233,,7757,21,,,0
11029,'1190702',633,,7758,21,,,0
11029,'1190707',1003,,7759,21,,,0
11029,'1190740',1033,,7760,21,,,0
11029,'1190760',1403,,7761,21,,,0
11029,'1190767',1733,,7762,21,,,0
11029,'1190846',1303,,7763,21,,,0
11029,'1190868',1503,,7764,21,,,0
11029,'1190908',803,,7765,21,,,0
11029,'1190991',703,,7766,21,,,0
11029,'1191027',1333,,7767,21,,,0
11029,'1191113',1103,,7768,21,,,0
11029,'1191117',1233,,7769,21,,,0
11029,'1191127',1333,,7770,21,,,0
11029,'1191176',833,,7771,21,,,0
11029,'1191206',1933,,7772,21,,,0
11029,'1191220',1733,,7773,21,,,0
11029,'1191225',2103,,7774,21,,,0
11029,'1191261',1633,,7775,21,,,0
11029,'1191301',733,,7776,21,,,0
11029,'1191458',1603,,7777,21,,,0
11029,'1191541',2033,,7778,21,,,0
11029,'1191571',2033,,7779,21,,,0
11029,'1191589',1233,,7780,21,,,0
11029,'1191607',1703,,7781,21,,,0
11029,'1191727',1533,,7782,21,,,0
11029,'1191782',1403,,7783,21,,,0
11029,'1191889',2333,,7784,21,,,0
11029,'1191897',1203,,7785,21,,,0
11029,'1191898',1533,,7786,21,,,0
11029,'1191943',1033,,7787,21,,,0
11029,'1191963',1133,,7788,21,,,0
11029,'1191968',1133,,7789,21,,,0
11029,'1191999',2003,,7790,21,,,0
11029,'1192027',1903,,7791,21,,,0
11029,'1192028',733,,7792,21,,,0
11029,'1192111',2133,,7793,21,,,0
11029,'1192172',2408,,7794,21,,,0
11029,'1192183',933,,7795,21,,,0
11029,'1192286',833,,7796,21,,,0
11029,'1192326',1933,,7797,21,,,0
11029,'1192339',903,,7798,21,,,0
11029,'1192422',2303,,7799,21,,,0
11029,'1192445',1333,,7800,21,,,0
11029,'1192481',1633,,7801,21,,,0
11029,'1192490',2233,,7802,21,,,0
11029,'1192503',2333,,7803,21,,,0
11029,'1192528',933,,7804,21,,,0
11029,'1192532',2203,,7805,21,,,0
11029,'1192574',1133,,7806,21,,,0
11029,'1192626',1033,,7807,21,,,0
11029,'1192737',1733,,7808,21,,,0
11029,'1192757',733,,7809,21,,,0
11029,'1192779',1833,,7810,21,,,0
11029,'1192802',1203,,7811,21,,,0
11029,'1192807',1703,,7812,21,,,0
11029,'1192884',1533,,7813,21,,,0
11029,'1192947',1433,,7814,21,,,0
11029,'1193001',933,,7815,21,,,0
11029,'1193017',1633,,7816,21,,,0
11029,'1193076',1303,,7817,21,,,0
11029,'1193105',1803,,7818,21,,,0
11029,'1193146',1503,,7819,21,,,0
11029,'1193240',1433,,7820,21,,,0
11029,'1193251',2133,,7821,21,,,0
11029,'1193290',1833,,7822,21,,,0
11029,'1193300',833,,7823,21,,,0
140001029,'1190599',1156,,9532,14,,,0
140001029,'1190600',924,,9533,14,,,0
140001029,'1190621',2255,,9534,14,,,0
140001029,'1190654',2254,,9535,14,,,0
140001029,'1190676',2225,,9536,14,,,0
140001029,'1190705',1627,,9537,14,,,0
140001029,'1190711',824,,9538,14,,,0
140001029,'1190715',1642,,9539,14,,,0
140001029,'1190737',2124,,9540,14,,,0
140001029,'1190823',1110,,9541,14,,,0
140001029,'1190849',1225,,9542,14,,,0
140001029,'1190851',1710,,9543,14,,,0
140001029,'1190861',739,,9544,14,,,0
140001029,'1190919',625,,9545,14,,,0
140001029,'1190942',839,,9546,14,,,0
140001029,'1190950',1040,,9547,14,,,0
140001029,'1190977',1025,,9548,14,,,0
140001029,'1191006',1056,,9549,14,,,0
140001029,'1191022',1755,,9550,14,,,0
140001029,'1191026',1925,,9551,14,,,0
140001029,'1191051',1657,,9552,14,,,0
140001029,'1191073',1810,,9553,14,,,0
140001029,'1191077',1855,,9554,14,,,0
140001029,'1191100',1527,,9555,14,,,0
140001029,'1191110',1542,,9556,14,,,0
140001029,'1191120',2040,,9557,14,,,0
140001029,'1191183',1340,,9558,14,,,0
140001029,'1191185',1425,,9559,14,,,0
140001029,'1191195',1457,,9560,14,,,0
140001029,'1191197',1011,,9561,14,,,0
140001029,'1191229',754,,9562,14,,,0
140001029,'1191239',1010,,9563,14,,,0
140001029,'1191241',755,,9564,14,,,0
140001029,'1191249',1141,,9565,14,,,0
140001029,'1191251',855,,9566,14,,,0
140001029,'1191260',1155,,9567,14,,,0
140001029,'1191273',1256,,9568,14,,,0
140001029,'1191279',854,,9569,14,,,0
140001029,'1191347',1440,,9570,14,,,0
140001029,'1191349',1557,,9571,14,,,0
140001029,'1191357',639,,9572,14,,,0
140001029,'1191358',1540,,9573,14,,,0
140001029,'1191362',724,,9574,14,,,0
140001029,'1191369',1125,,9575,14,,,0
140001029,'1191374',709,,9576,14,,,0
140001029,'1191422',1925,,9577,14,,,0
140001029,'1191436',1610,,9578,14,,,0
140001029,'1191459',2055,,9579,14,,,0
140001029,'1191461',1725,,9580,14,,,0
140001029,'1191510',1226,,9581,14,,,0
140001029,'1191569',1825,,9582,14,,,0
140001029,'1191585',1625,,9583,14,,,0
140001029,'1191594',2359,,9584,14,,,0
140001029,'1191599',1326,,9585,14,,,0
140001029,'1191617',2225,,9586,14,,,0
140001029,'1191627',925,,9587,14,,,0
140001029,'1191654',1940,,9588,14,,,0
140001029,'1191672',1025,,9589,14,,,0
140001029,'1191688',1810,,9590,14,,,0
140001029,'1191700',2155,,9591,14,,,0
140001029,'1191703',1727,,9592,14,,,0
140001029,'1191748',725,,9593,14,,,0
140001029,'1191749',2025,,9594,14,,,0
140001029,'1191752',1955,,9595,14,,,0
140001029,'1191781',1210,,9596,14,,,0
140001029,'1191787',1910,,9597,14,,,0
140001029,'1191809',1055,,9598,14,,,0
140001029,'1191814',1925,,9599,14,,,0
140001029,'1191822',1140,,9600,14,,,0
140001029,'1191880',1427,,9601,14,,,0
140001029,'1191895',1555,,9602,14,,,0
140001029,'1191933',1442,,9603,14,,,0
140001029,'1191962',1255,,9604,14,,,0
140001029,'1191971',1525,,9605,14,,,0
140001029,'1191993',1211,,9606,14,,,0
140001029,'1192009',1240,,9607,14,,,0
140001029,'1192030',2224,,9608,14,,,0
140001029,'1192075',1712,,9609,14,,,0
140001029,'1192076',1510,,9610,14,,,0
140001029,'1192085',725,,9611,14,,,0
140001029,'1192192',1955,,9612,14,,,0
140001029,'1192204',2025,,9613,14,,,0
140001029,'1192231',954,,9614,14,,,0
140001029,'1192238',955,,9615,14,,,0
140001029,'1192242',1512,,9616,14,,,0
140001029,'1192251',2125,,9617,14,,,0
140001029,'1192270',2355,,9618,14,,,0
140001029,'1192275',1640,,9619,14,,,0
140001029,'1192298',1625,,9620,14,,,0
140001029,'1192358',1825,,9621,14,,,0
140001029,'1192364',2324,,9622,14,,,0
140001029,'1192382',1742,,9623,14,,,0
140001029,'1192427',2010,,9624,14,,,0
140001029,'1192462',1026,,9625,14,,,0
140001029,'1192467',1325,,9626,14,,,0
140001029,'1192479',2055,,9627,14,,,0
140001029,'1192506',655,,9628,14,,,0
140001029,'1192539',1125,,9629,14,,,0
140001029,'1192548',940,,9630,14,,,0
140001029,'1192550',1241,,9631,14,,,0
140001029,'1192559',939,,9632,14,,,0
140001029,'1192568',825,,9633,14,,,0
140001029,'1192571',809,,9634,14,,,0
140001029,'1192572',1525,,9635,14,,,0
140001029,'1192575',654,,9636,14,,,0
140001029,'1192584',1740,,9637,14,,,0
140001029,'1192594',1041,,9638,14,,,0
140001029,'1192612',1455,,9639,14,,,0
140001029,'1192644',1612,,9640,14,,,0
140001029,'1192648',1311,,9641,14,,,0
140001029,'1192665',909,,9642,14,,,0
140001029,'1192677',925,,9643,14,,,0
140001029,'1192732',1357,,9644,14,,,0
140001029,'1192736',1755,,9645,14,,,0
140001029,'1192755',1855,,9646,14,,,0
140001029,'1192762',1840,,9647,14,,,0
140001029,'1192794',2025,,9648,14,,,0
140001029,'1192842',1325,,9649,14,,,0
140001029,'1192858',1310,,9650,14,,,0
140001029,'1192901',1840,,9651,14,,,0
140001029,'1192907',1355,,9652,14,,,0
140001029,'1192922',1126,,9653,14,,,0
140001029,'1192938',1111,,9654,14,,,0
140001029,'1192969',1225,,9655,14,,,0
140001029,'1193035',2325,,9656,14,,,0
140001029,'1193142',1725,,9657,14,,,0
140001029,'1193157',2154,,9658,14,,,0
140001029,'1193158',2325,,9659,14,,,0
140001029,'1193196',1410,,9660,14,,,0
140001029,'1193202',2125,,9661,14,,,0
140001029,'1193206',1341,,9662,14,,,0
140001029,'1193223',1425,,9663,14,,,0
140001029,'1193237',825,,9664,14,,,0
140001029,'1193252',624,,9665,14,,,0
140001029,'1193289',1412,,9666,14,,,0
140001029,'1193293',1825,,9667,14,,,0
140001029,'1193306',1655,,9668,14,,,0
