29019,'1184481',1343,,6083,11,,,0
29019,'1184585',1828,,6084,11,,,0
29019,'1184901',1328,,6085,11,,,0
29019,'1184916',728,,6086,11,,,0
29019,'1184951',2028,,6087,11,,,0
29019,'1185146',1028,,6088,11,,,0
29019,'1185320',1728,,6089,11,,,0
29019,'1185391',1428,,6090,11,,,0
29019,'1185521',1243,,6091,11,,,0
29019,'1185584',2128,,6092,11,,,0
29019,'1185791',1928,,6093,11,,,0
29019,'1185904',1528,,6094,11,,,0
29019,'1185918',828,,6095,11,,,0
29019,'1186034',1228,,6096,11,,,0
29019,'1186091',1143,,6097,11,,,0
29019,'1186162',1628,,6098,11,,,0
29019,'1186392',1128,,6099,11,,,0
29019,'1186688',928,,6100,11,,,0
29019,'1186733',943,,6101,11,,,0
29019,'1186835',1443,,6102,11,,,0
29019,'1186911',1043,,6103,11,,,0
29019,'1187002',2228,,6104,11,,,0
29019,'1187090',1543,,6105,11,,,0
29019,'1187169',2328,,6106,11,,,0
