3019,'1190650',1303,,7432,5,,,0
3019,'1190836',1533,,7433,5,,,0
3019,'1190847',1420,,7434,5,,,0
3019,'1190866',1003,,7435,5,,,0
3019,'1190945',1903,,7436,5,,,0
3019,'1190971',1233,,7437,5,,,0
3019,'1191034',820,,7438,5,,,0
3019,'1191126',2003,,7439,5,,,0
3019,'1191134',2003,,7440,5,,,0
3019,'1191168',1703,,7441,5,,,0
3019,'1191214',1733,,7442,5,,,0
3019,'1191270',1403,,7443,5,,,0
3019,'1191302',903,,7444,5,,,0
3019,'1191317',1903,,7445,5,,,0
3019,'1191328',703,,7446,5,,,0
3019,'1191509',2303,,7447,5,,,0
3019,'1191526',803,,7448,5,,,0
3019,'1191582',1020,,7449,5,,,0
3019,'1191602',933,,7451,5,,,0
3019,'1191652',1603,,7452,5,,,0
3019,'1191729',2303,,7453,5,,,0
3019,'1191754',1133,,7454,5,,,0
3019,'1191767',1633,,7455,5,,,0
3019,'1191779',1103,,7456,5,,,0
3019,'1191821',1120,,7457,5,,,0
3019,'1191856',1603,,7458,5,,,0
3019,'1191868',633,,7459,5,,,0
3019,'1191905',1920,,7460,5,,,0
3019,'1191978',1333,,7461,5,,,0
3019,'1191997',1203,,7462,5,,,0
3019,'1192065',2020,,7463,5,,,0
3019,'1192079',2203,,7464,5,,,0
3019,'1192105',2103,,7465,5,,,0
3019,'1192112',2403,,7466,5,,,0
3019,'1192146',1303,,7467,5,,,0
3019,'1192160',2103,,7468,5,,,0
3019,'1192171',803,,7469,5,,,0
3019,'1192197',1703,,7470,5,,,0
3019,'1192385',1320,,7471,5,,,0
3019,'1192413',1520,,7472,5,,,0
3019,'1192416',1033,,7473,5,,,0
3019,'1192443',720,,7474,5,,,0
3019,'1192454',833,,7475,5,,,0
3019,'1192525',2120,,7477,5,,,0
3019,'1192527',1620,,7478,5,,,0
3019,'1192640',1203,,7479,5,,,0
3019,'1192641',1103,,7480,5,,,0
3019,'1192643',2203,,7481,5,,,0
3019,'1192658',1820,,7482,5,,,0
3019,'1192695',920,,7483,5,,,0
3019,'1192711',2320,,7484,5,,,0
3019,'1192747',1403,,7485,5,,,0
3019,'1192824',2353,,7486,5,,,0
3019,'1192891',1433,,7487,5,,,0
3019,'1192906',733,,7488,5,,,0
3019,'1192926',2220,,7489,5,,,0
3019,'1192964',1503,,7490,5,,,0
3019,'1192967',1003,,7491,5,,,0
3019,'1192982',703,,7492,5,,,0
3019,'1193008',1803,,7493,5,,,0
3019,'1193046',1720,,7494,5,,,0
3019,'1193092',1220,,7495,5,,,0
3019,'1193159',1803,,7496,5,,,0
3019,'1193189',903,,7497,5,,,0
3019,'1193294',1503,,7498,5,,,0
