11029,'1190662',1417,,7754,3,,,0
11029,'1190674',1547,,7755,3,,,0
11029,'1190679',1217,,7756,3,,,0
11029,'1190687',2217,,7757,3,,,0
11029,'1190702',617,,7758,3,,,0
11029,'1190707',947,,7759,3,,,0
11029,'1190740',1017,,7760,3,,,0
11029,'1190760',1347,,7761,3,,,0
11029,'1190767',1717,,7762,3,,,0
11029,'1190846',1247,,7763,3,,,0
11029,'1190868',1447,,7764,3,,,0
11029,'1190908',747,,7765,3,,,0
11029,'1190991',647,,7766,3,,,0
11029,'1191027',1317,,7767,3,,,0
11029,'1191113',1047,,7768,3,,,0
11029,'1191117',1217,,7769,3,,,0
11029,'1191127',1317,,7770,3,,,0
11029,'1191176',817,,7771,3,,,0
11029,'1191206',1917,,7772,3,,,0
11029,'1191220',1717,,7773,3,,,0
11029,'1191225',2047,,7774,3,,,0
11029,'1191261',1617,,7775,3,,,0
11029,'1191301',717,,7776,3,,,0
11029,'1191458',1547,,7777,3,,,0
11029,'1191541',2017,,7778,3,,,0
11029,'1191571',2017,,7779,3,,,0
11029,'1191589',1217,,7780,3,,,0
11029,'1191607',1647,,7781,3,,,0
11029,'1191727',1517,,7782,3,,,0
11029,'1191782',1347,,7783,3,,,0
11029,'1191889',2317,,7784,3,,,0
11029,'1191897',1147,,7785,3,,,0
11029,'1191898',1517,,7786,3,,,0
11029,'1191943',1017,,7787,3,,,0
11029,'1191963',1117,,7788,3,,,0
11029,'1191968',1117,,7789,3,,,0
11029,'1191999',1947,,7790,3,,,0
11029,'1192027',1847,,7791,3,,,0
11029,'1192028',717,,7792,3,,,0
11029,'1192111',2117,,7793,3,,,0
11029,'1192172',2352,,7794,3,,,0
11029,'1192183',917,,7795,3,,,0
11029,'1192286',817,,7796,3,,,0
11029,'1192326',1917,,7797,3,,,0
11029,'1192339',847,,7798,3,,,0
11029,'1192422',2247,,7799,3,,,0
11029,'1192445',1317,,7800,3,,,0
11029,'1192481',1617,,7801,3,,,0
11029,'1192490',2217,,7802,3,,,0
11029,'1192503',2317,,7803,3,,,0
11029,'1192528',917,,7804,3,,,0
11029,'1192532',2147,,7805,3,,,0
11029,'1192574',1117,,7806,3,,,0
11029,'1192626',1017,,7807,3,,,0
11029,'1192737',1717,,7808,3,,,0
11029,'1192757',717,,7809,3,,,0
11029,'1192779',1817,,7810,3,,,0
11029,'1192802',1147,,7811,3,,,0
11029,'1192807',1647,,7812,3,,,0
11029,'1192884',1517,,7813,3,,,0
11029,'1192947',1417,,7814,3,,,0
11029,'1193001',917,,7815,3,,,0
11029,'1193017',1617,,7816,3,,,0
11029,'1193076',1247,,7817,3,,,0
11029,'1193105',1747,,7818,3,,,0
11029,'1193146',1447,,7819,3,,,0
11029,'1193240',1417,,7820,3,,,0
11029,'1193251',2117,,7821,3,,,0
11029,'1193290',1817,,7822,3,,,0
11029,'1193300',817,,7823,3,,,0
