2029,'1190626',1027,,7325,8,,,0
2029,'1190688',1756,,7326,8,,,0
2029,'1190708',2126,,7327,8,,,0
2029,'1190719',2356,,7328,8,,,0
2029,'1190781',742,,7329,8,,,0
2029,'1190788',727,,7330,8,,,0
2029,'1190794',912,,7331,8,,,0
2029,'1190810',1126,,7332,8,,,0
2029,'1190833',727,,7333,8,,,0
2029,'1190838',2112,,7334,8,,,0
2029,'1190875',1057,,7335,8,,,0
2029,'1190877',757,,7336,8,,,0
2029,'1190894',1842,,7337,8,,,0
2029,'1190915',1057,,7338,8,,,0
2029,'1190967',712,,7339,8,,,0
2029,'1191031',1557,,7340,8,,,0
2029,'1191050',1156,,7341,8,,,0
2029,'1191076',1612,,7342,8,,,0
2029,'1191116',857,,7343,8,,,0
2029,'1191190',2412,,7344,8,,,0
2029,'1191228',1542,,7345,8,,,0
2029,'1191232',1226,,7346,8,,,0
2029,'1191236',2042,,7347,8,,,0
2029,'1191243',2156,,7348,8,,,0
2029,'1191246',1526,,7349,8,,,0
2029,'1191282',2226,,7350,8,,,0
2029,'1191283',1757,,7351,8,,,0
2029,'1191345',1426,,7352,8,,,0
2029,'1191378',1427,,7353,8,,,0
2029,'1191445',1042,,7354,8,,,0
2029,'1191452',657,,7355,8,,,0
2029,'1191453',2326,,7356,8,,,0
2029,'1191464',1456,,7357,8,,,0
2029,'1191468',927,,7358,8,,,0
2029,'1191482',642,,7359,8,,,0
2029,'1191486',1712,,7360,8,,,0
2029,'1191507',1442,,7361,8,,,0
2029,'1191548',1656,,7362,8,,,0
2029,'1191564',1242,,7363,8,,,0
2029,'1191566',1312,,7364,8,,,0
2029,'1191577',2416,,7365,8,,,0
2029,'1191587',742,,7366,8,,,0
2029,'1191640',1956,,7367,8,,,0
2029,'1191649',1042,,7368,8,,,0
2029,'1191678',1627,,7369,8,,,0
2029,'1191684',1727,,7370,8,,,0
2029,'1191701',1942,,7371,8,,,0
2029,'1191721',1442,,7372,8,,,0
2029,'1191726',1856,,7373,8,,,0
2029,'1191736',2327,,7374,8,,,0
2029,'1191799',1827,,7375,8,,,0
2029,'1191815',942,,7376,8,,,0
2029,'1191824',1556,,7377,8,,,0
2029,'1191863',2027,,7378,8,,,0
2029,'1191887',957,,7379,8,,,0
2029,'1191900',2242,,7380,8,,,0
2029,'1191908',1942,,7381,8,,,0
2029,'1191923',2242,,7382,8,,,0
2029,'1191934',1256,,7383,8,,,0
2029,'1191979',1127,,7384,8,,,0
2029,'1192014',842,,7385,8,,,0
2029,'1192038',1726,,7386,8,,,0
2029,'1192039',1112,,7387,8,,,0
2029,'1192049',2142,,7388,8,,,0
2029,'1192067',1227,,7389,8,,,0
2029,'1192095',1826,,7390,8,,,0
2029,'1192143',2342,,7391,8,,,0
2029,'1192161',1356,,7392,8,,,0
2029,'1192177',857,,7393,8,,,0
2029,'1192187',1327,,7394,8,,,0
2029,'1192206',1642,,7395,8,,,0
2029,'1192222',1812,,7396,8,,,0
2029,'1192235',1457,,7397,8,,,0
2029,'1192245',812,,7398,8,,,0
2029,'1192247',1326,,7399,8,,,0
2029,'1192371',1257,,7400,8,,,0
2029,'1192372',827,,7401,8,,,0
2029,'1192395',1027,,7402,8,,,0
2029,'1192415',2026,,7403,8,,,0
2029,'1192421',942,,7404,8,,,0
2029,'1192494',812,,7405,8,,,0
2029,'1192515',1642,,7406,8,,,0
2029,'1192587',1357,,7407,8,,,0
2029,'1192639',942,,7408,8,,,0
2029,'1192647',1412,,7409,8,,,0
2029,'1192656',1857,,7410,8,,,0
2029,'1192681',1142,,7411,8,,,0
2029,'1192709',1142,,7412,8,,,0
2029,'1192718',1527,,7413,8,,,0
2029,'1192745',1657,,7414,8,,,0
2029,'1192753',1242,,7415,8,,,0
2029,'1192778',1342,,7416,8,,,0
2029,'1192790',2056,,7417,8,,,0
2029,'1192793',2256,,7418,8,,,0
2029,'1192868',1212,,7419,8,,,0
2029,'1192872',642,,7420,8,,,0
2029,'1192912',1626,,7421,8,,,0
2029,'1192917',842,,7422,8,,,0
2029,'1192918',1342,,7423,8,,,0
2029,'1193030',1542,,7424,8,,,0
2029,'1193075',1926,,7425,8,,,0
2029,'1193081',1742,,7426,8,,,0
2029,'1193140',1012,,7427,8,,,0
2029,'1193168',2157,,7428,8,,,0
2029,'1193194',1157,,7429,8,,,0
2029,'1193219',1512,,7430,8,,,0
2029,'1193269',1742,,7431,8,,,0
103019,'1190614',1717,,9124,3,,,0
103019,'1190775',1547,,9125,3,,,0
103019,'1191005',947,,9126,3,,,0
103019,'1191109',1837,,9127,3,,,0
103019,'1191130',1237,,9128,3,,,0
103019,'1191167',2147,,9129,3,,,0
103019,'1191203',1707,,9130,3,,,0
103019,'1191247',2007,,9131,3,,,0
103019,'1191446',1847,,9132,3,,,0
103019,'1191553',2017,,9133,3,,,0
103019,'1191632',1507,,9134,3,,,0
103019,'1191705',2307,,9135,3,,,0
103019,'1191773',1407,,9136,3,,,0
103019,'1191800',1452,,9137,3,,,0
103019,'1191826',637,,9139,3,,,0
103019,'1191854',1117,,9140,3,,,0
103019,'1191877',1107,,9141,3,,,0
103019,'1191892',1417,,9142,3,,,0
103019,'1192012',2237,,9143,3,,,0
103019,'1192046',937,,9144,3,,,0
103019,'1192093',1247,,9145,3,,,0
103019,'1192234',1537,,9146,3,,,0
103019,'1192444',807,,9147,3,,,0
103019,'1192450',1037,,9148,3,,,0
103019,'1192461',1807,,9149,3,,,0
103019,'1192624',852,,9150,3,,,0
103019,'1192801',907,,9151,3,,,0
103019,'1192848',737,,9152,3,,,0
103019,'1192864',2107,,9153,3,,,0
103019,'1192885',1937,,9154,3,,,0
103019,'1192886',1637,,9155,3,,,0
103019,'1192894',817,,9156,3,,,0
103019,'1192968',1622,,9157,3,,,0
103019,'1192976',2317,,9158,3,,,0
103019,'1193060',722,,9159,3,,,0
103019,'1193217',2137,,9160,3,,,0
103019,'1193247',1337,,9161,3,,,0
103019,'1193317',1207,,9162,3,,,0
