25029,'1184543',1850,,5695,7,,,0
25029,'1184620',749,,5696,7,,,0
25029,'1184624',751,,5697,7,,,0
25029,'1184652',2250,,5698,7,,,0
25029,'1184660',1651,,5699,7,,,0
25029,'1184662',835,,5700,7,,,0
25029,'1184741',851,,5701,7,,,0
25029,'1184765',2035,,5702,7,,,0
25029,'1184768',1021,,5703,7,,,0
25029,'1184805',1950,,5704,7,,,0
25029,'1184807',921,,5705,7,,,0
25029,'1184843',1635,,5706,7,,,0
25029,'1184936',1521,,5707,7,,,0
25029,'1184986',1535,,5708,7,,,0
25029,'1185030',951,,5709,7,,,0
25029,'1185050',1121,,5710,7,,,0
25029,'1185055',2250,,5711,7,,,0
25029,'1185091',1950,,5712,7,,,0
25029,'1185112',1751,,5713,7,,,0
25029,'1185133',1850,,5714,7,,,0
25029,'1185137',935,,5715,7,,,0
25029,'1185317',951,,5716,7,,,0
25029,'1185327',1721,,5717,7,,,0
25029,'1185362',651,,5718,7,,,0
25029,'1185403',2150,,5719,7,,,0
25029,'1185464',1421,,5720,7,,,0
25029,'1185478',1221,,5721,7,,,0
25029,'1185508',1551,,5722,7,,,0
25029,'1185642',1621,,5723,7,,,0
25029,'1185651',735,,5724,7,,,0
25029,'1185676',850,,5725,7,,,0
25029,'1185699',1551,,5726,7,,,0
25029,'1185719',2349,,5727,7,,,0
25029,'1185912',1750,,5728,7,,,0
25029,'1185959',1835,,5729,7,,,0
25029,'1185971',721,,5730,7,,,0
25029,'1185996',821,,5731,7,,,0
25029,'1186054',1051,,5732,7,,,0
25029,'1186072',1735,,5733,7,,,0
25029,'1186102',2050,,5734,7,,,0
25029,'1186161',2050,,5735,7,,,0
25029,'1186185',2135,,5736,7,,,0
25029,'1186207',2410,,5737,7,,,0
25029,'1186238',1335,,5738,7,,,0
25029,'1186244',1935,,5739,7,,,0
25029,'1186288',649,,5740,7,,,0
25029,'1186342',1651,,5741,7,,,0
25029,'1186360',1451,,5742,7,,,0
25029,'1186396',1351,,5743,7,,,0
25029,'1186527',2235,,5744,7,,,0
25029,'1186605',2150,,5745,7,,,0
25029,'1186629',1151,,5746,7,,,0
25029,'1186665',1321,,5747,7,,,0
25029,'1186691',1451,,5748,7,,,0
25029,'1186694',1251,,5749,7,,,0
25029,'1186702',2335,,5750,7,,,0
25029,'1186727',1035,,5751,7,,,0
25029,'1187012',1235,,5752,7,,,0
25029,'1187114',1435,,5753,7,,,0
25029,'1187121',1135,,5754,7,,,0
26029,'1184491',1606,,5808,16,,,0
26029,'1184492',1906,,5809,16,,,0
26029,'1184542',2206,,5810,16,,,0
26029,'1184565',806,,5811,16,,,0
26029,'1184587',1251,,5812,16,,,0
26029,'1184648',620,,5813,16,,,0
26029,'1184690',1506,,5814,16,,,0
26029,'1184730',2021,,5815,16,,,0
26029,'1184818',1306,,5816,16,,,0
26029,'1184884',921,,5817,16,,,0
26029,'1184890',821,,5818,16,,,0
26029,'1184923',1351,,5819,16,,,0
26029,'1185032',1006,,5820,16,,,0
26029,'1185059',1221,,5821,16,,,0
26029,'1185087',1106,,5822,16,,,0
26029,'1185151',1521,,5823,16,,,0
26029,'1185248',1321,,5824,16,,,0
26029,'1185261',1721,,5825,16,,,0
26029,'1185279',1521,,5826,16,,,0
26029,'1185365',621,,5827,16,,,0
26029,'1185438',2320,,5828,16,,,0
26029,'1185457',2006,,5829,16,,,0
26029,'1185492',1406,,5830,16,,,0
26029,'1185507',2321,,5831,16,,,0
26029,'1185525',1921,,5832,16,,,0
26029,'1185562',2306,,5833,16,,,0
26029,'1185570',1021,,5834,16,,,0
26029,'1185621',2121,,5835,16,,,0
26029,'1185650',920,,5836,16,,,0
26029,'1185697',1821,,5837,16,,,0
26029,'1185769',2221,,5838,16,,,0
26029,'1185799',1821,,5839,16,,,0
26029,'1185805',2106,,5840,16,,,0
26029,'1185849',721,,5841,16,,,0
26029,'1185956',1451,,5842,16,,,0
26029,'1185969',2121,,5843,16,,,0
26029,'1185972',1206,,5844,16,,,0
26029,'1185990',1121,,5845,16,,,0
26029,'1186111',2220,,5846,16,,,0
26029,'1186362',1921,,5847,16,,,0
26029,'1186441',1622,,5848,16,,,0
26029,'1186572',2021,,5849,16,,,0
26029,'1186604',906,,5850,16,,,0
26029,'1186612',720,,5851,16,,,0
26029,'1186623',1706,,5852,16,,,0
26029,'1186668',1621,,5853,16,,,0
26029,'1186684',1151,,5854,16,,,0
26029,'1186799',1721,,5855,16,,,0
26029,'1186884',1051,,5856,16,,,0
26029,'1186941',1021,,5857,16,,,0
26029,'1187039',1421,,5858,16,,,0
26029,'1187066',1806,,5859,16,,,0
26029,'1187195',820,,5860,16,,,0
104029,'1184515',1806,,6402,43,,,0
104029,'1184569',1519,,6403,43,,,0
104029,'1184607',1006,,6404,43,,,0
104029,'1184693',821,,6405,43,,,0
104029,'1184753',1051,,6406,43,,,0
104029,'1184826',1436,,6407,43,,,0
104029,'1185072',1304,,6408,43,,,0
104029,'1185188',1551,,6409,43,,,0
104029,'1185189',821,,6410,43,,,0
104029,'1185232',2221,,6411,43,,,0
104029,'1185283',936,,6412,43,,,0
104029,'1185308',1649,,6413,43,,,0
104029,'1185312',1821,,6414,43,,,0
104029,'1185314',1021,,6415,43,,,0
104029,'1185325',1421,,6416,43,,,0
104029,'1185376',736,,6417,43,,,0
104029,'1185608',821,,6418,43,,,0
104029,'1185660',1051,,6419,43,,,0
104029,'1185732',851,,6420,43,,,0
104029,'1185743',621,,6421,43,,,0
104029,'1185921',1821,,6422,43,,,0
104029,'1185981',2051,,6423,43,,,0
104029,'1186069',936,,6424,43,,,0
104029,'1186088',2151,,6425,43,,,0
104029,'1186151',2321,,6426,43,,,0
104029,'1186178',2206,,6427,43,,,0
104029,'1186191',1349,,6428,43,,,0
104029,'1186192',1604,,6429,43,,,0
104029,'1186249',706,,6430,43,,,0
104029,'1186321',1621,,6431,43,,,0
104029,'1186354',1734,,6432,43,,,0
104029,'1186398',706,,6433,43,,,0
104029,'1186452',1221,,6434,43,,,0
104029,'1186583',2321,,6435,43,,,0
104029,'1186630',1321,,6436,43,,,0
104029,'1186704',2021,,6437,43,,,0
104029,'1186806',1206,,6438,43,,,0
104029,'1186854',1434,,6439,43,,,0
104029,'1186944',1851,,6440,43,,,0
104029,'1187050',1936,,6441,43,,,0
104029,'1187100',1219,,6442,43,,,0
104029,'1187128',2021,,6443,43,,,0
104029,'1187180',1706,,6444,43,,,0
