2019,'1190609',1603,,7220,5,,,0
2019,'1190673',1218,,7221,5,,,0
2019,'1190685',1203,,7222,5,,,0
2019,'1190689',1933,,7223,5,,,0
2019,'1190717',1703,,7224,5,,,0
2019,'1190761',1418,,7225,5,,,0
2019,'1190765',1233,,7226,5,,,0
2019,'1190771',1318,,7227,5,,,0
2019,'1190817',1303,,7228,5,,,0
2019,'1190891',2118,,7229,5,,,0
2019,'1190941',1518,,7230,5,,,0
2019,'1190953',803,,7231,5,,,0
2019,'1190999',1703,,7232,5,,,0
2019,'1191046',1733,,7233,5,,,0
2019,'1191054',2353,,7234,5,,,0
2019,'1191067',848,,7235,5,,,0
2019,'1191084',1418,,7236,5,,,0
2019,'1191125',1718,,7237,5,,,0
2019,'1191149',718,,7238,5,,,0
2019,'1191199',833,,7239,5,,,0
2019,'1191211',1548,,7240,5,,,0
2019,'1191224',1148,,7241,5,,,0
2019,'1191233',2218,,7242,5,,,0
2019,'1191252',2348,,7243,5,,,0
2019,'1191275',718,,7244,5,,,0
2019,'1191287',1318,,7245,5,,,0
2019,'1191383',1803,,7246,5,,,0
2019,'1191405',818,,7247,5,,,0
2019,'1191408',1248,,7248,5,,,0
2019,'1191447',1433,,7249,5,,,0
2019,'1191485',2103,,7250,5,,,0
2019,'1191495',1618,,7251,5,,,0
2019,'1191512',1303,,7252,5,,,0
2019,'1191527',918,,7253,5,,,0
2019,'1191539',1333,,7254,5,,,0
2019,'1191561',1733,,7255,5,,,0
2019,'1191615',2033,,7256,5,,,0
2019,'1191644',1003,,7257,5,,,0
2019,'1191646',1018,,7258,5,,,0
2019,'1191661',1633,,7259,5,,,0
2019,'1191691',1748,,7260,5,,,0
2019,'1191768',918,,7261,5,,,0
2019,'1191793',703,,7262,5,,,0
2019,'1191820',1018,,7263,5,,,0
2019,'1191850',733,,7264,5,,,0
2019,'1191864',1603,,7265,5,,,0
2019,'1191867',2218,,7266,5,,,0
2019,'1191873',1518,,7267,5,,,0
2019,'1191904',948,,7268,5,,,0
2019,'1191918',1918,,7269,5,,,0
2019,'1191932',2203,,7270,5,,,0
2019,'1191992',2333,,7271,5,,,0
2019,'1192029',1048,,7272,5,,,0
2019,'1192053',2133,,7273,5,,,0
2019,'1192089',1533,,7274,5,,,0
2019,'1192091',1203,,7275,5,,,0
2019,'1192130',1033,,7276,5,,,0
2019,'1192210',1818,,7277,5,,,0
2019,'1192225',1833,,7278,5,,,0
2019,'1192227',1648,,7279,5,,,0
2019,'1192252',2003,,7280,5,,,0
2019,'1192285',633,,7281,5,,,0
2019,'1192330',1003,,7282,5,,,0
2019,'1192352',1118,,7283,5,,,0
2019,'1192380',1233,,7284,5,,,0
2019,'1192437',748,,7285,5,,,0
2019,'1192442',1133,,7286,5,,,0
2019,'1192449',1218,,7287,5,,,0
2019,'1192523',1533,,7288,5,,,0
2019,'1192531',1503,,7289,5,,,0
2019,'1192546',1133,,7290,5,,,0
2019,'1192565',2018,,7291,5,,,0
2019,'1192577',2233,,7292,5,,,0
2019,'1192650',1918,,7293,5,,,0
2019,'1192668',1103,,7294,5,,,0
2019,'1192678',1433,,7295,5,,,0
2019,'1192698',818,,7296,5,,,0
2019,'1192722',1633,,7297,5,,,0
2019,'1192754',833,,7298,5,,,0
2019,'1192756',918,,7299,5,,,0
2019,'1192760',1618,,7300,5,,,0
2019,'1192800',1833,,7301,5,,,0
2019,'1192812',2318,,7302,5,,,0
2019,'1192865',1448,,7303,5,,,0
2019,'1192869',933,,7304,5,,,0
2019,'1192915',1403,,7305,5,,,0
2019,'1192923',1033,,7306,5,,,0
2019,'1192928',2003,,7307,5,,,0
2019,'1192930',1903,,7308,5,,,0
2019,'1192936',703,,7309,5,,,0
2019,'1192939',648,,7310,5,,,0
2019,'1192940',903,,7311,5,,,0
2019,'1192992',1348,,7312,5,,,0
2019,'1192994',1403,,7313,5,,,0
2019,'1193012',1718,,7314,5,,,0
2019,'1193057',1333,,7315,5,,,0
2019,'1193080',2048,,7316,5,,,0
2019,'1193128',748,,7317,5,,,0
2019,'1193163',1118,,7318,5,,,0
2019,'1193170',1103,,7319,5,,,0
2019,'1193177',2133,,7320,5,,,0
2019,'1193178',2303,,7321,5,,,0
2019,'1193210',1503,,7322,5,,,0
2019,'1193284',1803,,7323,5,,,0
2019,'1193308',2303,,7324,5,,,0
12029,'1190603',1219,,7896,5,,,0
12029,'1190623',918,,7897,5,,,0
12029,'1190638',1818,,7898,5,,,0
12029,'1190684',2219,,7899,5,,,0
12029,'1190691',2048,,7900,5,,,0
12029,'1190731',1618,,7901,5,,,0
12029,'1190743',1918,,7902,5,,,0
12029,'1190753',2119,,7903,5,,,0
12029,'1190777',748,,7904,5,,,0
12029,'1190812',2248,,7905,5,,,0
12029,'1190880',2148,,7906,5,,,0
12029,'1190932',1419,,7907,5,,,0
12029,'1190940',1748,,7908,5,,,0
12029,'1191029',1348,,7909,5,,,0
12029,'1191043',1718,,7910,5,,,0
12029,'1191093',1648,,7911,5,,,0
12029,'1191133',1048,,7912,5,,,0
12029,'1191256',919,,7913,5,,,0
12029,'1191281',1118,,7914,5,,,0
12029,'1191303',818,,7915,5,,,0
12029,'1191335',1618,,7916,5,,,0
12029,'1191382',1048,,7917,5,,,0
12029,'1191410',1648,,7918,5,,,0
12029,'1191500',1148,,7919,5,,,0
12029,'1191501',2019,,7920,5,,,0
12029,'1191528',1418,,7921,5,,,0
12029,'1191555',2118,,7922,5,,,0
12029,'1191588',2353,,7923,5,,,0
12029,'1191595',1318,,7924,5,,,0
12029,'1191653',618,,7925,5,,,0
12029,'1191692',819,,7926,5,,,0
12029,'1191696',1919,,7927,5,,,0
12029,'1191708',2018,,7928,5,,,0
12029,'1191789',1519,,7929,5,,,0
12029,'1191811',1119,,7930,5,,,0
12029,'1191813',918,,7931,5,,,0
12029,'1191831',1019,,7932,5,,,0
12029,'1191874',1348,,7933,5,,,0
12029,'1191998',1718,,7934,5,,,0
12029,'1192059',2319,,7935,5,,,0
12029,'1192129',1819,,7936,5,,,0
12029,'1192133',1118,,7937,5,,,0
12029,'1192152',1548,,7938,5,,,0
12029,'1192260',848,,7939,5,,,0
12029,'1192279',1248,,7940,5,,,0
12029,'1192294',719,,7941,5,,,0
12029,'1192306',948,,7942,5,,,0
12029,'1192361',1248,,7943,5,,,0
12029,'1192410',818,,7944,5,,,0
12029,'1192567',1218,,7945,5,,,0
12029,'1192578',1619,,7946,5,,,0
12029,'1192673',1148,,7947,5,,,0
12029,'1192741',1418,,7948,5,,,0
12029,'1192809',648,,7949,5,,,0
12029,'1192877',2318,,7950,5,,,0
12029,'1192898',1448,,7951,5,,,0
12029,'1192950',718,,7952,5,,,0
12029,'1193043',718,,7953,5,,,0
12029,'1193053',1018,,7954,5,,,0
12029,'1193054',1948,,7955,5,,,0
12029,'1193056',1548,,7956,5,,,0
12029,'1193058',1319,,7957,5,,,0
12029,'1193093',1719,,7958,5,,,0
12029,'1193102',1518,,7959,5,,,0
12029,'1193103',1448,,7960,5,,,0
12029,'1193156',1018,,7961,5,,,0
12029,'1193195',1318,,7962,5,,,0
12029,'1193220',1218,,7963,5,,,0
12029,'1193227',1848,,7964,5,,,0
12029,'1193272',1518,,7965,5,,,0
12029,'1193321',2218,,7966,5,,,0
