25019,'1190672',2243,,8481,21,,,0
25019,'1190682',927,,8482,21,,,0
25019,'1190694',743,,8483,21,,,0
25019,'1190780',2341,,8484,21,,,0
25019,'1190819',713,,8485,21,,,0
25019,'1190912',1843,,8486,21,,,0
25019,'1191039',1727,,8487,21,,,0
25019,'1191069',1942,,8488,21,,,0
25019,'1191124',2042,,8489,21,,,0
25019,'1191161',1642,,8490,21,,,0
25019,'1191291',827,,8491,21,,,0
25019,'1191327',1413,,8492,21,,,0
25019,'1191338',1042,,8493,21,,,0
25019,'1191351',1943,,8494,21,,,0
25019,'1191352',1443,,8495,21,,,0
25019,'1191409',942,,8496,21,,,0
25019,'1191435',1227,,8497,21,,,0
25019,'1191471',2127,,8498,21,,,0
25019,'1191478',2242,,8499,21,,,0
25019,'1191511',1743,,8500,21,,,0
25019,'1191525',1442,,8501,21,,,0
25019,'1191551',641,,8502,21,,,0
25019,'1191579',842,,8503,21,,,0
25019,'1191591',2327,,8504,21,,,0
25019,'1191596',2143,,8505,21,,,0
25019,'1191642',813,,8506,21,,,0
25019,'1191659',1627,,8507,21,,,0
25019,'1191842',1842,,8508,21,,,0
25019,'1191928',2043,,8509,21,,,0
25019,'1191935',843,,8510,21,,,0
25019,'1191950',1242,,8511,21,,,0
25019,'1191964',1542,,8512,21,,,0
25019,'1192103',2142,,8513,21,,,0
25019,'1192106',1213,,8514,21,,,0
25019,'1192141',2227,,8515,21,,,0
25019,'1192147',1327,,8516,21,,,0
25019,'1192241',2027,,8517,21,,,0
25019,'1192259',1342,,8518,21,,,0
25019,'1192277',1742,,8519,21,,,0
25019,'1192343',1113,,8520,21,,,0
25019,'1192356',1543,,8521,21,,,0
25019,'1192389',1427,,8522,21,,,0
25019,'1192432',1613,,8523,21,,,0
25019,'1192459',1027,,8524,21,,,0
25019,'1192477',2403,,8525,21,,,0
25019,'1192541',727,,8526,21,,,0
25019,'1192596',1513,,8527,21,,,0
25019,'1192742',1013,,8528,21,,,0
25019,'1192751',1142,,8529,21,,,0
25019,'1192774',1713,,8530,21,,,0
25019,'1192796',1313,,8531,21,,,0
25019,'1192828',1927,,8532,21,,,0
25019,'1192849',943,,8533,21,,,0
25019,'1192959',643,,8534,21,,,0
25019,'1193109',1643,,8535,21,,,0
25019,'1193121',741,,8536,21,,,0
25019,'1193125',1827,,8537,21,,,0
25019,'1193301',1127,,8538,21,,,0
25019,'1193312',1527,,8539,21,,,0
25019,'1193315',913,,8540,21,,,0
