105019,'1190616',2243,,9291,76,,,0
105019,'1190769',1435,,9292,76,,,0
105019,'1190825',1643,,9293,76,,,0
105019,'1190865',1835,,9294,76,,,0
105019,'1190975',1905,,9295,76,,,0
105019,'1190992',1826,,9296,76,,,0
105019,'1190998',1226,,9297,76,,,0
105019,'1191007',1735,,9298,76,,,0
105019,'1191038',1526,,9299,76,,,0
105019,'1191063',1017,,9300,76,,,0
105019,'1191065',1335,,9301,76,,,0
105019,'1191145',713,,9302,76,,,0
105019,'1191217',2324,,9303,76,,,0
105019,'1191294',1426,,9304,76,,,0
105019,'1191329',924,,9305,76,,,0
105019,'1191413',1043,,9306,76,,,0
105019,'1191457',1326,,9307,76,,,0
105019,'1191557',917,,9308,76,,,0
105019,'1191709',817,,9309,76,,,0
105019,'1191750',2311,,9310,76,,,0
105019,'1191859',724,,9311,76,,,0
105019,'1191891',1805,,9312,76,,,0
105019,'1192052',1926,,9313,76,,,0
105019,'1192113',643,,9314,76,,,0
105019,'1192142',1626,,9315,76,,,0
105019,'1192176',843,,9316,76,,,0
105019,'1192218',2411,,9317,76,,,0
105019,'1192236',1443,,9318,76,,,0
105019,'1192248',2111,,9319,76,,,0
105019,'1192267',1726,,9320,76,,,0
105019,'1192318',1126,,9321,76,,,0
105019,'1192337',1650,,9322,76,,,0
105019,'1192353',1520,,9323,76,,,0
105019,'1192579',1220,,9324,76,,,0
105019,'1192586',1243,,9325,76,,,0
105019,'1192598',2043,,9326,76,,,0
105019,'1192614',747,,9327,76,,,0
105019,'1192661',2211,,9328,76,,,0
105019,'1192725',1550,,9329,76,,,0
105019,'1192735',1941,,9330,76,,,0
105019,'1192821',2124,,9331,76,,,0
105019,'1192836',1843,,9332,76,,,0
105019,'1192847',613,,9333,76,,,0
105019,'1192875',1620,,9334,76,,,0
105019,'1193045',847,,9335,76,,,0
105019,'1193298',1120,,9336,76,,,0
