20019,'1184488',2011,,5362,9,,,0
20019,'1184554',1711,,5363,9,,,0
20019,'1184699',2335,,5364,9,,,0
20019,'1184713',1835,,5365,9,,,0
20019,'1184748',2141,,5366,9,,,0
20019,'1184774',1935,,5367,9,,,0
20019,'1184821',1841,,5368,9,,,0
20019,'1184862',2035,,5369,9,,,0
20019,'1184897',1011,,5370,9,,,0
20019,'1184938',1741,,5371,9,,,0
20019,'1184939',935,,5372,9,,,0
20019,'1184957',1211,,5373,9,,,0
20019,'1184972',1641,,5374,9,,,0
20019,'1184999',741,,5375,9,,,0
20019,'1185013',835,,5376,9,,,0
20019,'1185051',1141,,5377,9,,,0
20019,'1185099',1135,,5378,9,,,0
20019,'1185144',1641,,5379,9,,,0
20019,'1185227',1811,,5380,9,,,0
20019,'1185251',1111,,5381,9,,,0
20019,'1185282',911,,5382,9,,,0
20019,'1185289',1041,,5383,9,,,0
20019,'1185337',640,,5384,9,,,0
20019,'1185357',1035,,5385,9,,,0
20019,'1185458',811,,5386,9,,,0
20019,'1185518',1541,,5387,9,,,0
20019,'1185519',1435,,5388,9,,,0
20019,'1185543',1335,,5389,9,,,0
20019,'1185553',941,,5390,9,,,0
20019,'1185592',2111,,5391,9,,,0
20019,'1185649',1735,,5392,9,,,0
20019,'1185700',2311,,5393,9,,,0
20019,'1185747',1311,,5394,9,,,0
20019,'1185774',1941,,5395,9,,,0
20019,'1185789',1511,,5396,9,,,0
20019,'1185888',610,,5397,9,,,0
20019,'1185929',1341,,5398,9,,,0
20019,'1185943',1741,,5399,9,,,0
20019,'1185949',841,,5400,9,,,0
20019,'1185968',2041,,5401,9,,,0
20019,'1186055',1441,,5402,9,,,0
20019,'1186063',2411,,5403,9,,,0
20019,'1186155',1611,,5404,9,,,0
20019,'1186265',1635,,5405,9,,,0
20019,'1186425',2135,,5406,9,,,0
20019,'1186440',2235,,5407,9,,,0
20019,'1186447',735,,5408,9,,,0
20019,'1186449',641,,5409,9,,,0
20019,'1186589',1235,,5410,9,,,0
20019,'1186680',711,,5411,9,,,0
20019,'1186692',2340,,5412,9,,,0
20019,'1186734',2211,,5413,9,,,0
20019,'1186752',1411,,5414,9,,,0
20019,'1186775',1911,,5415,9,,,0
20019,'1186851',1535,,5416,9,,,0
20019,'1186893',1241,,5417,9,,,0
20019,'1186932',741,,5418,9,,,0
20019,'1187026',2241,,5419,9,,,0
102019,'1184511',1640,,6193,9,,,0
102019,'1184544',1626,,6194,9,,,0
102019,'1184563',1726,,6195,9,,,0
102019,'1184592',2326,,6196,9,,,0
102019,'1184600',1340,,6197,9,,,0
102019,'1184614',1210,,6198,9,,,0
102019,'1184677',2156,,6199,9,,,0
102019,'1184703',1126,,6200,9,,,0
102019,'1184798',2226,,6201,9,,,0
102019,'1184845',941,,6202,9,,,0
102019,'1184904',2356,,6203,9,,,0
102019,'1184994',1556,,6204,9,,,0
102019,'1185093',1541,,6205,9,,,0
102019,'1185114',1756,,6206,9,,,0
102019,'1185228',1456,,6207,9,,,0
102019,'1185238',2240,,6208,9,,,0
102019,'1185323',1156,,6209,9,,,0
102019,'1185453',556,,6210,9,,,0
102019,'1185639',1256,,6211,9,,,0
102019,'1185693',726,,6212,9,,,0
102019,'1185825',656,,6213,9,,,0
102019,'1185886',1810,,6214,9,,,0
102019,'1185919',2026,,6215,9,,,0
102019,'1185931',740,,6216,9,,,0
102019,'1186030',956,,6217,9,,,0
102019,'1186046',1711,,6218,9,,,0
102019,'1186119',1411,,6219,9,,,0
102019,'1186150',811,,6220,9,,,0
102019,'1186325',1026,,6221,9,,,0
102019,'1186337',910,,6222,9,,,0
102019,'1186374',1510,,6223,9,,,0
102019,'1186494',1040,,6224,9,,,0
102019,'1186567',1926,,6225,9,,,0
102019,'1186658',1326,,6226,9,,,0
102019,'1186672',1856,,6227,9,,,0
102019,'1186705',1426,,6228,9,,,0
102019,'1186774',856,,6229,9,,,0
102019,'1186786',641,,6230,9,,,0
102019,'1186906',2110,,6231,9,,,0
102019,'1186915',2056,,6232,9,,,0
102019,'1186949',826,,6233,9,,,0
102019,'1187070',1940,,6234,9,,,0
