2029,'1190626',1031,,7325,14,,,0
2029,'1190688',1801,,7326,14,,,0
2029,'1190708',2130,,7327,14,,,0
2029,'1190719',2400,,7328,14,,,0
2029,'1190781',747,,7329,14,,,0
2029,'1190788',732,,7330,14,,,0
2029,'1190794',917,,7331,14,,,0
2029,'1190810',1131,,7332,14,,,0
2029,'1190833',731,,7333,14,,,0
2029,'1190838',2116,,7334,14,,,0
2029,'1190875',1101,,7335,14,,,0
2029,'1190877',802,,7336,14,,,0
2029,'1190894',1847,,7337,14,,,0
2029,'1190915',1102,,7338,14,,,0
2029,'1190967',717,,7339,14,,,0
2029,'1191031',1602,,7340,14,,,0
2029,'1191050',1201,,7341,14,,,0
2029,'1191076',1617,,7342,14,,,0
2029,'1191116',902,,7343,14,,,0
2029,'1191190',2416,,7344,14,,,0
2029,'1191228',1547,,7345,14,,,0
2029,'1191232',1231,,7346,14,,,0
2029,'1191236',2047,,7347,14,,,0
2029,'1191243',2200,,7348,14,,,0
2029,'1191246',1531,,7349,14,,,0
2029,'1191282',2230,,7350,14,,,0
2029,'1191283',1802,,7351,14,,,0
2029,'1191345',1431,,7352,14,,,0
2029,'1191378',1432,,7353,14,,,0
2029,'1191445',1047,,7354,14,,,0
2029,'1191452',702,,7355,14,,,0
2029,'1191453',2330,,7356,14,,,0
2029,'1191464',1501,,7357,14,,,0
2029,'1191468',932,,7358,14,,,0
2029,'1191482',646,,7359,14,,,0
2029,'1191486',1717,,7360,14,,,0
2029,'1191507',1447,,7361,14,,,0
2029,'1191548',1701,,7362,14,,,0
2029,'1191564',1247,,7363,14,,,0
2029,'1191566',1317,,7364,14,,,0
2029,'1191577',2420,,7365,14,,,0
2029,'1191587',747,,7366,14,,,0
2029,'1191640',2001,,7367,14,,,0
2029,'1191649',1047,,7368,14,,,0
2029,'1191678',1632,,7369,14,,,0
2029,'1191684',1732,,7370,14,,,0
2029,'1191701',1946,,7371,14,,,0
2029,'1191721',1447,,7372,14,,,0
2029,'1191726',1901,,7373,14,,,0
2029,'1191736',2331,,7374,14,,,0
2029,'1191799',1831,,7375,14,,,0
2029,'1191815',947,,7376,14,,,0
2029,'1191824',1601,,7377,14,,,0
2029,'1191863',2031,,7378,14,,,0
2029,'1191887',1002,,7379,14,,,0
2029,'1191900',2247,,7380,14,,,0
2029,'1191908',1947,,7381,14,,,0
2029,'1191923',2246,,7382,14,,,0
2029,'1191934',1301,,7383,14,,,0
2029,'1191979',1132,,7384,14,,,0
2029,'1192014',847,,7385,14,,,0
2029,'1192038',1731,,7386,14,,,0
2029,'1192039',1117,,7387,14,,,0
2029,'1192049',2147,,7388,14,,,0
2029,'1192067',1232,,7389,14,,,0
2029,'1192095',1831,,7390,14,,,0
2029,'1192143',2347,,7391,14,,,0
2029,'1192161',1401,,7392,14,,,0
2029,'1192177',901,,7393,14,,,0
2029,'1192187',1332,,7394,14,,,0
2029,'1192206',1647,,7395,14,,,0
2029,'1192222',1817,,7396,14,,,0
2029,'1192235',1502,,7397,14,,,0
2029,'1192245',817,,7398,14,,,0
2029,'1192247',1331,,7399,14,,,0
2029,'1192371',1302,,7400,14,,,0
2029,'1192372',832,,7401,14,,,0
2029,'1192395',1032,,7402,14,,,0
2029,'1192415',2031,,7403,14,,,0
2029,'1192421',947,,7404,14,,,0
2029,'1192494',816,,7405,14,,,0
2029,'1192515',1647,,7406,14,,,0
2029,'1192587',1402,,7407,14,,,0
2029,'1192639',946,,7408,14,,,0
2029,'1192647',1417,,7409,14,,,0
2029,'1192656',1901,,7410,14,,,0
2029,'1192681',1147,,7411,14,,,0
2029,'1192709',1147,,7412,14,,,0
2029,'1192718',1532,,7413,14,,,0
2029,'1192745',1702,,7414,14,,,0
2029,'1192753',1247,,7415,14,,,0
2029,'1192778',1347,,7416,14,,,0
2029,'1192790',2101,,7417,14,,,0
2029,'1192793',2300,,7418,14,,,0
2029,'1192868',1217,,7419,14,,,0
2029,'1192872',647,,7420,14,,,0
2029,'1192912',1631,,7421,14,,,0
2029,'1192917',847,,7422,14,,,0
2029,'1192918',1347,,7423,14,,,0
2029,'1193030',1547,,7424,14,,,0
2029,'1193075',1931,,7425,14,,,0
2029,'1193081',1747,,7426,14,,,0
2029,'1193140',1017,,7427,14,,,0
2029,'1193168',2201,,7428,14,,,0
2029,'1193194',1202,,7429,14,,,0
2029,'1193219',1517,,7430,14,,,0
2029,'1193269',1747,,7431,14,,,0
