10029,'1190625',2039,,7624,41,,,0
10029,'1190724',2339,,7625,41,,,0
10029,'1190730',2109,,7626,41,,,0
10029,'1190839',939,,7627,41,,,0
10029,'1190853',1939,,7628,41,,,0
10029,'1190869',1139,,7629,41,,,0
10029,'1190878',939,,7630,41,,,0
10029,'1191049',909,,7631,41,,,0
10029,'1191062',1739,,7632,41,,,0
10029,'1191108',839,,7633,41,,,0
10029,'1191123',1539,,7634,41,,,0
10029,'1191144',1439,,7635,41,,,0
10029,'1191159',1139,,7636,41,,,0
10029,'1191202',739,,7637,41,,,0
10029,'1191277',2414,,7638,41,,,0
10029,'1191483',1539,,7639,41,,,0
10029,'1191570',1339,,7640,41,,,0
10029,'1191573',1339,,7641,41,,,0
10029,'1191576',1239,,7642,41,,,0
10029,'1191584',2239,,7643,41,,,0
10029,'1191619',1539,,7644,41,,,0
10029,'1191622',1339,,7645,41,,,0
10029,'1191648',1739,,7646,41,,,0
10029,'1191723',1839,,7647,41,,,0
10029,'1191745',1039,,7648,41,,,0
10029,'1191751',1739,,7649,41,,,0
10029,'1191792',1439,,7650,41,,,0
10029,'1191801',1639,,7651,41,,,0
10029,'1191827',2039,,7652,41,,,0
10029,'1191830',639,,7653,41,,,0
10029,'1191857',1809,,7654,41,,,0
10029,'1191872',1909,,7655,41,,,0
10029,'1191903',1239,,7656,41,,,0
10029,'1191920',739,,7657,41,,,0
10029,'1191954',2139,,7658,41,,,0
10029,'1192064',739,,7659,41,,,0
10029,'1192201',2009,,7660,41,,,0
10029,'1192263',2309,,7661,41,,,0
10029,'1192276',839,,7662,41,,,0
10029,'1192303',839,,7663,41,,,0
10029,'1192360',709,,7664,41,,,0
10029,'1192391',939,,7665,41,,,0
10029,'1192433',1439,,7666,41,,,0
10029,'1192440',1509,,7667,41,,,0
10029,'1192529',1839,,7668,41,,,0
10029,'1192588',1639,,7669,41,,,0
10029,'1192664',2139,,7670,41,,,0
10029,'1192697',2239,,7671,41,,,0
10029,'1192781',1239,,7672,41,,,0
10029,'1192785',2209,,7673,41,,,0
10029,'1192846',1939,,7674,41,,,0
10029,'1192873',1639,,7675,41,,,0
10029,'1192880',1039,,7676,41,,,0
10029,'1192980',1139,,7677,41,,,0
10029,'1192995',809,,7678,41,,,0
10029,'1193051',1609,,7679,41,,,0
10029,'1193143',1709,,7680,41,,,0
10029,'1193171',1039,,7681,41,,,0
10029,'1193319',2339,,7682,41,,,0
