12019,'1184525',1315,,4978,1,,,0
12019,'1184575',745,,4979,1,,,0
12019,'1184629',1815,,4980,1,,,0
12019,'1184682',1645,,4981,1,,,0
12019,'1184756',1045,,4982,1,,,0
12019,'1184761',1645,,4983,1,,,0
12019,'1184784',2245,,4984,1,,,0
12019,'1184786',1245,,4985,1,,,0
12019,'1184787',1045,,4986,1,,,0
12019,'1184846',1515,,4987,1,,,0
12019,'1184885',1445,,4988,1,,,0
12019,'1184933',615,,4989,1,,,0
12019,'1185000',2045,,4990,1,,,0
12019,'1185003',815,,4991,1,,,0
12019,'1185020',647,,4992,1,,,0
12019,'1185027',945,,4993,1,,,0
12019,'1185033',1345,,4994,1,,,0
12019,'1185098',1915,,4995,1,,,0
12019,'1185121',715,,4996,1,,,0
12019,'1185187',845,,4997,1,,,0
12019,'1185218',1745,,4998,1,,,0
12019,'1185271',2215,,4999,1,,,0
12019,'1185305',1745,,5000,1,,,0
12019,'1185383',945,,5001,1,,,0
12019,'1185406',1245,,5002,1,,,0
12019,'1185445',1115,,5003,1,,,0
12019,'1185455',945,,5004,1,,,0
12019,'1185536',1345,,5005,1,,,0
12019,'1185548',1615,,5006,1,,,0
12019,'1185614',1715,,5007,1,,,0
12019,'1185634',1515,,5008,1,,,0
12019,'1185678',1015,,5009,1,,,0
12019,'1185724',1415,,5010,1,,,0
12019,'1185780',1415,,5011,1,,,0
12019,'1185785',2015,,5012,1,,,0
12019,'1185860',1615,,5013,1,,,0
12019,'1185945',2345,,5014,1,,,0
12019,'1185982',1345,,5015,1,,,0
12019,'1185985',1845,,5016,1,,,0
12019,'1186011',2145,,5017,1,,,0
12019,'1186032',2315,,5018,1,,,0
12019,'1186086',1645,,5019,1,,,0
12019,'1186204',1445,,5020,1,,,0
12019,'1186211',1745,,5021,1,,,0
12019,'1186227',1945,,5022,1,,,0
12019,'1186234',2145,,5023,1,,,0
12019,'1186235',1215,,5024,1,,,0
12019,'1186277',2045,,5025,1,,,0
12019,'1186330',1545,,5026,1,,,0
12019,'1186367',1545,,5027,1,,,0
12019,'1186399',845,,5028,1,,,0
12019,'1186412',1315,,5029,1,,,0
12019,'1186555',745,,5030,1,,,0
12019,'1186611',2115,,5031,1,,,0
12019,'1186615',1145,,5032,1,,,0
12019,'1186634',2245,,5033,1,,,0
12019,'1186663',1145,,5034,1,,,0
12019,'1186667',915,,5035,1,,,0
12019,'1186670',1245,,5036,1,,,0
12019,'1186679',1445,,5037,1,,,0
12019,'1186717',1845,,5038,1,,,0
12019,'1186735',1115,,5039,1,,,0
12019,'1186753',1545,,5040,1,,,0
12019,'1186849',745,,5041,1,,,0
12019,'1186892',1215,,5042,1,,,0
12019,'1186907',645,,5043,1,,,0
12019,'1186909',1945,,5044,1,,,0
12019,'1186938',1145,,5045,1,,,0
12019,'1187042',2345,,5046,1,,,0
12019,'1187123',845,,5047,1,,,0
12019,'1187125',1715,,5048,1,,,0
12019,'1187149',1045,,5049,1,,,0
12029,'1184489',1743,,5050,43,4,,0
12029,'1184508',913,,5051,43,4,,0
12029,'1184603',1413,,5052,43,4,,0
12029,'1184653',2342,,5053,43,4,,0
12029,'1184672',2142,,5054,43,4,,0
12029,'1184705',713,,5055,43,4,,0
12029,'1184792',1912,,5056,43,4,,0
12029,'1184793',1443,,5057,43,4,,0
12029,'1184864',1613,,5058,43,4,,0
12029,'1184919',1643,,5059,43,4,,0
12029,'1184946',743,,5060,43,4,,0
12029,'1184975',1043,,5061,43,4,,0
12029,'1184990',1013,,5062,43,4,,0
12029,'1185014',2417,,5063,43,4,,0
12029,'1185037',2242,,5064,43,4,,0
12029,'1185085',1343,,5065,43,4,,0
12029,'1185128',1213,,5066,43,4,,0
12029,'1185239',1443,,5067,43,4,,0
12029,'1185264',1743,,5068,43,4,,0
12029,'1185309',942,,5069,43,4,,0
12029,'1185324',1343,,5070,43,4,,0
12029,'1185339',1143,,5071,43,4,,0
12029,'1185471',2212,,5072,43,4,,0
12029,'1185511',1642,,5073,43,4,,0
12029,'1185556',1243,,5074,43,4,,0
12029,'1185604',1942,,5075,43,4,,0
12029,'1185612',1842,,5076,43,4,,0
12029,'1185613',1043,,5077,43,4,,0
12029,'1185638',1842,,5078,43,4,,0
12029,'1185640',1442,,5079,43,4,,0
12029,'1185721',1242,,5080,43,4,,0
12029,'1185757',1113,,5081,43,4,,0
12029,'1185758',1713,,5082,43,4,,0
12029,'1185875',2112,,5083,43,4,,0
12029,'1185878',1513,,5084,43,4,,0
12029,'1185933',1313,,5085,43,4,,0
12029,'1185994',2042,,5086,43,4,,0
12029,'1185999',1513,,5087,43,4,,0
12029,'1186050',843,,5088,43,4,,0
12029,'1186139',643,,5089,43,4,,0
12029,'1186210',1213,,5090,43,4,,0
12029,'1186290',1543,,5091,43,4,,0
12029,'1186423',1812,,5092,43,4,,0
12029,'1186445',1342,,5093,43,4,,0
12029,'1186463',742,,5094,43,4,,0
12029,'1186483',1142,,5095,43,4,,0
12029,'1186502',1713,,5096,43,4,,0
12029,'1186549',1042,,5097,43,4,,0
12029,'1186551',1543,,5098,43,4,,0
12029,'1186588',1413,,5099,43,4,,0
12029,'1186603',2142,,5100,43,4,,0
12029,'1186638',1643,,5101,43,4,,0
12029,'1186651',1542,,5102,43,4,,0
12029,'1186685',842,,5103,43,4,,0
12029,'1186747',842,,5104,43,4,,0
12029,'1186763',2042,,5105,43,4,,0
12029,'1186814',1143,,5106,43,4,,0
12029,'1186824',1243,,5107,43,4,,0
12029,'1186841',2342,,5108,43,4,,0
12029,'1186878',2012,,5109,43,4,,0
12029,'1186945',1313,,5110,43,4,,0
12029,'1186966',1742,,5111,43,4,,0
12029,'1186973',2312,,5112,43,4,,0
12029,'1187037',942,,5113,43,4,,0
12029,'1187044',2242,,5114,43,4,,0
12029,'1187072',1942,,5115,43,4,,0
12029,'1187141',1113,,5116,43,4,,0
12029,'1187166',1613,,5117,43,4,,0
12029,'1187183',742,,5118,43,4,,0
12029,'1187188',943,,5119,43,4,,0
12029,'1187196',813,,5120,43,4,,0
102019,'1184511',1635,,6193,1,,,0
102019,'1184544',1620,,6194,1,,,0
102019,'1184563',1720,,6195,1,,,0
102019,'1184592',2320,,6196,1,,,0
102019,'1184600',1335,,6197,1,,,0
102019,'1184614',1205,,6198,1,,,0
102019,'1184677',2150,,6199,1,,,0
102019,'1184703',1120,,6200,1,,,0
102019,'1184798',2220,,6201,1,,,0
102019,'1184845',935,,6202,1,,,0
102019,'1184904',2350,,6203,1,,,0
102019,'1184994',1550,,6204,1,,,0
102019,'1185093',1535,,6205,1,,,0
102019,'1185114',1750,,6206,1,,,0
102019,'1185228',1450,,6207,1,,,0
102019,'1185238',2235,,6208,1,,,0
102019,'1185323',1150,,6209,1,,,0
102019,'1185453',550,,6210,1,,,0
102019,'1185639',1250,,6211,1,,,0
102019,'1185693',720,,6212,1,,,0
102019,'1185825',650,,6213,1,,,0
102019,'1185886',1805,,6214,1,,,0
102019,'1185919',2020,,6215,1,,,0
102019,'1185931',735,,6216,1,,,0
102019,'1186030',950,,6217,1,,,0
102019,'1186046',1705,,6218,1,,,0
102019,'1186119',1405,,6219,1,,,0
102019,'1186150',805,,6220,1,,,0
102019,'1186325',1020,,6221,1,,,0
102019,'1186337',905,,6222,1,,,0
102019,'1186374',1505,,6223,1,,,0
102019,'1186494',1035,,6224,1,,,0
102019,'1186567',1920,,6225,1,,,0
102019,'1186658',1320,,6226,1,,,0
102019,'1186672',1850,,6227,1,,,0
102019,'1186705',1420,,6228,1,,,0
102019,'1186774',850,,6229,1,,,0
102019,'1186786',635,,6230,1,,,0
102019,'1186906',2105,,6231,1,,,0
102019,'1186915',2050,,6232,1,,,0
102019,'1186949',820,,6233,1,,,0
102019,'1187070',1935,,6234,1,,,0
102029,'1184982',646,,6245,27,4,,0
103029,'1184553',1915,,6317,32,4,,0
103029,'1184582',1447,,6318,32,4,,0
103029,'1184715',947,,6319,32,4,,0
103029,'1184746',1325,,6320,32,4,,0
103029,'1184852',1747,,6321,32,4,,0
103029,'1184872',1702,,6322,32,4,,0
103029,'1184905',2017,,6323,32,4,,0
103029,'1185063',2215,,6324,32,4,,0
103029,'1185157',816,,6325,32,4,,0
103029,'1185199',1718,,6326,32,4,,0
103029,'1185213',1418,,6327,32,4,,0
103029,'1185276',1118,,6328,32,4,,0
103029,'1185297',2225,,6329,32,4,,0
103029,'1185363',1532,,6330,32,4,,0
103029,'1185387',2055,,6331,32,4,,0
103029,'1185393',1755,,6332,32,4,,0
103029,'1185419',1015,,6333,32,4,,0
103029,'1185520',1317,,6334,32,4,,0
103029,'1185558',800,,6335,32,4,,0
103029,'1185665',1248,,6336,32,4,,0
103029,'1185765',1147,,6337,32,4,,0
103029,'1185899',1617,,6338,32,4,,0
103029,'1185963',2045,,6339,32,4,,0
103029,'1185965',1847,,6340,32,4,,0
103029,'1185975',1025,,6341,32,4,,0
103029,'1186147',930,,6342,32,4,,0
103029,'1186270',2345,,6343,32,4,,0
103029,'1186276',1155,,6344,32,4,,0
103029,'1186283',1548,,6345,32,4,,0
103029,'1186305',1625,,6346,32,4,,0
103029,'1186329',2315,,6347,32,4,,0
103029,'1186366',646,,6348,32,4,,0
103029,'1186405',845,,6349,32,4,,0
103029,'1186699',715,,6350,32,4,,0
103029,'1186983',2146,,6351,32,4,,0
103029,'1187131',855,,6352,32,4,,0
103029,'1187135',1925,,6353,32,4,,0
103029,'1187151',1455,,6354,32,4,,0
