10029,'1190625',2040,,7624,44,,,0
10029,'1190724',2340,,7625,44,,,0
10029,'1190730',2110,,7626,44,,,0
10029,'1190839',940,,7627,44,,,0
10029,'1190853',1940,,7628,44,,,0
10029,'1190869',1140,,7629,44,,,0
10029,'1190878',940,,7630,44,,,0
10029,'1191049',910,,7631,44,,,0
10029,'1191062',1740,,7632,44,,,0
10029,'1191108',840,,7633,44,,,0
10029,'1191123',1540,,7634,44,,,0
10029,'1191144',1440,,7635,44,,,0
10029,'1191159',1140,,7636,44,,,0
10029,'1191202',740,,7637,44,,,0
10029,'1191277',2415,,7638,44,,,0
10029,'1191483',1540,,7639,44,,,0
10029,'1191570',1340,,7640,44,,,0
10029,'1191573',1340,,7641,44,,,0
10029,'1191576',1240,,7642,44,,,0
10029,'1191584',2240,,7643,44,,,0
10029,'1191619',1540,,7644,44,,,0
10029,'1191622',1340,,7645,44,,,0
10029,'1191648',1740,,7646,44,,,0
10029,'1191723',1840,,7647,44,,,0
10029,'1191745',1040,,7648,44,,,0
10029,'1191751',1740,,7649,44,,,0
10029,'1191792',1440,,7650,44,,,0
10029,'1191801',1640,,7651,44,,,0
10029,'1191827',2040,,7652,44,,,0
10029,'1191830',640,,7653,44,,,0
10029,'1191857',1810,,7654,44,,,0
10029,'1191872',1910,,7655,44,,,0
10029,'1191903',1240,,7656,44,,,0
10029,'1191920',740,,7657,44,,,0
10029,'1191954',2140,,7658,44,,,0
10029,'1192064',740,,7659,44,,,0
10029,'1192201',2010,,7660,44,,,0
10029,'1192263',2310,,7661,44,,,0
10029,'1192276',840,,7662,44,,,0
10029,'1192303',840,,7663,44,,,0
10029,'1192360',710,,7664,44,,,0
10029,'1192391',940,,7665,44,,,0
10029,'1192433',1440,,7666,44,,,0
10029,'1192440',1510,,7667,44,,,0
10029,'1192529',1840,,7668,44,,,0
10029,'1192588',1640,,7669,44,,,0
10029,'1192664',2140,,7670,44,,,0
10029,'1192697',2240,,7671,44,,,0
10029,'1192781',1240,,7672,44,,,0
10029,'1192785',2210,,7673,44,,,0
10029,'1192846',1940,,7674,44,,,0
10029,'1192873',1640,,7675,44,,,0
10029,'1192880',1040,,7676,44,,,0
10029,'1192980',1140,,7677,44,,,0
10029,'1192995',810,,7678,44,,,0
10029,'1193051',1610,,7679,44,,,0
10029,'1193143',1710,,7680,44,,,0
10029,'1193171',1040,,7681,44,,,0
10029,'1193319',2340,,7682,44,,,0
103019,'1190614',1727,,9124,11,,,0
103019,'1190775',1557,,9125,11,,,0
103019,'1191005',957,,9126,11,,,0
103019,'1191109',1845,,9127,11,,,0
103019,'1191130',1246,,9128,11,,,0
103019,'1191167',2157,,9129,11,,,0
103019,'1191203',1716,,9130,11,,,0
103019,'1191247',2015,,9131,11,,,0
103019,'1191446',1857,,9132,11,,,0
103019,'1191553',2027,,9133,11,,,0
103019,'1191632',1516,,9134,11,,,0
103019,'1191705',2315,,9135,11,,,0
103019,'1191773',1416,,9136,11,,,0
103019,'1191800',1501,,9137,11,,,0
103019,'1191826',645,,9139,11,,,0
103019,'1191854',1127,,9140,11,,,0
103019,'1191877',1116,,9141,11,,,0
103019,'1191892',1427,,9142,11,,,0
103019,'1192012',2245,,9143,11,,,0
103019,'1192046',945,,9144,11,,,0
103019,'1192093',1257,,9145,11,,,0
103019,'1192234',1546,,9146,11,,,0
103019,'1192444',815,,9147,11,,,0
103019,'1192450',1045,,9148,11,,,0
103019,'1192461',1815,,9149,11,,,0
103019,'1192624',900,,9150,11,,,0
103019,'1192801',915,,9151,11,,,0
103019,'1192848',745,,9152,11,,,0
103019,'1192864',2115,,9153,11,,,0
103019,'1192885',1945,,9154,11,,,0
103019,'1192886',1646,,9155,11,,,0
103019,'1192894',827,,9156,11,,,0
103019,'1192968',1631,,9157,11,,,0
103019,'1192976',2327,,9158,11,,,0
103019,'1193060',730,,9159,11,,,0
103019,'1193217',2145,,9160,11,,,0
103019,'1193247',1346,,9161,11,,,0
103019,'1193317',1216,,9162,11,,,0
