101029,'1184516',2439,,6162,61,,,0
101029,'1184584',1302,,6163,61,,,0
101029,'1184684',1819,,6164,61,,,0
101029,'1184724',1019,,6165,61,,,0
101029,'1184785',1522,,6166,61,,,0
101029,'1184855',1502,,6167,61,,,0
101029,'1184926',1902,,6168,61,,,0
101029,'1185015',819,,6169,61,,,0
101029,'1185081',2302,,6170,61,,,0
101029,'1185143',2102,,6171,61,,,0
101029,'1185204',1102,,6172,61,,,0
101029,'1185400',1702,,6173,61,,,0
101029,'1185619',1119,,6174,61,,,0
101029,'1185726',2102,,6175,61,,,0
101029,'1185794',1302,,6176,61,,,0
101029,'1185824',1502,,6177,61,,,0
101029,'1185854',1902,,6178,61,,,0
101029,'1186045',902,,6179,61,,,0
101029,'1186082',1722,,6180,61,,,0
101029,'1186107',702,,6181,61,,,0
101029,'1186135',719,,6182,61,,,0
101029,'1186138',1702,,6183,61,,,0
101029,'1186184',919,,6184,61,,,0
101029,'1186356',2219,,6185,61,,,0
101029,'1186395',902,,6186,61,,,0
101029,'1186597',1622,,6187,61,,,0
101029,'1186712',2302,,6188,61,,,0
101029,'1186784',2019,,6189,61,,,0
101029,'1186801',1102,,6190,61,,,0
101029,'1186815',1422,,6191,61,,,0
101029,'1187194',1322,,6192,61,,,0
