14019,'1184480',1959,,5244,39,,,0
14019,'1184716',1604,,5245,39,,,0
14019,'1184729',1304,,5246,39,,,0
14019,'1184749',2059,,5247,39,,,0
14019,'1184750',1534,,5248,39,,,0
14019,'1184836',2032,,5249,39,,,0
14019,'1184848',1704,,5250,39,,,0
14019,'1184987',1704,,5251,39,,,0
14019,'1185080',1604,,5252,39,,,0
14019,'1185130',1104,,5253,39,,,0
14019,'1185154',2359,,5254,39,,,0
14019,'1185168',1804,,5255,39,,,0
14019,'1185211',932,,5256,39,,,0
14019,'1185255',902,,5257,39,,,0
14019,'1185270',1259,,5258,39,,,0
14019,'1185290',1159,,5259,39,,,0
14019,'1185335',2332,,5260,39,,,0
14019,'1185474',2201,,5261,39,,,0
14019,'1185505',702,,5262,39,,,0
14019,'1185557',759,,5263,39,,,0
14019,'1185610',701,,5264,39,,,0
14019,'1185620',2001,,5265,39,,,0
14019,'1185624',1204,,5266,39,,,0
14019,'1185659',901,,5267,39,,,0
14019,'1185779',959,,5268,39,,,0
14019,'1185808',1832,,5269,39,,,0
14019,'1185845',732,,5270,39,,,0
14019,'1185852',1504,,5271,39,,,0
14019,'1186003',1359,,5272,39,,,0
14019,'1186014',1634,,5273,39,,,0
14019,'1186066',1059,,5274,39,,,0
14019,'1186071',1901,,5275,39,,,0
14019,'1186097',2259,,5276,39,,,0
14019,'1186156',1404,,5277,39,,,0
14019,'1186165',1404,,5278,39,,,0
14019,'1186173',1932,,5279,39,,,0
14019,'1186180',2401,,5280,39,,,0
14019,'1186195',2101,,5281,39,,,0
14019,'1186226',1859,,5282,39,,,0
14019,'1186243',1759,,5283,39,,,0
14019,'1186256',801,,5284,39,,,0
14019,'1186333',1204,,5285,39,,,0
14019,'1186334',859,,5286,39,,,0
14019,'1186410',1459,,5287,39,,,0
14019,'1186421',802,,5288,39,,,0
14019,'1186443',2132,,5289,39,,,0
14019,'1186444',1804,,5290,39,,,0
14019,'1186462',1659,,5291,39,,,0
14019,'1186532',832,,5292,39,,,0
14019,'1186537',1504,,5293,39,,,0
14019,'1186584',2159,,5294,39,,,0
14019,'1186609',1734,,5295,39,,,0
14019,'1186632',1104,,5296,39,,,0
14019,'1186657',1001,,5297,39,,,0
14019,'1186671',2232,,5298,39,,,0
14019,'1186767',1304,,5299,39,,,0
14019,'1187058',1559,,5300,39,,,0
14019,'1187071',1002,,5301,39,,,0
14019,'1187144',2301,,5302,39,,,0
