11029,'1190662',1437,,7754,27,,,0
11029,'1190674',1607,,7755,27,,,0
11029,'1190679',1237,,7756,27,,,0
11029,'1190687',2236,,7757,27,,,0
11029,'1190702',636,,7758,27,,,0
11029,'1190707',1006,,7759,27,,,0
11029,'1190740',1038,,7760,27,,,0
11029,'1190760',1407,,7761,27,,,0
11029,'1190767',1737,,7762,27,,,0
11029,'1190846',1307,,7763,27,,,0
11029,'1190868',1507,,7764,27,,,0
11029,'1190908',806,,7765,27,,,0
11029,'1190991',706,,7766,27,,,0
11029,'1191027',1338,,7767,27,,,0
11029,'1191113',1107,,7768,27,,,0
11029,'1191117',1237,,7769,27,,,0
11029,'1191127',1337,,7770,27,,,0
11029,'1191176',838,,7771,27,,,0
11029,'1191206',1936,,7772,27,,,0
11029,'1191220',1738,,7773,27,,,0
11029,'1191225',2107,,7774,27,,,0
11029,'1191261',1638,,7775,27,,,0
11029,'1191301',736,,7776,27,,,0
11029,'1191458',1607,,7777,27,,,0
11029,'1191541',2036,,7778,27,,,0
11029,'1191571',2038,,7779,27,,,0
11029,'1191589',1238,,7780,27,,,0
11029,'1191607',1707,,7781,27,,,0
11029,'1191727',1537,,7782,27,,,0
11029,'1191782',1407,,7783,27,,,0
11029,'1191889',2338,,7784,27,,,0
11029,'1191897',1207,,7785,27,,,0
11029,'1191898',1538,,7786,27,,,0
11029,'1191943',1037,,7787,27,,,0
11029,'1191963',1137,,7788,27,,,0
11029,'1191968',1138,,7789,27,,,0
11029,'1191999',2007,,7790,27,,,0
11029,'1192027',1907,,7791,27,,,0
11029,'1192028',738,,7792,27,,,0
11029,'1192111',2138,,7793,27,,,0
11029,'1192172',2412,,7794,27,,,0
11029,'1192183',936,,7795,27,,,0
11029,'1192286',836,,7796,27,,,0
11029,'1192326',1938,,7797,27,,,0
11029,'1192339',906,,7798,27,,,0
11029,'1192422',2307,,7799,27,,,0
11029,'1192445',1337,,7800,27,,,0
11029,'1192481',1637,,7801,27,,,0
11029,'1192490',2238,,7802,27,,,0
11029,'1192503',2336,,7803,27,,,0
11029,'1192528',936,,7804,27,,,0
11029,'1192532',2207,,7805,27,,,0
11029,'1192574',1137,,7806,27,,,0
11029,'1192626',1037,,7807,27,,,0
11029,'1192737',1737,,7808,27,,,0
11029,'1192757',736,,7809,27,,,0
11029,'1192779',1838,,7810,27,,,0
11029,'1192802',1207,,7811,27,,,0
11029,'1192807',1707,,7812,27,,,0
11029,'1192884',1537,,7813,27,,,0
11029,'1192947',1438,,7814,27,,,0
11029,'1193001',938,,7815,27,,,0
11029,'1193017',1637,,7816,27,,,0
11029,'1193076',1307,,7817,27,,,0
11029,'1193105',1807,,7818,27,,,0
11029,'1193146',1507,,7819,27,,,0
11029,'1193240',1437,,7820,27,,,0
11029,'1193251',2136,,7821,27,,,0
11029,'1193290',1836,,7822,27,,,0
11029,'1193300',836,,7823,27,,,0
22029,'1190629',1824,,8333,6,,,0
22029,'1190829',824,,8334,6,,,0
22029,'1191658',1224,,8335,6,,,0
22029,'1191974',854,,8336,6,,,0
22029,'1192121',1455,,8337,6,,,0
22029,'1192763',1054,,8338,6,,,0
22029,'1193113',1255,,8339,6,,,0
22029,'1193114',1424,,8340,6,,,0
22029,'1193263',1624,,8341,6,,,0
22029,'1193287',1024,,8342,6,,,0
140001029,'1190599',1201,,9532,20,,,0
140001029,'1190600',928,,9533,20,,,0
140001029,'1190621',2259,,9534,20,,,0
140001029,'1190654',2258,,9535,20,,,0
140001029,'1190676',2229,,9536,20,,,0
140001029,'1190705',1632,,9537,20,,,0
140001029,'1190711',828,,9538,20,,,0
140001029,'1190715',1647,,9539,20,,,0
140001029,'1190737',2128,,9540,20,,,0
140001029,'1190823',1114,,9541,20,,,0
140001029,'1190849',1229,,9542,20,,,0
140001029,'1190851',1714,,9543,20,,,0
140001029,'1190861',743,,9544,20,,,0
140001029,'1190919',629,,9545,20,,,0
140001029,'1190942',843,,9546,20,,,0
140001029,'1190950',1044,,9547,20,,,0
140001029,'1190977',1029,,9548,20,,,0
140001029,'1191006',1101,,9549,20,,,0
140001029,'1191022',1759,,9550,20,,,0
140001029,'1191026',1929,,9551,20,,,0
140001029,'1191051',1702,,9552,20,,,0
140001029,'1191073',1814,,9553,20,,,0
140001029,'1191077',1900,,9554,20,,,0
140001029,'1191100',1532,,9555,20,,,0
140001029,'1191110',1547,,9556,20,,,0
140001029,'1191120',2045,,9557,20,,,0
140001029,'1191183',1344,,9558,20,,,0
140001029,'1191185',1429,,9559,20,,,0
140001029,'1191195',1502,,9560,20,,,0
140001029,'1191197',1016,,9561,20,,,0
140001029,'1191229',758,,9562,20,,,0
140001029,'1191239',1014,,9563,20,,,0
140001029,'1191241',759,,9564,20,,,0
140001029,'1191249',1146,,9565,20,,,0
140001029,'1191251',859,,9566,20,,,0
140001029,'1191260',1159,,9567,20,,,0
140001029,'1191273',1301,,9568,20,,,0
140001029,'1191279',858,,9569,20,,,0
140001029,'1191347',1444,,9570,20,,,0
140001029,'1191349',1602,,9571,20,,,0
140001029,'1191357',643,,9572,20,,,0
140001029,'1191358',1544,,9573,20,,,0
140001029,'1191362',728,,9574,20,,,0
140001029,'1191369',1128,,9575,20,,,0
140001029,'1191374',713,,9576,20,,,0
140001029,'1191422',1928,,9577,20,,,0
140001029,'1191436',1614,,9578,20,,,0
140001029,'1191459',2100,,9579,20,,,0
140001029,'1191461',1729,,9580,20,,,0
140001029,'1191510',1231,,9581,20,,,0
140001029,'1191569',1829,,9582,20,,,0
140001029,'1191585',1629,,9583,20,,,0
140001029,'1191594',2403,,9584,20,,,0
140001029,'1191599',1331,,9585,20,,,0
140001029,'1191617',2228,,9586,20,,,0
140001029,'1191627',929,,9587,20,,,0
140001029,'1191654',1945,,9588,20,,,0
140001029,'1191672',1028,,9589,20,,,0
140001029,'1191688',1815,,9590,20,,,0
140001029,'1191700',2159,,9591,20,,,0
140001029,'1191703',1732,,9592,20,,,0
140001029,'1191748',729,,9593,20,,,0
140001029,'1191749',2030,,9594,20,,,0
140001029,'1191752',2000,,9595,20,,,0
140001029,'1191781',1214,,9596,20,,,0
140001029,'1191787',1915,,9597,20,,,0
140001029,'1191809',1059,,9598,20,,,0
140001029,'1191814',1930,,9599,20,,,0
140001029,'1191822',1144,,9600,20,,,0
140001029,'1191880',1432,,9601,20,,,0
140001029,'1191895',1559,,9602,20,,,0
140001029,'1191933',1447,,9603,20,,,0
140001029,'1191962',1259,,9604,20,,,0
140001029,'1191971',1529,,9605,20,,,0
140001029,'1191993',1216,,9606,20,,,0
140001029,'1192009',1244,,9607,20,,,0
140001029,'1192030',2228,,9608,20,,,0
140001029,'1192075',1717,,9609,20,,,0
140001029,'1192076',1514,,9610,20,,,0
140001029,'1192085',728,,9611,20,,,0
140001029,'1192192',1959,,9612,20,,,0
140001029,'1192204',2028,,9613,20,,,0
140001029,'1192231',958,,9614,20,,,0
140001029,'1192238',959,,9615,20,,,0
140001029,'1192242',1517,,9616,20,,,0
140001029,'1192251',2129,,9617,20,,,0
140001029,'1192270',2359,,9618,20,,,0
140001029,'1192275',1644,,9619,20,,,0
140001029,'1192298',1628,,9620,20,,,0
140001029,'1192358',1828,,9621,20,,,0
140001029,'1192364',2328,,9622,20,,,0
140001029,'1192382',1747,,9623,20,,,0
140001029,'1192427',2015,,9624,20,,,0
140001029,'1192462',1031,,9625,20,,,0
140001029,'1192467',1328,,9626,20,,,0
140001029,'1192479',2059,,9627,20,,,0
140001029,'1192506',659,,9628,20,,,0
140001029,'1192539',1129,,9629,20,,,0
140001029,'1192548',944,,9630,20,,,0
140001029,'1192550',1246,,9631,20,,,0
140001029,'1192559',943,,9632,20,,,0
140001029,'1192568',829,,9633,20,,,0
140001029,'1192571',813,,9634,20,,,0
140001029,'1192572',1528,,9635,20,,,0
140001029,'1192575',658,,9636,20,,,0
140001029,'1192584',1744,,9637,20,,,0
140001029,'1192594',1046,,9638,20,,,0
140001029,'1192612',1459,,9639,20,,,0
140001029,'1192644',1617,,9640,20,,,0
140001029,'1192648',1316,,9641,20,,,0
140001029,'1192665',913,,9642,20,,,0
140001029,'1192677',928,,9643,20,,,0
140001029,'1192732',1402,,9644,20,,,0
140001029,'1192736',1800,,9645,20,,,0
140001029,'1192755',1859,,9646,20,,,0
140001029,'1192762',1844,,9647,20,,,0
140001029,'1192794',2029,,9648,20,,,0
140001029,'1192842',1329,,9649,20,,,0
140001029,'1192858',1314,,9650,20,,,0
140001029,'1192901',1845,,9651,20,,,0
140001029,'1192907',1359,,9652,20,,,0
140001029,'1192922',1131,,9653,20,,,0
140001029,'1192938',1116,,9654,20,,,0
140001029,'1192969',1228,,9655,20,,,0
140001029,'1193035',2328,,9656,20,,,0
140001029,'1193142',1728,,9657,20,,,0
140001029,'1193157',2158,,9658,20,,,0
140001029,'1193158',2329,,9659,20,,,0
140001029,'1193196',1414,,9660,20,,,0
140001029,'1193202',2128,,9661,20,,,0
140001029,'1193206',1346,,9662,20,,,0
140001029,'1193223',1428,,9663,20,,,0
140001029,'1193237',828,,9664,20,,,0
140001029,'1193252',628,,9665,20,,,0
140001029,'1193289',1417,,9666,20,,,0
140001029,'1193293',1830,,9667,20,,,0
140001029,'1193306',1659,,9668,20,,,0
