105029,'1184521',1807,,6491,58,,,0
105029,'1184537',1337,,6492,58,,,0
105029,'1184580',919,,6493,58,,,0
105029,'1184670',1552,,6494,58,,,0
105029,'1184683',1149,,6495,58,,,0
105029,'1184808',2319,,6496,58,,,0
105029,'1184833',1022,,6497,58,,,0
105029,'1184834',2424,,6498,58,,,0
105029,'1184863',1237,,6499,58,,,0
105029,'1185104',1734,,6500,58,,,0
105029,'1185135',719,,6501,58,,,0
105029,'1185184',1334,,6502,58,,,0
105029,'1185215',1634,,6503,58,,,0
105029,'1185318',1349,,6504,58,,,0
105029,'1185332',1849,,6505,58,,,0
105029,'1185350',2019,,6506,58,,,0
105029,'1185359',2219,,6507,58,,,0
105029,'1185398',1034,,6508,58,,,0
105029,'1185412',832,,6509,58,,,0
105029,'1185440',1637,,6510,58,,,0
105029,'1185523',1434,,6511,58,,,0
105029,'1185630',2349,,6512,58,,,0
105029,'1185668',749,,6513,58,,,0
105029,'1185720',1949,,6514,58,,,0
105029,'1185827',2119,,6515,58,,,0
105029,'1185938',1452,,6516,58,,,0
105029,'1186005',1707,,6517,58,,,0
105029,'1186007',632,,6518,58,,,0
105029,'1186279',1522,,6519,58,,,0
105029,'1186282',1422,,6520,58,,,0
105029,'1186299',1534,,6521,58,,,0
105029,'1186335',2432,,6522,58,,,0
105029,'1186345',2149,,6523,58,,,0
105029,'1186387',1134,,6524,58,,,0
105029,'1186470',1122,,6525,58,,,0
105029,'1186485',2232,,6526,58,,,0
105029,'1186492',949,,6527,58,,,0
105029,'1186520',1749,,6528,58,,,0
105029,'1186715',749,,6529,58,,,0
105029,'1186740',1234,,6530,58,,,0
105029,'1186861',649,,6531,58,,,0
105029,'1186874',1737,,6532,58,,,0
105029,'1186924',1834,,6533,58,,,0
105029,'1187005',819,,6534,58,,,0
105029,'1187093',1549,,6535,58,,,0
105029,'1187132',2032,,6536,58,,,0
