29029,'1184496',1935,,6107,4,,,0
29029,'1184548',2235,,6108,4,,,0
29029,'1184602',1051,,6109,4,,,0
29029,'1184681',935,,6110,4,,,0
29029,'1184958',2035,,6111,4,,,0
29029,'1185054',951,,6112,4,,,0
29029,'1185079',1236,,6113,4,,,0
29029,'1185411',1351,,6114,4,,,0
29029,'1185428',2335,,6115,4,,,0
29029,'1185454',1551,,6116,4,,,0
29029,'1185554',1036,,6117,4,,,0
29029,'1185817',1451,,6118,4,,,0
29029,'1185830',1336,,6119,4,,,0
29029,'1186029',1151,,6120,4,,,0
29029,'1186121',1251,,6121,4,,,0
29029,'1186538',1436,,6122,4,,,0
29029,'1186653',1736,,6123,4,,,0
29029,'1186838',1536,,6124,4,,,0
29029,'1186879',835,,6125,4,,,0
29029,'1186880',1136,,6126,4,,,0
29029,'1186895',1835,,6127,4,,,0
29029,'1186928',2135,,6128,4,,,0
29029,'1187082',1636,,6129,4,,,0
29029,'1187112',735,,6130,4,,,0
190001029,'1184490',1656,,6961,15,,,0
190001029,'1184527',1158,,6962,15,,,0
190001029,'1184534',856,,6963,15,,,0
190001029,'1184609',641,,6964,15,,,0
190001029,'1184616',1043,,6965,15,,,0
190001029,'1184651',2041,,6966,15,,,0
190001029,'1184661',1628,,6967,15,,,0
190001029,'1184721',2341,,6968,15,,,0
190001029,'1184789',641,,6969,15,,,0
190001029,'1184791',2141,,6970,15,,,0
190001029,'1184794',1341,,6971,15,,,0
190001029,'1184799',1258,,6972,15,,,0
190001029,'1184802',2401,,6973,15,,,0
190001029,'1184839',826,,6974,15,,,0
190001029,'1184889',2211,,6975,15,,,0
190001029,'1184906',1243,,6976,15,,,0
190001029,'1184907',824,,6977,15,,,0
190001029,'1184944',1443,,6978,15,,,0
190001029,'1184952',924,,6979,15,,,0
190001029,'1184954',2024,,6980,15,,,0
190001029,'1184980',1956,,6981,15,,,0
190001029,'1184997',1458,,6982,15,,,0
190001029,'1185011',2224,,6983,15,,,0
190001029,'1185017',2141,,6984,15,,,0
190001029,'1185025',1356,,6985,15,,,0
190001029,'1185053',1228,,6986,15,,,0
190001029,'1185071',1658,,6987,15,,,0
190001029,'1185119',2241,,6988,15,,,0
190001029,'1185120',1626,,6989,15,,,0
190001029,'1185125',1113,,6990,15,,,0
190001029,'1185141',1224,,6991,15,,,0
190001029,'1185166',1056,,6992,15,,,0
190001029,'1185167',1756,,6993,15,,,0
190001029,'1185180',2041,,6994,15,,,0
190001029,'1185201',1826,,6995,15,,,0
190001029,'1185223',1741,,6996,15,,,0
190001029,'1185234',926,,6997,15,,,0
190001029,'1185246',711,,6998,15,,,0
190001029,'1185252',1013,,6999,15,,,0
190001029,'1185262',1256,,7000,15,,,0
190001029,'1185321',2011,,7001,15,,,0
190001029,'1185331',1926,,7002,15,,,0
190001029,'1185351',911,,7003,15,,,0
190001029,'1185355',1528,,7004,15,,,0
190001029,'1185367',911,,7005,15,,,0
190001029,'1185389',2111,,7006,15,,,0
190001029,'1185390',1811,,7007,15,,,0
190001029,'1185410',2311,,7008,15,,,0
190001029,'1185424',811,,7009,15,,,0
190001029,'1185432',741,,7010,15,,,0
190001029,'1185483',1128,,7011,15,,,0
190001029,'1185504',1613,,7012,15,,,0
190001029,'1185587',1511,,7013,15,,,0
190001029,'1185591',1328,,7014,15,,,0
190001029,'1185606',1558,,7015,15,,,0
190001029,'1185626',1841,,7016,15,,,0
190001029,'1185646',1226,,7017,15,,,0
190001029,'1185689',1513,,7018,15,,,0
190001029,'1185714',1143,,7019,15,,,0
190001029,'1185744',1358,,7020,15,,,0
190001029,'1185775',1541,,7021,15,,,0
190001029,'1185840',1824,,7022,15,,,0
190001029,'1185841',1424,,7023,15,,,0
190001029,'1185855',1411,,7024,15,,,0
190001029,'1185865',956,,7025,15,,,0
190001029,'1185898',1641,,7026,15,,,0
190001029,'1185905',1856,,7027,15,,,0
190001029,'1185932',1643,,7028,15,,,0
190001029,'1185953',724,,7029,15,,,0
190001029,'1185962',756,,7030,15,,,0
190001029,'1186000',1141,,7031,15,,,0
190001029,'1186001',726,,7032,15,,,0
190001029,'1186004',1211,,7033,15,,,0
190001029,'1186023',1241,,7034,15,,,0
190001029,'1186073',1456,,7035,15,,,0
190001029,'1186074',611,,7036,15,,,0
190001029,'1186081',941,,7037,15,,,0
190001029,'1186094',2056,,7038,15,,,0
190001029,'1186100',1726,,7039,15,,,0
190001029,'1186108',1156,,7040,15,,,0
190001029,'1186109',1711,,7041,15,,,0
190001029,'1186134',1313,,7042,15,,,0
190001029,'1186143',1413,,7043,15,,,0
190001029,'1186171',1756,,7044,15,,,0
190001029,'1186182',1026,,7045,15,,,0
190001029,'1186183',2026,,7046,15,,,0
190001029,'1186248',626,,7047,15,,,0
190001029,'1186250',1326,,7048,15,,,0
190001029,'1186255',1524,,7049,15,,,0
190001029,'1186307',1911,,7050,15,,,0
190001029,'1186324',2011,,7051,15,,,0
190001029,'1186336',656,,7052,15,,,0
190001029,'1186339',2124,,7053,15,,,0
190001029,'1186400',741,,7054,15,,,0
190001029,'1186407',1526,,7055,15,,,0
190001029,'1186448',1556,,7056,15,,,0
190001029,'1186464',1724,,7057,15,,,0
190001029,'1186468',1611,,7058,15,,,0
190001029,'1186469',1028,,7059,15,,,0
190001029,'1186472',1826,,7060,15,,,0
190001029,'1186480',1911,,7061,15,,,0
190001029,'1186542',1011,,7062,15,,,0
190001029,'1186570',841,,7063,15,,,0
190001029,'1186592',1728,,7064,15,,,0
190001029,'1186595',1924,,7065,15,,,0
190001029,'1186617',1441,,7066,15,,,0
190001029,'1186627',2126,,7067,15,,,0
190001029,'1186676',1624,,7068,15,,,0
190001029,'1186718',2311,,7069,15,,,0
190001029,'1186758',1041,,7070,15,,,0
190001029,'1186764',1111,,7071,15,,,0
190001029,'1186785',1124,,7072,15,,,0
190001029,'1186808',2241,,7073,15,,,0
190001029,'1186828',1343,,7074,15,,,0
190001029,'1186840',941,,7075,15,,,0
190001029,'1186842',1941,,7076,15,,,0
190001029,'1186847',2111,,7077,15,,,0
190001029,'1186858',1311,,7078,15,,,0
190001029,'1186862',956,,7079,15,,,0
190001029,'1186865',1426,,7080,15,,,0
190001029,'1186868',1941,,7081,15,,,0
190001029,'1186899',1811,,7082,15,,,0
190001029,'1186910',2211,,7083,15,,,0
190001029,'1186913',1324,,7084,15,,,0
190001029,'1186923',811,,7085,15,,,0
190001029,'1186934',1024,,7086,15,,,0
190001029,'1186947',711,,7087,15,,,0
190001029,'1186965',1543,,7088,15,,,0
190001029,'1186988',1058,,7089,15,,,0
190001029,'1186997',1126,,7090,15,,,0
190001029,'1187034',841,,7091,15,,,0
190001029,'1187095',2324,,7092,15,,,0
190001029,'1187119',1213,,7093,15,,,0
190001029,'1187129',1741,,7094,15,,,0
190001029,'1187140',2341,,7095,15,,,0
190001029,'1187146',1713,,7096,15,,,0
190001029,'1187167',1841,,7097,15,,,0
190001029,'1187176',1428,,7098,15,,,0
