3019,'1184522',1825,,4586,37,,,0
3019,'1184561',1141,,4587,37,,,0
3019,'1184608',2325,,4588,37,,,0
3019,'1184631',1155,,4589,37,,,0
3019,'1184649',1725,,4590,37,,,0
3019,'1184676',2414,,4591,37,,,0
3019,'1184760',1925,,4592,37,,,0
3019,'1184770',1525,,4593,37,,,0
3019,'1184856',1425,,4594,37,,,0
3019,'1184874',1255,,4595,37,,,0
3019,'1184909',855,,4596,37,,,0
3019,'1184934',2025,,4597,37,,,0
3019,'1185010',1825,,4598,37,,,0
3019,'1185056',1125,,4599,37,,,0
3019,'1185058',925,,4600,37,,,0
3019,'1185078',1541,,4601,37,,,0
3019,'1185117',725,,4602,37,,,0
3019,'1185259',2041,,4603,37,,,0
3019,'1185268',1841,,4604,37,,,0
3019,'1185374',1241,,4605,37,,,0
3019,'1185375',1725,,4606,37,,,0
3019,'1185395',1441,,4607,37,,,0
3019,'1185421',1755,,4608,37,,,0
3019,'1185443',1655,,4609,37,,,0
3019,'1185451',1941,,4610,37,,,0
3019,'1185561',1625,,4611,37,,,0
3019,'1185578',2025,,4612,37,,,0
3019,'1185590',1425,,4613,37,,,0
3019,'1185597',925,,4614,37,,,0
3019,'1185658',2324,,4615,37,,,0
3019,'1185673',941,,4616,37,,,0
3019,'1185706',1355,,4617,37,,,0
3019,'1185767',2125,,4618,37,,,0
3019,'1185843',955,,4619,37,,,0
3019,'1185867',1325,,4620,37,,,0
3019,'1185881',628,,4621,7,,,0
3019,'1185911',825,,4622,37,,,0
3019,'1185927',1455,,4623,37,,,0
3019,'1185935',2225,,4624,37,,,0
3019,'1185955',2425,,4625,37,,,0
3019,'1185979',1525,,4626,37,,,0
3019,'1186113',1055,,4627,37,,,0
3019,'1186177',655,,4628,37,,,0
3019,'1186216',1025,,4629,37,,,0
3019,'1186304',825,,4630,37,,,0
3019,'1186382',1741,,4631,37,,,0
3019,'1186397',1041,,4632,37,,,0
3019,'1186501',1555,,4633,37,,,0
3019,'1186510',1341,,4634,37,,,0
3019,'1186516',2125,,4635,37,,,0
3019,'1186518',755,,4636,37,,,0
3019,'1186571',2341,,4637,37,,,0
3019,'1186582',1641,,4638,37,,,0
3019,'1186631',2141,,4639,37,,,0
3019,'1186666',2225,,4640,37,,,0
3019,'1186700',841,,4641,37,,,0
3019,'1186762',1225,,4642,37,,,0
3019,'1186783',628,,4643,7,,,0
3019,'1186821',1125,,4644,37,,,0
3019,'1186832',2241,,4645,37,,,0
3019,'1186834',1925,,4646,37,,,0
3019,'1186857',1325,,4647,37,,,0
3019,'1186867',741,,4648,37,,,0
3019,'1186883',1025,,4649,37,,,0
3019,'1186894',725,,4650,37,,,0
3019,'1187105',1225,,4651,37,,,0
3019,'1187174',1625,,4652,37,,,0
