10029,'1193661',1538,,10124,38,,,0
10029,'1193662',1138,,10125,38,,,0
10029,'1193664',2038,,10126,38,,,0
10029,'1193666',1338,,10127,38,,,0
10029,'1193669',2338,,10128,38,,,0
10029,'1193670',1638,,10129,38,,,0
10029,'1193671',1538,,10130,38,,,0
10029,'1193672',908,,10131,38,,,0
10029,'1193673',2138,,10132,38,,,0
10029,'1193674',1438,,10133,38,,,0
10029,'1193676',1908,,10134,38,,,0
10029,'1193677',738,,10135,38,,,0
10029,'1193683',738,,10136,38,,,0
10029,'1193684',1738,,10137,38,,,0
10029,'1193685',1038,,10138,38,,,0
10029,'1193688',938,,10139,38,,,0
10029,'1193689',808,,10140,38,,,0
10029,'1193690',2008,,10141,38,,,0
10029,'1193692',2238,,10142,38,,,0
10029,'1193693',938,,10143,38,,,0
10029,'1193694',1338,,10144,38,,,0
10029,'1193695',708,,10145,38,,,0
10029,'1193696',638,,10146,38,,,0
10029,'1193699',2108,,10147,38,,,0
10029,'1193702',1138,,10148,38,,,0
10029,'1193705',1338,,10149,38,,,0
10029,'1193706',838,,10150,38,,,0
10029,'1193712',1838,,10151,38,,,0
10029,'1193713',2308,,10152,38,,,0
10029,'1193714',1738,,10153,38,,,0
10029,'1193716',1938,,10154,38,,,0
10029,'1193719',1438,,10155,38,,,0
10029,'1193721',1038,,10156,38,,,0
10029,'1193722',1238,,10157,38,,,0
10029,'1193723',938,,10158,38,,,0
10029,'1193726',1738,,10159,38,,,0
10029,'1193727',838,,10160,38,,,0
10029,'1193728',738,,10161,38,,,0
10029,'1193729',838,,10162,38,,,0
10029,'1193736',2413,,10163,38,,,0
10029,'1193741',2208,,10164,38,,,0
10029,'1193742',2038,,10165,38,,,0
10029,'1193744',1508,,10166,38,,,0
10029,'1193745',1608,,10167,38,,,0
10029,'1193746',1138,,10168,38,,,0
10029,'1193748',2238,,10169,38,,,0
10029,'1193750',1938,,10170,38,,,0
10029,'1193751',1038,,10171,38,,,0
10029,'1193753',1638,,10172,38,,,0
10029,'1193757',1238,,10173,38,,,0
10029,'1193758',1438,,10174,38,,,0
10029,'1193760',1238,,10175,38,,,0
10029,'1193762',1538,,10176,38,,,0
10029,'1193763',1708,,10177,38,,,0
10029,'1193764',1838,,10178,38,,,0
10029,'1193775',2338,,10179,38,,,0
10029,'1193776',2138,,10180,38,,,0
10029,'1193777',1808,,10181,38,,,0
10029,'1193778',1638,,10182,38,,,0
