11019,'1190643',943,,7683,4,,,0
11019,'1190656',1513,,7684,4,,,0
11019,'1190700',1647,,7685,4,,,0
11019,'1190734',2243,,7686,4,,,0
11019,'1190739',1113,,7687,4,,,0
11019,'1190806',643,,7688,4,,,0
11019,'1190843',747,,7689,4,,,0
11019,'1190863',943,,7690,4,,,0
11019,'1190899',1543,,7691,4,,,0
11019,'1190901',1713,,7692,4,,,0
11019,'1190931',1943,,7693,4,,,0
11019,'1190935',2113,,7694,4,,,0
11019,'1191012',1743,,7695,4,,,0
11019,'1191045',1247,,7696,4,,,0
11019,'1191105',1213,,7697,4,,,0
11019,'1191132',2047,,7698,4,,,0
11019,'1191187',1243,,7699,4,,,0
11019,'1191230',713,,7700,4,,,0
11019,'1191238',1443,,7701,4,,,0
11019,'1191240',1643,,7702,4,,,0
11019,'1191293',2043,,7703,4,,,0
11019,'1191319',613,,7704,4,,,0
11019,'1191389',2213,,7705,4,,,0
11019,'1191427',1043,,7706,4,,,0
11019,'1191450',1547,,7707,4,,,0
11019,'1191492',743,,7708,4,,,0
11019,'1191497',1643,,7709,4,,,0
11019,'1191518',2147,,7710,4,,,0
11019,'1191624',1613,,7711,4,,,0
11019,'1191660',743,,7712,4,,,0
11019,'1191669',1713,,7713,4,,,0
11019,'1191675',843,,7714,4,,,0
11019,'1191680',2143,,7715,4,,,0
11019,'1191681',2343,,7716,4,,,0
11019,'1191687',813,,7717,4,,,0
11019,'1191697',1347,,7718,4,,,0
11019,'1191719',1613,,7719,4,,,0
11019,'1191737',1447,,7720,4,,,0
11019,'1191835',1147,,7721,4,,,0
11019,'1191884',1143,,7722,4,,,0
11019,'1191966',947,,7723,4,,,0
11019,'1192002',1413,,7724,4,,,0
11019,'1192081',847,,7725,4,,,0
11019,'1192101',1213,,7726,4,,,0
11019,'1192118',1047,,7727,4,,,0
11019,'1192123',2347,,7728,4,,,0
11019,'1192175',1913,,7729,4,,,0
11019,'1192293',643,,7730,4,,,0
11019,'1192335',1743,,7731,4,,,0
11019,'1192350',1847,,7732,4,,,0
11019,'1192404',1143,,7733,4,,,0
11019,'1192406',1747,,7734,4,,,0
11019,'1192430',1843,,7735,4,,,0
11019,'1192493',1343,,7736,4,,,0
11019,'1192513',1243,,7737,4,,,0
11019,'1192569',1313,,7738,4,,,0
11019,'1192573',1313,,7739,4,,,0
11019,'1192733',843,,7740,4,,,0
11019,'1192768',2313,,7741,4,,,0
11019,'1192799',1343,,7742,4,,,0
11019,'1192975',1443,,7743,4,,,0
11019,'1193059',1543,,7744,4,,,0
11019,'1193066',1413,,7745,4,,,0
11019,'1193090',1813,,7746,4,,,0
11019,'1193120',913,,7747,4,,,0
11019,'1193180',1043,,7748,4,,,0
11019,'1193235',2013,,7749,4,,,0
11019,'1193239',1013,,7750,4,,,0
11019,'1193241',1947,,7751,4,,,0
11019,'1193277',2247,,7752,4,,,0
11019,'1193279',1513,,7753,4,,,0
140001019,'1190631',1353,,9395,4,,,0
140001019,'1190636',1138,,9396,4,,,0
140001019,'1190649',1658,,9397,4,,,0
140001019,'1190660',1457,,9398,4,,,0
140001019,'1190668',2408,,9399,4,,,0
140001019,'1190697',1123,,9400,4,,,0
140001019,'1190750',1838,,9401,4,,,0
140001019,'1190763',1057,,9402,4,,,0
140001019,'1190768',2238,,9403,4,,,0
140001019,'1190802',1653,,9404,4,,,0
140001019,'1190822',1938,,9405,4,,,0
140001019,'1190830',2338,,9406,4,,,0
140001019,'1190841',1743,,9407,4,,,0
140001019,'1190852',953,,9408,4,,,0
140001019,'1190870',1953,,9409,4,,,0
140001019,'1190873',1357,,9410,4,,,0
140001019,'1190888',1023,,9411,4,,,0
140001019,'1190922',2038,,9412,4,,,0
140001019,'1190923',1738,,9413,4,,,0
140001019,'1190968',1558,,9414,4,,,0
140001019,'1190976',1413,,9415,4,,,0
140001019,'1190979',1508,,9416,4,,,0
140001019,'1190980',2208,,9417,4,,,0
140001019,'1190982',753,,9418,4,,,0
140001019,'1190987',1053,,9419,4,,,0
140001019,'1191035',1908,,9420,4,,,0
140001019,'1191146',1823,,9421,4,,,0
140001019,'1191160',1038,,9422,4,,,0
140001019,'1191162',838,,9423,4,,,0
140001019,'1191165',2008,,9424,4,,,0
140001019,'1191177',1123,,9425,4,,,0
140001019,'1191204',1808,,9426,4,,,0
140001019,'1191212',2308,,9427,4,,,0
140001019,'1191215',708,,9428,4,,,0
140001019,'1191276',2257,,9429,4,,,0
140001019,'1191289',1938,,9430,4,,,0
140001019,'1191299',2138,,9431,4,,,0
140001019,'1191305',1038,,9432,4,,,0
140001019,'1191313',1923,,9433,4,,,0
140001019,'1191331',1238,,9434,4,,,0
140001019,'1191356',2108,,9435,4,,,0
140001019,'1191364',1353,,9436,4,,,0
140001019,'1191379',2157,,9437,4,,,0
140001019,'1191393',1053,,9438,4,,,0
140001019,'1191394',1523,,9439,4,,,0
140001019,'1191473',1628,,9440,4,,,0
140001019,'1191484',1708,,9441,4,,,0
140001019,'1191489',1853,,9442,4,,,0
140001019,'1191578',1008,,9443,4,,,0
140001019,'1191592',1223,,9444,4,,,0
140001019,'1191603',1323,,9445,4,,,0
140001019,'1191608',938,,9446,4,,,0
140001019,'1191621',1728,,9447,4,,,0
140001019,'1191634',1808,,9448,4,,,0
140001019,'1191651',1153,,9449,4,,,0
140001019,'1191665',1528,,9450,4,,,0
140001019,'1191677',1423,,9451,4,,,0
140001019,'1191683',823,,9452,4,,,0
140001019,'1191720',1657,,9453,4,,,0
140001019,'1191753',1153,,9454,4,,,0
140001019,'1191755',853,,9455,4,,,0
140001019,'1191764',638,,9456,4,,,0
140001019,'1191766',908,,9457,4,,,0
140001019,'1191775',1257,,9458,4,,,0
140001019,'1191778',723,,9459,4,,,0
140001019,'1191783',1453,,9460,4,,,0
140001019,'1191828',738,,9461,4,,,0
140001019,'1191833',1223,,9462,4,,,0
140001019,'1191839',2308,,9463,4,,,0
140001019,'1191847',857,,9464,4,,,0
140001019,'1191860',1208,,9465,4,,,0
140001019,'1191878',1957,,9466,4,,,0
140001019,'1191907',2038,,9467,4,,,0
140001019,'1191924',2053,,9468,4,,,0
140001019,'1191986',638,,9469,4,,,0
140001019,'1191995',957,,9470,4,,,0
140001019,'1192017',1753,,9471,4,,,0
140001019,'1192024',1853,,9472,4,,,0
140001019,'1192066',1308,,9473,4,,,0
140001019,'1192107',1458,,9474,4,,,0
140001019,'1192144',1108,,9475,4,,,0
140001019,'1192184',838,,9476,4,,,0
140001019,'1192207',1253,,9477,4,,,0
140001019,'1192211',2023,,9478,4,,,0
140001019,'1192278',1323,,9479,4,,,0
140001019,'1192346',1623,,9480,4,,,0
140001019,'1192348',1428,,9481,4,,,0
140001019,'1192349',1008,,9482,4,,,0
140001019,'1192369',1443,,9483,4,,,0
140001019,'1192375',1408,,9484,4,,,0
140001019,'1192393',1253,,9485,4,,,0
140001019,'1192397',2008,,9486,4,,,0
140001019,'1192398',923,,9487,4,,,0
140001019,'1192407',1723,,9488,4,,,0
140001019,'1192409',653,,9489,4,,,0
140001019,'1192507',1908,,9490,4,,,0
140001019,'1192524',953,,9491,4,,,0
140001019,'1192535',1638,,9492,4,,,0
140001019,'1192537',1543,,9493,4,,,0
140001019,'1192551',1557,,9494,4,,,0
140001019,'1192620',2108,,9495,4,,,0
140001019,'1192630',1513,,9496,4,,,0
140001019,'1192655',938,,9497,4,,,0
140001019,'1192688',2357,,9498,4,,,0
140001019,'1192690',1553,,9499,4,,,0
140001019,'1192691',2238,,9500,4,,,0
140001019,'1192720',1857,,9501,4,,,0
140001019,'1192769',708,,9502,4,,,0
140001019,'1192797',808,,9503,4,,,0
140001019,'1192798',2333,,9504,4,,,0
140001019,'1192805',1108,,9505,4,,,0
140001019,'1192806',1338,,9506,4,,,0
140001019,'1192822',1338,,9507,4,,,0
140001019,'1192844',1757,,9508,4,,,0
140001019,'1192862',1208,,9509,4,,,0
140001019,'1192889',2208,,9510,4,,,0
140001019,'1192903',2408,,9511,4,,,0
140001019,'1192904',2057,,9512,4,,,0
140001019,'1192960',1713,,9513,4,,,0
140001019,'1192983',1538,,9514,4,,,0
140001019,'1192989',1838,,9515,4,,,0
140001019,'1192993',1643,,9516,4,,,0
140001019,'1193007',738,,9517,4,,,0
140001019,'1193020',1438,,9518,4,,,0
140001019,'1193031',1613,,9519,4,,,0
140001019,'1193032',1757,,9520,4,,,0
140001019,'1193078',1138,,9521,4,,,0
140001019,'1193098',1023,,9522,4,,,0
140001019,'1193106',808,,9523,4,,,0
140001019,'1193123',1157,,9524,4,,,0
140001019,'1193183',757,,9525,4,,,0
140001019,'1193198',2138,,9526,4,,,0
140001019,'1193200',1308,,9527,4,,,0
140001019,'1193214',1608,,9528,4,,,0
140001019,'1193222',908,,9529,4,,,0
140001019,'1193255',1823,,9530,4,,,0
140001019,'1193261',1238,,9531,4,,,0
