10029,'1193661',1536,,10124,34,,,0
10029,'1193662',1136,,10125,34,,,0
10029,'1193664',2036,,10126,34,,,0
10029,'1193666',1336,,10127,34,,,0
10029,'1193669',2336,,10128,34,,,0
10029,'1193670',1636,,10129,34,,,0
10029,'1193671',1536,,10130,34,,,0
10029,'1193672',906,,10131,34,,,0
10029,'1193673',2136,,10132,34,,,0
10029,'1193674',1436,,10133,34,,,0
10029,'1193676',1906,,10134,34,,,0
10029,'1193677',736,,10135,34,,,0
10029,'1193683',736,,10136,34,,,0
10029,'1193684',1736,,10137,34,,,0
10029,'1193685',1036,,10138,34,,,0
10029,'1193688',936,,10139,34,,,0
10029,'1193689',806,,10140,34,,,0
10029,'1193690',2006,,10141,34,,,0
10029,'1193692',2236,,10142,34,,,0
10029,'1193693',936,,10143,34,,,0
10029,'1193694',1336,,10144,34,,,0
10029,'1193695',706,,10145,34,,,0
10029,'1193696',636,,10146,34,,,0
10029,'1193699',2106,,10147,34,,,0
10029,'1193702',1136,,10148,34,,,0
10029,'1193705',1336,,10149,34,,,0
10029,'1193706',836,,10150,34,,,0
10029,'1193712',1836,,10151,34,,,0
10029,'1193713',2306,,10152,34,,,0
10029,'1193714',1736,,10153,34,,,0
10029,'1193716',1936,,10154,34,,,0
10029,'1193719',1436,,10155,34,,,0
10029,'1193721',1036,,10156,34,,,0
10029,'1193722',1236,,10157,34,,,0
10029,'1193723',936,,10158,34,,,0
10029,'1193726',1736,,10159,34,,,0
10029,'1193727',836,,10160,34,,,0
10029,'1193728',736,,10161,34,,,0
10029,'1193729',836,,10162,34,,,0
10029,'1193736',2411,,10163,34,,,0
10029,'1193741',2206,,10164,34,,,0
10029,'1193742',2036,,10165,34,,,0
10029,'1193744',1506,,10166,34,,,0
10029,'1193745',1606,,10167,34,,,0
10029,'1193746',1136,,10168,34,,,0
10029,'1193748',2236,,10169,34,,,0
10029,'1193750',1936,,10170,34,,,0
10029,'1193751',1036,,10171,34,,,0
10029,'1193753',1636,,10172,34,,,0
10029,'1193757',1236,,10173,34,,,0
10029,'1193758',1436,,10174,34,,,0
10029,'1193760',1236,,10175,34,,,0
10029,'1193762',1536,,10176,34,,,0
10029,'1193763',1706,,10177,34,,,0
10029,'1193764',1836,,10178,34,,,0
10029,'1193775',2336,,10179,34,,,0
10029,'1193776',2136,,10180,34,,,0
10029,'1193777',1806,,10181,34,,,0
10029,'1193778',1636,,10182,34,,,0
