10029,'1190625',2033,,7624,29,,,0
10029,'1190724',2333,,7625,29,,,0
10029,'1190730',2103,,7626,29,,,0
10029,'1190839',933,,7627,29,,,0
10029,'1190853',1933,,7628,29,,,0
10029,'1190869',1133,,7629,29,,,0
10029,'1190878',933,,7630,29,,,0
10029,'1191049',903,,7631,29,,,0
10029,'1191062',1733,,7632,29,,,0
10029,'1191108',833,,7633,29,,,0
10029,'1191123',1533,,7634,29,,,0
10029,'1191144',1433,,7635,29,,,0
10029,'1191159',1133,,7636,29,,,0
10029,'1191202',733,,7637,29,,,0
10029,'1191277',2408,,7638,29,,,0
10029,'1191483',1533,,7639,29,,,0
10029,'1191570',1333,,7640,29,,,0
10029,'1191573',1333,,7641,29,,,0
10029,'1191576',1233,,7642,29,,,0
10029,'1191584',2233,,7643,29,,,0
10029,'1191619',1533,,7644,29,,,0
10029,'1191622',1333,,7645,29,,,0
10029,'1191648',1733,,7646,29,,,0
10029,'1191723',1833,,7647,29,,,0
10029,'1191745',1033,,7648,29,,,0
10029,'1191751',1733,,7649,29,,,0
10029,'1191792',1433,,7650,29,,,0
10029,'1191801',1633,,7651,29,,,0
10029,'1191827',2033,,7652,29,,,0
10029,'1191830',633,,7653,29,,,0
10029,'1191857',1803,,7654,29,,,0
10029,'1191872',1903,,7655,29,,,0
10029,'1191903',1233,,7656,29,,,0
10029,'1191920',733,,7657,29,,,0
10029,'1191954',2133,,7658,29,,,0
10029,'1192064',733,,7659,29,,,0
10029,'1192201',2003,,7660,29,,,0
10029,'1192263',2303,,7661,29,,,0
10029,'1192276',833,,7662,29,,,0
10029,'1192303',833,,7663,29,,,0
10029,'1192360',703,,7664,29,,,0
10029,'1192391',933,,7665,29,,,0
10029,'1192433',1433,,7666,29,,,0
10029,'1192440',1503,,7667,29,,,0
10029,'1192529',1833,,7668,29,,,0
10029,'1192588',1633,,7669,29,,,0
10029,'1192664',2133,,7670,29,,,0
10029,'1192697',2233,,7671,29,,,0
10029,'1192781',1233,,7672,29,,,0
10029,'1192785',2203,,7673,29,,,0
10029,'1192846',1933,,7674,29,,,0
10029,'1192873',1633,,7675,29,,,0
10029,'1192880',1033,,7676,29,,,0
10029,'1192980',1133,,7677,29,,,0
10029,'1192995',803,,7678,29,,,0
10029,'1193051',1603,,7679,29,,,0
10029,'1193143',1703,,7680,29,,,0
10029,'1193171',1033,,7681,29,,,0
10029,'1193319',2333,,7682,29,,,0
