12029,'1190603',1235,,7896,34,,,0
12029,'1190623',935,,7897,34,,,0
12029,'1190638',1835,,7898,34,,,0
12029,'1190684',2235,,7899,34,,,0
12029,'1190691',2105,,7900,34,,,0
12029,'1190731',1636,,7901,34,,,0
12029,'1190743',1935,,7902,34,,,0
12029,'1190753',2135,,7903,34,,,0
12029,'1190777',806,,7904,34,,,0
12029,'1190812',2305,,7905,34,,,0
12029,'1190880',2205,,7906,34,,,0
12029,'1190932',1435,,7907,34,,,0
12029,'1190940',1805,,7908,34,,,0
12029,'1191029',1406,,7909,34,,,0
12029,'1191043',1736,,7910,34,,,0
12029,'1191093',1706,,7911,34,,,0
12029,'1191133',1106,,7912,34,,,0
12029,'1191256',935,,7913,34,,,0
12029,'1191281',1136,,7914,34,,,0
12029,'1191303',836,,7915,34,,,0
12029,'1191335',1636,,7916,34,,,0
12029,'1191382',1106,,7917,34,,,0
12029,'1191410',1706,,7918,34,,,0
12029,'1191500',1206,,7919,34,,,0
12029,'1191501',2035,,7920,34,,,0
12029,'1191528',1436,,7921,34,,,0
12029,'1191555',2135,,7922,34,,,0
12029,'1191588',2410,,7923,34,,,0
12029,'1191595',1336,,7924,34,,,0
12029,'1191653',636,,7925,34,,,0
12029,'1191692',835,,7926,34,,,0
12029,'1191696',1935,,7927,34,,,0
12029,'1191708',2035,,7928,34,,,0
12029,'1191789',1535,,7929,34,,,0
12029,'1191811',1135,,7930,34,,,0
12029,'1191813',936,,7931,34,,,0
12029,'1191831',1035,,7932,34,,,0
12029,'1191874',1406,,7933,34,,,0
12029,'1191998',1736,,7934,34,,,0
12029,'1192059',2335,,7935,34,,,0
12029,'1192129',1835,,7936,34,,,0
12029,'1192133',1136,,7937,34,,,0
12029,'1192152',1606,,7938,34,,,0
12029,'1192260',906,,7939,34,,,0
12029,'1192279',1306,,7940,34,,,0
12029,'1192294',735,,7941,34,,,0
12029,'1192306',1006,,7942,34,,,0
12029,'1192361',1306,,7943,34,,,0
12029,'1192410',835,,7944,34,,,0
12029,'1192567',1236,,7945,34,,,0
12029,'1192578',1635,,7946,34,,,0
12029,'1192673',1206,,7947,34,,,0
12029,'1192741',1436,,7948,34,,,0
12029,'1192809',706,,7949,34,,,0
12029,'1192877',2335,,7950,34,,,0
12029,'1192898',1506,,7951,34,,,0
12029,'1192950',736,,7952,34,,,0
12029,'1193043',735,,7953,34,,,0
12029,'1193053',1036,,7954,34,,,0
12029,'1193054',2005,,7955,34,,,0
12029,'1193056',1606,,7956,34,,,0
12029,'1193058',1335,,7957,34,,,0
12029,'1193093',1735,,7958,34,,,0
12029,'1193102',1536,,7959,34,,,0
12029,'1193103',1506,,7960,34,,,0
12029,'1193156',1036,,7961,34,,,0
12029,'1193195',1336,,7962,34,,,0
12029,'1193220',1236,,7963,34,,,0
12029,'1193227',1905,,7964,34,,,0
12029,'1193272',1536,,7965,34,,,0
12029,'1193321',2235,,7966,34,,,0
23029,'1190732',1350,,8352,6,,,0
23029,'1190742',1150,,8353,6,,,0
23029,'1190848',1519,,8354,6,,,0
23029,'1191071',918,,8355,6,,,0
23029,'1191280',1320,,8356,6,,,0
23029,'1191342',948,,8357,6,,,0
23029,'1191679',1719,,8358,6,,,0
23029,'1192283',1119,,8359,6,,,0
23029,'1192955',1550,,8360,6,,,0
