105029,'1190637',807,,9337,13,,,0
105029,'1190832',654,,9338,13,,,0
105029,'1190854',1455,,9339,13,,,0
105029,'1190856',1310,,9340,13,,,0
105029,'1190924',2359,,9341,13,,,0
105029,'1190926',1409,,9342,13,,,0
105029,'1190965',1425,,9343,13,,,0
105029,'1190981',624,,9344,13,,,0
105029,'1191222',2207,,9345,13,,,0
105029,'1191223',1640,,9346,13,,,0
105029,'1191285',1954,,9347,13,,,0
105029,'1191307',1525,,9348,13,,,0
105029,'1191404',1509,,9349,13,,,0
105029,'1191423',1355,,9350,13,,,0
105029,'1191572',1009,,9351,13,,,0
105029,'1191670',1723,,9352,13,,,0
105029,'1191739',1740,,9353,13,,,0
105029,'1191784',1309,,9354,13,,,0
105029,'1191846',955,,9355,13,,,0
105029,'1191848',1210,,9356,13,,,0
105029,'1191910',2407,,9357,13,,,0
105029,'1191936',1523,,9358,13,,,0
105029,'1192016',724,,9359,13,,,0
105029,'1192019',1809,,9360,13,,,0
105029,'1192058',2323,,9361,13,,,0
105029,'1192150',723,,9362,13,,,0
105029,'1192180',1923,,9363,13,,,0
105029,'1192198',2254,,9364,13,,,0
105029,'1192205',607,,9365,13,,,0
105029,'1192224',1610,,9366,13,,,0
105029,'1192338',1824,,9367,13,,,0
105029,'1192379',2054,,9368,13,,,0
105029,'1192463',1323,,9369,13,,,0
105029,'1192488',1109,,9370,13,,,0
105029,'1192491',754,,9371,13,,,0
105029,'1192500',854,,9372,13,,,0
105029,'1192511',2007,,9373,13,,,0
105029,'1192662',1609,,9374,13,,,0
105029,'1192694',1055,,9375,13,,,0
105029,'1192728',2123,,9376,13,,,0
105029,'1193038',1209,,9377,13,,,0
105029,'1193130',1123,,9378,13,,,0
105029,'1193181',1709,,9379,13,,,0
105029,'1193225',1710,,9380,13,,,0
105029,'1193234',923,,9381,13,,,0
105029,'1193316',2154,,9382,13,,,0
106019,'1190751',709,,9383,13,,,0
106019,'1190960',1655,,9384,13,,,0
106019,'1191191',1810,,9385,13,,,0
106019,'1191645',939,,9386,13,,,0
106019,'1192317',1540,,9387,13,,,0
106019,'1192475',824,,9388,13,,,0
