14019,'1184480',1945,,5244,8,,,0
14019,'1184716',1547,,5245,8,,,0
14019,'1184729',1247,,5246,8,,,0
14019,'1184749',2045,,5247,8,,,0
14019,'1184750',1517,,5248,8,,,0
14019,'1184836',2016,,5249,8,,,0
14019,'1184848',1647,,5250,8,,,0
14019,'1184987',1647,,5251,8,,,0
14019,'1185080',1547,,5252,8,,,0
14019,'1185130',1047,,5253,8,,,0
14019,'1185154',2345,,5254,8,,,0
14019,'1185168',1747,,5255,8,,,0
14019,'1185211',916,,5256,8,,,0
14019,'1185255',846,,5257,8,,,0
14019,'1185270',1245,,5258,8,,,0
14019,'1185290',1145,,5259,8,,,0
14019,'1185335',2316,,5260,8,,,0
14019,'1185474',2145,,5261,8,,,0
14019,'1185505',646,,5262,8,,,0
14019,'1185557',745,,5263,8,,,0
14019,'1185610',645,,5264,8,,,0
14019,'1185620',1945,,5265,8,,,0
14019,'1185624',1147,,5266,8,,,0
14019,'1185659',845,,5267,8,,,0
14019,'1185779',945,,5268,8,,,0
14019,'1185808',1816,,5269,8,,,0
14019,'1185845',716,,5270,8,,,0
14019,'1185852',1447,,5271,8,,,0
14019,'1186003',1345,,5272,8,,,0
14019,'1186014',1617,,5273,8,,,0
14019,'1186066',1045,,5274,8,,,0
14019,'1186071',1845,,5275,8,,,0
14019,'1186097',2245,,5276,8,,,0
14019,'1186156',1347,,5277,8,,,0
14019,'1186165',1347,,5278,8,,,0
14019,'1186173',1916,,5279,8,,,0
14019,'1186180',2345,,5280,8,,,0
14019,'1186195',2045,,5281,8,,,0
14019,'1186226',1845,,5282,8,,,0
14019,'1186243',1745,,5283,8,,,0
14019,'1186256',745,,5284,8,,,0
14019,'1186333',1147,,5285,8,,,0
14019,'1186334',845,,5286,8,,,0
14019,'1186410',1445,,5287,8,,,0
14019,'1186421',746,,5288,8,,,0
14019,'1186443',2116,,5289,8,,,0
14019,'1186444',1747,,5290,8,,,0
14019,'1186462',1645,,5291,8,,,0
14019,'1186532',816,,5292,8,,,0
14019,'1186537',1447,,5293,8,,,0
14019,'1186584',2145,,5294,8,,,0
14019,'1186609',1717,,5295,8,,,0
14019,'1186632',1047,,5296,8,,,0
14019,'1186657',945,,5297,8,,,0
14019,'1186671',2216,,5298,8,,,0
14019,'1186767',1247,,5299,8,,,0
14019,'1187058',1545,,5300,8,,,0
14019,'1187071',946,,5301,8,,,0
14019,'1187144',2245,,5302,8,,,0
29019,'1184481',1340,,6083,8,,,0
29019,'1184585',1825,,6084,8,,,0
29019,'1184901',1325,,6085,8,,,0
29019,'1184916',725,,6086,8,,,0
29019,'1184951',2025,,6087,8,,,0
29019,'1185146',1025,,6088,8,,,0
29019,'1185320',1725,,6089,8,,,0
29019,'1185391',1425,,6090,8,,,0
29019,'1185521',1240,,6091,8,,,0
29019,'1185584',2125,,6092,8,,,0
29019,'1185791',1925,,6093,8,,,0
29019,'1185904',1525,,6094,8,,,0
29019,'1185918',825,,6095,8,,,0
29019,'1186034',1225,,6096,8,,,0
29019,'1186091',1140,,6097,8,,,0
29019,'1186162',1625,,6098,8,,,0
29019,'1186392',1125,,6099,8,,,0
29019,'1186688',925,,6100,8,,,0
29019,'1186733',940,,6101,8,,,0
29019,'1186835',1440,,6102,8,,,0
29019,'1186911',1040,,6103,8,,,0
29019,'1187002',2225,,6104,8,,,0
29019,'1187090',1540,,6105,8,,,0
29019,'1187169',2325,,6106,8,,,0
