2029,'1190626',1024,,7325,5,,,0
2029,'1190688',1753,,7326,5,,,0
2029,'1190708',2123,,7327,5,,,0
2029,'1190719',2353,,7328,5,,,0
2029,'1190781',739,,7329,5,,,0
2029,'1190788',724,,7330,5,,,0
2029,'1190794',909,,7331,5,,,0
2029,'1190810',1123,,7332,5,,,0
2029,'1190833',724,,7333,5,,,0
2029,'1190838',2109,,7334,5,,,0
2029,'1190875',1054,,7335,5,,,0
2029,'1190877',754,,7336,5,,,0
2029,'1190894',1839,,7337,5,,,0
2029,'1190915',1054,,7338,5,,,0
2029,'1190967',709,,7339,5,,,0
2029,'1191031',1554,,7340,5,,,0
2029,'1191050',1153,,7341,5,,,0
2029,'1191076',1609,,7342,5,,,0
2029,'1191116',854,,7343,5,,,0
2029,'1191190',2409,,7344,5,,,0
2029,'1191228',1539,,7345,5,,,0
2029,'1191232',1223,,7346,5,,,0
2029,'1191236',2039,,7347,5,,,0
2029,'1191243',2153,,7348,5,,,0
2029,'1191246',1523,,7349,5,,,0
2029,'1191282',2223,,7350,5,,,0
2029,'1191283',1754,,7351,5,,,0
2029,'1191345',1423,,7352,5,,,0
2029,'1191378',1424,,7353,5,,,0
2029,'1191445',1039,,7354,5,,,0
2029,'1191452',654,,7355,5,,,0
2029,'1191453',2323,,7356,5,,,0
2029,'1191464',1453,,7357,5,,,0
2029,'1191468',924,,7358,5,,,0
2029,'1191482',639,,7359,5,,,0
2029,'1191486',1709,,7360,5,,,0
2029,'1191507',1439,,7361,5,,,0
2029,'1191548',1653,,7362,5,,,0
2029,'1191564',1239,,7363,5,,,0
2029,'1191566',1309,,7364,5,,,0
2029,'1191577',2413,,7365,5,,,0
2029,'1191587',739,,7366,5,,,0
2029,'1191640',1953,,7367,5,,,0
2029,'1191649',1039,,7368,5,,,0
2029,'1191678',1624,,7369,5,,,0
2029,'1191684',1724,,7370,5,,,0
2029,'1191701',1939,,7371,5,,,0
2029,'1191721',1439,,7372,5,,,0
2029,'1191726',1853,,7373,5,,,0
2029,'1191736',2324,,7374,5,,,0
2029,'1191799',1824,,7375,5,,,0
2029,'1191815',939,,7376,5,,,0
2029,'1191824',1553,,7377,5,,,0
2029,'1191863',2024,,7378,5,,,0
2029,'1191887',954,,7379,5,,,0
2029,'1191900',2239,,7380,5,,,0
2029,'1191908',1939,,7381,5,,,0
2029,'1191923',2239,,7382,5,,,0
2029,'1191934',1253,,7383,5,,,0
2029,'1191979',1124,,7384,5,,,0
2029,'1192014',839,,7385,5,,,0
2029,'1192038',1723,,7386,5,,,0
2029,'1192039',1109,,7387,5,,,0
2029,'1192049',2139,,7388,5,,,0
2029,'1192067',1224,,7389,5,,,0
2029,'1192095',1823,,7390,5,,,0
2029,'1192143',2339,,7391,5,,,0
2029,'1192161',1353,,7392,5,,,0
2029,'1192177',854,,7393,5,,,0
2029,'1192187',1324,,7394,5,,,0
2029,'1192206',1639,,7395,5,,,0
2029,'1192222',1809,,7396,5,,,0
2029,'1192235',1454,,7397,5,,,0
2029,'1192245',809,,7398,5,,,0
2029,'1192247',1323,,7399,5,,,0
2029,'1192371',1254,,7400,5,,,0
2029,'1192372',824,,7401,5,,,0
2029,'1192395',1024,,7402,5,,,0
2029,'1192415',2023,,7403,5,,,0
2029,'1192421',939,,7404,5,,,0
2029,'1192494',809,,7405,5,,,0
2029,'1192515',1639,,7406,5,,,0
2029,'1192587',1354,,7407,5,,,0
2029,'1192639',939,,7408,5,,,0
2029,'1192647',1409,,7409,5,,,0
2029,'1192656',1854,,7410,5,,,0
2029,'1192681',1139,,7411,5,,,0
2029,'1192709',1139,,7412,5,,,0
2029,'1192718',1524,,7413,5,,,0
2029,'1192745',1654,,7414,5,,,0
2029,'1192753',1239,,7415,5,,,0
2029,'1192778',1339,,7416,5,,,0
2029,'1192790',2053,,7417,5,,,0
2029,'1192793',2253,,7418,5,,,0
2029,'1192868',1209,,7419,5,,,0
2029,'1192872',639,,7420,5,,,0
2029,'1192912',1623,,7421,5,,,0
2029,'1192917',839,,7422,5,,,0
2029,'1192918',1339,,7423,5,,,0
2029,'1193030',1539,,7424,5,,,0
2029,'1193075',1923,,7425,5,,,0
2029,'1193081',1739,,7426,5,,,0
2029,'1193140',1009,,7427,5,,,0
2029,'1193168',2154,,7428,5,,,0
2029,'1193194',1154,,7429,5,,,0
2029,'1193219',1509,,7430,5,,,0
2029,'1193269',1739,,7431,5,,,0
