105019,'1190616',2254,,9291,98,,,0
105019,'1190769',1451,,9292,98,,,0
105019,'1190825',1654,,9293,98,,,0
105019,'1190865',1851,,9294,98,,,0
105019,'1190975',1921,,9295,98,,,0
105019,'1190992',1840,,9296,98,,,0
105019,'1190998',1240,,9297,98,,,0
105019,'1191007',1751,,9298,98,,,0
105019,'1191038',1540,,9299,98,,,0
105019,'1191063',1033,,9300,98,,,0
105019,'1191065',1351,,9301,98,,,0
105019,'1191145',726,,9302,98,,,0
105019,'1191217',2339,,9303,98,,,0
105019,'1191294',1440,,9304,98,,,0
105019,'1191329',939,,9305,98,,,0
105019,'1191413',1054,,9306,98,,,0
105019,'1191457',1340,,9307,98,,,0
105019,'1191557',933,,9308,98,,,0
105019,'1191709',833,,9309,98,,,0
105019,'1191750',2326,,9310,98,,,0
105019,'1191859',739,,9311,98,,,0
105019,'1191891',1821,,9312,98,,,0
105019,'1192052',1940,,9313,98,,,0
105019,'1192113',656,,9314,98,,,0
105019,'1192142',1640,,9315,98,,,0
105019,'1192176',854,,9316,98,,,0
105019,'1192218',2426,,9317,98,,,0
105019,'1192236',1454,,9318,98,,,0
105019,'1192248',2126,,9319,98,,,0
105019,'1192267',1740,,9320,98,,,0
105019,'1192318',1140,,9321,98,,,0
105019,'1192337',1706,,9322,98,,,0
105019,'1192353',1536,,9323,98,,,0
105019,'1192579',1236,,9324,98,,,0
105019,'1192586',1254,,9325,98,,,0
105019,'1192598',2054,,9326,98,,,0
105019,'1192614',803,,9327,98,,,0
105019,'1192661',2226,,9328,98,,,0
105019,'1192725',1606,,9329,98,,,0
105019,'1192735',1956,,9330,98,,,0
105019,'1192821',2139,,9331,98,,,0
105019,'1192836',1854,,9332,98,,,0
105019,'1192847',626,,9333,98,,,0
105019,'1192875',1636,,9334,98,,,0
105019,'1193045',903,,9335,98,,,0
105019,'1193298',1136,,9336,98,,,0
106029,'1190782',752,,9389,29,,,0
106029,'1191556',1854,,9390,29,,,0
106029,'1191771',1624,,9391,29,,,0
106029,'1192044',1739,,9392,29,,,0
106029,'1192429',907,,9393,29,,,0
106029,'1193063',1022,,9394,29,,,0
