14019,'1184480',1945,,5244,9,,,0
14019,'1184716',1548,,5245,9,,,0
14019,'1184729',1248,,5246,9,,,0
14019,'1184749',2045,,5247,9,,,0
14019,'1184750',1518,,5248,9,,,0
14019,'1184836',2017,,5249,9,,,0
14019,'1184848',1648,,5250,9,,,0
14019,'1184987',1648,,5251,9,,,0
14019,'1185080',1548,,5252,9,,,0
14019,'1185130',1048,,5253,9,,,0
14019,'1185154',2345,,5254,9,,,0
14019,'1185168',1748,,5255,9,,,0
14019,'1185211',917,,5256,9,,,0
14019,'1185255',847,,5257,9,,,0
14019,'1185270',1245,,5258,9,,,0
14019,'1185290',1145,,5259,9,,,0
14019,'1185335',2317,,5260,9,,,0
14019,'1185474',2146,,5261,9,,,0
14019,'1185505',647,,5262,9,,,0
14019,'1185557',745,,5263,9,,,0
14019,'1185610',646,,5264,9,,,0
14019,'1185620',1946,,5265,9,,,0
14019,'1185624',1148,,5266,9,,,0
14019,'1185659',846,,5267,9,,,0
14019,'1185779',945,,5268,9,,,0
14019,'1185808',1817,,5269,9,,,0
14019,'1185845',717,,5270,9,,,0
14019,'1185852',1448,,5271,9,,,0
14019,'1186003',1345,,5272,9,,,0
14019,'1186014',1618,,5273,9,,,0
14019,'1186066',1045,,5274,9,,,0
14019,'1186071',1846,,5275,9,,,0
14019,'1186097',2245,,5276,9,,,0
14019,'1186156',1348,,5277,9,,,0
14019,'1186165',1348,,5278,9,,,0
14019,'1186173',1917,,5279,9,,,0
14019,'1186180',2346,,5280,9,,,0
14019,'1186195',2046,,5281,9,,,0
14019,'1186226',1845,,5282,9,,,0
14019,'1186243',1745,,5283,9,,,0
14019,'1186256',746,,5284,9,,,0
14019,'1186333',1148,,5285,9,,,0
14019,'1186334',845,,5286,9,,,0
14019,'1186410',1445,,5287,9,,,0
14019,'1186421',747,,5288,9,,,0
14019,'1186443',2117,,5289,9,,,0
14019,'1186444',1748,,5290,9,,,0
14019,'1186462',1645,,5291,9,,,0
14019,'1186532',817,,5292,9,,,0
14019,'1186537',1448,,5293,9,,,0
14019,'1186584',2145,,5294,9,,,0
14019,'1186609',1718,,5295,9,,,0
14019,'1186632',1048,,5296,9,,,0
14019,'1186657',946,,5297,9,,,0
14019,'1186671',2217,,5298,9,,,0
14019,'1186767',1248,,5299,9,,,0
14019,'1187058',1545,,5300,9,,,0
14019,'1187071',947,,5301,9,,,0
14019,'1187144',2246,,5302,9,,,0
29019,'1184481',1341,,6083,9,,,0
29019,'1184585',1825,,6084,9,,,0
29019,'1184901',1326,,6085,9,,,0
29019,'1184916',725,,6086,9,,,0
29019,'1184951',2025,,6087,9,,,0
29019,'1185146',1026,,6088,9,,,0
29019,'1185320',1726,,6089,9,,,0
29019,'1185391',1426,,6090,9,,,0
29019,'1185521',1241,,6091,9,,,0
29019,'1185584',2125,,6092,9,,,0
29019,'1185791',1925,,6093,9,,,0
29019,'1185904',1526,,6094,9,,,0
29019,'1185918',825,,6095,9,,,0
29019,'1186034',1226,,6096,9,,,0
29019,'1186091',1141,,6097,9,,,0
29019,'1186162',1626,,6098,9,,,0
29019,'1186392',1126,,6099,9,,,0
29019,'1186688',925,,6100,9,,,0
29019,'1186733',941,,6101,9,,,0
29019,'1186835',1441,,6102,9,,,0
29019,'1186911',1041,,6103,9,,,0
29019,'1187002',2225,,6104,9,,,0
29019,'1187090',1541,,6105,9,,,0
29019,'1187169',2325,,6106,9,,,0
