105019,'1190616',2207,,9291,8,,,0
105019,'1190769',1354,,9292,8,,,0
105019,'1190825',1607,,9293,8,,,0
105019,'1190865',1754,,9294,8,,,0
105019,'1190975',1824,,9295,8,,,0
105019,'1190992',1749,,9296,8,,,0
105019,'1190998',1149,,9297,8,,,0
105019,'1191007',1654,,9298,8,,,0
105019,'1191038',1449,,9299,8,,,0
105019,'1191063',936,,9300,8,,,0
105019,'1191065',1254,,9301,8,,,0
105019,'1191145',634,,9302,8,,,0
105019,'1191217',2247,,9303,8,,,0
105019,'1191294',1349,,9304,8,,,0
105019,'1191329',847,,9305,8,,,0
105019,'1191413',1007,,9306,8,,,0
105019,'1191457',1249,,9307,8,,,0
105019,'1191557',836,,9308,8,,,0
105019,'1191709',736,,9309,8,,,0
105019,'1191750',2234,,9310,8,,,0
105019,'1191859',647,,9311,8,,,0
105019,'1191891',1724,,9312,8,,,0
105019,'1192052',1849,,9313,8,,,0
105019,'1192113',604,,9314,8,,,0
105019,'1192142',1549,,9315,8,,,0
105019,'1192176',807,,9316,8,,,0
105019,'1192218',2334,,9317,8,,,0
105019,'1192236',1407,,9318,8,,,0
105019,'1192248',2034,,9319,8,,,0
105019,'1192267',1649,,9320,8,,,0
105019,'1192318',1049,,9321,8,,,0
105019,'1192337',1609,,9322,8,,,0
105019,'1192353',1439,,9323,8,,,0
105019,'1192579',1139,,9324,8,,,0
105019,'1192586',1207,,9325,8,,,0
105019,'1192598',2007,,9326,8,,,0
105019,'1192614',706,,9327,8,,,0
105019,'1192661',2134,,9328,8,,,0
105019,'1192725',1509,,9329,8,,,0
105019,'1192735',1904,,9330,8,,,0
105019,'1192821',2047,,9331,8,,,0
105019,'1192836',1807,,9332,8,,,0
105019,'1192847',534,,9333,8,,,0
105019,'1192875',1539,,9334,8,,,0
105019,'1193045',806,,9335,8,,,0
105019,'1193298',1039,,9336,8,,,0
