20029,'1184476',1852,,5420,12,,,0
20029,'1184486',1532,,5421,12,,,0
20029,'1184501',2129,,5422,12,,,0
20029,'1184535',2352,,5423,12,,,0
20029,'1184547',1152,,5424,12,,,0
20029,'1184550',2357,,5425,12,,,0
20029,'1184581',628,,5426,12,,,0
20029,'1184650',2052,,5427,12,,,0
20029,'1184655',757,,5428,12,,,0
20029,'1184717',2258,,5429,12,,,0
20029,'1184725',1431,,5430,12,,,0
20029,'1184728',657,,5431,12,,,0
20029,'1184737',1352,,5432,12,,,0
20029,'1184743',1358,,5433,12,,,0
20029,'1184817',759,,5434,12,,,0
20029,'1184842',2152,,5435,12,,,0
20029,'1184971',658,,5436,12,,,0
20029,'1184992',952,,5437,12,,,0
20029,'1185019',1800,,5438,12,,,0
20029,'1185075',2329,,5439,12,,,0
20029,'1185118',1558,,5440,12,,,0
20029,'1185123',2058,,5441,12,,,0
20029,'1185171',1859,,5442,12,,,0
20029,'1185233',958,,5443,12,,,0
20029,'1185281',1758,,5444,12,,,0
20029,'1185399',1058,,5445,12,,,0
20029,'1185425',2158,,5446,12,,,0
20029,'1185465',1959,,5447,12,,,0
20029,'1185595',1631,,5448,12,,,0
20029,'1185633',752,,5449,12,,,0
20029,'1185644',1331,,5450,12,,,0
20029,'1185669',1952,,5451,12,,,0
20029,'1185737',852,,5452,12,,,0
20029,'1185820',1652,,5453,12,,,0
20029,'1185951',1730,,5454,12,,,0
20029,'1185978',2229,,5455,12,,,0
20029,'1186006',1752,,5456,12,,,0
20029,'1186009',830,,5457,12,,,0
20029,'1186017',857,,5458,12,,,0
20029,'1186060',1930,,5459,12,,,0
20029,'1186122',930,,5460,12,,,0
20029,'1186153',1158,,5461,12,,,0
20029,'1186189',1552,,5462,12,,,0
20029,'1186222',1252,,5463,12,,,0
20029,'1186358',1830,,5464,12,,,0
20029,'1186614',1701,,5465,12,,,0
20029,'1186645',2030,,5466,12,,,0
20029,'1186647',2252,,5467,12,,,0
20029,'1186654',1030,,5468,12,,,0
20029,'1186736',1658,,5469,12,,,0
20029,'1186787',1231,,5470,12,,,0
20029,'1186797',1452,,5471,12,,,0
20029,'1186931',1258,,5472,12,,,0
20029,'1186970',1052,,5473,12,,,0
20029,'1186985',1130,,5474,12,,,0
20029,'1187148',729,,5475,12,,,0
20029,'1187184',1458,,5476,12,,,0
23029,'1184815',1600,,5506,18,,,0
23029,'1184896',1128,,5507,18,,,0
23029,'1185296',1329,,5508,18,,,0
23029,'1185599',957,,5509,18,,,0
23029,'1185623',927,,5510,18,,,0
23029,'1185723',1528,,5511,18,,,0
23029,'1185835',1159,,5512,18,,,0
23029,'1185916',1359,,5513,18,,,0
23029,'1187007',1728,,5514,18,,,0
102029,'1184549',2007,,6235,25,,,0
102029,'1184571',1654,,6236,25,,,0
102029,'1184618',1739,,6237,25,,,0
102029,'1184669',937,,6238,25,,,0
102029,'1184714',2424,,6239,25,,,0
102029,'1184773',2124,,6240,25,,,0
102029,'1184809',2307,,6241,25,,,0
102029,'1184861',839,,6242,25,,,0
102029,'1184912',1954,,6243,25,,,0
102029,'1184978',1609,,6244,25,,,0
102029,'1184982',644,,6245,25,,,0
102029,'1185183',1324,,6246,25,,,0
102029,'1185253',2137,,6247,25,,,0
102029,'1185285',2054,,6248,25,,,0
102029,'1185358',807,,6249,25,,,0
102029,'1185373',1054,,6250,25,,,0
102029,'1185397',1237,,6251,25,,,0
102029,'1185401',724,,6252,25,,,0
102029,'1185461',754,,6253,25,,,0
102029,'1185534',2254,,6254,25,,,0
102029,'1185681',624,,6255,25,,,0
102029,'1185738',1524,,6256,25,,,0
102029,'1185784',1107,,6257,25,,,0
102029,'1185941',1224,,6258,25,,,0
102029,'1186057',924,,6259,25,,,0
102029,'1186170',1354,,6260,25,,,0
102029,'1186432',1009,,6261,25,,,0
102029,'1186530',1707,,6262,25,,,0
102029,'1186531',2354,,6263,25,,,0
102029,'1186607',1454,,6264,25,,,0
102029,'1186708',1439,,6265,25,,,0
102029,'1186709',1824,,6266,25,,,0
102029,'1186731',1537,,6267,25,,,0
102029,'1186819',2224,,6268,25,,,0
102029,'1186863',1754,,6269,25,,,0
102029,'1186948',1837,,6270,25,,,0
102029,'1186954',709,,6271,25,,,0
102029,'1186980',1154,,6272,25,,,0
102029,'1187047',1407,,6273,25,,,0
102029,'1187053',1924,,6274,25,,,0
102029,'1187089',1024,,6275,25,,,0
102029,'1187099',1624,,6276,25,,,0
102029,'1187198',854,,6277,25,,,0
