27019,'1190698',1912,,8707,2,,,0
27019,'1190710',1742,,8708,2,,,0
27019,'1190723',2241,,8709,2,,,0
27019,'1190917',2312,,8710,2,,,0
27019,'1190974',1656,,8711,2,,,0
27019,'1190996',741,,8712,2,,,0
27019,'1191047',1741,,8713,2,,,0
27019,'1191101',642,,8714,2,,,0
27019,'1191139',2212,,8715,2,,,0
27019,'1191143',1256,,8716,2,,,0
27019,'1191157',1456,,8717,2,,,0
27019,'1191209',1641,,8718,2,,,0
27019,'1191318',756,,8719,2,,,0
27019,'1191346',1142,,8720,2,,,0
27019,'1191460',1341,,8721,2,,,0
27019,'1191513',1441,,8722,2,,,0
27019,'1191616',941,,8723,2,,,0
27019,'1191713',1056,,8724,2,,,0
27019,'1191740',942,,8725,2,,,0
27019,'1191746',841,,8726,2,,,0
27019,'1191829',2012,,8727,2,,,0
27019,'1191871',1442,,8728,2,,,0
27019,'1191893',856,,8729,2,,,0
27019,'1191926',956,,8730,2,,,0
27019,'1191982',1956,,8731,2,,,0
27019,'1191990',2256,,8732,2,,,0
27019,'1192003',1856,,8733,2,,,0
27019,'1192181',2156,,8734,2,,,0
27019,'1192223',1041,,8735,2,,,0
27019,'1192272',1342,,8736,2,,,0
27019,'1192334',641,,8737,2,,,0
27019,'1192456',1241,,8738,2,,,0
27019,'1192470',1042,,8739,2,,,0
27019,'1192604',842,,8740,2,,,0
27019,'1192609',1542,,8741,2,,,0
27019,'1192670',2341,,8742,2,,,0
27019,'1192710',1242,,8743,2,,,0
27019,'1192777',1556,,8744,2,,,0
27019,'1192814',1941,,8745,2,,,0
27019,'1192867',1842,,8746,2,,,0
27019,'1192887',742,,8747,2,,,0
27019,'1192919',2141,,8748,2,,,0
27019,'1192945',1841,,8749,2,,,0
27019,'1192996',1756,,8750,2,,,0
27019,'1193065',2041,,8751,2,,,0
27019,'1193091',2056,,8752,2,,,0
27019,'1193100',1356,,8753,2,,,0
27019,'1193144',1541,,8754,2,,,0
27019,'1193173',1156,,8755,2,,,0
27019,'1193212',2112,,8756,2,,,0
27019,'1193249',1141,,8757,2,,,0
27019,'1193273',1642,,8758,2,,,0
