25019,'1190672',2239,,8481,14,,,0
25019,'1190682',923,,8482,14,,,0
25019,'1190694',739,,8483,14,,,0
25019,'1190780',2338,,8484,14,,,0
25019,'1190819',709,,8485,14,,,0
25019,'1190912',1839,,8486,14,,,0
25019,'1191039',1723,,8487,14,,,0
25019,'1191069',1938,,8488,14,,,0
25019,'1191124',2038,,8489,14,,,0
25019,'1191161',1638,,8490,14,,,0
25019,'1191291',823,,8491,14,,,0
25019,'1191327',1409,,8492,14,,,0
25019,'1191338',1038,,8493,14,,,0
25019,'1191351',1939,,8494,14,,,0
25019,'1191352',1439,,8495,14,,,0
25019,'1191409',938,,8496,14,,,0
25019,'1191435',1223,,8497,14,,,0
25019,'1191471',2123,,8498,14,,,0
25019,'1191478',2238,,8499,14,,,0
25019,'1191511',1739,,8500,14,,,0
25019,'1191525',1438,,8501,14,,,0
25019,'1191551',638,,8502,14,,,0
25019,'1191579',838,,8503,14,,,0
25019,'1191591',2323,,8504,14,,,0
25019,'1191596',2139,,8505,14,,,0
25019,'1191642',809,,8506,14,,,0
25019,'1191659',1623,,8507,14,,,0
25019,'1191842',1838,,8508,14,,,0
25019,'1191928',2039,,8509,14,,,0
25019,'1191935',839,,8510,14,,,0
25019,'1191950',1238,,8511,14,,,0
25019,'1191964',1538,,8512,14,,,0
25019,'1192103',2138,,8513,14,,,0
25019,'1192106',1209,,8514,14,,,0
25019,'1192141',2223,,8515,14,,,0
25019,'1192147',1323,,8516,14,,,0
25019,'1192241',2023,,8517,14,,,0
25019,'1192259',1338,,8518,14,,,0
25019,'1192277',1738,,8519,14,,,0
25019,'1192343',1109,,8520,14,,,0
25019,'1192356',1539,,8521,14,,,0
25019,'1192389',1423,,8522,14,,,0
25019,'1192432',1609,,8523,14,,,0
25019,'1192459',1023,,8524,14,,,0
25019,'1192477',2359,,8525,14,,,0
25019,'1192541',723,,8526,14,,,0
25019,'1192596',1509,,8527,14,,,0
25019,'1192742',1009,,8528,14,,,0
25019,'1192751',1138,,8529,14,,,0
25019,'1192774',1709,,8530,14,,,0
25019,'1192796',1309,,8531,14,,,0
25019,'1192828',1923,,8532,14,,,0
25019,'1192849',939,,8533,14,,,0
25019,'1192959',639,,8534,14,,,0
25019,'1193109',1639,,8535,14,,,0
25019,'1193121',738,,8536,14,,,0
25019,'1193125',1823,,8537,14,,,0
25019,'1193301',1123,,8538,14,,,0
25019,'1193312',1523,,8539,14,,,0
25019,'1193315',909,,8540,14,,,0
