101029,'1190605',1120,,9008,63,,,0
101029,'1190678',1323,,9009,63,,,0
101029,'1190897',1703,,9010,63,,,0
101029,'1190957',1020,,9011,63,,,0
101029,'1191059',903,,9012,63,,,0
101029,'1191088',1303,,9013,63,,,0
101029,'1191099',2103,,9014,63,,,0
101029,'1191397',1623,,9015,63,,,0
101029,'1191401',1103,,9016,63,,,0
101029,'1191454',1703,,9017,63,,,0
101029,'1191537',2103,,9018,63,,,0
101029,'1191600',1903,,9019,63,,,0
101029,'1191837',2303,,9020,63,,,0
101029,'1191844',1303,,9021,63,,,0
101029,'1191946',1423,,9022,63,,,0
101029,'1192220',2020,,9023,63,,,0
101029,'1192246',720,,9024,63,,,0
101029,'1192291',1503,,9025,63,,,0
101029,'1192305',2440,,9026,63,,,0
101029,'1192354',2303,,9027,63,,,0
101029,'1192401',903,,9028,63,,,0
101029,'1192520',1723,,9029,63,,,0
101029,'1192526',1503,,9030,63,,,0
101029,'1192600',2220,,9031,63,,,0
101029,'1192680',1523,,9032,63,,,0
101029,'1192726',1103,,9033,63,,,0
101029,'1192973',1820,,9034,63,,,0
101029,'1193049',820,,9035,63,,,0
101029,'1193165',1903,,9036,63,,,0
101029,'1193166',703,,9037,63,,,0
101029,'1193226',920,,9038,63,,,0
