103029,'1184553',1905,,6317,20,,,0
103029,'1184582',1436,,6318,20,,,0
103029,'1184715',938,,6319,20,,,0
103029,'1184746',1315,,6320,20,,,0
103029,'1184852',1736,,6321,20,,,0
103029,'1184872',1651,,6322,20,,,0
103029,'1184905',2007,,6323,20,,,0
103029,'1185063',2205,,6324,20,,,0
103029,'1185157',808,,6325,20,,,0
103029,'1185199',1708,,6326,20,,,0
103029,'1185213',1408,,6327,20,,,0
103029,'1185276',1108,,6328,20,,,0
103029,'1185297',2215,,6329,20,,,0
103029,'1185363',1521,,6330,20,,,0
103029,'1185387',2045,,6331,20,,,0
103029,'1185393',1745,,6332,20,,,0
103029,'1185419',1005,,6333,20,,,0
103029,'1185520',1306,,6334,20,,,0
103029,'1185558',750,,6335,20,,,0
103029,'1185665',1238,,6336,20,,,0
103029,'1185765',1136,,6337,20,,,0
103029,'1185899',1606,,6338,20,,,0
103029,'1185963',2035,,6339,20,,,0
103029,'1185965',1837,,6340,20,,,0
103029,'1185975',1015,,6341,20,,,0
103029,'1186147',920,,6342,20,,,0
103029,'1186270',2335,,6343,20,,,0
103029,'1186276',1145,,6344,20,,,0
103029,'1186283',1538,,6345,20,,,0
103029,'1186305',1615,,6346,20,,,0
103029,'1186329',2307,,6347,20,,,0
103029,'1186366',638,,6348,20,,,0
103029,'1186405',835,,6349,20,,,0
103029,'1186699',705,,6350,20,,,0
103029,'1186983',2137,,6351,20,,,0
103029,'1187131',845,,6352,20,,,0
103029,'1187135',1915,,6353,20,,,0
103029,'1187151',1445,,6354,20,,,0
