104029,'1190618',1411,,9248,21,,,0
104029,'1190628',1800,,9249,21,,,0
104029,'1190725',800,,9250,21,,,0
104029,'1190754',1030,,9251,21,,,0
104029,'1190787',1300,,9252,21,,,0
104029,'1190793',1830,,9253,21,,,0
104029,'1190961',1645,,9254,21,,,0
104029,'1191015',1541,,9255,21,,,0
104029,'1191060',1000,,9256,21,,,0
104029,'1191138',800,,9257,21,,,0
104029,'1191264',2300,,9258,21,,,0
104029,'1191265',915,,9259,21,,,0
104029,'1191297',645,,9260,21,,,0
104029,'1191332',1626,,9261,21,,,0
104029,'1191339',830,,9262,21,,,0
104029,'1191360',1530,,9263,21,,,0
104029,'1191502',1415,,9264,21,,,0
104029,'1191606',1600,,9265,21,,,0
104029,'1191664',2030,,9266,21,,,0
104029,'1191668',2145,,9267,21,,,0
104029,'1191699',800,,9268,21,,,0
104029,'1191901',2000,,9269,21,,,0
104029,'1191931',600,,9270,21,,,0
104029,'1192136',1200,,9271,21,,,0
104029,'1192243',1800,,9272,21,,,0
104029,'1192264',1711,,9273,21,,,0
104029,'1192282',1400,,9274,21,,,0
104029,'1192296',2200,,9275,21,,,0
104029,'1192329',715,,9276,21,,,0
104029,'1192460',1030,,9277,21,,,0
104029,'1192482',1456,,9278,21,,,0
104029,'1192831',1915,,9279,21,,,0
104029,'1192874',1745,,9280,21,,,0
104029,'1192986',2000,,9281,21,,,0
104029,'1192990',645,,9282,21,,,0
104029,'1193096',945,,9283,21,,,0
104029,'1193112',915,,9284,21,,,0
104029,'1193117',1156,,9285,21,,,0
104029,'1193136',2300,,9286,21,,,0
104029,'1193149',1326,,9287,21,,,0
104029,'1193215',1241,,9288,21,,,0
104029,'1193253',2130,,9289,21,,,0
104029,'1193281',1145,,9290,21,,,0
