104019,'1190671',942,,9201,30,,,0
104019,'1190814',2128,,9202,30,,,0
104019,'1190818',2113,,9203,30,,,0
104019,'1190892',813,,9204,30,,,0
104019,'1190936',1517,,9205,30,,,0
104019,'1190948',2342,,9206,30,,,0
104019,'1190986',1813,,9207,30,,,0
104019,'1191016',742,,9208,30,,,0
104019,'1191017',743,,9209,30,,,0
104019,'1191094',1943,,9210,30,,,0
104019,'1191310',858,,9212,30,,,0
104019,'1191311',1742,,9213,30,,,0
104019,'1191316',1602,,9214,30,,,0
104019,'1191321',2243,,9215,30,,,0
104019,'1191385',1728,,9217,30,,,0
104019,'1191418',1013,,9218,30,,,0
104019,'1191499',2358,,9219,30,,,0
104019,'1191536',1347,,9220,30,,,0
104019,'1191638',1542,,9222,30,,,0
104019,'1191722',928,,9223,30,,,0
104019,'1191770',743,,9224,30,,,0
104019,'1191825',658,,9225,30,,,0
104019,'1191885',628,,9226,30,,,0
104019,'1191947',1132,,9227,30,,,0
104019,'1191953',1243,,9228,30,,,0
104019,'1191956',1342,,9229,30,,,0
104019,'1191969',1302,,9230,30,,,0
104019,'1192007',1513,,9231,30,,,0
104019,'1192026',1858,,9232,30,,,0
104019,'1192189',2142,,9233,30,,,0
104019,'1192203',858,,9234,30,,,0
104019,'1192446',1217,,9235,30,,,0
104019,'1192457',1743,,9236,30,,,0
104019,'1192466',1358,,9237,30,,,0
104019,'1192607',1128,,9238,30,,,0
104019,'1192616',1142,,9239,30,,,0
104019,'1192795',1942,,9240,30,,,0
104019,'1192810',1432,,9241,30,,,0
104019,'1192924',2013,,9242,30,,,0
104019,'1192954',1647,,9243,30,,,0
104019,'1192997',1013,,9244,30,,,0
104019,'1193072',2418,,9245,30,,,0
104019,'1193232',2243,,9246,30,,,0
104019,'1193244',1628,,9247,30,,,0
