105019,'1190616',2223,,9291,38,,,0
105019,'1190769',1413,,9292,38,,,0
105019,'1190825',1623,,9293,38,,,0
105019,'1190865',1813,,9294,38,,,0
105019,'1190975',1843,,9295,38,,,0
105019,'1190992',1806,,9296,38,,,0
105019,'1190998',1206,,9297,38,,,0
105019,'1191007',1713,,9298,38,,,0
105019,'1191038',1506,,9299,38,,,0
105019,'1191063',955,,9300,38,,,0
105019,'1191065',1313,,9301,38,,,0
105019,'1191145',651,,9302,38,,,0
105019,'1191217',2304,,9303,38,,,0
105019,'1191294',1406,,9304,38,,,0
105019,'1191329',904,,9305,38,,,0
105019,'1191413',1023,,9306,38,,,0
105019,'1191457',1306,,9307,38,,,0
105019,'1191557',855,,9308,38,,,0
105019,'1191709',755,,9309,38,,,0
105019,'1191750',2251,,9310,38,,,0
105019,'1191859',704,,9311,38,,,0
105019,'1191891',1743,,9312,38,,,0
105019,'1192052',1906,,9313,38,,,0
105019,'1192113',621,,9314,38,,,0
105019,'1192142',1606,,9315,38,,,0
105019,'1192176',823,,9316,38,,,0
105019,'1192218',2351,,9317,38,,,0
105019,'1192236',1423,,9318,38,,,0
105019,'1192248',2051,,9319,38,,,0
105019,'1192267',1706,,9320,38,,,0
105019,'1192318',1106,,9321,38,,,0
105019,'1192337',1628,,9322,38,,,0
105019,'1192353',1458,,9323,38,,,0
105019,'1192579',1158,,9324,38,,,0
105019,'1192586',1223,,9325,38,,,0
105019,'1192598',2023,,9326,38,,,0
105019,'1192614',725,,9327,38,,,0
105019,'1192661',2151,,9328,38,,,0
105019,'1192725',1528,,9329,38,,,0
105019,'1192735',1921,,9330,38,,,0
105019,'1192821',2104,,9331,38,,,0
105019,'1192836',1823,,9332,38,,,0
105019,'1192847',551,,9333,38,,,0
105019,'1192875',1558,,9334,38,,,0
105019,'1193045',825,,9335,38,,,0
105019,'1193298',1058,,9336,38,,,0
