13029,'1184622',1453,,5183,4,,,0
13029,'1184639',1051,,5184,4,,,0
13029,'1184860',1752,,5185,4,,,0
13029,'1184887',1552,,5186,4,,,0
13029,'1184913',1153,,5187,4,,,0
13029,'1184970',1952,,5188,4,,,0
13029,'1184998',951,,5189,4,,,0
13029,'1185002',1252,,5190,4,,,0
13029,'1185007',1723,,5191,4,,,0
13029,'1185049',2121,,5192,4,,,0
13029,'1185060',2321,,5193,4,,,0
13029,'1185106',2352,,5194,4,,,0
13029,'1185152',2151,,5195,4,,,0
13029,'1185240',651,,5196,4,,,0
13029,'1185250',651,,5197,4,,,0
13029,'1185280',1452,,5198,4,,,0
13029,'1185334',752,,5199,4,,,0
13029,'1185377',1253,,5200,4,,,0
13029,'1185394',751,,5201,4,,,0
13029,'1185396',2051,,5202,4,,,0
13029,'1185484',922,,5203,4,,,0
13029,'1185577',2251,,5204,4,,,0
13029,'1185580',1753,,5205,4,,,0
13029,'1185812',2152,,5206,4,,,0
13029,'1185831',2351,,5207,4,,,0
13029,'1185869',1352,,5208,4,,,0
13029,'1185917',2252,,5209,4,,,0
13029,'1185937',1653,,5210,4,,,0
13029,'1185958',821,,5211,4,,,0
13029,'1185992',2221,,5212,4,,,0
13029,'1185993',851,,5213,4,,,0
13029,'1186136',1951,,5214,4,,,0
13029,'1186246',1652,,5215,4,,,0
13029,'1186268',1921,,5216,4,,,0
13029,'1186297',1452,,5217,4,,,0
13029,'1186340',2021,,5218,4,,,0
13029,'1186403',1021,,5219,4,,,0
13029,'1186434',1353,,5220,4,,,0
13029,'1186460',1252,,5221,4,,,0
13029,'1186504',721,,5222,4,,,0
13029,'1186525',1054,,5223,4,,,0
13029,'1186673',1821,,5224,4,,,0
13029,'1186687',621,,5225,4,,,0
13029,'1186776',1552,,5226,4,,,0
13029,'1186818',952,,5227,4,,,0
13029,'1186830',1524,,5228,5,,,0
13029,'1186833',1152,,5229,4,,,0
13029,'1186836',751,,5230,4,,,0
13029,'1186866',1852,,5231,4,,,0
13029,'1186888',1851,,5232,4,,,0
13029,'1186897',2052,,5233,4,,,0
13029,'1186901',1152,,5234,4,,,0
13029,'1186955',1553,,5235,4,,,0
13029,'1186976',852,,5236,4,,,0
13029,'1186982',852,,5237,4,,,0
13029,'1186992',1752,,5238,4,,,0
13029,'1187030',1623,,5239,4,,,0
13029,'1187120',952,,5240,4,,,0
13029,'1187142',1052,,5241,4,,,0
13029,'1187159',1652,,5242,4,,,0
13029,'1187173',1352,,5243,4,,,0
