10029,'1190625',2023,,7624,16,,,0
10029,'1190724',2323,,7625,16,,,0
10029,'1190730',2053,,7626,16,,,0
10029,'1190839',923,,7627,16,,,0
10029,'1190853',1923,,7628,16,,,0
10029,'1190869',1123,,7629,16,,,0
10029,'1190878',922,,7630,16,,,0
10029,'1191049',852,,7631,16,,,0
10029,'1191062',1723,,7632,16,,,0
10029,'1191108',823,,7633,16,,,0
10029,'1191123',1523,,7634,16,,,0
10029,'1191144',1422,,7635,16,,,0
10029,'1191159',1122,,7636,16,,,0
10029,'1191202',723,,7637,16,,,0
10029,'1191277',2357,,7638,16,,,0
10029,'1191483',1523,,7639,16,,,0
10029,'1191570',1322,,7640,16,,,0
10029,'1191573',1323,,7641,16,,,0
10029,'1191576',1223,,7642,16,,,0
10029,'1191584',2223,,7643,16,,,0
10029,'1191619',1523,,7644,16,,,0
10029,'1191622',1323,,7645,16,,,0
10029,'1191648',1723,,7646,16,,,0
10029,'1191723',1823,,7647,16,,,0
10029,'1191745',1023,,7648,16,,,0
10029,'1191751',1723,,7649,16,,,0
10029,'1191792',1423,,7650,16,,,0
10029,'1191801',1623,,7651,16,,,0
10029,'1191827',2023,,7652,16,,,0
10029,'1191830',622,,7653,16,,,0
10029,'1191857',1753,,7654,16,,,0
10029,'1191872',1853,,7655,16,,,0
10029,'1191903',1223,,7656,16,,,0
10029,'1191920',723,,7657,16,,,0
10029,'1191954',2123,,7658,16,,,0
10029,'1192064',722,,7659,16,,,0
10029,'1192201',1953,,7660,16,,,0
10029,'1192263',2252,,7661,16,,,0
10029,'1192276',822,,7662,16,,,0
10029,'1192303',823,,7663,16,,,0
10029,'1192360',652,,7664,16,,,0
10029,'1192391',923,,7665,16,,,0
10029,'1192433',1423,,7666,16,,,0
10029,'1192440',1452,,7667,16,,,0
10029,'1192529',1823,,7668,16,,,0
10029,'1192588',1623,,7669,16,,,0
10029,'1192664',2123,,7670,16,,,0
10029,'1192697',2223,,7671,16,,,0
10029,'1192781',1222,,7672,16,,,0
10029,'1192785',2153,,7673,16,,,0
10029,'1192846',1923,,7674,16,,,0
10029,'1192873',1623,,7675,16,,,0
10029,'1192880',1022,,7676,16,,,0
10029,'1192980',1123,,7677,16,,,0
10029,'1192995',752,,7678,16,,,0
10029,'1193051',1553,,7679,16,,,0
10029,'1193143',1653,,7680,16,,,0
10029,'1193171',1023,,7681,16,,,0
10029,'1193319',2323,,7682,16,,,0
