104019,'1184517',740,,6355,28,,,0
104019,'1184528',1511,,6356,28,,,0
104019,'1184559',741,,6357,28,,,0
104019,'1184617',940,,6359,28,,,0
104019,'1184688',626,,6360,28,,,0
104019,'1184877',1515,,6361,28,,,0
104019,'1184922',811,,6362,28,,,0
104019,'1184979',1726,,6363,28,,,0
104019,'1185038',1540,,6364,28,,,0
104019,'1185193',1011,,6365,28,,,0
104019,'1185278',2011,,6366,28,,,0
104019,'1185307',2111,,6367,28,,,0
104019,'1185470',2126,,6368,28,,,0
104019,'1185654',1856,,6370,28,,,0
104019,'1185670',2356,,6371,28,,,0
104019,'1185701',856,,6372,28,,,0
104019,'1185725',2140,,6373,28,,,0
104019,'1185733',1811,,6374,28,,,0
104019,'1185907',1741,,6375,28,,,0
104019,'1186067',1300,,6376,28,,,0
104019,'1186077',656,,6377,28,,,0
104019,'1186132',1011,,6378,28,,,0
104019,'1186146',1356,,6379,28,,,0
104019,'1186158',1140,,6380,28,,,0
104019,'1186167',1600,,6381,28,,,0
104019,'1186273',1645,,6382,28,,,0
104019,'1186311',1340,,6383,28,,,0
104019,'1186364',1215,,6384,28,,,0
104019,'1186429',1130,,6385,28,,,0
104019,'1186457',2241,,6386,28,,,0
104019,'1186466',1940,,6387,28,,,0
104019,'1186556',2340,,6388,28,,,0
104019,'1186581',2241,,6389,28,,,0
104019,'1186599',1740,,6390,28,,,0
104019,'1186640',1241,,6391,28,,,0
104019,'1186711',926,,6392,28,,,0
104019,'1186886',1626,,6393,28,,,0
104019,'1186953',856,,6394,28,,,0
104019,'1187029',1345,,6395,28,,,0
104019,'1187040',741,,6396,28,,,0
104019,'1187094',1430,,6398,28,,,0
104019,'1187116',2416,,6399,28,,,0
104019,'1187157',1941,,6400,28,,,0
104019,'1187171',1126,,6401,28,,,0
