101019,'1184474',1326,,6131,28,,,0
101019,'1184498',2327,,6132,28,,,0
101019,'1184507',726,,6133,28,,,0
101019,'1184589',2126,,6134,28,,,0
101019,'1184591',1127,,6135,28,,,0
101019,'1184796',1849,,6136,28,,,0
101019,'1184902',1527,,6137,28,,,0
101019,'1184924',927,,6138,28,,,0
101019,'1184925',2048,,6139,28,,,0
101019,'1185023',1149,,6140,28,,,0
101019,'1185092',1751,,6141,28,,,0
101019,'1185544',727,,6142,28,,,0
101019,'1185571',1726,,6143,28,,,0
101019,'1185573',1526,,6144,28,,,0
101019,'1185625',1049,,6145,28,,,0
101019,'1185636',849,,6146,28,,,0
101019,'1185684',1927,,6147,28,,,0
101019,'1185751',1451,,6148,28,,,0
101019,'1185803',949,,6149,28,,,0
101019,'1185998',1351,,6150,28,,,0
101019,'1186016',1126,,6151,28,,,0
101019,'1186053',926,,6152,28,,,0
101019,'1186087',2249,,6153,28,,,0
101019,'1186263',2127,,6154,28,,,0
101019,'1186308',1327,,6155,28,,,0
101019,'1186331',549,,6156,28,,,0
101019,'1186580',1551,,6157,28,,,0
101019,'1186587',1651,,6158,28,,,0
101019,'1186594',1727,,6159,28,,,0
101019,'1187104',1926,,6160,28,,,0
101019,'1187155',749,,6161,28,,,0
