26019,'1190663',1750,,8601,6,,,0
26019,'1190721',1705,,8602,6,,,0
26019,'1190773',2105,,8603,6,,,0
26019,'1190816',1050,,8604,6,,,0
26019,'1190845',2005,,8605,6,,,0
26019,'1190884',1105,,8606,6,,,0
26019,'1190966',1905,,8607,6,,,0
26019,'1190973',950,,8608,6,,,0
26019,'1191004',1650,,8609,6,,,0
26019,'1191025',1135,,8610,6,,,0
26019,'1191095',2205,,8611,6,,,0
26019,'1191169',750,,8612,6,,,0
26019,'1191218',1805,,8613,6,,,0
26019,'1191263',1605,,8614,6,,,0
26019,'1191344',605,,8615,6,,,0
26019,'1191406',1950,,8616,6,,,0
26019,'1191417',1905,,8617,6,,,0
26019,'1191428',1805,,8618,6,,,0
26019,'1191505',1405,,8619,6,,,0
26019,'1191534',2150,,8620,6,,,0
26019,'1191563',1250,,8621,6,,,0
26019,'1191610',1550,,8622,6,,,0
26019,'1191650',905,,8623,6,,,0
26019,'1191698',1605,,8624,6,,,0
26019,'1191711',1705,,8625,6,,,0
26019,'1191759',1305,,8626,6,,,0
26019,'1191851',2250,,8627,6,,,0
26019,'1191911',2205,,8628,6,,,0
26019,'1192083',705,,8629,6,,,0
26019,'1192096',605,,8630,6,,,0
26019,'1192137',1505,,8631,6,,,0
26019,'1192185',1335,,8632,6,,,0
26019,'1192319',2050,,8633,6,,,0
26019,'1192434',1435,,8634,6,,,0
26019,'1192436',1450,,8635,6,,,0
26019,'1192522',2305,,8636,6,,,0
26019,'1192547',1005,,8637,6,,,0
26019,'1192554',1150,,8638,6,,,0
26019,'1192558',1505,,8639,6,,,0
26019,'1192615',2305,,8640,6,,,0
26019,'1192663',1005,,8641,6,,,0
26019,'1192684',1350,,8642,6,,,0
26019,'1192817',1850,,8643,6,,,0
26019,'1192853',1205,,8644,6,,,0
26019,'1192866',1035,,8645,6,,,0
26019,'1192909',805,,8646,6,,,0
26019,'1192944',2005,,8647,6,,,0
26019,'1192988',905,,8648,6,,,0
26019,'1193013',1235,,8649,6,,,0
26019,'1193014',2105,,8650,6,,,0
26019,'1193129',705,,8651,6,,,0
26019,'1193182',805,,8652,6,,,0
26019,'1193318',850,,8653,6,,,0
