104019,'1191170',2406,,9211,11,,,0
104019,'1191355',2426,,9216,11,,,0
104019,'1191549',2351,,9221,11,,,0
104029,'1190618',1401,,9248,11,,,0
104029,'1190628',1751,,9249,11,,,0
104029,'1190725',751,,9250,11,,,0
104029,'1190754',1021,,9251,11,,,0
104029,'1190787',1251,,9252,11,,,0
104029,'1190793',1821,,9253,11,,,0
104029,'1190961',1636,,9254,11,,,0
104029,'1191015',1531,,9255,11,,,0
104029,'1191060',951,,9256,11,,,0
104029,'1191138',751,,9257,11,,,0
104029,'1191264',2251,,9258,11,,,0
104029,'1191265',906,,9259,11,,,0
104029,'1191297',636,,9260,11,,,0
104029,'1191332',1616,,9261,11,,,0
104029,'1191339',821,,9262,11,,,0
104029,'1191360',1521,,9263,11,,,0
104029,'1191502',1406,,9264,11,,,0
104029,'1191606',1551,,9265,11,,,0
104029,'1191664',2021,,9266,11,,,0
104029,'1191668',2136,,9267,11,,,0
104029,'1191699',751,,9268,11,,,0
104029,'1191901',1951,,9269,11,,,0
104029,'1191931',551,,9270,11,,,0
104029,'1192136',1151,,9271,11,,,0
104029,'1192243',1751,,9272,11,,,0
104029,'1192264',1701,,9273,11,,,0
104029,'1192282',1351,,9274,11,,,0
104029,'1192296',2151,,9275,11,,,0
104029,'1192329',706,,9276,11,,,0
104029,'1192460',1021,,9277,11,,,0
104029,'1192482',1446,,9278,11,,,0
104029,'1192831',1906,,9279,11,,,0
104029,'1192874',1736,,9280,11,,,0
104029,'1192986',1951,,9281,11,,,0
104029,'1192990',636,,9282,11,,,0
104029,'1193096',936,,9283,11,,,0
104029,'1193112',906,,9284,11,,,0
104029,'1193117',1146,,9285,11,,,0
104029,'1193136',2251,,9286,11,,,0
104029,'1193149',1316,,9287,11,,,0
104029,'1193215',1231,,9288,11,,,0
104029,'1193253',2121,,9289,11,,,0
104029,'1193281',1136,,9290,11,,,0
