10029,'1193433',1910,,10005,43,,,0
10029,'1193434',940,,10006,43,,,0
10029,'1193435',2010,,10007,43,,,0
10029,'1193438',839,,10008,43,,,0
10029,'1193440',1440,,10009,43,,,0
10029,'1193441',840,,10010,43,,,0
10029,'1193442',739,,10011,43,,,0
10029,'1193443',1340,,10012,43,,,0
10029,'1193444',1440,,10013,43,,,0
10029,'1193445',740,,10014,43,,,0
10029,'1193446',2110,,10015,43,,,0
10029,'1193448',1940,,10016,43,,,0
10029,'1193450',1840,,10017,43,,,0
10029,'1193453',1040,,10018,43,,,0
10029,'1193461',939,,10019,43,,,0
10029,'1193462',1240,,10020,43,,,0
10029,'1193463',1640,,10021,43,,,0
10029,'1193464',1840,,10022,43,,,0
10029,'1193466',1710,,10023,43,,,0
10029,'1193468',940,,10024,43,,,0
10029,'1193469',840,,10025,43,,,0
10029,'1193470',1240,,10026,43,,,0
10029,'1193471',2415,,10027,43,,,0
10029,'1193474',810,,10028,43,,,0
10029,'1193475',1040,,10029,43,,,0
10029,'1193476',1740,,10030,43,,,0
10029,'1193479',910,,10031,43,,,0
10029,'1193480',1640,,10032,43,,,0
10029,'1193481',1140,,10033,43,,,0
10029,'1193482',1740,,10034,43,,,0
10029,'1193483',1540,,10035,43,,,0
10029,'1193484',2239,,10036,43,,,0
10029,'1193487',2039,,10037,43,,,0
10029,'1193488',1510,,10038,43,,,0
10029,'1193491',1140,,10039,43,,,0
10029,'1193494',710,,10040,43,,,0
10029,'1193496',2210,,10041,43,,,0
10029,'1193497',2240,,10042,43,,,0
10029,'1193498',1610,,10043,43,,,0
10029,'1193499',2340,,10044,43,,,0
10029,'1193504',1540,,10045,43,,,0
10029,'1193505',1810,,10046,43,,,0
10029,'1193506',1540,,10047,43,,,0
10029,'1193509',1040,,10048,43,,,0
10029,'1193510',2139,,10049,43,,,0
10029,'1193514',2339,,10050,43,,,0
10029,'1193515',1140,,10051,43,,,0
10029,'1193520',640,,10052,43,,,0
10029,'1193521',1939,,10053,43,,,0
10029,'1193526',1340,,10054,43,,,0
10029,'1193528',1740,,10055,43,,,0
10029,'1193538',740,,10056,43,,,0
10029,'1193539',2310,,10057,43,,,0
10029,'1193542',1340,,10058,43,,,0
10029,'1193544',1240,,10059,43,,,0
10029,'1193546',1440,,10060,43,,,0
10029,'1193547',2140,,10061,43,,,0
10029,'1193548',1640,,10062,43,,,0
10029,'1193550',2040,,10063,43,,,0
103019,'1190614',1727,,9124,10,,,0
103019,'1190775',1557,,9125,10,,,0
103019,'1191005',957,,9126,10,,,0
103019,'1191109',1845,,9127,10,,,0
103019,'1191130',1246,,9128,10,,,0
103019,'1191167',2157,,9129,10,,,0
103019,'1191203',1716,,9130,10,,,0
103019,'1191247',2015,,9131,10,,,0
103019,'1191446',1857,,9132,10,,,0
103019,'1191553',2027,,9133,10,,,0
103019,'1191632',1516,,9134,10,,,0
103019,'1191705',2315,,9135,10,,,0
103019,'1191773',1416,,9136,10,,,0
103019,'1191800',1501,,9137,10,,,0
103019,'1191826',645,,9139,10,,,0
103019,'1191854',1127,,9140,10,,,0
103019,'1191877',1116,,9141,10,,,0
103019,'1191892',1427,,9142,10,,,0
103019,'1192012',2245,,9143,10,,,0
103019,'1192046',945,,9144,10,,,0
103019,'1192093',1257,,9145,10,,,0
103019,'1192234',1546,,9146,10,,,0
103019,'1192444',815,,9147,10,,,0
103019,'1192450',1045,,9148,10,,,0
103019,'1192461',1815,,9149,10,,,0
103019,'1192624',900,,9150,10,,,0
103019,'1192801',915,,9151,10,,,0
103019,'1192848',745,,9152,10,,,0
103019,'1192864',2115,,9153,10,,,0
103019,'1192885',1945,,9154,10,,,0
103019,'1192886',1646,,9155,10,,,0
103019,'1192894',827,,9156,10,,,0
103019,'1192968',1631,,9157,10,,,0
103019,'1192976',2327,,9158,10,,,0
103019,'1193060',730,,9159,10,,,0
103019,'1193217',2145,,9160,10,,,0
103019,'1193247',1346,,9161,10,,,0
103019,'1193317',1216,,9162,10,,,0
