20019,'1184488',2010,,5362,6,,,0
20019,'1184554',1710,,5363,6,,,0
20019,'1184699',2334,,5364,6,,,0
20019,'1184713',1834,,5365,6,,,0
20019,'1184748',2140,,5366,6,,,0
20019,'1184774',1934,,5367,6,,,0
20019,'1184821',1840,,5368,6,,,0
20019,'1184862',2034,,5369,6,,,0
20019,'1184897',1010,,5370,6,,,0
20019,'1184938',1740,,5371,6,,,0
20019,'1184939',934,,5372,6,,,0
20019,'1184957',1210,,5373,6,,,0
20019,'1184972',1640,,5374,6,,,0
20019,'1184999',740,,5375,6,,,0
20019,'1185013',834,,5376,6,,,0
20019,'1185051',1140,,5377,6,,,0
20019,'1185099',1134,,5378,6,,,0
20019,'1185144',1640,,5379,6,,,0
20019,'1185227',1810,,5380,6,,,0
20019,'1185251',1110,,5381,6,,,0
20019,'1185282',910,,5382,6,,,0
20019,'1185289',1040,,5383,6,,,0
20019,'1185337',639,,5384,6,,,0
20019,'1185357',1034,,5385,6,,,0
20019,'1185458',810,,5386,6,,,0
20019,'1185518',1540,,5387,6,,,0
20019,'1185519',1434,,5388,6,,,0
20019,'1185543',1334,,5389,6,,,0
20019,'1185553',940,,5390,6,,,0
20019,'1185592',2110,,5391,6,,,0
20019,'1185649',1734,,5392,6,,,0
20019,'1185700',2310,,5393,6,,,0
20019,'1185747',1310,,5394,6,,,0
20019,'1185774',1940,,5395,6,,,0
20019,'1185789',1510,,5396,6,,,0
20019,'1185888',609,,5397,6,,,0
20019,'1185929',1340,,5398,6,,,0
20019,'1185943',1740,,5399,6,,,0
20019,'1185949',840,,5400,6,,,0
20019,'1185968',2040,,5401,6,,,0
20019,'1186055',1440,,5402,6,,,0
20019,'1186063',2410,,5403,6,,,0
20019,'1186155',1610,,5404,6,,,0
20019,'1186265',1634,,5405,6,,,0
20019,'1186425',2134,,5406,6,,,0
20019,'1186440',2234,,5407,6,,,0
20019,'1186447',734,,5408,6,,,0
20019,'1186449',640,,5409,6,,,0
20019,'1186589',1234,,5410,6,,,0
20019,'1186680',710,,5411,6,,,0
20019,'1186692',2339,,5412,6,,,0
20019,'1186734',2210,,5413,6,,,0
20019,'1186752',1410,,5414,6,,,0
20019,'1186775',1910,,5415,6,,,0
20019,'1186851',1534,,5416,6,,,0
20019,'1186893',1240,,5417,6,,,0
20019,'1186932',740,,5418,6,,,0
20019,'1187026',2240,,5419,6,,,0
102019,'1184511',1638,,6193,6,,,0
102019,'1184544',1624,,6194,6,,,0
102019,'1184563',1724,,6195,6,,,0
102019,'1184592',2324,,6196,6,,,0
102019,'1184600',1338,,6197,6,,,0
102019,'1184614',1208,,6198,6,,,0
102019,'1184677',2154,,6199,6,,,0
102019,'1184703',1124,,6200,6,,,0
102019,'1184798',2224,,6201,6,,,0
102019,'1184845',939,,6202,6,,,0
102019,'1184904',2354,,6203,6,,,0
102019,'1184994',1554,,6204,6,,,0
102019,'1185093',1539,,6205,6,,,0
102019,'1185114',1754,,6206,6,,,0
102019,'1185228',1454,,6207,6,,,0
102019,'1185238',2238,,6208,6,,,0
102019,'1185323',1154,,6209,6,,,0
102019,'1185453',554,,6210,6,,,0
102019,'1185639',1254,,6211,6,,,0
102019,'1185693',724,,6212,6,,,0
102019,'1185825',654,,6213,6,,,0
102019,'1185886',1808,,6214,6,,,0
102019,'1185919',2024,,6215,6,,,0
102019,'1185931',738,,6216,6,,,0
102019,'1186030',954,,6217,6,,,0
102019,'1186046',1709,,6218,6,,,0
102019,'1186119',1409,,6219,6,,,0
102019,'1186150',809,,6220,6,,,0
102019,'1186325',1024,,6221,6,,,0
102019,'1186337',908,,6222,6,,,0
102019,'1186374',1508,,6223,6,,,0
102019,'1186494',1038,,6224,6,,,0
102019,'1186567',1924,,6225,6,,,0
102019,'1186658',1324,,6226,6,,,0
102019,'1186672',1854,,6227,6,,,0
102019,'1186705',1424,,6228,6,,,0
102019,'1186774',854,,6229,6,,,0
102019,'1186786',639,,6230,6,,,0
102019,'1186906',2108,,6231,6,,,0
102019,'1186915',2054,,6232,6,,,0
102019,'1186949',824,,6233,6,,,0
102019,'1187070',1938,,6234,6,,,0
