20019,'1190619',640,,8208,8,,,0
20019,'1190641',1710,,8209,8,,,0
20019,'1190738',609,,8210,8,,,0
20019,'1190758',1640,,8211,8,,,0
20019,'1190774',1840,,8212,8,,,0
20019,'1190805',1410,,8213,8,,,0
20019,'1190807',1534,,8214,8,,,0
20019,'1190842',934,,8215,8,,,0
20019,'1190858',2339,,8216,8,,,0
20019,'1190934',1734,,8217,8,,,0
20019,'1190997',810,,8218,8,,,0
20019,'1191053',840,,8219,8,,,0
20019,'1191089',2140,,8220,8,,,0
20019,'1191136',1910,,8221,8,,,0
20019,'1191180',1340,,8222,8,,,0
20019,'1191184',2234,,8223,8,,,0
20019,'1191306',710,,8224,8,,,0
20019,'1191365',2110,,8225,8,,,0
20019,'1191367',2040,,8226,8,,,0
20019,'1191384',1034,,8227,8,,,0
20019,'1191430',1540,,8228,8,,,0
20019,'1191441',1740,,8229,8,,,0
20019,'1191475',1834,,8230,8,,,0
20019,'1191503',940,,8231,8,,,0
20019,'1191504',1934,,8232,8,,,0
20019,'1191515',639,,8233,8,,,0
20019,'1191641',1810,,8234,8,,,0
20019,'1191710',2134,,8235,8,,,0
20019,'1191735',1940,,8236,8,,,0
20019,'1191765',1040,,8237,8,,,0
20019,'1191794',834,,8238,8,,,0
20019,'1191882',2240,,8239,8,,,0
20019,'1191930',1640,,8240,8,,,0
20019,'1191994',1110,,8241,8,,,0
20019,'1192132',1310,,8242,8,,,0
20019,'1192365',1740,,8243,8,,,0
20019,'1192376',1210,,8244,8,,,0
20019,'1192411',1334,,8245,8,,,0
20019,'1192417',1434,,8246,8,,,0
20019,'1192420',1234,,8247,8,,,0
20019,'1192518',740,,8248,8,,,0
20019,'1192652',2334,,8249,8,,,0
20019,'1192666',2034,,8250,8,,,0
20019,'1192708',734,,8251,8,,,0
20019,'1192714',1140,,8252,8,,,0
20019,'1192729',1010,,8253,8,,,0
20019,'1192784',2210,,8254,8,,,0
20019,'1192905',1610,,8255,8,,,0
20019,'1192913',1134,,8256,8,,,0
20019,'1192933',2010,,8257,8,,,0
20019,'1193041',2310,,8258,8,,,0
20019,'1193116',2410,,8259,8,,,0
20019,'1193175',740,,8260,8,,,0
20019,'1193197',910,,8261,8,,,0
20019,'1193231',1240,,8262,8,,,0
20019,'1193236',1440,,8263,8,,,0
20019,'1193271',1634,,8264,8,,,0
20019,'1193274',1510,,8265,8,,,0
102019,'1190597',2055,,9039,8,,,0
102019,'1190642',1209,,9040,8,,,0
102019,'1190683',1325,,9041,8,,,0
102019,'1190693',2225,,9042,8,,,0
102019,'1190718',1855,,9043,8,,,0
102019,'1190741',1125,,9044,8,,,0
102019,'1190744',2239,,9045,8,,,0
102019,'1190821',1639,,9046,8,,,0
102019,'1190958',2325,,9047,8,,,0
102019,'1191221',640,,9048,8,,,0
102019,'1191235',955,,9049,8,,,0
102019,'1191363',825,,9050,8,,,0
102019,'1191366',1939,,9051,8,,,0
102019,'1191400',2109,,9052,8,,,0
102019,'1191449',1625,,9053,8,,,0
102019,'1191519',1425,,9054,8,,,0
102019,'1191533',940,,9055,8,,,0
102019,'1191546',909,,9056,8,,,0
102019,'1191550',1555,,9057,8,,,0
102019,'1191628',1725,,9058,8,,,0
102019,'1191743',1255,,9059,8,,,0
102019,'1191774',855,,9060,8,,,0
102019,'1191788',1410,,9061,8,,,0
102019,'1191823',2025,,9062,8,,,0
102019,'1192057',1339,,9063,8,,,0
102019,'1192080',1925,,9064,8,,,0
102019,'1192239',1155,,9065,8,,,0
102019,'1192244',2355,,9066,8,,,0
102019,'1192255',1025,,9067,8,,,0
102019,'1192441',555,,9068,8,,,0
102019,'1192464',655,,9069,8,,,0
102019,'1192471',1039,,9070,8,,,0
102019,'1192484',810,,9071,8,,,0
102019,'1192625',1710,,9072,8,,,0
102019,'1192766',2155,,9073,8,,,0
102019,'1192942',1755,,9074,8,,,0
102019,'1192981',1509,,9075,8,,,0
102019,'1193042',1809,,9076,8,,,0
102019,'1193104',1540,,9077,8,,,0
102019,'1193216',1455,,9078,8,,,0
102019,'1193256',739,,9079,8,,,0
102019,'1193275',725,,9080,8,,,0
