101019,'1184474',1309,,6131,5,,,0
101019,'1184498',2309,,6132,5,,,0
101019,'1184507',709,,6133,5,,,0
101019,'1184589',2109,,6134,5,,,0
101019,'1184591',1109,,6135,5,,,0
101019,'1184796',1829,,6136,5,,,0
101019,'1184902',1509,,6137,5,,,0
101019,'1184924',909,,6138,5,,,0
101019,'1184925',2028,,6139,5,,,0
101019,'1185023',1129,,6140,5,,,0
101019,'1185092',1732,,6141,5,,,0
101019,'1185544',709,,6142,5,,,0
101019,'1185571',1709,,6143,5,,,0
101019,'1185573',1509,,6144,5,,,0
101019,'1185625',1029,,6145,5,,,0
101019,'1185636',829,,6146,5,,,0
101019,'1185684',1909,,6147,5,,,0
101019,'1185751',1432,,6148,5,,,0
101019,'1185803',929,,6149,5,,,0
101019,'1185998',1332,,6150,5,,,0
101019,'1186016',1109,,6151,5,,,0
101019,'1186053',909,,6152,5,,,0
101019,'1186087',2229,,6153,5,,,0
101019,'1186263',2109,,6154,5,,,0
101019,'1186308',1309,,6155,5,,,0
101019,'1186331',529,,6156,5,,,0
101019,'1186580',1532,,6157,5,,,0
101019,'1186587',1632,,6158,5,,,0
101019,'1186594',1709,,6159,5,,,0
101019,'1187104',1909,,6160,5,,,0
101019,'1187155',729,,6161,5,,,0
