105019,'1190616',2209,,9291,17,,,0
105019,'1190769',1357,,9292,17,,,0
105019,'1190825',1609,,9293,17,,,0
105019,'1190865',1757,,9294,17,,,0
105019,'1190975',1827,,9295,17,,,0
105019,'1190992',1752,,9296,17,,,0
105019,'1190998',1152,,9297,17,,,0
105019,'1191007',1657,,9298,17,,,0
105019,'1191038',1452,,9299,17,,,0
105019,'1191063',939,,9300,17,,,0
105019,'1191065',1257,,9301,17,,,0
105019,'1191145',636,,9302,17,,,0
105019,'1191217',2250,,9303,17,,,0
105019,'1191294',1352,,9304,17,,,0
105019,'1191329',850,,9305,17,,,0
105019,'1191413',1009,,9306,17,,,0
105019,'1191457',1252,,9307,17,,,0
105019,'1191557',839,,9308,17,,,0
105019,'1191709',739,,9309,17,,,0
105019,'1191750',2236,,9310,17,,,0
105019,'1191859',650,,9311,17,,,0
105019,'1191891',1727,,9312,17,,,0
105019,'1192052',1852,,9313,17,,,0
105019,'1192113',606,,9314,17,,,0
105019,'1192142',1552,,9315,17,,,0
105019,'1192176',809,,9316,17,,,0
105019,'1192218',2336,,9317,17,,,0
105019,'1192236',1409,,9318,17,,,0
105019,'1192248',2036,,9319,17,,,0
105019,'1192267',1652,,9320,17,,,0
105019,'1192318',1052,,9321,17,,,0
105019,'1192337',1612,,9322,17,,,0
105019,'1192353',1442,,9323,17,,,0
105019,'1192579',1142,,9324,17,,,0
105019,'1192586',1209,,9325,17,,,0
105019,'1192598',2009,,9326,17,,,0
105019,'1192614',709,,9327,17,,,0
105019,'1192661',2136,,9328,17,,,0
105019,'1192725',1512,,9329,17,,,0
105019,'1192735',1906,,9330,17,,,0
105019,'1192821',2050,,9331,17,,,0
105019,'1192836',1809,,9332,17,,,0
105019,'1192847',536,,9333,17,,,0
105019,'1192875',1542,,9334,17,,,0
105019,'1193045',809,,9335,17,,,0
105019,'1193298',1042,,9336,17,,,0
