101029,'1190605',1100,,9008,35,,,0
101029,'1190678',1302,,9009,35,,,0
101029,'1190897',1643,,9010,35,,,0
101029,'1190957',1000,,9011,35,,,0
101029,'1191059',843,,9012,35,,,0
101029,'1191088',1243,,9013,35,,,0
101029,'1191099',2043,,9014,35,,,0
101029,'1191397',1602,,9015,35,,,0
101029,'1191401',1043,,9016,35,,,0
101029,'1191454',1644,,9017,35,,,0
101029,'1191537',2044,,9018,35,,,0
101029,'1191600',1844,,9019,35,,,0
101029,'1191837',2244,,9020,35,,,0
101029,'1191844',1244,,9021,35,,,0
101029,'1191946',1402,,9022,35,,,0
101029,'1192220',2000,,9023,35,,,0
101029,'1192246',700,,9024,35,,,0
101029,'1192291',1444,,9025,35,,,0
101029,'1192305',2420,,9026,35,,,0
101029,'1192354',2243,,9027,35,,,0
101029,'1192401',844,,9028,35,,,0
101029,'1192520',1702,,9029,35,,,0
101029,'1192526',1443,,9030,35,,,0
101029,'1192600',2200,,9031,35,,,0
101029,'1192680',1502,,9032,35,,,0
101029,'1192726',1044,,9033,35,,,0
101029,'1192973',1800,,9034,35,,,0
101029,'1193049',800,,9035,35,,,0
101029,'1193165',1843,,9036,35,,,0
101029,'1193166',644,,9037,35,,,0
101029,'1193226',900,,9038,35,,,0
