101019,'1190633',1142,,8977,17,,,0
101019,'1190779',1320,,8978,17,,,0
101019,'1190804',1119,,8979,17,,,0
101019,'1190956',2120,,8980,17,,,0
101019,'1191198',542,,8981,17,,,0
101019,'1191312',919,,8982,17,,,0
101019,'1191333',2242,,8983,17,,,0
101019,'1191377',1520,,8984,17,,,0
101019,'1191380',2119,,8985,17,,,0
101019,'1191432',1720,,8986,17,,,0
101019,'1191480',1344,,8987,17,,,0
101019,'1191543',1919,,8988,17,,,0
101019,'1191977',1319,,8989,17,,,0
101019,'1192063',842,,8990,17,,,0
101019,'1192135',1042,,8991,17,,,0
101019,'1192166',1842,,8992,17,,,0
101019,'1192271',942,,8993,17,,,0
101019,'1192368',1519,,8994,17,,,0
101019,'1192448',920,,8995,17,,,0
101019,'1192613',742,,8996,17,,,0
101019,'1192782',1644,,8997,17,,,0
101019,'1192859',1120,,8998,17,,,0
101019,'1192896',1920,,8999,17,,,0
101019,'1192902',719,,9000,17,,,0
101019,'1192958',2041,,9001,17,,,0
101019,'1192961',720,,9002,17,,,0
101019,'1192963',2320,,9003,17,,,0
101019,'1193022',1444,,9004,17,,,0
101019,'1193099',1719,,9005,17,,,0
101019,'1193164',1544,,9006,17,,,0
101019,'1193193',1744,,9007,17,,,0
101029,'1190605',1108,,9008,46,,,0
101029,'1190678',1310,,9009,46,,,0
101029,'1190897',1651,,9010,46,,,0
101029,'1190957',1008,,9011,46,,,0
101029,'1191059',851,,9012,46,,,0
101029,'1191088',1251,,9013,46,,,0
101029,'1191099',2051,,9014,46,,,0
101029,'1191397',1610,,9015,46,,,0
101029,'1191401',1051,,9016,46,,,0
101029,'1191454',1651,,9017,46,,,0
101029,'1191537',2051,,9018,46,,,0
101029,'1191600',1851,,9019,46,,,0
101029,'1191837',2251,,9020,46,,,0
101029,'1191844',1251,,9021,46,,,0
101029,'1191946',1410,,9022,46,,,0
101029,'1192220',2008,,9023,46,,,0
101029,'1192246',708,,9024,46,,,0
101029,'1192291',1451,,9025,46,,,0
101029,'1192305',2428,,9026,46,,,0
101029,'1192354',2251,,9027,46,,,0
101029,'1192401',851,,9028,46,,,0
101029,'1192520',1710,,9029,46,,,0
101029,'1192526',1451,,9030,46,,,0
101029,'1192600',2208,,9031,46,,,0
101029,'1192680',1510,,9032,46,,,0
101029,'1192726',1051,,9033,46,,,0
101029,'1192973',1808,,9034,46,,,0
101029,'1193049',808,,9035,46,,,0
101029,'1193165',1851,,9036,46,,,0
101029,'1193166',651,,9037,46,,,0
101029,'1193226',908,,9038,46,,,0
