2019,'1190609',1608,,7220,13,,,0
2019,'1190673',1223,,7221,13,,,0
2019,'1190685',1208,,7222,13,,,0
2019,'1190689',1938,,7223,13,,,0
2019,'1190717',1708,,7224,13,,,0
2019,'1190761',1423,,7225,13,,,0
2019,'1190765',1238,,7226,13,,,0
2019,'1190771',1323,,7227,13,,,0
2019,'1190817',1308,,7228,13,,,0
2019,'1190891',2123,,7229,13,,,0
2019,'1190941',1523,,7230,13,,,0
2019,'1190953',808,,7231,13,,,0
2019,'1190999',1708,,7232,13,,,0
2019,'1191046',1738,,7233,13,,,0
2019,'1191054',2357,,7234,13,,,0
2019,'1191067',853,,7235,13,,,0
2019,'1191084',1423,,7236,13,,,0
2019,'1191125',1723,,7237,13,,,0
2019,'1191149',723,,7238,13,,,0
2019,'1191199',838,,7239,13,,,0
2019,'1191211',1553,,7240,13,,,0
2019,'1191224',1153,,7241,13,,,0
2019,'1191233',2222,,7242,13,,,0
2019,'1191252',2352,,7243,13,,,0
2019,'1191275',723,,7244,13,,,0
2019,'1191287',1323,,7245,13,,,0
2019,'1191383',1807,,7246,13,,,0
2019,'1191405',823,,7247,13,,,0
2019,'1191408',1253,,7248,13,,,0
2019,'1191447',1438,,7249,13,,,0
2019,'1191485',2107,,7250,13,,,0
2019,'1191495',1623,,7251,13,,,0
2019,'1191512',1308,,7252,13,,,0
2019,'1191527',923,,7253,13,,,0
2019,'1191539',1338,,7254,13,,,0
2019,'1191561',1738,,7255,13,,,0
2019,'1191615',2038,,7256,13,,,0
2019,'1191644',1008,,7257,13,,,0
2019,'1191646',1023,,7258,13,,,0
2019,'1191661',1638,,7259,13,,,0
2019,'1191691',1753,,7260,13,,,0
2019,'1191768',923,,7261,13,,,0
2019,'1191793',708,,7262,13,,,0
2019,'1191820',1023,,7263,13,,,0
2019,'1191850',738,,7264,13,,,0
2019,'1191864',1608,,7265,13,,,0
2019,'1191867',2223,,7266,13,,,0
2019,'1191873',1523,,7267,13,,,0
2019,'1191904',953,,7268,13,,,0
2019,'1191918',1922,,7269,13,,,0
2019,'1191932',2207,,7270,13,,,0
2019,'1191992',2337,,7271,13,,,0
2019,'1192029',1053,,7272,13,,,0
2019,'1192053',2137,,7273,13,,,0
2019,'1192089',1538,,7274,13,,,0
2019,'1192091',1208,,7275,13,,,0
2019,'1192130',1038,,7276,13,,,0
2019,'1192210',1823,,7277,13,,,0
2019,'1192225',1837,,7278,13,,,0
2019,'1192227',1653,,7279,13,,,0
2019,'1192252',2007,,7280,13,,,0
2019,'1192285',638,,7281,13,,,0
2019,'1192330',1008,,7282,13,,,0
2019,'1192352',1123,,7283,13,,,0
2019,'1192380',1238,,7284,13,,,0
2019,'1192437',753,,7285,13,,,0
2019,'1192442',1138,,7286,13,,,0
2019,'1192449',1223,,7287,13,,,0
2019,'1192523',1538,,7288,13,,,0
2019,'1192531',1508,,7289,13,,,0
2019,'1192546',1138,,7290,13,,,0
2019,'1192565',2023,,7291,13,,,0
2019,'1192577',2237,,7292,13,,,0
2019,'1192650',1923,,7293,13,,,0
2019,'1192668',1108,,7294,13,,,0
2019,'1192678',1438,,7295,13,,,0
2019,'1192698',823,,7296,13,,,0
2019,'1192722',1638,,7297,13,,,0
2019,'1192754',838,,7298,13,,,0
2019,'1192756',923,,7299,13,,,0
2019,'1192760',1623,,7300,13,,,0
2019,'1192800',1838,,7301,13,,,0
2019,'1192812',2323,,7302,13,,,0
2019,'1192865',1453,,7303,13,,,0
2019,'1192869',938,,7304,13,,,0
2019,'1192915',1408,,7305,13,,,0
2019,'1192923',1038,,7306,13,,,0
2019,'1192928',2008,,7307,13,,,0
2019,'1192930',1908,,7308,13,,,0
2019,'1192936',708,,7309,13,,,0
2019,'1192939',653,,7310,13,,,0
2019,'1192940',908,,7311,13,,,0
2019,'1192992',1353,,7312,13,,,0
2019,'1192994',1408,,7313,13,,,0
2019,'1193012',1723,,7314,13,,,0
2019,'1193057',1338,,7315,13,,,0
2019,'1193080',2052,,7316,13,,,0
2019,'1193128',753,,7317,13,,,0
2019,'1193163',1123,,7318,13,,,0
2019,'1193170',1108,,7319,13,,,0
2019,'1193177',2137,,7320,13,,,0
2019,'1193178',2307,,7321,13,,,0
2019,'1193210',1508,,7322,13,,,0
2019,'1193284',1808,,7323,13,,,0
2019,'1193308',2307,,7324,13,,,0
