13019,'1190607',934,,7967,29,,,0
13019,'1190622',834,,7968,29,,,0
13019,'1190640',1635,,7969,29,,,0
13019,'1190733',1034,,7970,29,,,0
13019,'1190801',1235,,7971,29,,,0
13019,'1190811',1934,,7972,29,,,0
13019,'1190911',734,,7973,29,,,0
13019,'1191064',1004,,7974,29,,,0
13019,'1191079',905,,7975,29,,,0
13019,'1191259',734,,7976,29,,,0
13019,'1191324',734,,7977,29,,,0
13019,'1191439',1736,,7978,29,,,0
13019,'1191443',604,,7979,3,,,0
13019,'1191477',2334,,7980,29,,,0
13019,'1191498',2234,,7981,29,,,0
13019,'1191524',634,,7982,3,,,0
13019,'1191613',1536,,7983,29,,,0
13019,'1191629',2234,,7984,29,,,0
13019,'1191635',2134,,7985,29,,,0
13019,'1191643',2104,,7986,29,,,0
13019,'1191663',1236,,7987,29,,,0
13019,'1191733',1037,,7988,29,,,0
13019,'1191945',1335,,7989,29,,,0
13019,'1192060',804,,7990,29,,,0
13019,'1192062',2204,,7991,29,,,0
13019,'1192072',1136,,7992,29,,,0
13019,'1192088',634,,7993,29,,,0
13019,'1192127',1506,,7994,29,,,0
13019,'1192154',1436,,7995,29,,,0
13019,'1192163',1435,,7996,29,,,0
13019,'1192228',835,,7997,29,,,0
13019,'1192253',1334,,7998,29,,,0
13019,'1192292',1634,,7999,29,,,0
13019,'1192313',834,,8000,29,,,0
13019,'1192426',1606,,8001,29,,,0
13019,'1192486',1706,,8002,29,,,0
13019,'1192492',1904,,8003,29,,,0
13019,'1192497',1135,,8004,29,,,0
13019,'1192498',1735,,8005,29,,,0
13019,'1192501',1804,,8006,29,,,0
13019,'1192533',1734,,8007,29,,,0
13019,'1192536',1034,,8008,29,,,0
13019,'1192544',2034,,8009,29,,,0
13019,'1192608',1434,,8010,29,,,0
13019,'1192610',934,,8011,29,,,0
13019,'1192637',2134,,8012,29,,,0
13019,'1192651',1834,,8013,29,,,0
13019,'1192715',2304,,8014,29,,,0
13019,'1192764',1934,,8015,29,,,0
13019,'1192811',2034,,8016,29,,,0
13019,'1192876',1636,,8017,29,,,0
13019,'1192895',935,,8018,29,,,0
13019,'1192920',1134,,8019,29,,,0
13019,'1192984',1234,,8020,29,,,0
13019,'1193039',1535,,8021,29,,,0
13019,'1193073',2004,,8022,29,,,0
13019,'1193083',2334,,8023,29,,,0
13019,'1193111',1534,,8024,29,,,0
13019,'1193132',704,,8025,29,,,0
13019,'1193188',1834,,8026,29,,,0
13019,'1193199',2409,,8027,29,,,0
13019,'1193221',1336,,8028,29,,,0
101029,'1190605',1045,,9008,20,,,0
101029,'1190678',1247,,9009,20,,,0
101029,'1190897',1628,,9010,20,,,0
101029,'1190957',945,,9011,20,,,0
101029,'1191059',828,,9012,20,,,0
101029,'1191088',1228,,9013,20,,,0
101029,'1191099',2028,,9014,20,,,0
101029,'1191397',1547,,9015,20,,,0
101029,'1191401',1028,,9016,20,,,0
101029,'1191454',1630,,9017,20,,,0
101029,'1191537',2030,,9018,20,,,0
101029,'1191600',1830,,9019,20,,,0
101029,'1191837',2230,,9020,20,,,0
101029,'1191844',1230,,9021,20,,,0
101029,'1191946',1347,,9022,20,,,0
101029,'1192220',1945,,9023,20,,,0
101029,'1192246',645,,9024,20,,,0
101029,'1192291',1430,,9025,20,,,0
101029,'1192305',2405,,9026,20,,,0
101029,'1192354',2228,,9027,20,,,0
101029,'1192401',830,,9028,20,,,0
101029,'1192520',1647,,9029,20,,,0
101029,'1192526',1428,,9030,20,,,0
101029,'1192600',2145,,9031,20,,,0
101029,'1192680',1447,,9032,20,,,0
101029,'1192726',1030,,9033,20,,,0
101029,'1192973',1745,,9034,20,,,0
101029,'1193049',745,,9035,20,,,0
101029,'1193165',1828,,9036,20,,,0
101029,'1193166',630,,9037,20,,,0
101029,'1193226',845,,9038,20,,,0
