12019,'1190645',1621,,7824,7,,,0
12019,'1190657',1750,,7825,7,,,0
12019,'1190716',650,,7826,7,,,0
12019,'1190720',1850,,7827,7,,,0
12019,'1190795',1650,,7828,7,,,0
12019,'1190815',1450,,7829,7,,,0
12019,'1190831',2150,,7830,7,,,0
12019,'1190872',850,,7831,7,,,0
12019,'1190904',2050,,7832,7,,,0
12019,'1190905',850,,7833,7,,,0
12019,'1190925',2020,,7834,7,,,0
12019,'1190938',1621,,7835,7,,,0
12019,'1191207',1751,,7836,7,,,0
12019,'1191227',1721,,7837,7,,,0
12019,'1191292',950,,7838,7,,,0
12019,'1191300',1521,,7839,7,,,0
12019,'1191320',2320,,7840,7,,,0
12019,'1191398',2150,,7841,7,,,0
12019,'1191414',1721,,7842,7,,,0
12019,'1191419',1451,,7843,7,,,0
12019,'1191420',2120,,7844,7,,,0
12019,'1191448',750,,7845,7,,,0
12019,'1191466',1651,,7846,7,,,0
12019,'1191470',1451,,7847,7,,,0
12019,'1191522',1051,,7848,7,,,0
12019,'1191559',1350,,7849,7,,,0
12019,'1191598',1151,,7850,7,,,0
12019,'1191639',1221,,7851,7,,,0
12019,'1191674',1121,,7852,7,,,0
12019,'1191686',1321,,7853,7,,,0
12019,'1191724',1550,,7854,7,,,0
12019,'1191785',1150,,7855,7,,,0
12019,'1191790',1050,,7856,7,,,0
12019,'1191803',1251,,7857,7,,,0
12019,'1191804',1551,,7858,7,,,0
12019,'1191818',1351,,7859,7,,,0
12019,'1191855',1850,,7860,7,,,0
12019,'1191973',1121,,7861,7,,,0
12019,'1191984',2350,,7862,7,,,0
12019,'1192006',1020,,7863,7,,,0
12019,'1192018',1251,,7864,7,,,0
12019,'1192022',1920,,7865,7,,,0
12019,'1192099',820,,7866,7,,,0
12019,'1192145',1351,,7867,7,,,0
12019,'1192151',750,,7868,7,,,0
12019,'1192194',720,,7869,7,,,0
12019,'1192261',1151,,7870,7,,,0
12019,'1192280',2220,,7871,7,,,0
12019,'1192281',1321,,7872,7,,,0
12019,'1192299',750,,7873,7,,,0
12019,'1192301',1221,,7874,7,,,0
12019,'1192340',1421,,7875,7,,,0
12019,'1192366',1820,,7876,7,,,0
12019,'1192412',920,,7877,7,,,0
12019,'1192428',850,,7878,7,,,0
12019,'1192530',1521,,7879,7,,,0
12019,'1192561',2350,,7880,7,,,0
12019,'1192582',1950,,7881,7,,,0
12019,'1192611',2250,,7882,7,,,0
12019,'1192642',620,,7883,7,,,0
12019,'1193003',1551,,7884,7,,,0
12019,'1193055',1651,,7885,7,,,0
12019,'1193068',950,,7886,7,,,0
12019,'1193119',2050,,7887,7,,,0
12019,'1193147',1051,,7888,7,,,0
12019,'1193167',1421,,7889,7,,,0
12019,'1193176',652,,7890,7,,,0
12019,'1193179',1950,,7891,7,,,0
12019,'1193229',1751,,7892,7,,,0
12019,'1193248',1250,,7893,7,,,0
12019,'1193280',2250,,7894,7,,,0
12019,'1193305',950,,7895,7,,,0
