10019,'1184485',2245,,4718,6,,,0
10019,'1184494',1445,,4719,6,,,0
10019,'1184588',2345,,4720,6,,,0
10019,'1184691',1345,,4721,6,,,0
10019,'1184710',2115,,4722,6,,,0
10019,'1184801',745,,4723,6,,,0
10019,'1184804',1645,,4724,6,,,0
10019,'1184847',1545,,4725,6,,,0
10019,'1184932',1245,,4726,6,,,0
10019,'1184956',1045,,4727,6,,,0
10019,'1185047',1145,,4728,6,,,0
10019,'1185103',2215,,4729,6,,,0
10019,'1185108',1045,,4730,6,,,0
10019,'1185124',1915,,4731,6,,,0
10019,'1185132',2245,,4732,6,,,0
10019,'1185156',1845,,4733,6,,,0
10019,'1185169',1815,,4734,6,,,0
10019,'1185191',1545,,4735,6,,,0
10019,'1185198',2045,,4736,6,,,0
10019,'1185284',815,,4737,6,,,0
10019,'1185333',1745,,4738,6,,,0
10019,'1185450',1745,,4739,6,,,0
10019,'1185473',1515,,4740,6,,,0
10019,'1185509',1845,,4741,6,,,0
10019,'1185547',1545,,4742,6,,,0
10019,'1185581',1445,,4743,6,,,0
10019,'1185594',945,,4744,6,,,0
10019,'1185618',1645,,4745,6,,,0
10019,'1185663',945,,4746,6,,,0
10019,'1185672',645,,4747,6,,,0
10019,'1185674',1045,,4748,6,,,0
10019,'1185752',645,,4749,6,,,0
10019,'1185771',1245,,4750,6,,,0
10019,'1185811',1615,,4751,6,,,0
10019,'1185892',2045,,4752,6,,,0
10019,'1185902',1445,,4753,6,,,0
10019,'1186039',845,,4754,6,,,0
10019,'1186042',1715,,4755,6,,,0
10019,'1186065',845,,4756,6,,,0
10019,'1186096',2015,,4757,6,,,0
10019,'1186123',945,,4758,6,,,0
10019,'1186214',2145,,4759,6,,,0
10019,'1186225',2145,,4760,6,,,0
10019,'1186253',1945,,4761,6,,,0
10019,'1186259',1645,,4762,6,,,0
10019,'1186300',715,,4763,6,,,0
10019,'1186368',1945,,4764,6,,,0
10019,'1186454',745,,4765,6,,,0
10019,'1186511',915,,4766,6,,,0
10019,'1186540',1345,,4767,6,,,0
10019,'1186560',1745,,4768,6,,,0
10019,'1186575',615,,4769,6,,,0
10019,'1186626',2315,,4770,6,,,0
10019,'1186703',1345,,4771,6,,,0
10019,'1186729',1145,,4772,6,,,0
10019,'1186922',845,,4773,6,,,0
10019,'1186978',1245,,4774,6,,,0
10019,'1187036',745,,4775,6,,,0
10019,'1187051',1145,,4776,6,,,0
10019,'1187191',2345,,4777,6,,,0
103029,'1184553',1902,,6317,12,,,0
103029,'1184582',1433,,6318,12,,,0
103029,'1184715',935,,6319,12,,,0
103029,'1184746',1312,,6320,12,,,0
103029,'1184852',1733,,6321,12,,,0
103029,'1184872',1648,,6322,12,,,0
103029,'1184905',2004,,6323,12,,,0
103029,'1185063',2202,,6324,12,,,0
103029,'1185157',805,,6325,12,,,0
103029,'1185199',1705,,6326,12,,,0
103029,'1185213',1405,,6327,12,,,0
103029,'1185276',1105,,6328,12,,,0
103029,'1185297',2212,,6329,12,,,0
103029,'1185363',1518,,6330,12,,,0
103029,'1185387',2042,,6331,12,,,0
103029,'1185393',1742,,6332,12,,,0
103029,'1185419',1002,,6333,12,,,0
103029,'1185520',1303,,6334,12,,,0
103029,'1185558',747,,6335,12,,,0
103029,'1185665',1235,,6336,12,,,0
103029,'1185765',1133,,6337,12,,,0
103029,'1185899',1603,,6338,12,,,0
103029,'1185963',2032,,6339,12,,,0
103029,'1185965',1834,,6340,12,,,0
103029,'1185975',1012,,6341,12,,,0
103029,'1186147',917,,6342,12,,,0
103029,'1186270',2332,,6343,12,,,0
103029,'1186276',1142,,6344,12,,,0
103029,'1186283',1535,,6345,12,,,0
103029,'1186305',1612,,6346,12,,,0
103029,'1186329',2304,,6347,12,,,0
103029,'1186366',635,,6348,12,,,0
103029,'1186405',832,,6349,12,,,0
103029,'1186699',702,,6350,12,,,0
103029,'1186983',2134,,6351,12,,,0
103029,'1187131',842,,6352,12,,,0
103029,'1187135',1912,,6353,12,,,0
103029,'1187151',1442,,6354,12,,,0
