105029,'1184521',1806,,6491,56,,,0
105029,'1184537',1336,,6492,56,,,0
105029,'1184580',918,,6493,56,,,0
105029,'1184670',1551,,6494,56,,,0
105029,'1184683',1149,,6495,56,,,0
105029,'1184808',2318,,6496,56,,,0
105029,'1184833',1021,,6497,56,,,0
105029,'1184834',2423,,6498,56,,,0
105029,'1184863',1236,,6499,56,,,0
105029,'1185104',1733,,6500,56,,,0
105029,'1185135',718,,6501,56,,,0
105029,'1185184',1333,,6502,56,,,0
105029,'1185215',1633,,6503,56,,,0
105029,'1185318',1349,,6504,56,,,0
105029,'1185332',1848,,6505,56,,,0
105029,'1185350',2018,,6506,56,,,0
105029,'1185359',2218,,6507,56,,,0
105029,'1185398',1033,,6508,56,,,0
105029,'1185412',831,,6509,56,,,0
105029,'1185440',1636,,6510,56,,,0
105029,'1185523',1433,,6511,56,,,0
105029,'1185630',2349,,6512,56,,,0
105029,'1185668',748,,6513,56,,,0
105029,'1185720',1949,,6514,56,,,0
105029,'1185827',2118,,6515,56,,,0
105029,'1185938',1451,,6516,56,,,0
105029,'1186005',1706,,6517,56,,,0
105029,'1186007',631,,6518,56,,,0
105029,'1186279',1521,,6519,56,,,0
105029,'1186282',1421,,6520,56,,,0
105029,'1186299',1533,,6521,56,,,0
105029,'1186335',2431,,6522,56,,,0
105029,'1186345',2149,,6523,56,,,0
105029,'1186387',1133,,6524,56,,,0
105029,'1186470',1121,,6525,56,,,0
105029,'1186485',2231,,6526,56,,,0
105029,'1186492',949,,6527,56,,,0
105029,'1186520',1749,,6528,56,,,0
105029,'1186715',749,,6529,56,,,0
105029,'1186740',1233,,6530,56,,,0
105029,'1186861',648,,6531,56,,,0
105029,'1186874',1736,,6532,56,,,0
105029,'1186924',1833,,6533,56,,,0
105029,'1187005',818,,6534,56,,,0
105029,'1187093',1549,,6535,56,,,0
105029,'1187132',2031,,6536,56,,,0
