24029,'1184518',1023,,5575,11,,,0
24029,'1184530',2038,,5576,11,,,0
24029,'1184606',2152,,5577,11,,,0
24029,'1184633',1922,,5578,11,,,0
24029,'1184641',1838,,5579,11,,,0
24029,'1184866',2122,,5580,11,,,0
24029,'1184886',2052,,5581,11,,,0
24029,'1184935',1454,,5582,11,,,0
24029,'1185043',1538,,5583,11,,,0
24029,'1185126',1822,,5584,11,,,0
24029,'1185145',1554,,5585,11,,,0
24029,'1185149',1423,,5586,11,,,0
24029,'1185155',2322,,5587,11,,,0
24029,'1185163',1438,,5588,11,,,0
24029,'1185269',652,,5589,11,,,0
24029,'1185416',1038,,5590,11,,,0
24029,'1185430',1238,,5591,11,,,0
24029,'1185456',838,,5592,11,,,0
24029,'1185575',1852,,5593,11,,,0
24029,'1185722',722,,5594,11,,,0
24029,'1185736',1523,,5595,11,,,0
24029,'1185748',621,,5596,11,,,0
24029,'1185766',2138,,5597,11,,,0
24029,'1185804',952,,5598,11,,,0
24029,'1185826',1124,,5599,11,,,0
24029,'1185858',1224,,5600,11,,,0
24029,'1185863',822,,5601,11,,,0
24029,'1185926',1754,,5602,11,,,0
24029,'1185940',1424,,5603,11,,,0
24029,'1185948',1938,,5604,11,,,0
24029,'1185977',1324,,5605,11,,,0
24029,'1186056',1654,,5606,11,,,0
24029,'1186126',2412,,5607,11,,,0
24029,'1186129',1722,,5608,11,,,0
24029,'1186160',738,,5609,11,,,0
24029,'1186212',1724,,5610,11,,,0
24029,'1186221',1622,,5611,11,,,0
24029,'1186242',2338,,5612,11,,,0
24029,'1186298',1323,,5613,11,,,0
24029,'1186320',1223,,5614,11,,,0
24029,'1186372',721,,5615,11,,,0
24029,'1186453',2238,,5616,11,,,0
24029,'1186489',923,,5617,11,,,0
24029,'1186491',1738,,5618,11,,,0
24029,'1186512',1123,,5619,11,,,0
24029,'1186553',1624,,5620,11,,,0
24029,'1186579',922,,5621,11,,,0
24029,'1186656',1022,,5622,11,,,0
24029,'1186661',1524,,5623,11,,,0
24029,'1186683',852,,5624,11,,,0
24029,'1186739',822,,5625,11,,,0
24029,'1186765',1138,,5626,11,,,0
24029,'1186839',2222,,5627,11,,,0
24029,'1186885',752,,5628,11,,,0
24029,'1186912',2252,,5629,11,,,0
24029,'1186933',1638,,5630,11,,,0
24029,'1186935',2022,,5631,11,,,0
24029,'1186968',938,,5632,11,,,0
24029,'1187057',1338,,5633,11,,,0
24029,'1187186',1952,,5634,11,,,0
105019,'1184475',1935,,6445,113,,,0
105019,'1184709',1905,,6446,113,,,0
105019,'1184754',1153,,6447,113,,,0
105019,'1184819',847,,6448,113,,,0
105019,'1184825',2339,,6449,113,,,0
105019,'1184879',1550,,6450,113,,,0
105019,'1184888',1047,,6451,113,,,0
105019,'1184928',1253,,6452,113,,,0
105019,'1184969',2351,,6453,113,,,0
105019,'1185022',2151,,6454,113,,,0
105019,'1185176',739,,6455,113,,,0
105019,'1185212',709,,6456,113,,,0
105019,'1185354',1953,,6457,113,,,0
105019,'1185498',2009,,6458,113,,,0
105019,'1185528',2106,,6459,113,,,0
105019,'1185550',1453,,6460,113,,,0
105019,'1185555',2306,,6461,113,,,0
105019,'1185569',1835,,6462,113,,,0
105019,'1185641',947,,6463,113,,,0
105019,'1185643',1906,,6464,113,,,0
105019,'1185695',1405,,6465,113,,,0
105019,'1185708',2139,,6466,113,,,0
105019,'1185807',1706,,6467,113,,,0
105019,'1185822',1353,,6468,113,,,0
105019,'1185894',1250,,6469,113,,,0
105019,'1186015',1505,,6470,113,,,0
105019,'1186061',1650,,6471,113,,,0
105019,'1186284',1506,,6472,113,,,0
105019,'1186380',1150,,6473,113,,,0
105019,'1186411',1306,,6474,113,,,0
105019,'1186477',1720,,6475,113,,,0
105019,'1186479',1106,,6476,113,,,0
105019,'1186519',1753,,6477,113,,,0
105019,'1186601',1805,,6478,113,,,0
105019,'1186602',817,,6479,113,,,0
105019,'1186613',906,,6480,113,,,0
105019,'1186624',1653,,6481,113,,,0
105019,'1186706',1853,,6482,113,,,0
105019,'1186813',951,,6483,113,,,0
105019,'1186864',2439,,6484,113,,,0
105019,'1186870',639,,6485,113,,,0
105019,'1186896',917,,6486,113,,,0
105019,'1187008',751,,6487,113,,,0
105019,'1187009',2239,,6488,113,,,0
105019,'1187061',1620,,6489,113,,,0
105019,'1187069',1553,,6490,113,,,0
106029,'1184503',1035,,6543,44,,,0
106029,'1184668',1907,,6544,44,,,0
106029,'1185934',1752,,6545,44,,,0
106029,'1185946',1637,,6546,44,,,0
106029,'1186791',920,,6547,44,,,0
106029,'1186882',805,,6548,44,,,0
140001019,'1184509',2222,,6549,23,,,0
140001019,'1184540',1952,,6550,23,,,0
140001019,'1184562',1647,,6551,23,,,0
140001019,'1184578',1632,,6552,23,,,0
140001019,'1184595',1617,,6553,23,,,0
140001019,'1184599',2252,,6554,23,,,0
140001019,'1184612',1852,,6555,23,,,0
140001019,'1184630',1837,,6556,23,,,0
140001019,'1184632',1209,,6557,23,,,0
140001019,'1184647',1022,,6558,23,,,0
140001019,'1184675',2122,,6559,23,,,0
140001019,'1184702',1823,,6560,23,,,0
140001019,'1184718',1122,,6561,23,,,0
140001019,'1184734',1753,,6562,23,,,0
140001019,'1184738',1208,,6563,23,,,0
140001019,'1184745',2222,,6564,23,,,0
140001019,'1184747',2009,,6565,23,,,0
140001019,'1184778',952,,6566,23,,,0
140001019,'1184790',652,,6567,23,,,0
140001019,'1184803',1408,,6568,23,,,0
140001019,'1184853',1922,,6569,23,,,0
140001019,'1184914',822,,6570,23,,,0
140001019,'1184921',737,,6571,23,,,0
140001019,'1184937',1532,,6572,23,,,0
140001019,'1184963',1153,,6573,23,,,0
140001019,'1185024',1609,,6574,23,,,0
140001019,'1185036',1353,,6575,23,,,0
140001019,'1185057',1907,,6576,23,,,0
140001019,'1185129',1802,,6577,23,,,0
140001019,'1185140',1223,,6578,23,,,0
140001019,'1185142',1608,,6579,23,,,0
140001019,'1185160',2052,,6580,23,,,0
140001019,'1185207',1837,,6581,23,,,0
140001019,'1185222',1353,,6582,23,,,0
140001019,'1185243',1107,,6583,23,,,0
140001019,'1185258',1553,,6584,23,,,0
140001019,'1185272',2409,,6585,23,,,0
140001019,'1185294',1937,,6586,23,,,0
140001019,'1185295',1508,,6587,23,,,0
140001019,'1185300',1602,,6588,23,,,0
140001019,'1185340',1309,,6589,23,,,0
140001019,'1185361',1338,,6590,23,,,0
140001019,'1185372',2022,,6591,23,,,0
140001019,'1185417',1502,,6592,23,,,0
140001019,'1185437',1538,,6593,23,,,0
140001019,'1185447',2107,,6594,23,,,0
140001019,'1185481',2122,,6595,23,,,0
140001019,'1185482',1547,,6596,23,,,0
140001019,'1185489',752,,6597,23,,,0
140001019,'1185490',707,,6598,23,,,0
140001019,'1185517',1808,,6599,23,,,0
140001019,'1185524',1822,,6600,23,,,0
140001019,'1185526',822,,6601,23,,,0
140001019,'1185529',852,,6602,23,,,0
140001019,'1185583',1038,,6603,23,,,0
140001019,'1185602',922,,6604,23,,,0
140001019,'1185685',1708,,6605,23,,,0
140001019,'1185691',2109,,6606,23,,,0
140001019,'1185692',2152,,6607,23,,,0
140001019,'1185707',1123,,6608,23,,,0
140001019,'1185713',1952,,6609,23,,,0
140001019,'1185792',1052,,6610,23,,,0
140001019,'1185801',1238,,6611,23,,,0
140001019,'1185823',2309,,6612,23,,,0
140001019,'1185833',1108,,6613,23,,,0
140001019,'1185847',1007,,6614,23,,,0
140001019,'1185859',1747,,6615,23,,,0
140001019,'1185906',1723,,6616,23,,,0
140001019,'1185973',752,,6617,23,,,0
140001019,'1185983',1653,,6618,23,,,0
140001019,'1185989',1308,,6619,23,,,0
140001019,'1186033',2352,,6620,23,,,0
140001019,'1186044',1308,,6621,23,,,0
140001019,'1186064',1709,,6622,23,,,0
140001019,'1186068',722,,6623,23,,,0
140001019,'1186078',1323,,6624,23,,,0
140001019,'1186080',2322,,6625,23,,,0
140001019,'1186083',1523,,6626,23,,,0
140001019,'1186095',807,,6627,23,,,0
140001019,'1186125',2209,,6628,23,,,0
140001019,'1186144',922,,6629,23,,,0
140001019,'1186163',852,,6630,23,,,0
140001019,'1186172',1138,,6631,23,,,0
140001019,'1186175',1009,,6632,23,,,0
140001019,'1186199',2422,,6633,23,,,0
140001019,'1186209',1432,,6634,23,,,0
140001019,'1186213',1253,,6635,23,,,0
140001019,'1186220',1509,,6636,23,,,0
140001019,'1186245',1323,,6637,23,,,0
140001019,'1186275',1223,,6638,23,,,0
140001019,'1186281',1638,,6639,23,,,0
140001019,'1186287',1438,,6640,23,,,0
140001019,'1186309',2037,,6641,23,,,0
140001019,'1186322',1138,,6642,23,,,0
140001019,'1186357',2252,,6643,23,,,0
140001019,'1186365',1702,,6644,23,,,0
140001019,'1186383',1109,,6645,23,,,0
140001019,'1186390',1007,,6646,23,,,0
140001019,'1186402',722,,6647,23,,,0
140001019,'1186436',1037,,6648,23,,,0
140001019,'1186451',2152,,6649,23,,,0
140001019,'1186459',1253,,6650,23,,,0
140001019,'1186490',1922,,6651,23,,,0
140001019,'1186521',937,,6652,23,,,0
140001019,'1186591',1517,,6653,23,,,0
140001019,'1186644',1153,,6654,23,,,0
140001019,'1186710',652,,6655,23,,,0
140001019,'1186778',1338,,6656,23,,,0
140001019,'1186796',952,,6657,23,,,0
140001019,'1186812',1907,,6658,23,,,0
140001019,'1186825',1738,,6659,23,,,0
140001019,'1186860',909,,6660,23,,,0
140001019,'1186877',2022,,6661,23,,,0
140001019,'1186946',1053,,6662,23,,,0
140001019,'1186987',907,,6663,23,,,0
140001019,'1186991',1623,,6664,23,,,0
140001019,'1186995',1447,,6665,23,,,0
140001019,'1187006',2422,,6666,23,,,0
140001019,'1187023',1022,,6667,23,,,0
140001019,'1187024',1423,,6668,23,,,0
140001019,'1187027',1717,,6669,23,,,0
140001019,'1187043',2052,,6670,23,,,0
140001019,'1187049',2347,,6671,23,,,0
140001019,'1187052',1408,,6672,23,,,0
140001019,'1187055',1732,,6673,23,,,0
140001019,'1187062',1409,,6674,23,,,0
140001019,'1187067',809,,6675,23,,,0
140001019,'1187073',2322,,6676,23,,,0
140001019,'1187080',2007,,6677,23,,,0
140001019,'1187087',1809,,6678,23,,,0
140001019,'1187102',1238,,6679,23,,,0
140001019,'1187152',1909,,6680,23,,,0
140001019,'1187156',1453,,6681,23,,,0
140001019,'1187161',1811,,6682,23,,,0
140001019,'1187178',1852,,6683,23,,,0
140001019,'1187181',837,,6684,23,,,0
140001019,'1187193',1208,,6685,23,,,0
