2029,'1184483',1832,,4479,16,,,0
2029,'1184510',1203,,4480,16,,,0
2029,'1184555',1549,,4481,16,,,0
2029,'1184566',2201,,4482,16,,,0
2029,'1184576',1649,,4483,16,,,0
2029,'1184598',1519,,4484,16,,,0
2029,'1184615',1049,,4485,16,,,0
2029,'1184638',948,,4486,16,,,0
2029,'1184654',1449,,4487,16,,,0
2029,'1184674',2247,,4488,16,,,0
2029,'1184698',1734,,4489,16,,,0
2029,'1184704',1849,,4490,16,,,0
2029,'1184706',833,,4491,16,,,0
2029,'1184810',1032,,4492,16,,,0
2029,'1184840',1603,,4493,16,,,0
2029,'1184876',2331,,4494,16,,,0
2029,'1184881',2117,,4495,16,,,0
2029,'1184893',1233,,4496,16,,,0
2029,'1184898',1102,,4497,16,,,0
2029,'1184908',1619,,4498,16,,,0
2029,'1184911',2032,,4499,16,,,0
2029,'1184917',1149,,4500,16,,,0
2029,'1184977',1249,,4501,16,,,0
2029,'1185001',1234,,4502,16,,,0
2029,'1185029',818,,4503,16,,,0
2029,'1185044',1419,,4504,16,,,0
2029,'1185070',1003,,4505,16,,,0
2029,'1185111',1633,,4506,16,,,0
2029,'1185172',1204,,4507,16,,,0
2029,'1185219',1304,,4508,16,,,0
2029,'1185226',1403,,4509,16,,,0
2029,'1185249',1504,,4510,16,,,0
2029,'1185288',1549,,4511,16,,,0
2029,'1185301',2202,,4512,16,,,0
2029,'1185382',1149,,4513,16,,,0
2029,'1185420',2249,,4514,16,,,0
2029,'1185429',749,,4515,16,,,0
2029,'1185442',2349,,4516,16,,,0
2029,'1185446',933,,4517,16,,,0
2029,'1185462',2131,,4518,16,,,0
2029,'1185467',1048,,4519,16,,,0
2029,'1185472',903,,4520,16,,,0
2029,'1185493',1902,,4521,16,,,0
2029,'1185513',1803,,4522,16,,,0
2029,'1185582',1719,,4523,16,,,0
2029,'1185696',1704,,4524,16,,,0
2029,'1185740',817,,4525,16,,,0
2029,'1185746',2049,,4526,16,,,0
2029,'1185770',1319,,4527,16,,,0
2029,'1185813',1949,,4528,16,,,0
2029,'1185818',1404,,4529,16,,,0
2029,'1185829',1134,,4530,16,,,0
2029,'1185846',1932,,4531,16,,,0
2029,'1185908',2332,,4532,16,,,0
2029,'1185930',1503,,4533,16,,,0
2029,'1185976',718,,4534,16,,,0
2029,'1185986',703,,4535,16,,,0
2029,'1185988',1804,,4536,16,,,0
2029,'1186019',1832,,4537,16,,,0
2029,'1186024',848,,4538,16,,,0
2029,'1186070',647,,4539,16,,,0
2029,'1186093',1703,,4540,16,,,0
2029,'1186116',1133,,4541,16,,,0
2029,'1186217',1018,,4542,16,,,0
2029,'1186239',1334,,4543,16,,,0
2029,'1186328',1349,,4544,16,,,0
2029,'1186343',1749,,4545,16,,,0
2029,'1186355',1219,,4546,16,,,0
2029,'1186379',1649,,4547,16,,,0
2029,'1186386',2032,,4548,16,,,0
2029,'1186404',2401,,4549,16,,,0
2029,'1186428',1249,,4550,16,,,0
2029,'1186438',2149,,4551,16,,,0
2029,'1186455',733,,4552,16,,,0
2029,'1186482',1749,,4553,16,,,0
2029,'1186486',1449,,4554,16,,,0
2029,'1186498',1118,,4555,16,,,0
2029,'1186505',949,,4556,16,,,0
2029,'1186508',1534,,4557,16,,,0
2029,'1186636',1033,,4558,16,,,0
2029,'1186650',1819,,4559,16,,,0
2029,'1186652',803,,4560,16,,,0
2029,'1186664',2417,,4561,16,,,0
2029,'1186674',1303,,4562,16,,,0
2029,'1186678',2421,,4563,16,,,0
2029,'1186681',1333,,4564,16,,,0
2029,'1186698',648,,4565,16,,,0
2029,'1186780',1902,,4566,16,,,0
2029,'1186792',732,,4567,16,,,0
2029,'1186820',2231,,4568,16,,,0
2029,'1186823',1947,,4569,16,,,0
2029,'1186843',1634,,4570,16,,,0
2029,'1186891',1733,,4571,16,,,0
2029,'1186903',947,,4572,16,,,0
2029,'1186905',1433,,4573,16,,,0
2029,'1186942',1604,,4574,16,,,0
2029,'1186967',918,,4575,16,,,0
2029,'1186984',2102,,4576,16,,,0
2029,'1186986',2301,,4577,16,,,0
2029,'1187003',1434,,4578,16,,,0
2029,'1187004',1349,,4579,16,,,0
2029,'1187018',748,,4580,16,,,0
2029,'1187096',1533,,4581,16,,,0
2029,'1187126',2002,,4582,16,,,0
2029,'1187139',902,,4583,16,,,0
2029,'1187165',849,,4584,16,,,0
2029,'1187168',1103,,4585,16,,,0
