102029,'1190835',1908,,9081,4,,,0
102029,'1190937',628,,9082,4,,,0
102029,'1191107',2208,,9083,4,,,0
102029,'1191135',738,,9084,4,,,0
102029,'1191154',1521,,9085,4,,,0
102029,'1191181',1138,,9086,4,,,0
102029,'1191262',1438,,9087,4,,,0
102029,'1191304',708,,9088,4,,,0
102029,'1191433',908,,9089,4,,,0
102029,'1191481',1221,,9090,4,,,0
102029,'1191496',2238,,9091,4,,,0
102029,'1191671',838,,9092,4,,,0
102029,'1191758',2251,,9093,4,,,0
102029,'1191805',1553,,9094,4,,,0
102029,'1191922',608,,9095,4,,,0
102029,'1191944',1351,,9096,4,,,0
102029,'1192040',1308,,9097,4,,,0
102029,'1192054',1338,,9098,4,,,0
102029,'1192104',2121,,9099,4,,,0
102029,'1192165',1008,,9100,4,,,0
102029,'1192219',2108,,9101,4,,,0
102029,'1192229',1821,,9102,4,,,0
102029,'1192269',1508,,9103,4,,,0
102029,'1192425',1208,,9104,4,,,0
102029,'1192453',1951,,9105,4,,,0
102029,'1192474',2338,,9106,4,,,0
102029,'1192505',653,,9107,4,,,0
102029,'1192509',1938,,9108,4,,,0
102029,'1192621',1723,,9109,4,,,0
102029,'1192631',953,,9110,4,,,0
102029,'1192823',751,,9111,4,,,0
102029,'1192857',1651,,9112,4,,,0
102029,'1192870',1608,,9113,4,,,0
102029,'1192893',1808,,9114,4,,,0
102029,'1192925',1638,,9115,4,,,0
102029,'1192999',921,,9116,4,,,0
102029,'1193000',2408,,9117,4,,,0
102029,'1193010',1038,,9118,4,,,0
102029,'1193070',823,,9119,4,,,0
102029,'1193101',1051,,9120,4,,,0
102029,'1193141',2038,,9121,4,,,0
102029,'1193243',1738,,9122,4,,,0
102029,'1193313',1423,,9123,4,,,0
