12019,'1190645',1633,,7824,27,,,0
12019,'1190657',1802,,7825,27,,,0
12019,'1190716',702,,7826,27,,,0
12019,'1190720',1902,,7827,27,,,0
12019,'1190795',1702,,7828,27,,,0
12019,'1190815',1502,,7829,27,,,0
12019,'1190831',2202,,7830,27,,,0
12019,'1190872',902,,7831,27,,,0
12019,'1190904',2102,,7832,27,,,0
12019,'1190905',902,,7833,27,,,0
12019,'1190925',2032,,7834,27,,,0
12019,'1190938',1633,,7835,27,,,0
12019,'1191207',1803,,7836,27,,,0
12019,'1191227',1733,,7837,27,,,0
12019,'1191292',1002,,7838,27,,,0
12019,'1191300',1533,,7839,27,,,0
12019,'1191320',2332,,7840,27,,,0
12019,'1191398',2202,,7841,27,,,0
12019,'1191414',1733,,7842,27,,,0
12019,'1191419',1503,,7843,27,,,0
12019,'1191420',2132,,7844,27,,,0
12019,'1191448',802,,7845,27,,,0
12019,'1191466',1703,,7846,27,,,0
12019,'1191470',1503,,7847,27,,,0
12019,'1191522',1103,,7848,27,,,0
12019,'1191559',1402,,7849,27,,,0
12019,'1191598',1203,,7850,27,,,0
12019,'1191639',1233,,7851,27,,,0
12019,'1191674',1133,,7852,27,,,0
12019,'1191686',1333,,7853,27,,,0
12019,'1191724',1602,,7854,27,,,0
12019,'1191785',1202,,7855,27,,,0
12019,'1191790',1102,,7856,27,,,0
12019,'1191803',1303,,7857,27,,,0
12019,'1191804',1603,,7858,27,,,0
12019,'1191818',1403,,7859,27,,,0
12019,'1191855',1902,,7860,27,,,0
12019,'1191973',1133,,7861,27,,,0
12019,'1191984',2402,,7862,27,,,0
12019,'1192006',1032,,7863,27,,,0
12019,'1192018',1303,,7864,27,,,0
12019,'1192022',1932,,7865,27,,,0
12019,'1192099',832,,7866,27,,,0
12019,'1192145',1403,,7867,27,,,0
12019,'1192151',802,,7868,27,,,0
12019,'1192194',732,,7869,27,,,0
12019,'1192261',1203,,7870,27,,,0
12019,'1192280',2232,,7871,27,,,0
12019,'1192281',1333,,7872,27,,,0
12019,'1192299',802,,7873,27,,,0
12019,'1192301',1233,,7874,27,,,0
12019,'1192340',1433,,7875,27,,,0
12019,'1192366',1832,,7876,27,,,0
12019,'1192412',932,,7877,27,,,0
12019,'1192428',902,,7878,27,,,0
12019,'1192530',1533,,7879,27,,,0
12019,'1192561',2402,,7880,27,,,0
12019,'1192582',2002,,7881,27,,,0
12019,'1192611',2302,,7882,27,,,0
12019,'1192642',632,,7883,27,,,0
12019,'1193003',1603,,7884,27,,,0
12019,'1193055',1703,,7885,27,,,0
12019,'1193068',1002,,7886,27,,,0
12019,'1193119',2102,,7887,27,,,0
12019,'1193147',1103,,7888,27,,,0
12019,'1193167',1433,,7889,27,,,0
12019,'1193176',704,,7890,27,,,0
12019,'1193179',2002,,7891,27,,,0
12019,'1193229',1803,,7892,27,,,0
12019,'1193248',1302,,7893,27,,,0
12019,'1193280',2302,,7894,27,,,0
12019,'1193305',1002,,7895,27,,,0
