28019,'1190612',2010,,8811,7,,,0
28019,'1190648',1755,,8812,7,,,0
28019,'1190664',1510,,8813,7,,,0
28019,'1190675',2110,,8814,7,,,0
28019,'1190706',2310,,8815,7,,,0
28019,'1190722',1640,,8816,7,,,0
28019,'1190756',1010,,8817,7,,,0
28019,'1190827',1855,,8818,7,,,0
28019,'1190930',1710,,8819,7,,,0
28019,'1190951',2235,,8820,7,,,0
28019,'1190952',935,,8821,7,,,0
28019,'1190995',835,,8822,7,,,0
28019,'1191000',1435,,8823,7,,,0
28019,'1191056',1455,,8824,7,,,0
28019,'1191066',1055,,8825,7,,,0
28019,'1191068',810,,8826,7,,,0
28019,'1191147',1835,,8827,7,,,0
28019,'1191153',2155,,8828,7,,,0
28019,'1191391',1840,,8829,7,,,0
28019,'1191424',840,,8830,7,,,0
28019,'1191516',655,,8831,7,,,0
28019,'1191816',1155,,8832,7,,,0
28019,'1191883',910,,8833,7,,,0
28019,'1191952',1635,,8834,7,,,0
28019,'1191965',1555,,8835,7,,,0
28019,'1191975',2035,,8836,7,,,0
28019,'1192008',1910,,8837,7,,,0
28019,'1192010',1255,,8838,7,,,0
28019,'1192015',1810,,8839,7,,,0
28019,'1192021',855,,8840,7,,,0
28019,'1192050',1035,,8841,7,,,0
28019,'1192110',2355,,8842,7,,,0
28019,'1192173',2335,,8843,7,,,0
28019,'1192287',740,,8844,7,,,0
28019,'1192288',1740,,8845,7,,,0
28019,'1192309',1610,,8846,7,,,0
28019,'1192311',1410,,8847,7,,,0
28019,'1192315',1310,,8848,7,,,0
28019,'1192316',1110,,8849,7,,,0
28019,'1192431',610,,8850,7,,,0
28019,'1192485',1935,,8851,7,,,0
28019,'1192496',2055,,8852,7,,,0
28019,'1192602',2210,,8853,7,,,0
28019,'1192636',1655,,8854,7,,,0
28019,'1192669',755,,8855,7,,,0
28019,'1192693',1535,,8856,7,,,0
28019,'1192699',1235,,8857,7,,,0
28019,'1192734',735,,8858,7,,,0
28019,'1192750',1955,,8859,7,,,0
28019,'1192815',1135,,8860,7,,,0
28019,'1192830',640,,8861,7,,,0
28019,'1192835',2135,,8862,7,,,0
28019,'1192878',1355,,8863,7,,,0
28019,'1192900',2255,,8864,7,,,0
28019,'1193052',710,,8865,7,,,0
28019,'1193108',955,,8866,7,,,0
28019,'1193124',1735,,8867,7,,,0
28019,'1193283',1210,,8868,7,,,0
28019,'1193292',1335,,8869,7,,,0
