10019,'1193663',2215,,10064,5,,,0
10019,'1193665',1750,,10065,5,,,0
10019,'1193667',615,,10066,5,,,0
10019,'1193668',945,,10067,5,,,0
10019,'1193675',2245,,10068,5,,,0
10019,'1193678',2145,,10069,5,,,0
10019,'1193679',1820,,10070,5,,,0
10019,'1193680',745,,10071,5,,,0
10019,'1193681',1550,,10072,5,,,0
10019,'1193682',645,,10073,5,,,0
10019,'1193686',1050,,10074,5,,,0
10019,'1193687',1050,,10075,5,,,0
10019,'1193691',1750,,10076,5,,,0
10019,'1193697',1850,,10077,5,,,0
10019,'1193698',1915,,10078,5,,,0
10019,'1193700',2045,,10079,5,,,0
10019,'1193701',845,,10080,5,,,0
10019,'1193703',1450,,10081,5,,,0
10019,'1193704',745,,10082,5,,,0
10019,'1193707',945,,10083,5,,,0
10019,'1193708',845,,10084,5,,,0
10019,'1193709',945,,10085,5,,,0
10019,'1193710',1250,,10086,5,,,0
10019,'1193711',1250,,10087,5,,,0
10019,'1193715',1250,,10088,5,,,0
10019,'1193717',2115,,10089,5,,,0
10019,'1193718',1350,,10090,5,,,0
10019,'1193720',1615,,10091,5,,,0
10019,'1193724',1450,,10092,5,,,0
10019,'1193725',2015,,10093,5,,,0
10019,'1193730',1945,,10094,5,,,0
10019,'1193731',1450,,10095,5,,,0
10019,'1193732',2315,,10096,5,,,0
10019,'1193733',1750,,10097,5,,,0
10019,'1193734',1150,,10098,5,,,0
10019,'1193735',1150,,10099,5,,,0
10019,'1193737',1050,,10100,5,,,0
10019,'1193738',1150,,10101,5,,,0
10019,'1193739',2245,,10102,5,,,0
10019,'1193740',1650,,10103,5,,,0
10019,'1193743',1515,,10104,5,,,0
10019,'1193747',2345,,10105,5,,,0
10019,'1193749',1945,,10106,5,,,0
10019,'1193752',715,,10107,5,,,0
10019,'1193754',1715,,10108,5,,,0
10019,'1193755',1550,,10109,5,,,0
10019,'1193756',1850,,10110,5,,,0
10019,'1193759',1350,,10111,5,,,0
10019,'1193761',1650,,10112,5,,,0
10019,'1193765',645,,10113,5,,,0
10019,'1193766',2045,,10114,5,,,0
10019,'1193767',815,,10115,5,,,0
10019,'1193768',915,,10116,5,,,0
10019,'1193769',2345,,10117,5,,,0
10019,'1193770',1350,,10118,5,,,0
10019,'1193771',745,,10119,5,,,0
10019,'1193772',1550,,10120,5,,,0
10019,'1193773',2145,,10121,5,,,0
10019,'1193774',1650,,10122,5,,,0
10019,'1193779',845,,10123,5,,,0
103029,'1190630',1105,,9163,11,,,0
103029,'1190665',1911,,9164,11,,,0
103029,'1190791',917,,9165,11,,,0
103029,'1190798',1133,,9166,11,,,0
103029,'1190809',1535,,9167,11,,,0
103029,'1190864',1433,,9168,11,,,0
103029,'1191002',805,,9169,11,,,0
103029,'1191061',1141,,9170,11,,,0
103029,'1191087',1441,,9171,11,,,0
103029,'1191104',2004,,9172,11,,,0
103029,'1191213',1518,,9173,11,,,0
103029,'1191266',1235,,9174,11,,,0
103029,'1191392',1011,,9175,11,,,0
103029,'1191472',2134,,9176,11,,,0
103029,'1191532',2332,,9177,11,,,0
103029,'1191567',1834,,9178,11,,,0
103029,'1191612',2041,,9179,11,,,0
103029,'1191756',2032,,9180,11,,,0
103029,'1191869',1311,,9181,11,,,0
103029,'1191909',747,,9182,11,,,0
103029,'1191948',1603,,9183,11,,,0
103029,'1192055',2202,,9184,11,,,0
103029,'1192191',2304,,9185,11,,,0
103029,'1192208',1733,,9186,11,,,0
103029,'1192508',1405,,9187,11,,,0
103029,'1192592',635,,9188,11,,,0
103029,'1192628',2211,,9189,11,,,0
103029,'1192659',702,,9190,11,,,0
103029,'1192683',1611,,9191,11,,,0
103029,'1192749',1705,,9192,11,,,0
103029,'1192860',1741,,9193,11,,,0
103029,'1192948',1303,,9194,11,,,0
103029,'1193006',841,,9195,11,,,0
103029,'1193036',1002,,9196,11,,,0
103029,'1193074',832,,9197,11,,,0
103029,'1193169',1648,,9198,11,,,0
103029,'1193174',935,,9199,11,,,0
103029,'1193259',1902,,9200,11,,,0
