14029,'1184567',2025,,5303,19,,,0
14029,'1184744',725,,5304,19,,,0
14029,'1184813',1524,,5305,19,,,0
14029,'1184869',625,,5306,19,,,0
14029,'1184894',1625,,5307,19,,,0
14029,'1184948',2125,,5308,19,,,0
14029,'1184973',1724,,5309,19,,,0
14029,'1184981',1655,,5310,19,,,0
14029,'1184993',1725,,5311,19,,,0
14029,'1185190',1955,,5312,19,,,0
14029,'1185192',1624,,5313,19,,,0
14029,'1185265',825,,5314,19,,,0
14029,'1185266',2225,,5315,19,,,0
14029,'1185306',725,,5316,19,,,0
14029,'1185322',1425,,5317,19,,,0
14029,'1185345',1325,,5318,19,,,0
14029,'1185408',1455,,5319,19,,,0
14029,'1185466',2324,,5320,19,,,0
14029,'1185480',1225,,5321,19,,,0
14029,'1185491',1625,,5322,19,,,0
14029,'1185496',1825,,5323,19,,,0
14029,'1185512',1925,,5324,19,,,0
14029,'1185568',1525,,5325,19,,,0
14029,'1185647',1025,,5326,19,,,0
14029,'1185698',1324,,5327,19,,,0
14029,'1185828',2255,,5328,19,,,0
14029,'1185848',1424,,5329,19,,,0
14029,'1185866',2400,,5330,19,,,0
14029,'1185960',825,,5331,19,,,0
14029,'1185970',925,,5332,19,,,0
14029,'1186076',1725,,5333,19,,,0
14029,'1186118',655,,5334,19,,,0
14029,'1186154',925,,5335,19,,,0
14029,'1186312',2155,,5336,19,,,0
14029,'1186319',1555,,5337,19,,,0
14029,'1186327',1325,,5338,19,,,0
14029,'1186353',1924,,5339,19,,,0
14029,'1186377',1225,,5340,19,,,0
14029,'1186418',1025,,5341,19,,,0
14029,'1186536',1024,,5342,19,,,0
14029,'1186554',1525,,5343,19,,,0
14029,'1186577',2325,,5344,19,,,0
14029,'1186622',1224,,5345,19,,,0
14029,'1186746',1425,,5346,19,,,0
14029,'1186757',1125,,5347,19,,,0
14029,'1186771',755,,5348,19,,,0
14029,'1186789',1124,,5349,19,,,0
14029,'1186793',2124,,5350,19,,,0
14029,'1186798',724,,5351,19,,,0
14029,'1186876',1824,,5352,19,,,0
14029,'1186908',855,,5353,19,,,0
14029,'1186964',824,,5354,19,,,0
14029,'1186971',2055,,5355,19,,,0
14029,'1187011',2224,,5356,19,,,0
14029,'1187063',1755,,5357,19,,,0
14029,'1187088',2024,,5358,19,,,0
14029,'1187110',924,,5359,19,,,0
14029,'1187137',1855,,5360,19,,,0
14029,'1187192',1125,,5361,19,,,0
