11029,'1190662',1420,,7754,8,,,0
11029,'1190674',1550,,7755,8,,,0
11029,'1190679',1220,,7756,8,,,0
11029,'1190687',2220,,7757,8,,,0
11029,'1190702',620,,7758,8,,,0
11029,'1190707',950,,7759,8,,,0
11029,'1190740',1020,,7760,8,,,0
11029,'1190760',1350,,7761,8,,,0
11029,'1190767',1720,,7762,8,,,0
11029,'1190846',1250,,7763,8,,,0
11029,'1190868',1450,,7764,8,,,0
11029,'1190908',750,,7765,8,,,0
11029,'1190991',650,,7766,8,,,0
11029,'1191027',1320,,7767,8,,,0
11029,'1191113',1050,,7768,8,,,0
11029,'1191117',1220,,7769,8,,,0
11029,'1191127',1320,,7770,8,,,0
11029,'1191176',820,,7771,8,,,0
11029,'1191206',1920,,7772,8,,,0
11029,'1191220',1720,,7773,8,,,0
11029,'1191225',2050,,7774,8,,,0
11029,'1191261',1620,,7775,8,,,0
11029,'1191301',720,,7776,8,,,0
11029,'1191458',1550,,7777,8,,,0
11029,'1191541',2020,,7778,8,,,0
11029,'1191571',2020,,7779,8,,,0
11029,'1191589',1220,,7780,8,,,0
11029,'1191607',1650,,7781,8,,,0
11029,'1191727',1520,,7782,8,,,0
11029,'1191782',1350,,7783,8,,,0
11029,'1191889',2320,,7784,8,,,0
11029,'1191897',1150,,7785,8,,,0
11029,'1191898',1520,,7786,8,,,0
11029,'1191943',1020,,7787,8,,,0
11029,'1191963',1120,,7788,8,,,0
11029,'1191968',1120,,7789,8,,,0
11029,'1191999',1950,,7790,8,,,0
11029,'1192027',1850,,7791,8,,,0
11029,'1192028',720,,7792,8,,,0
11029,'1192111',2120,,7793,8,,,0
11029,'1192172',2355,,7794,8,,,0
11029,'1192183',920,,7795,8,,,0
11029,'1192286',820,,7796,8,,,0
11029,'1192326',1920,,7797,8,,,0
11029,'1192339',850,,7798,8,,,0
11029,'1192422',2250,,7799,8,,,0
11029,'1192445',1320,,7800,8,,,0
11029,'1192481',1620,,7801,8,,,0
11029,'1192490',2220,,7802,8,,,0
11029,'1192503',2320,,7803,8,,,0
11029,'1192528',920,,7804,8,,,0
11029,'1192532',2150,,7805,8,,,0
11029,'1192574',1120,,7806,8,,,0
11029,'1192626',1020,,7807,8,,,0
11029,'1192737',1720,,7808,8,,,0
11029,'1192757',720,,7809,8,,,0
11029,'1192779',1820,,7810,8,,,0
11029,'1192802',1150,,7811,8,,,0
11029,'1192807',1650,,7812,8,,,0
11029,'1192884',1520,,7813,8,,,0
11029,'1192947',1420,,7814,8,,,0
11029,'1193001',920,,7815,8,,,0
11029,'1193017',1620,,7816,8,,,0
11029,'1193076',1250,,7817,8,,,0
11029,'1193105',1750,,7818,8,,,0
11029,'1193146',1450,,7819,8,,,0
11029,'1193240',1420,,7820,8,,,0
11029,'1193251',2120,,7821,8,,,0
11029,'1193290',1820,,7822,8,,,0
11029,'1193300',820,,7823,8,,,0
