104019,'1190671',924,,9201,8,,,0
104019,'1190814',2110,,9202,8,,,0
104019,'1190818',2055,,9203,8,,,0
104019,'1190892',755,,9204,8,,,0
104019,'1190936',1457,,9205,8,,,0
104019,'1190948',2324,,9206,8,,,0
104019,'1190986',1755,,9207,8,,,0
104019,'1191016',724,,9208,8,,,0
104019,'1191017',725,,9209,8,,,0
104019,'1191094',1925,,9210,8,,,0
104019,'1191310',840,,9212,8,,,0
104019,'1191311',1724,,9213,8,,,0
104019,'1191316',1542,,9214,8,,,0
104019,'1191321',2225,,9215,8,,,0
104019,'1191385',1710,,9217,8,,,0
104019,'1191418',955,,9218,8,,,0
104019,'1191499',2340,,9219,8,,,0
104019,'1191536',1327,,9220,8,,,0
104019,'1191638',1524,,9222,8,,,0
104019,'1191722',910,,9223,8,,,0
104019,'1191770',725,,9224,8,,,0
104019,'1191825',640,,9225,8,,,0
104019,'1191885',610,,9226,8,,,0
104019,'1191947',1112,,9227,8,,,0
104019,'1191953',1225,,9228,8,,,0
104019,'1191956',1324,,9229,8,,,0
104019,'1191969',1242,,9230,8,,,0
104019,'1192007',1455,,9231,8,,,0
104019,'1192026',1840,,9232,8,,,0
104019,'1192189',2124,,9233,8,,,0
104019,'1192203',840,,9234,8,,,0
104019,'1192446',1157,,9235,8,,,0
104019,'1192457',1725,,9236,8,,,0
104019,'1192466',1340,,9237,8,,,0
104019,'1192607',1110,,9238,8,,,0
104019,'1192616',1124,,9239,8,,,0
104019,'1192795',1924,,9240,8,,,0
104019,'1192810',1412,,9241,8,,,0
104019,'1192924',1955,,9242,8,,,0
104019,'1192954',1627,,9243,8,,,0
104019,'1192997',955,,9244,8,,,0
104019,'1193072',2400,,9245,8,,,0
104019,'1193232',2225,,9246,8,,,0
104019,'1193244',1610,,9247,8,,,0
