2029,'1190626',1036,,7325,22,,,0
2029,'1190688',1807,,7326,22,,,0
2029,'1190708',2135,,7327,22,,,0
2029,'1190719',2405,,7328,22,,,0
2029,'1190781',753,,7329,22,,,0
2029,'1190788',737,,7330,22,,,0
2029,'1190794',922,,7331,22,,,0
2029,'1190810',1137,,7332,22,,,0
2029,'1190833',736,,7333,22,,,0
2029,'1190838',2121,,7334,22,,,0
2029,'1190875',1106,,7335,22,,,0
2029,'1190877',807,,7336,22,,,0
2029,'1190894',1853,,7337,22,,,0
2029,'1190915',1107,,7338,22,,,0
2029,'1190967',722,,7339,22,,,0
2029,'1191031',1607,,7340,22,,,0
2029,'1191050',1207,,7341,22,,,0
2029,'1191076',1622,,7342,22,,,0
2029,'1191116',907,,7343,22,,,0
2029,'1191190',2421,,7344,22,,,0
2029,'1191228',1553,,7345,22,,,0
2029,'1191232',1237,,7346,22,,,0
2029,'1191236',2053,,7347,22,,,0
2029,'1191243',2205,,7348,22,,,0
2029,'1191246',1537,,7349,22,,,0
2029,'1191282',2235,,7350,22,,,0
2029,'1191283',1807,,7351,22,,,0
2029,'1191345',1437,,7352,22,,,0
2029,'1191378',1437,,7353,22,,,0
2029,'1191445',1052,,7354,22,,,0
2029,'1191452',707,,7355,22,,,0
2029,'1191453',2335,,7356,22,,,0
2029,'1191464',1507,,7357,22,,,0
2029,'1191468',937,,7358,22,,,0
2029,'1191482',651,,7359,22,,,0
2029,'1191486',1722,,7360,22,,,0
2029,'1191507',1452,,7361,22,,,0
2029,'1191548',1707,,7362,22,,,0
2029,'1191564',1252,,7363,22,,,0
2029,'1191566',1322,,7364,22,,,0
2029,'1191577',2425,,7365,22,,,0
2029,'1191587',752,,7366,22,,,0
2029,'1191640',2006,,7367,22,,,0
2029,'1191649',1053,,7368,22,,,0
2029,'1191678',1637,,7369,22,,,0
2029,'1191684',1737,,7370,22,,,0
2029,'1191701',1951,,7371,22,,,0
2029,'1191721',1453,,7372,22,,,0
2029,'1191726',1906,,7373,22,,,0
2029,'1191736',2336,,7374,22,,,0
2029,'1191799',1836,,7375,22,,,0
2029,'1191815',953,,7376,22,,,0
2029,'1191824',1607,,7377,22,,,0
2029,'1191863',2036,,7378,22,,,0
2029,'1191887',1007,,7379,22,,,0
2029,'1191900',2253,,7380,22,,,0
2029,'1191908',1953,,7381,22,,,0
2029,'1191923',2251,,7382,22,,,0
2029,'1191934',1307,,7383,22,,,0
2029,'1191979',1137,,7384,22,,,0
2029,'1192014',852,,7385,22,,,0
2029,'1192038',1737,,7386,22,,,0
2029,'1192039',1122,,7387,22,,,0
2029,'1192049',2153,,7388,22,,,0
2029,'1192067',1237,,7389,22,,,0
2029,'1192095',1836,,7390,22,,,0
2029,'1192143',2353,,7391,22,,,0
2029,'1192161',1407,,7392,22,,,0
2029,'1192177',906,,7393,22,,,0
2029,'1192187',1337,,7394,22,,,0
2029,'1192206',1653,,7395,22,,,0
2029,'1192222',1822,,7396,22,,,0
2029,'1192235',1507,,7397,22,,,0
2029,'1192245',822,,7398,22,,,0
2029,'1192247',1337,,7399,22,,,0
2029,'1192371',1307,,7400,22,,,0
2029,'1192372',837,,7401,22,,,0
2029,'1192395',1037,,7402,22,,,0
2029,'1192415',2036,,7403,22,,,0
2029,'1192421',952,,7404,22,,,0
2029,'1192494',821,,7405,22,,,0
2029,'1192515',1652,,7406,22,,,0
2029,'1192587',1407,,7407,22,,,0
2029,'1192639',951,,7408,22,,,0
2029,'1192647',1422,,7409,22,,,0
2029,'1192656',1906,,7410,22,,,0
2029,'1192681',1152,,7411,22,,,0
2029,'1192709',1153,,7412,22,,,0
2029,'1192718',1537,,7413,22,,,0
2029,'1192745',1707,,7414,22,,,0
2029,'1192753',1253,,7415,22,,,0
2029,'1192778',1353,,7416,22,,,0
2029,'1192790',2106,,7417,22,,,0
2029,'1192793',2305,,7418,22,,,0
2029,'1192868',1222,,7419,22,,,0
2029,'1192872',652,,7420,22,,,0
2029,'1192912',1637,,7421,22,,,0
2029,'1192917',853,,7422,22,,,0
2029,'1192918',1352,,7423,22,,,0
2029,'1193030',1552,,7424,22,,,0
2029,'1193075',1936,,7425,22,,,0
2029,'1193081',1752,,7426,22,,,0
2029,'1193140',1022,,7427,22,,,0
2029,'1193168',2206,,7428,22,,,0
2029,'1193194',1207,,7429,22,,,0
2029,'1193219',1522,,7430,22,,,0
2029,'1193269',1753,,7431,22,,,0
12019,'1190645',1639,,7824,37,,,0
12019,'1190657',1808,,7825,37,,,0
12019,'1190716',708,,7826,37,,,0
12019,'1190720',1908,,7827,37,,,0
12019,'1190795',1708,,7828,37,,,0
12019,'1190815',1508,,7829,37,,,0
12019,'1190831',2207,,7830,37,,,0
12019,'1190872',908,,7831,37,,,0
12019,'1190904',2108,,7832,37,,,0
12019,'1190905',907,,7833,37,,,0
12019,'1190925',2037,,7834,37,,,0
12019,'1190938',1639,,7835,37,,,0
12019,'1191207',1809,,7836,37,,,0
12019,'1191227',1739,,7837,37,,,0
12019,'1191292',1008,,7838,37,,,0
12019,'1191300',1539,,7839,37,,,0
12019,'1191320',2337,,7840,37,,,0
12019,'1191398',2208,,7841,37,,,0
12019,'1191414',1739,,7842,37,,,0
12019,'1191419',1509,,7843,37,,,0
12019,'1191420',2137,,7844,37,,,0
12019,'1191448',808,,7845,37,,,0
12019,'1191466',1709,,7846,37,,,0
12019,'1191470',1509,,7847,37,,,0
12019,'1191522',1109,,7848,37,,,0
12019,'1191559',1408,,7849,37,,,0
12019,'1191598',1209,,7850,37,,,0
12019,'1191639',1239,,7851,37,,,0
12019,'1191674',1139,,7852,37,,,0
12019,'1191686',1339,,7853,37,,,0
12019,'1191724',1608,,7854,37,,,0
12019,'1191785',1208,,7855,37,,,0
12019,'1191790',1108,,7856,37,,,0
12019,'1191803',1309,,7857,37,,,0
12019,'1191804',1609,,7858,37,,,0
12019,'1191818',1409,,7859,37,,,0
12019,'1191855',1907,,7860,37,,,0
12019,'1191973',1139,,7861,37,,,0
12019,'1191984',2408,,7862,37,,,0
12019,'1192006',1038,,7863,37,,,0
12019,'1192018',1309,,7864,37,,,0
12019,'1192022',1937,,7865,37,,,0
12019,'1192099',838,,7866,37,,,0
12019,'1192145',1409,,7867,37,,,0
12019,'1192151',807,,7868,37,,,0
12019,'1192194',738,,7869,37,,,0
12019,'1192261',1209,,7870,37,,,0
12019,'1192280',2237,,7871,37,,,0
12019,'1192281',1339,,7872,37,,,0
12019,'1192299',808,,7873,37,,,0
12019,'1192301',1239,,7874,37,,,0
12019,'1192340',1439,,7875,37,,,0
12019,'1192366',1837,,7876,37,,,0
12019,'1192412',938,,7877,37,,,0
12019,'1192428',908,,7878,37,,,0
12019,'1192530',1539,,7879,37,,,0
12019,'1192561',2407,,7880,37,,,0
12019,'1192582',2007,,7881,37,,,0
12019,'1192611',2307,,7882,37,,,0
12019,'1192642',638,,7883,37,,,0
12019,'1193003',1609,,7884,37,,,0
12019,'1193055',1709,,7885,37,,,0
12019,'1193068',1007,,7886,37,,,0
12019,'1193119',2107,,7887,37,,,0
12019,'1193147',1109,,7888,37,,,0
12019,'1193167',1439,,7889,37,,,0
12019,'1193176',709,,7890,37,,,0
12019,'1193179',2008,,7891,37,,,0
12019,'1193229',1809,,7892,37,,,0
12019,'1193248',1308,,7893,37,,,0
12019,'1193280',2308,,7894,37,,,0
12019,'1193305',1008,,7895,37,,,0
