12019,'1190645',1629,,7824,18,,,0
12019,'1190657',1758,,7825,18,,,0
12019,'1190716',658,,7826,18,,,0
12019,'1190720',1858,,7827,18,,,0
12019,'1190795',1658,,7828,18,,,0
12019,'1190815',1458,,7829,18,,,0
12019,'1190831',2158,,7830,18,,,0
12019,'1190872',858,,7831,18,,,0
12019,'1190904',2058,,7832,18,,,0
12019,'1190905',858,,7833,18,,,0
12019,'1190925',2028,,7834,18,,,0
12019,'1190938',1629,,7835,18,,,0
12019,'1191207',1759,,7836,18,,,0
12019,'1191227',1729,,7837,18,,,0
12019,'1191292',958,,7838,18,,,0
12019,'1191300',1529,,7839,18,,,0
12019,'1191320',2328,,7840,18,,,0
12019,'1191398',2158,,7841,18,,,0
12019,'1191414',1729,,7842,18,,,0
12019,'1191419',1459,,7843,18,,,0
12019,'1191420',2128,,7844,18,,,0
12019,'1191448',758,,7845,18,,,0
12019,'1191466',1659,,7846,18,,,0
12019,'1191470',1459,,7847,18,,,0
12019,'1191522',1059,,7848,18,,,0
12019,'1191559',1358,,7849,18,,,0
12019,'1191598',1159,,7850,18,,,0
12019,'1191639',1229,,7851,18,,,0
12019,'1191674',1129,,7852,18,,,0
12019,'1191686',1329,,7853,18,,,0
12019,'1191724',1558,,7854,18,,,0
12019,'1191785',1158,,7855,18,,,0
12019,'1191790',1058,,7856,18,,,0
12019,'1191803',1259,,7857,18,,,0
12019,'1191804',1559,,7858,18,,,0
12019,'1191818',1359,,7859,18,,,0
12019,'1191855',1858,,7860,18,,,0
12019,'1191973',1129,,7861,18,,,0
12019,'1191984',2358,,7862,18,,,0
12019,'1192006',1028,,7863,18,,,0
12019,'1192018',1259,,7864,18,,,0
12019,'1192022',1928,,7865,18,,,0
12019,'1192099',828,,7866,18,,,0
12019,'1192145',1359,,7867,18,,,0
12019,'1192151',758,,7868,18,,,0
12019,'1192194',728,,7869,18,,,0
12019,'1192261',1159,,7870,18,,,0
12019,'1192280',2228,,7871,18,,,0
12019,'1192281',1329,,7872,18,,,0
12019,'1192299',758,,7873,18,,,0
12019,'1192301',1229,,7874,18,,,0
12019,'1192340',1429,,7875,18,,,0
12019,'1192366',1828,,7876,18,,,0
12019,'1192412',928,,7877,18,,,0
12019,'1192428',858,,7878,18,,,0
12019,'1192530',1529,,7879,18,,,0
12019,'1192561',2358,,7880,18,,,0
12019,'1192582',1958,,7881,18,,,0
12019,'1192611',2258,,7882,18,,,0
12019,'1192642',628,,7883,18,,,0
12019,'1193003',1559,,7884,18,,,0
12019,'1193055',1659,,7885,18,,,0
12019,'1193068',958,,7886,18,,,0
12019,'1193119',2058,,7887,18,,,0
12019,'1193147',1059,,7888,18,,,0
12019,'1193167',1429,,7889,18,,,0
12019,'1193176',700,,7890,18,,,0
12019,'1193179',1958,,7891,18,,,0
12019,'1193229',1759,,7892,18,,,0
12019,'1193248',1258,,7893,18,,,0
12019,'1193280',2258,,7894,18,,,0
12019,'1193305',958,,7895,18,,,0
