29029,'1184496',1940,,6107,11,,,0
29029,'1184548',2240,,6108,11,,,0
29029,'1184602',1056,,6109,11,,,0
29029,'1184681',940,,6110,11,,,0
29029,'1184958',2040,,6111,11,,,0
29029,'1185054',956,,6112,11,,,0
29029,'1185079',1241,,6113,11,,,0
29029,'1185411',1356,,6114,11,,,0
29029,'1185428',2340,,6115,11,,,0
29029,'1185454',1556,,6116,11,,,0
29029,'1185554',1041,,6117,11,,,0
29029,'1185817',1456,,6118,11,,,0
29029,'1185830',1341,,6119,11,,,0
29029,'1186029',1156,,6120,11,,,0
29029,'1186121',1256,,6121,11,,,0
29029,'1186538',1441,,6122,11,,,0
29029,'1186653',1741,,6123,11,,,0
29029,'1186838',1541,,6124,11,,,0
29029,'1186879',840,,6125,11,,,0
29029,'1186880',1141,,6126,11,,,0
29029,'1186895',1840,,6127,11,,,0
29029,'1186928',2140,,6128,11,,,0
29029,'1187082',1641,,6129,11,,,0
29029,'1187112',740,,6130,11,,,0
