10029,'1193661',1545,,10124,49,,,0
10029,'1193662',1145,,10125,49,,,0
10029,'1193666',1345,,10127,49,,,0
10029,'1193670',1645,,10129,49,,,0
10029,'1193671',1545,,10130,49,,,0
10029,'1193674',1445,,10133,49,,,0
10029,'1193684',1745,,10137,49,,,0
10029,'1193685',1045,,10138,49,,,0
10029,'1193694',1345,,10144,49,,,0
10029,'1193702',1145,,10148,49,,,0
10029,'1193705',1345,,10149,49,,,0
10029,'1193712',1845,,10151,49,,,0
10029,'1193714',1745,,10153,49,,,0
10029,'1193719',1445,,10155,49,,,0
10029,'1193721',1045,,10156,49,,,0
10029,'1193722',1245,,10157,49,,,0
10029,'1193726',1745,,10159,49,,,0
10029,'1193746',1145,,10168,49,,,0
10029,'1193751',1045,,10171,49,,,0
10029,'1193753',1645,,10172,49,,,0
10029,'1193757',1245,,10173,49,,,0
10029,'1193758',1445,,10174,49,,,0
10029,'1193760',1245,,10175,49,,,0
10029,'1193762',1545,,10176,49,,,0
10029,'1193764',1845,,10178,49,,,0
10029,'1193777',1815,,10181,49,,,0
10029,'1193778',1645,,10182,49,,,0
