3029,'1184583',1551,,4653,9,,,0
3029,'1184601',2136,,4654,9,,,0
3029,'1184610',1408,,4655,9,,,0
3029,'1184667',1036,,4656,9,,,0
3029,'1184671',1437,,4657,9,,,0
3029,'1184694',736,,4658,9,,,0
3029,'1184700',1006,,4659,9,,,0
3029,'1184711',1237,,4660,9,,,0
3029,'1184727',1351,,4661,9,,,0
3029,'1184828',1836,,4662,9,,,0
3029,'1184849',1737,,4663,9,,,0
3029,'1184920',736,,4664,9,,,0
3029,'1184950',1708,,4665,9,,,0
3029,'1185062',1537,,4666,9,,,0
3029,'1185076',1951,,4667,9,,,0
3029,'1185084',1451,,4668,9,,,0
3029,'1185088',1036,,4669,9,,,0
3029,'1185097',1936,,4670,9,,,0
3029,'1185158',1251,,4671,9,,,0
3029,'1185208',906,,4672,9,,,0
3029,'1185224',1137,,4673,9,,,0
3029,'1185236',1936,,4674,9,,,0
3029,'1185245',2251,,4675,9,,,0
3029,'1185267',1138,,4676,9,,,0
3029,'1185330',1337,,4677,9,,,0
3029,'1185341',2136,,4678,9,,,0
3029,'1185366',2236,,4679,9,,,0
3029,'1185384',1851,,4680,9,,,0
3029,'1185426',2151,,4681,9,,,0
3029,'1185635',806,,4682,9,,,0
3029,'1185703',636,,4683,9,,,0
3029,'1185734',2333,,4684,9,,,0
3029,'1185742',2236,,4685,9,,,0
3029,'1185753',706,,4686,9,,,0
3029,'1185782',1608,,4687,9,,,0
3029,'1185939',951,,4688,9,,,0
3029,'1186038',1638,,4689,9,,,0
3029,'1186062',936,,4690,9,,,0
3029,'1186084',1106,,4691,9,,,0
3029,'1186099',1438,,4692,9,,,0
3029,'1186101',1508,,4693,9,,,0
3029,'1186106',851,,4694,9,,,0
3029,'1186140',1751,,4695,9,,,0
3029,'1186193',2336,,4696,9,,,0
3029,'1186194',1051,,4697,9,,,0
3029,'1186202',836,,4698,9,,,0
3029,'1186260',936,,4699,9,,,0
3029,'1186349',2036,,4700,9,,,0
3029,'1186422',636,,4701,9,,,0
3029,'1186437',1538,,4702,9,,,0
3029,'1186458',2051,,4703,9,,,0
3029,'1186467',1151,,4704,9,,,0
3029,'1186578',1808,,4705,9,,,0
3029,'1186616',751,,4706,9,,,0
3029,'1186621',1637,,4707,9,,,0
3029,'1186659',1836,,4708,9,,,0
3029,'1186686',1308,,4709,9,,,0
3029,'1186714',1238,,4710,9,,,0
3029,'1186742',1651,,4711,9,,,0
3029,'1186750',2351,,4712,9,,,0
3029,'1186807',1208,,4713,9,,,0
3029,'1186848',2036,,4714,9,,,0
3029,'1186943',836,,4715,9,,,0
3029,'1187014',1738,,4716,9,,,0
3029,'1187130',1338,,4717,9,,,0
190001019,'1184477',731,,6823,16,,,0
190001019,'1184482',1302,,6824,16,,,0
190001019,'1184538',1117,,6825,16,,,0
190001019,'1184546',1517,,6826,16,,,0
190001019,'1184623',716,,6827,16,,,0
190001019,'1184628',2330,,6828,16,,,0
190001019,'1184634',1117,,6829,16,,,0
190001019,'1184636',1202,,6830,16,,,0
190001019,'1184663',1032,,6831,16,,,0
190001019,'1184686',2200,,6832,16,,,0
190001019,'1184692',2300,,6833,16,,,0
190001019,'1184712',931,,6834,16,,,0
190001019,'1184722',701,,6835,16,,,0
190001019,'1184775',1232,,6836,16,,,0
190001019,'1184788',1817,,6837,16,,,0
190001019,'1184812',1402,,6838,16,,,0
190001019,'1184822',1317,,6839,16,,,0
190001019,'1184841',2001,,6840,16,,,0
190001019,'1184844',801,,6841,16,,,0
190001019,'1184867',1617,,6842,16,,,0
190001019,'1184871',900,,6843,16,,,0
190001019,'1184891',2030,,6844,16,,,0
190001019,'1184895',1447,,6845,16,,,0
190001019,'1184915',1539,,6846,16,,,0
190001019,'1184930',1439,,6847,16,,,0
190001019,'1185008',816,,6848,16,,,0
190001019,'1185018',2400,,6849,16,,,0
190001019,'1185052',1317,,6850,16,,,0
190001019,'1185064',1747,,6851,16,,,0
190001019,'1185066',1602,,6852,16,,,0
190001019,'1185077',2016,,6853,16,,,0
190001019,'1185090',846,,6854,16,,,0
190001019,'1185150',1754,,6855,16,,,0
190001019,'1185161',1739,,6856,16,,,0
190001019,'1185178',1931,,6857,16,,,0
190001019,'1185194',2400,,6858,16,,,0
190001019,'1185221',2101,,6859,16,,,0
190001019,'1185231',1654,,6860,16,,,0
190001019,'1185242',1802,,6861,16,,,0
190001019,'1185274',1732,,6862,16,,,0
190001019,'1185329',904,,6863,16,,,0
190001019,'1185343',1609,,6864,16,,,0
190001019,'1185352',1916,,6865,16,,,0
190001019,'1185368',2204,,6866,16,,,0
190001019,'1185392',946,,6867,16,,,0
190001019,'1185448',916,,6868,16,,,0
190001019,'1185479',1509,,6869,16,,,0
190001019,'1185506',2004,,6870,16,,,0
190001019,'1185515',1247,,6871,16,,,0
190001019,'1185532',1001,,6872,16,,,0
190001019,'1185537',2420,,6873,16,,,0
190001019,'1185538',1204,,6874,16,,,0
190001019,'1185572',1639,,6875,16,,,0
190001019,'1185596',1632,,6876,16,,,0
190001019,'1185600',2330,,6877,16,,,0
190001019,'1185605',1724,,6878,16,,,0
190001019,'1185609',2031,,6879,16,,,0
190001019,'1185611',1047,,6880,16,,,0
190001019,'1185622',1332,,6881,16,,,0
190001019,'1185645',2145,,6882,16,,,0
190001019,'1185657',1804,,6883,16,,,0
190001019,'1185667',1202,,6884,16,,,0
190001019,'1185675',700,,6885,16,,,0
190001019,'1185709',1709,,6886,16,,,0
190001019,'1185730',2000,,6887,16,,,0
190001019,'1185739',1304,,6888,16,,,0
190001019,'1185759',1015,,6889,16,,,0
190001019,'1185760',1432,,6890,16,,,0
190001019,'1185796',1554,,6891,16,,,0
190001019,'1185810',1032,,6892,16,,,0
190001019,'1185821',2130,,6893,16,,,0
190001019,'1185844',1104,,6894,16,,,0
190001019,'1185883',646,,6895,16,,,0
190001019,'1185909',1830,,6896,16,,,0
190001019,'1185923',1217,,6897,16,,,0
190001019,'1185950',901,,6898,16,,,0
190001019,'1185966',1930,,6899,16,,,0
190001019,'1185995',804,,6900,16,,,0
190001019,'1186036',800,,6901,16,,,0
190001019,'1186040',1247,,6902,16,,,0
190001019,'1186058',2116,,6903,16,,,0
190001019,'1186059',1816,,6904,16,,,0
190001019,'1186089',2200,,6905,16,,,0
190001019,'1186104',1647,,6906,16,,,0
190001019,'1186110',1302,,6907,16,,,0
190001019,'1186115',1102,,6908,16,,,0
190001019,'1186128',1702,,6909,16,,,0
190001019,'1186133',1347,,6910,16,,,0
190001019,'1186141',1424,,6911,16,,,0
190001019,'1186145',1901,,6912,16,,,0
190001019,'1186149',1147,,6913,16,,,0
190001019,'1186152',630,,6914,16,,,0
190001019,'1186164',1704,,6915,16,,,0
190001019,'1186198',1904,,6916,16,,,0
190001019,'1186215',2404,,6917,16,,,0
190001019,'1186229',1132,,6918,16,,,0
190001019,'1186230',2304,,6919,16,,,0
190001019,'1186254',1232,,6920,16,,,0
190001019,'1186262',1717,,6921,16,,,0
190001019,'1186272',1946,,6922,16,,,0
190001019,'1186285',2046,,6923,16,,,0
190001019,'1186294',1624,,6924,16,,,0
190001019,'1186296',1004,,6925,16,,,0
190001019,'1186301',730,,6926,16,,,0
190001019,'1186318',1504,,6927,16,,,0
190001019,'1186369',1404,,6928,16,,,0
190001019,'1186371',831,,6929,16,,,0
190001019,'1186401',1000,,6930,16,,,0
190001019,'1186413',2230,,6931,16,,,0
190001019,'1186456',1147,,6932,16,,,0
190001019,'1186474',1502,,6933,16,,,0
190001019,'1186503',830,,6934,16,,,0
190001019,'1186526',1402,,6935,16,,,0
190001019,'1186619',1846,,6936,16,,,0
190001019,'1186635',746,,6937,16,,,0
190001019,'1186646',1803,,6938,16,,,0
190001019,'1186716',1217,,6939,16,,,0
190001019,'1186726',1047,,6940,16,,,0
190001019,'1186728',1845,,6941,16,,,0
190001019,'1186751',1102,,6942,16,,,0
190001019,'1186788',2130,,6943,16,,,0
190001019,'1186822',1900,,6944,16,,,0
190001019,'1186846',2230,,6945,16,,,0
190001019,'1186873',1347,,6946,16,,,0
190001019,'1186889',1547,,6947,16,,,0
190001019,'1186969',1831,,6948,16,,,0
190001019,'1186979',1604,,6949,16,,,0
190001019,'1186993',1417,,6950,16,,,0
190001019,'1187001',1132,,6951,16,,,0
190001019,'1187019',1532,,6952,16,,,0
190001019,'1187056',2100,,6953,16,,,0
190001019,'1187081',1016,,6954,16,,,0
190001019,'1187092',1524,,6955,16,,,0
190001019,'1187147',2104,,6956,16,,,0
190001019,'1187150',2300,,6957,16,,,0
190001019,'1187160',930,,6958,16,,,0
190001019,'1187182',1454,,6959,16,,,0
190001019,'1187190',1332,,6960,16,,,0
190001029,'1184490',1654,,6961,12,,,0
190001029,'1184527',1155,,6962,12,,,0
190001029,'1184534',854,,6963,12,,,0
190001029,'1184609',639,,6964,12,,,0
190001029,'1184616',1040,,6965,12,,,0
190001029,'1184651',2039,,6966,12,,,0
190001029,'1184661',1625,,6967,12,,,0
190001029,'1184721',2339,,6968,12,,,0
190001029,'1184789',639,,6969,12,,,0
190001029,'1184791',2139,,6970,12,,,0
190001029,'1184794',1339,,6971,12,,,0
190001029,'1184799',1255,,6972,12,,,0
190001029,'1184802',2359,,6973,12,,,0
190001029,'1184839',824,,6974,12,,,0
190001029,'1184889',2209,,6975,12,,,0
190001029,'1184906',1240,,6976,12,,,0
190001029,'1184907',822,,6977,12,,,0
190001029,'1184944',1440,,6978,12,,,0
190001029,'1184952',922,,6979,12,,,0
190001029,'1184954',2022,,6980,12,,,0
190001029,'1184980',1954,,6981,12,,,0
190001029,'1184997',1455,,6982,12,,,0
190001029,'1185011',2222,,6983,12,,,0
190001029,'1185017',2139,,6984,12,,,0
190001029,'1185025',1354,,6985,12,,,0
190001029,'1185053',1225,,6986,12,,,0
190001029,'1185071',1655,,6987,12,,,0
190001029,'1185119',2239,,6988,12,,,0
190001029,'1185120',1624,,6989,12,,,0
190001029,'1185125',1110,,6990,12,,,0
190001029,'1185141',1222,,6991,12,,,0
190001029,'1185166',1054,,6992,12,,,0
190001029,'1185167',1754,,6993,12,,,0
190001029,'1185180',2039,,6994,12,,,0
190001029,'1185201',1824,,6995,12,,,0
190001029,'1185223',1739,,6996,12,,,0
190001029,'1185234',924,,6997,12,,,0
190001029,'1185246',709,,6998,12,,,0
190001029,'1185252',1010,,6999,12,,,0
190001029,'1185262',1254,,7000,12,,,0
190001029,'1185321',2009,,7001,12,,,0
190001029,'1185331',1924,,7002,12,,,0
190001029,'1185351',909,,7003,12,,,0
190001029,'1185355',1525,,7004,12,,,0
190001029,'1185367',909,,7005,12,,,0
190001029,'1185389',2109,,7006,12,,,0
190001029,'1185390',1809,,7007,12,,,0
190001029,'1185410',2309,,7008,12,,,0
190001029,'1185424',809,,7009,12,,,0
190001029,'1185432',739,,7010,12,,,0
190001029,'1185483',1125,,7011,12,,,0
190001029,'1185504',1610,,7012,12,,,0
190001029,'1185587',1509,,7013,12,,,0
190001029,'1185591',1325,,7014,12,,,0
190001029,'1185606',1555,,7015,12,,,0
190001029,'1185626',1839,,7016,12,,,0
190001029,'1185646',1224,,7017,12,,,0
190001029,'1185689',1510,,7018,12,,,0
190001029,'1185714',1140,,7019,12,,,0
190001029,'1185744',1355,,7020,12,,,0
190001029,'1185775',1539,,7021,12,,,0
190001029,'1185840',1822,,7022,12,,,0
190001029,'1185841',1422,,7023,12,,,0
190001029,'1185855',1409,,7024,12,,,0
190001029,'1185865',954,,7025,12,,,0
190001029,'1185898',1639,,7026,12,,,0
190001029,'1185905',1854,,7027,12,,,0
190001029,'1185932',1640,,7028,12,,,0
190001029,'1185953',722,,7029,12,,,0
190001029,'1185962',754,,7030,12,,,0
190001029,'1186000',1139,,7031,12,,,0
190001029,'1186001',724,,7032,12,,,0
190001029,'1186004',1209,,7033,12,,,0
190001029,'1186023',1239,,7034,12,,,0
190001029,'1186073',1454,,7035,12,,,0
190001029,'1186074',609,,7036,12,,,0
190001029,'1186081',939,,7037,12,,,0
190001029,'1186094',2054,,7038,12,,,0
190001029,'1186100',1724,,7039,12,,,0
190001029,'1186108',1154,,7040,12,,,0
190001029,'1186109',1709,,7041,12,,,0
190001029,'1186134',1310,,7042,12,,,0
190001029,'1186143',1410,,7043,12,,,0
190001029,'1186171',1754,,7044,12,,,0
190001029,'1186182',1024,,7045,12,,,0
190001029,'1186183',2024,,7046,12,,,0
190001029,'1186248',624,,7047,12,,,0
190001029,'1186250',1324,,7048,12,,,0
190001029,'1186255',1522,,7049,12,,,0
190001029,'1186307',1909,,7050,12,,,0
190001029,'1186324',2009,,7051,12,,,0
190001029,'1186336',654,,7052,12,,,0
190001029,'1186339',2122,,7053,12,,,0
190001029,'1186400',739,,7054,12,,,0
190001029,'1186407',1524,,7055,12,,,0
190001029,'1186448',1554,,7056,12,,,0
190001029,'1186464',1722,,7057,12,,,0
190001029,'1186468',1609,,7058,12,,,0
190001029,'1186469',1025,,7059,12,,,0
190001029,'1186472',1824,,7060,12,,,0
190001029,'1186480',1909,,7061,12,,,0
190001029,'1186542',1009,,7062,12,,,0
190001029,'1186570',839,,7063,12,,,0
190001029,'1186592',1725,,7064,12,,,0
190001029,'1186595',1922,,7065,12,,,0
190001029,'1186617',1439,,7066,12,,,0
190001029,'1186627',2124,,7067,12,,,0
190001029,'1186676',1622,,7068,12,,,0
190001029,'1186718',2309,,7069,12,,,0
190001029,'1186758',1039,,7070,12,,,0
190001029,'1186764',1109,,7071,12,,,0
190001029,'1186785',1122,,7072,12,,,0
190001029,'1186808',2239,,7073,12,,,0
190001029,'1186828',1340,,7074,12,,,0
190001029,'1186840',939,,7075,12,,,0
190001029,'1186842',1939,,7076,12,,,0
190001029,'1186847',2109,,7077,12,,,0
190001029,'1186858',1309,,7078,12,,,0
190001029,'1186862',954,,7079,12,,,0
190001029,'1186865',1424,,7080,12,,,0
190001029,'1186868',1939,,7081,12,,,0
190001029,'1186899',1809,,7082,12,,,0
190001029,'1186910',2209,,7083,12,,,0
190001029,'1186913',1322,,7084,12,,,0
190001029,'1186923',809,,7085,12,,,0
190001029,'1186934',1022,,7086,12,,,0
190001029,'1186947',709,,7087,12,,,0
190001029,'1186965',1540,,7088,12,,,0
190001029,'1186988',1055,,7089,12,,,0
190001029,'1186997',1124,,7090,12,,,0
190001029,'1187034',839,,7091,12,,,0
190001029,'1187095',2322,,7092,12,,,0
190001029,'1187119',1210,,7093,12,,,0
190001029,'1187129',1739,,7094,12,,,0
190001029,'1187140',2339,,7095,12,,,0
190001029,'1187146',1710,,7096,12,,,0
190001029,'1187167',1839,,7097,12,,,0
190001029,'1187176',1425,,7098,12,,,0
