103019,'1184499',1135,,6278,21,4,,0
103019,'1184504',1426,,6279,21,4,,0
103019,'1184657',1358,,6280,21,4,,0
103019,'1184910',1126,,6281,21,4,,0
103019,'1184918',655,,6282,21,4,,0
103019,'1185122',2257,,6283,21,4,,0
103019,'1185202',1905,,6284,21,4,,0
103019,'1185273',2155,,6285,21,4,,0
103019,'1185326',2335,,6286,21,4,,0
103019,'1185405',1855,,6287,21,4,,0
103019,'1185459',2205,,6288,21,4,,0
103019,'1185533',910,,6289,21,4,,0
103019,'1185539',2025,,6290,21,4,,0
103019,'1185585',756,,6291,21,4,,0
103019,'1185688',835,,6292,21,4,,0
103019,'1185749',1556,,6293,21,4,,0
103019,'1185800',740,,6294,21,4,,0
103019,'1185819',1435,,6295,21,4,,0
103019,'1185862',1256,,6296,21,4,,0
103019,'1185957',2035,,6297,21,4,,0
103019,'1185997',1005,,6298,21,4,,0
103019,'1186013',955,,6299,21,4,,0
103019,'1186148',1511,,6300,21,4,,0
103019,'1186224',1227,,6301,21,4,,0
103019,'1186231',825,,6302,21,4,,0
103019,'1186269',1528,,6303,21,4,,0
103019,'1186278',2325,,6304,21,4,,0
103019,'1186435',1827,,6305,21,4,,0
103019,'1186529',2127,,6306,21,4,,0
103019,'1186561',1641,,6307,21,4,,0
103019,'1186562',1605,,6308,21,4,,0
103019,'1186606',1305,,6309,21,4,,0
103019,'1186721',1056,,6310,21,4,,0
103019,'1186754',626,,6311,8,4,,0
103019,'1186769',1726,,6312,21,4,,0
103019,'1186890',1658,,6313,21,4,,0
103019,'1187000',1957,,6314,21,4,,0
103019,'1187108',1735,,6315,21,4,,0
103019,'1187124',926,,6316,21,4,,0
103029,'1184553',1855,,6317,1,,,0
103029,'1184582',1426,,6318,1,,,0
103029,'1184715',928,,6319,1,,,0
103029,'1184746',1305,,6320,1,,,0
103029,'1184852',1726,,6321,1,,,0
103029,'1184872',1641,,6322,1,,,0
103029,'1184905',1957,,6323,1,,,0
103029,'1185063',2155,,6324,1,,,0
103029,'1185157',758,,6325,1,,,0
103029,'1185199',1658,,6326,1,,,0
103029,'1185213',1358,,6327,1,,,0
103029,'1185276',1058,,6328,1,,,0
103029,'1185297',2205,,6329,1,,,0
103029,'1185363',1511,,6330,1,,,0
103029,'1185387',2035,,6331,1,,,0
103029,'1185393',1735,,6332,1,,,0
103029,'1185419',955,,6333,1,,,0
103029,'1185520',1256,,6334,1,,,0
103029,'1185558',740,,6335,1,,,0
103029,'1185665',1228,,6336,1,,,0
103029,'1185765',1126,,6337,1,,,0
103029,'1185899',1556,,6338,1,,,0
103029,'1185963',2025,,6339,1,,,0
103029,'1185965',1827,,6340,1,,,0
103029,'1185975',1005,,6341,1,,,0
103029,'1186147',910,,6342,1,,,0
103029,'1186270',2325,,6343,1,,,0
103029,'1186276',1135,,6344,1,,,0
103029,'1186283',1528,,6345,1,,,0
103029,'1186305',1605,,6346,1,,,0
103029,'1186329',2257,,6347,1,,,0
103029,'1186366',628,,6348,1,,,0
103029,'1186405',825,,6349,1,,,0
103029,'1186699',655,,6350,1,,,0
103029,'1186983',2127,,6351,1,,,0
103029,'1187131',835,,6352,1,,,0
103029,'1187135',1905,,6353,1,,,0
103029,'1187151',1435,,6354,1,,,0
