14029,'1190709',1850,,8149,10,,,0
14029,'1190764',1750,,8150,10,,,0
14029,'1190906',650,,8151,10,,,0
14029,'1190920',2320,,8152,10,,,0
14029,'1190927',1620,,8153,10,,,0
14029,'1190947',2120,,8154,10,,,0
14029,'1191037',1450,,8155,10,,,0
14029,'1191042',1120,,8156,10,,,0
14029,'1191055',1020,,8157,10,,,0
14029,'1191078',820,,8158,10,,,0
14029,'1191085',720,,8159,10,,,0
14029,'1191268',2020,,8160,10,,,0
14029,'1191308',1420,,8161,10,,,0
14029,'1191322',1020,,8162,10,,,0
14029,'1191348',1220,,8163,10,,,0
14029,'1191415',2220,,8164,10,,,0
14029,'1191429',1820,,8165,10,,,0
14029,'1191444',920,,8166,10,,,0
14029,'1191520',1420,,8167,10,,,0
14029,'1191547',1520,,8168,10,,,0
14029,'1191620',1920,,8169,10,,,0
14029,'1191630',920,,8170,10,,,0
14029,'1191685',1120,,8171,10,,,0
14029,'1191690',1520,,8172,10,,,0
14029,'1191718',2320,,8173,10,,,0
14029,'1191777',920,,8174,10,,,0
14029,'1191810',720,,8175,10,,,0
14029,'1191843',1420,,8176,10,,,0
14029,'1191865',750,,8177,10,,,0
14029,'1191921',850,,8178,10,,,0
14029,'1191937',1220,,8179,10,,,0
14029,'1191955',820,,8180,10,,,0
14029,'1191980',2355,,8181,10,,,0
14029,'1192001',2250,,8182,10,,,0
14029,'1192032',820,,8183,10,,,0
14029,'1192051',1650,,8184,10,,,0
14029,'1192126',2220,,8185,10,,,0
14029,'1192347',2150,,8186,10,,,0
14029,'1192381',1820,,8187,10,,,0
14029,'1192383',1320,,8188,10,,,0
14029,'1192388',620,,8189,10,,,0
14029,'1192435',1620,,8190,10,,,0
14029,'1192473',2020,,8191,10,,,0
14029,'1192489',1550,,8192,10,,,0
14029,'1192580',2120,,8193,10,,,0
14029,'1192589',1720,,8194,10,,,0
14029,'1192627',1320,,8195,10,,,0
14029,'1192632',1220,,8196,10,,,0
14029,'1192674',1520,,8197,10,,,0
14029,'1192744',1620,,8198,10,,,0
14029,'1192787',1920,,8199,10,,,0
14029,'1192957',1720,,8200,10,,,0
14029,'1193009',1720,,8201,10,,,0
14029,'1193016',2050,,8202,10,,,0
14029,'1193023',1950,,8203,10,,,0
14029,'1193040',1120,,8204,10,,,0
14029,'1193048',720,,8205,10,,,0
14029,'1193064',1020,,8206,10,,,0
14029,'1193291',1320,,8207,10,,,0
