10029,'1193661',1535,,10124,33,,,0
10029,'1193662',1135,,10125,33,,,0
10029,'1193664',2035,,10126,33,,,0
10029,'1193666',1335,,10127,33,,,0
10029,'1193669',2335,,10128,33,,,0
10029,'1193670',1635,,10129,33,,,0
10029,'1193671',1535,,10130,33,,,0
10029,'1193672',905,,10131,33,,,0
10029,'1193673',2135,,10132,33,,,0
10029,'1193674',1435,,10133,33,,,0
10029,'1193676',1905,,10134,33,,,0
10029,'1193677',735,,10135,33,,,0
10029,'1193683',735,,10136,33,,,0
10029,'1193684',1735,,10137,33,,,0
10029,'1193685',1035,,10138,33,,,0
10029,'1193688',935,,10139,33,,,0
10029,'1193689',805,,10140,33,,,0
10029,'1193690',2005,,10141,33,,,0
10029,'1193692',2235,,10142,33,,,0
10029,'1193693',935,,10143,33,,,0
10029,'1193694',1335,,10144,33,,,0
10029,'1193695',705,,10145,33,,,0
10029,'1193696',635,,10146,33,,,0
10029,'1193699',2105,,10147,33,,,0
10029,'1193702',1135,,10148,33,,,0
10029,'1193705',1335,,10149,33,,,0
10029,'1193706',835,,10150,33,,,0
10029,'1193712',1835,,10151,33,,,0
10029,'1193713',2305,,10152,33,,,0
10029,'1193714',1735,,10153,33,,,0
10029,'1193716',1935,,10154,33,,,0
10029,'1193719',1435,,10155,33,,,0
10029,'1193721',1035,,10156,33,,,0
10029,'1193722',1235,,10157,33,,,0
10029,'1193723',935,,10158,33,,,0
10029,'1193726',1735,,10159,33,,,0
10029,'1193727',835,,10160,33,,,0
10029,'1193728',735,,10161,33,,,0
10029,'1193729',835,,10162,33,,,0
10029,'1193736',2410,,10163,33,,,0
10029,'1193741',2205,,10164,33,,,0
10029,'1193742',2035,,10165,33,,,0
10029,'1193744',1505,,10166,33,,,0
10029,'1193745',1605,,10167,33,,,0
10029,'1193746',1135,,10168,33,,,0
10029,'1193748',2235,,10169,33,,,0
10029,'1193750',1935,,10170,33,,,0
10029,'1193751',1035,,10171,33,,,0
10029,'1193753',1635,,10172,33,,,0
10029,'1193757',1235,,10173,33,,,0
10029,'1193758',1435,,10174,33,,,0
10029,'1193760',1235,,10175,33,,,0
10029,'1193762',1535,,10176,33,,,0
10029,'1193763',1705,,10177,33,,,0
10029,'1193764',1835,,10178,33,,,0
10029,'1193775',2335,,10179,33,,,0
10029,'1193776',2135,,10180,33,,,0
10029,'1193777',1805,,10181,33,,,0
10029,'1193778',1635,,10182,33,,,0
