104019,'1190671',930,,9201,15,,,0
104019,'1190814',2116,,9202,15,,,0
104019,'1190818',2101,,9203,15,,,0
104019,'1190892',801,,9204,15,,,0
104019,'1190936',1504,,9205,15,,,0
104019,'1190948',2330,,9206,15,,,0
104019,'1190986',1801,,9207,15,,,0
104019,'1191016',730,,9208,15,,,0
104019,'1191017',731,,9209,15,,,0
104019,'1191094',1931,,9210,15,,,0
104019,'1191310',846,,9212,15,,,0
104019,'1191311',1730,,9213,15,,,0
104019,'1191316',1549,,9214,15,,,0
104019,'1191321',2231,,9215,15,,,0
104019,'1191385',1716,,9217,15,,,0
104019,'1191418',1001,,9218,15,,,0
104019,'1191499',2346,,9219,15,,,0
104019,'1191536',1334,,9220,15,,,0
104019,'1191638',1530,,9222,15,,,0
104019,'1191722',916,,9223,15,,,0
104019,'1191770',731,,9224,15,,,0
104019,'1191825',646,,9225,15,,,0
104019,'1191885',616,,9226,15,,,0
104019,'1191947',1119,,9227,15,,,0
104019,'1191953',1231,,9228,15,,,0
104019,'1191956',1330,,9229,15,,,0
104019,'1191969',1249,,9230,15,,,0
104019,'1192007',1501,,9231,15,,,0
104019,'1192026',1846,,9232,15,,,0
104019,'1192189',2130,,9233,15,,,0
104019,'1192203',846,,9234,15,,,0
104019,'1192446',1204,,9235,15,,,0
104019,'1192457',1731,,9236,15,,,0
104019,'1192466',1346,,9237,15,,,0
104019,'1192607',1116,,9238,15,,,0
104019,'1192616',1130,,9239,15,,,0
104019,'1192795',1930,,9240,15,,,0
104019,'1192810',1419,,9241,15,,,0
104019,'1192924',2001,,9242,15,,,0
104019,'1192954',1634,,9243,15,,,0
104019,'1192997',1001,,9244,15,,,0
104019,'1193072',2406,,9245,15,,,0
104019,'1193232',2231,,9246,15,,,0
104019,'1193244',1616,,9247,15,,,0
