10029,'1193433',1847,,10005,4,,,0
10029,'1193434',917,,10006,4,,,0
10029,'1193435',1947,,10007,4,,,0
10029,'1193438',817,,10008,4,,,0
10029,'1193440',1417,,10009,4,,,0
10029,'1193441',817,,10010,4,,,0
10029,'1193442',717,,10011,4,,,0
10029,'1193443',1317,,10012,4,,,0
10029,'1193444',1417,,10013,4,,,0
10029,'1193445',717,,10014,4,,,0
10029,'1193446',2047,,10015,4,,,0
10029,'1193448',1917,,10016,4,,,0
10029,'1193450',1817,,10017,4,,,0
10029,'1193453',1017,,10018,4,,,0
10029,'1193461',917,,10019,4,,,0
10029,'1193462',1217,,10020,4,,,0
10029,'1193463',1617,,10021,4,,,0
10029,'1193464',1817,,10022,4,,,0
10029,'1193466',1647,,10023,4,,,0
10029,'1193468',917,,10024,4,,,0
10029,'1193469',817,,10025,4,,,0
10029,'1193470',1217,,10026,4,,,0
10029,'1193471',2352,,10027,4,,,0
10029,'1193474',747,,10028,4,,,0
10029,'1193475',1017,,10029,4,,,0
10029,'1193476',1717,,10030,4,,,0
10029,'1193479',847,,10031,4,,,0
10029,'1193480',1617,,10032,4,,,0
10029,'1193481',1117,,10033,4,,,0
10029,'1193482',1717,,10034,4,,,0
10029,'1193483',1517,,10035,4,,,0
10029,'1193484',2217,,10036,4,,,0
10029,'1193487',2017,,10037,4,,,0
10029,'1193488',1447,,10038,4,,,0
10029,'1193491',1117,,10039,4,,,0
10029,'1193494',647,,10040,4,,,0
10029,'1193496',2147,,10041,4,,,0
10029,'1193497',2217,,10042,4,,,0
10029,'1193498',1547,,10043,4,,,0
10029,'1193499',2317,,10044,4,,,0
10029,'1193504',1517,,10045,4,,,0
10029,'1193505',1747,,10046,4,,,0
10029,'1193506',1517,,10047,4,,,0
10029,'1193509',1017,,10048,4,,,0
10029,'1193510',2117,,10049,4,,,0
10029,'1193514',2317,,10050,4,,,0
10029,'1193515',1117,,10051,4,,,0
10029,'1193520',617,,10052,4,,,0
10029,'1193521',1917,,10053,4,,,0
10029,'1193526',1317,,10054,4,,,0
10029,'1193528',1717,,10055,4,,,0
10029,'1193538',717,,10056,4,,,0
10029,'1193539',2247,,10057,4,,,0
10029,'1193542',1317,,10058,4,,,0
10029,'1193544',1217,,10059,4,,,0
10029,'1193546',1417,,10060,4,,,0
10029,'1193547',2117,,10061,4,,,0
10029,'1193548',1617,,10062,4,,,0
10029,'1193550',2017,,10063,4,,,0
