29029,'1190887',1255,,8953,10,,,0
29029,'1191032',1540,,8954,10,,,0
29029,'1191529',1240,,8955,10,,,0
29029,'1191760',839,,8956,10,,,0
29029,'1191762',739,,8957,10,,,0
29029,'1192140',1740,,8958,10,,,0
29029,'1192153',1455,,8959,10,,,0
29029,'1192199',1140,,8960,10,,,0
29029,'1192213',1040,,8961,10,,,0
29029,'1192256',1055,,8962,10,,,0
29029,'1192344',1340,,8963,10,,,0
29029,'1192543',2039,,8964,10,,,0
29029,'1192576',1155,,8965,10,,,0
29029,'1192590',939,,8966,10,,,0
29029,'1192605',2239,,8967,10,,,0
29029,'1192667',1939,,8968,10,,,0
29029,'1192696',2339,,8969,10,,,0
29029,'1192723',2139,,8970,10,,,0
29029,'1192731',1555,,8971,10,,,0
29029,'1192838',1839,,8972,10,,,0
29029,'1192841',1355,,8973,10,,,0
29029,'1192851',1640,,8974,10,,,0
29029,'1192881',955,,8975,10,,,0
29029,'1193079',1440,,8976,10,,,0
