105019,'1184475',1822,,6445,1,,,0
105019,'1184709',1752,,6446,1,,,0
105019,'1184754',1048,,6447,1,,,0
105019,'1184819',734,,6448,1,,,0
105019,'1184825',2232,,6449,1,,,0
105019,'1184879',1437,,6450,1,,,0
105019,'1184888',934,,6451,1,,,0
105019,'1184928',1148,,6452,1,,,0
105019,'1184969',2246,,6453,1,,,0
105019,'1185022',2046,,6454,1,,,0
105019,'1185176',632,,6455,1,,,0
105019,'1185212',602,,6456,1,,,0
105019,'1185354',1848,,6457,1,,,0
105019,'1185498',1902,,6458,1,,,0
105019,'1185528',2005,,6459,1,,,0
105019,'1185550',1348,,6460,1,,,0
105019,'1185555',2205,,6461,1,,,0
105019,'1185569',1722,,6462,1,,,0
105019,'1185641',834,,6463,1,,,0
105019,'1185643',1805,,6464,1,,,0
105019,'1185695',1252,,6465,1,,,0
105019,'1185708',2032,,6466,1,,,0
105019,'1185807',1605,,6467,1,,,0
105019,'1185822',1248,,6468,1,,,0
105019,'1185894',1137,,6469,1,,,0
105019,'1186015',1352,,6470,1,,,0
105019,'1186061',1537,,6471,1,,,0
105019,'1186284',1405,,6472,1,,,0
105019,'1186380',1037,,6473,1,,,0
105019,'1186411',1205,,6474,1,,,0
105019,'1186477',1607,,6475,1,,,0
105019,'1186479',1005,,6476,1,,,0
105019,'1186519',1648,,6477,1,,,0
105019,'1186601',1652,,6478,1,,,0
105019,'1186602',704,,6479,1,,,0
105019,'1186613',805,,6480,1,,,0
105019,'1186624',1548,,6481,1,,,0
105019,'1186706',1748,,6482,1,,,0
105019,'1186813',846,,6483,1,,,0
105019,'1186864',2332,,6484,1,,,0
105019,'1186870',532,,6485,1,,,0
105019,'1186896',804,,6486,1,,,0
105019,'1187008',646,,6487,1,,,0
105019,'1187009',2132,,6488,1,,,0
105019,'1187061',1507,,6489,1,,,0
105019,'1187069',1448,,6490,1,,,0
105029,'1184521',1820,,6491,84,4,,0
105029,'1184537',1350,,6492,84,4,,0
105029,'1184580',932,,6493,84,4,,0
105029,'1184670',1605,,6494,84,4,,0
105029,'1184683',1204,,6495,84,4,,0
105029,'1184808',2332,,6496,84,4,,0
105029,'1184833',1035,,6497,84,4,,0
105029,'1184834',2437,,6498,84,4,,0
105029,'1184863',1250,,6499,84,4,,0
105029,'1185104',1746,,6500,84,4,,0
105029,'1185135',732,,6501,84,4,,0
105029,'1185184',1346,,6502,84,4,,0
105029,'1185215',1646,,6503,84,4,,0
105029,'1185318',1404,,6504,84,4,,0
105029,'1185332',1902,,6505,84,4,,0
105029,'1185350',2032,,6506,84,4,,0
105029,'1185359',2232,,6507,84,4,,0
105029,'1185398',1046,,6508,84,4,,0
105029,'1185412',844,,6509,84,4,,0
105029,'1185440',1650,,6510,84,4,,0
105029,'1185523',1446,,6511,84,4,,0
105029,'1185630',2404,,6512,84,4,,0
105029,'1185668',802,,6513,84,4,,0
105029,'1185720',2004,,6514,84,4,,0
105029,'1185827',2132,,6515,84,4,,0
105029,'1185938',1505,,6516,84,4,,0
105029,'1186005',1720,,6517,84,4,,0
105029,'1186007',644,,6518,84,4,,0
105029,'1186279',1535,,6519,84,4,,0
105029,'1186282',1435,,6520,84,4,,0
105029,'1186299',1546,,6521,84,4,,0
105029,'1186335',2444,,6522,84,4,,0
105029,'1186345',2204,,6523,84,4,,0
105029,'1186387',1146,,6524,84,4,,0
105029,'1186470',1135,,6525,84,4,,0
105029,'1186485',2244,,6526,84,4,,0
105029,'1186492',1004,,6527,84,4,,0
105029,'1186520',1804,,6528,84,4,,0
105029,'1186715',804,,6529,84,4,,0
105029,'1186740',1246,,6530,84,4,,0
105029,'1186861',702,,6531,84,4,,0
105029,'1186874',1750,,6532,84,4,,0
105029,'1186924',1846,,6533,84,4,,0
105029,'1187005',832,,6534,84,4,,0
105029,'1187093',1604,,6535,84,4,,0
105029,'1187132',2044,,6536,84,4,,0
