12029,'1184489',1728,,5050,23,,,0
12029,'1184508',858,,5051,23,,,0
12029,'1184603',1358,,5052,23,,,0
12029,'1184653',2328,,5053,23,,,0
12029,'1184672',2128,,5054,23,,,0
12029,'1184705',658,,5055,23,,,0
12029,'1184792',1858,,5056,23,,,0
12029,'1184793',1428,,5057,23,,,0
12029,'1184864',1558,,5058,23,,,0
12029,'1184919',1628,,5059,23,,,0
12029,'1184946',728,,5060,23,,,0
12029,'1184975',1028,,5061,23,,,0
12029,'1184990',958,,5062,23,,,0
12029,'1185014',2403,,5063,23,,,0
12029,'1185037',2229,,5064,23,,,0
12029,'1185085',1328,,5065,23,,,0
12029,'1185128',1158,,5066,23,,,0
12029,'1185239',1428,,5067,23,,,0
12029,'1185264',1728,,5068,23,,,0
12029,'1185309',929,,5069,23,,,0
12029,'1185324',1328,,5070,23,,,0
12029,'1185339',1128,,5071,23,,,0
12029,'1185471',2158,,5072,23,,,0
12029,'1185511',1629,,5073,23,,,0
12029,'1185556',1228,,5074,23,,,0
12029,'1185604',1929,,5075,23,,,0
12029,'1185612',1828,,5076,23,,,0
12029,'1185613',1028,,5077,23,,,0
12029,'1185638',1829,,5078,23,,,0
12029,'1185640',1429,,5079,23,,,0
12029,'1185721',1229,,5080,23,,,0
12029,'1185757',1058,,5081,23,,,0
12029,'1185758',1658,,5082,23,,,0
12029,'1185875',2058,,5083,23,,,0
12029,'1185878',1458,,5084,23,,,0
12029,'1185933',1258,,5085,23,,,0
12029,'1185994',2029,,5086,23,,,0
12029,'1185999',1458,,5087,23,,,0
12029,'1186050',828,,5088,23,,,0
12029,'1186139',628,,5089,23,,,0
12029,'1186210',1158,,5090,23,,,0
12029,'1186290',1528,,5091,23,,,0
12029,'1186423',1758,,5092,23,,,0
12029,'1186445',1329,,5093,23,,,0
12029,'1186463',728,,5094,23,,,0
12029,'1186483',1129,,5095,23,,,0
12029,'1186502',1658,,5096,23,,,0
12029,'1186549',1029,,5097,23,,,0
12029,'1186551',1528,,5098,23,,,0
12029,'1186588',1358,,5099,23,,,0
12029,'1186603',2129,,5100,23,,,0
12029,'1186638',1628,,5101,23,,,0
12029,'1186651',1529,,5102,23,,,0
12029,'1186685',828,,5103,23,,,0
12029,'1186747',829,,5104,23,,,0
12029,'1186763',2028,,5105,23,,,0
12029,'1186814',1128,,5106,23,,,0
12029,'1186824',1228,,5107,23,,,0
12029,'1186841',2329,,5108,23,,,0
12029,'1186878',1958,,5109,23,,,0
12029,'1186945',1258,,5110,23,,,0
12029,'1186966',1729,,5111,23,,,0
12029,'1186973',2258,,5112,23,,,0
12029,'1187037',928,,5113,23,,,0
12029,'1187044',2228,,5114,23,,,0
12029,'1187072',1928,,5115,23,,,0
12029,'1187141',1058,,5116,23,,,0
12029,'1187166',1558,,5117,23,,,0
12029,'1187183',729,,5118,23,,,0
12029,'1187188',928,,5119,23,,,0
12029,'1187196',758,,5120,23,,,0
