14029,'1190709',1849,,8149,7,,,0
14029,'1190764',1749,,8150,7,,,0
14029,'1190906',649,,8151,7,,,0
14029,'1190920',2319,,8152,7,,,0
14029,'1190927',1619,,8153,7,,,0
14029,'1190947',2119,,8154,7,,,0
14029,'1191037',1449,,8155,7,,,0
14029,'1191042',1119,,8156,7,,,0
14029,'1191055',1019,,8157,7,,,0
14029,'1191078',819,,8158,7,,,0
14029,'1191085',719,,8159,7,,,0
14029,'1191268',2019,,8160,7,,,0
14029,'1191308',1419,,8161,7,,,0
14029,'1191322',1019,,8162,7,,,0
14029,'1191348',1219,,8163,7,,,0
14029,'1191415',2219,,8164,7,,,0
14029,'1191429',1819,,8165,7,,,0
14029,'1191444',919,,8166,7,,,0
14029,'1191520',1419,,8167,7,,,0
14029,'1191547',1519,,8168,7,,,0
14029,'1191620',1919,,8169,7,,,0
14029,'1191630',919,,8170,7,,,0
14029,'1191685',1119,,8171,7,,,0
14029,'1191690',1519,,8172,7,,,0
14029,'1191718',2319,,8173,7,,,0
14029,'1191777',919,,8174,7,,,0
14029,'1191810',719,,8175,7,,,0
14029,'1191843',1419,,8176,7,,,0
14029,'1191865',749,,8177,7,,,0
14029,'1191921',849,,8178,7,,,0
14029,'1191937',1219,,8179,7,,,0
14029,'1191955',819,,8180,7,,,0
14029,'1191980',2354,,8181,7,,,0
14029,'1192001',2249,,8182,7,,,0
14029,'1192032',819,,8183,7,,,0
14029,'1192051',1649,,8184,7,,,0
14029,'1192126',2219,,8185,7,,,0
14029,'1192347',2149,,8186,7,,,0
14029,'1192381',1819,,8187,7,,,0
14029,'1192383',1319,,8188,7,,,0
14029,'1192388',619,,8189,7,,,0
14029,'1192435',1619,,8190,7,,,0
14029,'1192473',2019,,8191,7,,,0
14029,'1192489',1549,,8192,7,,,0
14029,'1192580',2119,,8193,7,,,0
14029,'1192589',1719,,8194,7,,,0
14029,'1192627',1319,,8195,7,,,0
14029,'1192632',1219,,8196,7,,,0
14029,'1192674',1519,,8197,7,,,0
14029,'1192744',1619,,8198,7,,,0
14029,'1192787',1919,,8199,7,,,0
14029,'1192957',1719,,8200,7,,,0
14029,'1193009',1719,,8201,7,,,0
14029,'1193016',2049,,8202,7,,,0
14029,'1193023',1949,,8203,7,,,0
14029,'1193040',1119,,8204,7,,,0
14029,'1193048',719,,8205,7,,,0
14029,'1193064',1019,,8206,7,,,0
14029,'1193291',1319,,8207,7,,,0
