13019,'1184500',1323,,5121,9,,,0
13019,'1184512',1223,,5122,9,,,0
13019,'1184520',2322,,5123,9,,,0
13019,'1184594',2252,,5124,9,,,0
13019,'1184597',622,,5125,9,,,0
13019,'1184656',2222,,5126,9,,,0
13019,'1184680',2022,,5127,9,,,0
13019,'1184707',1823,,5128,9,,,0
13019,'1184739',1022,,5129,9,,,0
13019,'1184763',652,,5130,9,,,0
13019,'1184782',1023,,5131,9,,,0
13019,'1184816',752,,5132,9,,,0
13019,'1184967',1523,,5133,9,,,0
13019,'1185101',1653,,5134,9,,,0
13019,'1185148',1752,,5135,9,,,0
13019,'1185153',922,,5136,9,,,0
13019,'1185203',823,,5137,9,,,0
13019,'1185275',1623,,5138,9,,,0
13019,'1185347',2223,,5139,9,,,0
13019,'1185433',1422,,5140,9,,,0
13019,'1185449',2357,,5141,9,,,0
13019,'1185488',722,,5142,9,,,0
13019,'1185552',822,,5143,9,,,0
13019,'1185574',852,,5144,9,,,0
13019,'1185586',1123,,5145,9,,,0
13019,'1185648',1722,,5146,9,,,0
13019,'1185683',2023,,5147,9,,,0
13019,'1185762',2323,,5148,9,,,0
13019,'1185839',1423,,5150,9,,,0
13019,'1185874',2122,,5151,9,,,0
13019,'1185879',1523,,5152,9,,,0
13019,'1185882',1423,,5153,9,,,0
13019,'1185890',1723,,5154,9,,,0
13019,'1185893',1622,,5155,9,,,0
13019,'1185903',922,,5156,9,,,0
13019,'1185910',1323,,5157,9,,,0
13019,'1185915',1822,,5158,9,,,0
13019,'1185942',723,,5159,9,,,0
13019,'1185952',2052,,5160,9,,,0
13019,'1186041',2123,,5161,9,,,0
13019,'1186117',1322,,5162,9,,,0
13019,'1186127',2152,,5163,9,,,0
13019,'1186197',1122,,5164,9,,,0
13019,'1186271',1952,,5165,9,,,0
13019,'1186295',722,,5166,9,,,0
13019,'1186341',1223,,5167,9,,,0
13019,'1186370',1123,,5168,9,,,0
13019,'1186393',1522,,5169,9,,,0
13019,'1186564',1922,,5170,9,,,0
13019,'1186586',1222,,5171,9,,,0
13019,'1186730',952,,5172,9,,,0
13019,'1186805',1852,,5173,9,,,0
13019,'1186809',923,,5174,9,,,0
13019,'1186845',822,,5175,9,,,0
13019,'1186852',1723,,5176,9,,,0
13019,'1187032',1923,,5178,9,,,0
13019,'1187103',1623,,5179,9,,,0
13019,'1187170',1553,,5180,9,,,0
13019,'1187172',1453,,5181,9,,,0
13019,'1187197',1023,,5182,9,,,0
101029,'1184516',2356,,6162,9,,,0
101029,'1184584',1221,,6163,9,,,0
101029,'1184684',1736,,6164,9,,,0
101029,'1184724',936,,6165,9,,,0
101029,'1184785',1438,,6166,9,,,0
101029,'1184855',1421,,6167,9,,,0
101029,'1184926',1821,,6168,9,,,0
101029,'1185015',736,,6169,9,,,0
101029,'1185081',2221,,6170,9,,,0
101029,'1185143',2021,,6171,9,,,0
101029,'1185204',1021,,6172,9,,,0
101029,'1185400',1621,,6173,9,,,0
101029,'1185619',1036,,6174,9,,,0
101029,'1185726',2021,,6175,9,,,0
101029,'1185794',1221,,6176,9,,,0
101029,'1185824',1421,,6177,9,,,0
101029,'1185854',1821,,6178,9,,,0
101029,'1186045',821,,6179,9,,,0
101029,'1186082',1638,,6180,9,,,0
101029,'1186107',621,,6181,9,,,0
101029,'1186135',636,,6182,9,,,0
101029,'1186138',1621,,6183,9,,,0
101029,'1186184',836,,6184,9,,,0
101029,'1186356',2136,,6185,9,,,0
101029,'1186395',821,,6186,9,,,0
101029,'1186597',1538,,6187,9,,,0
101029,'1186712',2221,,6188,9,,,0
101029,'1186784',1936,,6189,9,,,0
101029,'1186801',1021,,6190,9,,,0
101029,'1186815',1338,,6191,9,,,0
101029,'1187194',1238,,6192,9,,,0
