14019,'1184480',1949,,5244,16,,,0
14019,'1184716',1552,,5245,16,,,0
14019,'1184729',1252,,5246,16,,,0
14019,'1184749',2049,,5247,16,,,0
14019,'1184750',1522,,5248,16,,,0
14019,'1184836',2021,,5249,16,,,0
14019,'1184848',1652,,5250,16,,,0
14019,'1184987',1652,,5251,16,,,0
14019,'1185080',1552,,5252,16,,,0
14019,'1185130',1052,,5253,16,,,0
14019,'1185154',2349,,5254,16,,,0
14019,'1185168',1752,,5255,16,,,0
14019,'1185211',921,,5256,16,,,0
14019,'1185255',851,,5257,16,,,0
14019,'1185270',1249,,5258,16,,,0
14019,'1185290',1149,,5259,16,,,0
14019,'1185335',2321,,5260,16,,,0
14019,'1185474',2150,,5261,16,,,0
14019,'1185505',651,,5262,16,,,0
14019,'1185557',749,,5263,16,,,0
14019,'1185610',650,,5264,16,,,0
14019,'1185620',1950,,5265,16,,,0
14019,'1185624',1152,,5266,16,,,0
14019,'1185659',850,,5267,16,,,0
14019,'1185779',949,,5268,16,,,0
14019,'1185808',1821,,5269,16,,,0
14019,'1185845',721,,5270,16,,,0
14019,'1185852',1452,,5271,16,,,0
14019,'1186003',1349,,5272,16,,,0
14019,'1186014',1622,,5273,16,,,0
14019,'1186066',1049,,5274,16,,,0
14019,'1186071',1850,,5275,16,,,0
14019,'1186097',2249,,5276,16,,,0
14019,'1186156',1352,,5277,16,,,0
14019,'1186165',1352,,5278,16,,,0
14019,'1186173',1921,,5279,16,,,0
14019,'1186180',2350,,5280,16,,,0
14019,'1186195',2050,,5281,16,,,0
14019,'1186226',1849,,5282,16,,,0
14019,'1186243',1749,,5283,16,,,0
14019,'1186256',750,,5284,16,,,0
14019,'1186333',1152,,5285,16,,,0
14019,'1186334',849,,5286,16,,,0
14019,'1186410',1449,,5287,16,,,0
14019,'1186421',751,,5288,16,,,0
14019,'1186443',2121,,5289,16,,,0
14019,'1186444',1752,,5290,16,,,0
14019,'1186462',1649,,5291,16,,,0
14019,'1186532',821,,5292,16,,,0
14019,'1186537',1452,,5293,16,,,0
14019,'1186584',2149,,5294,16,,,0
14019,'1186609',1722,,5295,16,,,0
14019,'1186632',1052,,5296,16,,,0
14019,'1186657',950,,5297,16,,,0
14019,'1186671',2221,,5298,16,,,0
14019,'1186767',1252,,5299,16,,,0
14019,'1187058',1549,,5300,16,,,0
14019,'1187071',951,,5301,16,,,0
14019,'1187144',2250,,5302,16,,,0
