10029,'1193433',1854,,10005,20,,,0
10029,'1193434',924,,10006,20,,,0
10029,'1193435',1954,,10007,20,,,0
10029,'1193438',824,,10008,20,,,0
10029,'1193440',1424,,10009,20,,,0
10029,'1193441',824,,10010,20,,,0
10029,'1193442',724,,10011,20,,,0
10029,'1193443',1324,,10012,20,,,0
10029,'1193444',1424,,10013,20,,,0
10029,'1193445',724,,10014,20,,,0
10029,'1193446',2054,,10015,20,,,0
10029,'1193448',1924,,10016,20,,,0
10029,'1193450',1824,,10017,20,,,0
10029,'1193453',1024,,10018,20,,,0
10029,'1193461',924,,10019,20,,,0
10029,'1193462',1224,,10020,20,,,0
10029,'1193463',1624,,10021,20,,,0
10029,'1193464',1824,,10022,20,,,0
10029,'1193466',1654,,10023,20,,,0
10029,'1193468',924,,10024,20,,,0
10029,'1193469',824,,10025,20,,,0
10029,'1193470',1224,,10026,20,,,0
10029,'1193471',2359,,10027,20,,,0
10029,'1193474',754,,10028,20,,,0
10029,'1193475',1024,,10029,20,,,0
10029,'1193476',1724,,10030,20,,,0
10029,'1193479',854,,10031,20,,,0
10029,'1193480',1624,,10032,20,,,0
10029,'1193481',1124,,10033,20,,,0
10029,'1193482',1724,,10034,20,,,0
10029,'1193483',1524,,10035,20,,,0
10029,'1193484',2224,,10036,20,,,0
10029,'1193487',2024,,10037,20,,,0
10029,'1193488',1454,,10038,20,,,0
10029,'1193491',1124,,10039,20,,,0
10029,'1193494',654,,10040,20,,,0
10029,'1193496',2154,,10041,20,,,0
10029,'1193497',2224,,10042,20,,,0
10029,'1193498',1554,,10043,20,,,0
10029,'1193499',2324,,10044,20,,,0
10029,'1193504',1524,,10045,20,,,0
10029,'1193505',1754,,10046,20,,,0
10029,'1193506',1524,,10047,20,,,0
10029,'1193509',1024,,10048,20,,,0
10029,'1193510',2124,,10049,20,,,0
10029,'1193514',2324,,10050,20,,,0
10029,'1193515',1124,,10051,20,,,0
10029,'1193520',624,,10052,20,,,0
10029,'1193521',1924,,10053,20,,,0
10029,'1193526',1324,,10054,20,,,0
10029,'1193528',1724,,10055,20,,,0
10029,'1193538',724,,10056,20,,,0
10029,'1193539',2254,,10057,20,,,0
10029,'1193542',1324,,10058,20,,,0
10029,'1193544',1224,,10059,20,,,0
10029,'1193546',1424,,10060,20,,,0
10029,'1193547',2124,,10061,20,,,0
10029,'1193548',1624,,10062,20,,,0
10029,'1193550',2024,,10063,20,,,0
