104019,'1184517',729,,6355,13,,,0
104019,'1184528',1500,,6356,13,,,0
104019,'1184559',730,,6357,13,,,0
104019,'1184617',929,,6359,13,,,0
104019,'1184688',615,,6360,13,,,0
104019,'1184877',1503,,6361,13,,,0
104019,'1184922',800,,6362,13,,,0
104019,'1184979',1715,,6363,13,,,0
104019,'1185038',1529,,6364,13,,,0
104019,'1185193',1000,,6365,13,,,0
104019,'1185278',2000,,6366,13,,,0
104019,'1185307',2100,,6367,13,,,0
104019,'1185470',2115,,6368,13,,,0
104019,'1185654',1845,,6370,13,,,0
104019,'1185670',2345,,6371,13,,,0
104019,'1185701',845,,6372,13,,,0
104019,'1185725',2129,,6373,13,,,0
104019,'1185733',1800,,6374,13,,,0
104019,'1185907',1730,,6375,13,,,0
104019,'1186067',1248,,6376,13,,,0
104019,'1186077',645,,6377,13,,,0
104019,'1186132',1000,,6378,13,,,0
104019,'1186146',1345,,6379,13,,,0
104019,'1186158',1129,,6380,13,,,0
104019,'1186167',1548,,6381,13,,,0
104019,'1186273',1633,,6382,13,,,0
104019,'1186311',1329,,6383,13,,,0
104019,'1186364',1203,,6384,13,,,0
104019,'1186429',1118,,6385,13,,,0
104019,'1186457',2230,,6386,13,,,0
104019,'1186466',1929,,6387,13,,,0
104019,'1186556',2329,,6388,13,,,0
104019,'1186581',2230,,6389,13,,,0
104019,'1186599',1729,,6390,13,,,0
104019,'1186640',1230,,6391,13,,,0
104019,'1186711',915,,6392,13,,,0
104019,'1186886',1615,,6393,13,,,0
104019,'1186953',845,,6394,13,,,0
104019,'1187029',1333,,6395,13,,,0
104019,'1187040',730,,6396,13,,,0
104019,'1187094',1418,,6398,13,,,0
104019,'1187116',2405,,6399,13,,,0
104019,'1187157',1930,,6400,13,,,0
104019,'1187171',1115,,6401,13,,,0
