104019,'1190671',929,,9201,12,,,0
104019,'1190814',2115,,9202,12,,,0
104019,'1190818',2100,,9203,12,,,0
104019,'1190892',800,,9204,12,,,0
104019,'1190936',1503,,9205,12,,,0
104019,'1190948',2329,,9206,12,,,0
104019,'1190986',1800,,9207,12,,,0
104019,'1191016',729,,9208,12,,,0
104019,'1191017',730,,9209,12,,,0
104019,'1191094',1930,,9210,12,,,0
104019,'1191310',845,,9212,12,,,0
104019,'1191311',1729,,9213,12,,,0
104019,'1191316',1548,,9214,12,,,0
104019,'1191321',2230,,9215,12,,,0
104019,'1191385',1715,,9217,12,,,0
104019,'1191418',1000,,9218,12,,,0
104019,'1191499',2345,,9219,12,,,0
104019,'1191536',1333,,9220,12,,,0
104019,'1191638',1529,,9222,12,,,0
104019,'1191722',915,,9223,12,,,0
104019,'1191770',730,,9224,12,,,0
104019,'1191825',645,,9225,12,,,0
104019,'1191885',615,,9226,12,,,0
104019,'1191947',1118,,9227,12,,,0
104019,'1191953',1230,,9228,12,,,0
104019,'1191956',1329,,9229,12,,,0
104019,'1191969',1248,,9230,12,,,0
104019,'1192007',1500,,9231,12,,,0
104019,'1192026',1845,,9232,12,,,0
104019,'1192189',2129,,9233,12,,,0
104019,'1192203',845,,9234,12,,,0
104019,'1192446',1203,,9235,12,,,0
104019,'1192457',1730,,9236,12,,,0
104019,'1192466',1345,,9237,12,,,0
104019,'1192607',1115,,9238,12,,,0
104019,'1192616',1129,,9239,12,,,0
104019,'1192795',1929,,9240,12,,,0
104019,'1192810',1418,,9241,12,,,0
104019,'1192924',2000,,9242,12,,,0
104019,'1192954',1633,,9243,12,,,0
104019,'1192997',1000,,9244,12,,,0
104019,'1193072',2405,,9245,12,,,0
104019,'1193232',2230,,9246,12,,,0
104019,'1193244',1615,,9247,12,,,0
