25029,'1190606',1432,,8541,3,,,0
25029,'1190639',2248,,8542,3,,,0
25029,'1190681',1848,,8543,3,,,0
25029,'1190696',848,,8544,3,,,0
25029,'1190757',1318,,8545,3,,,0
25029,'1190759',2032,,8546,3,,,0
25029,'1190867',2347,,8547,3,,,0
25029,'1190933',832,,8548,3,,,0
25029,'1191086',1718,,8549,3,,,0
25029,'1191090',1732,,8550,3,,,0
25029,'1191121',948,,8551,3,,,0
25029,'1191148',1418,,8552,3,,,0
25029,'1191164',2048,,8553,3,,,0
25029,'1191237',1332,,8554,3,,,0
25029,'1191248',1948,,8555,3,,,0
25029,'1191431',1232,,8556,3,,,0
25029,'1191455',1448,,8557,3,,,0
25029,'1191456',1532,,8558,3,,,0
25029,'1191625',1632,,8559,3,,,0
25029,'1191647',1032,,8560,3,,,0
25029,'1191657',1932,,8561,3,,,0
25029,'1191704',1618,,8562,3,,,0
25029,'1191717',818,,8563,3,,,0
25029,'1191742',732,,8564,3,,,0
25029,'1191780',1832,,8565,3,,,0
25029,'1191786',1218,,8566,3,,,0
25029,'1191806',1748,,8567,3,,,0
25029,'1191817',647,,8568,3,,,0
25029,'1191832',1648,,8569,3,,,0
25029,'1191940',1548,,8570,3,,,0
25029,'1191958',948,,8571,3,,,0
25029,'1191959',1548,,8572,3,,,0
25029,'1191976',1018,,8573,3,,,0
25029,'1192031',932,,8574,3,,,0
25029,'1192155',1448,,8575,3,,,0
25029,'1192159',1148,,8576,3,,,0
25029,'1192273',718,,8577,3,,,0
25029,'1192310',2332,,8578,3,,,0
25029,'1192362',748,,8579,3,,,0
25029,'1192399',1748,,8580,3,,,0
25029,'1192480',1518,,8581,3,,,0
25029,'1192553',2248,,8582,3,,,0
25029,'1192583',2132,,8583,3,,,0
25029,'1192645',2232,,8584,3,,,0
25029,'1192707',1648,,8585,3,,,0
25029,'1192719',1348,,8586,3,,,0
25029,'1192746',1118,,8587,3,,,0
25029,'1192792',1248,,8588,3,,,0
25029,'1192820',747,,8589,3,,,0
25029,'1192892',2048,,8590,3,,,0
25029,'1192914',1048,,8591,3,,,0
25029,'1192943',2148,,8592,3,,,0
25029,'1192972',1848,,8593,3,,,0
25029,'1192978',2408,,8594,3,,,0
25029,'1193015',1948,,8595,3,,,0
25029,'1193160',2148,,8596,3,,,0
25029,'1193191',918,,8597,3,,,0
25029,'1193262',848,,8598,3,,,0
25029,'1193288',1132,,8599,3,,,0
25029,'1193320',648,,8600,3,,,0
