10019,'1190610',2403,,7564,34,,,0
10019,'1190646',1103,,7565,34,,,0
10019,'1190651',2233,,7566,34,,,0
10019,'1190766',1003,,7567,34,,,0
10019,'1190772',1903,,7568,34,,,0
10019,'1190785',1933,,7569,34,,,0
10019,'1190799',1103,,7570,34,,,0
10019,'1190857',903,,7571,34,,,0
10019,'1190859',1833,,7572,34,,,0
10019,'1190883',1803,,7573,34,,,0
10019,'1190907',933,,7574,34,,,0
10019,'1190910',1534,,7575,34,,,0
10019,'1190959',1303,,7576,34,,,0
10019,'1190962',1003,,7577,34,,,0
10019,'1190989',2133,,7578,34,,,0
10019,'1191003',2333,,7579,34,,,0
10019,'1191074',1703,,7580,34,,,0
10019,'1191083',1803,,7581,34,,,0
10019,'1191102',1203,,7582,34,,,0
10019,'1191194',1104,,7583,34,,,0
10019,'1191196',1204,,7584,34,,,0
10019,'1191337',1403,,7585,34,,,0
10019,'1191350',1603,,7586,34,,,0
10019,'1191370',703,,7587,34,,,0
10019,'1191386',1633,,7588,34,,,0
10019,'1191403',1503,,7589,34,,,0
10019,'1191494',1403,,7590,34,,,0
10019,'1191508',2003,,7591,34,,,0
10019,'1191560',833,,7592,34,,,0
10019,'1191730',2203,,7593,34,,,0
10019,'1191797',2103,,7594,34,,,0
10019,'1191886',1303,,7595,34,,,0
10019,'1191914',2003,,7596,34,,,0
10019,'1191919',2303,,7597,34,,,0
10019,'1192082',1603,,7598,34,,,0
10019,'1192109',1903,,7599,34,,,0
10019,'1192179',1503,,7600,34,,,0
10019,'1192233',2203,,7601,34,,,0
10019,'1192240',803,,7602,34,,,0
10019,'1192284',733,,7603,34,,,0
10019,'1192351',2403,,7604,34,,,0
10019,'1192377',1703,,7605,34,,,0
10019,'1192478',803,,7606,34,,,0
10019,'1192649',634,,7607,34,,,0
10019,'1192653',1003,,7608,34,,,0
10019,'1192758',2103,,7609,34,,,0
10019,'1192767',704,,7610,34,,,0
10019,'1192929',1404,,7611,34,,,0
10019,'1192932',903,,7612,34,,,0
10019,'1193029',1703,,7613,34,,,0
10019,'1193089',1803,,7614,34,,,0
10019,'1193115',1603,,7615,34,,,0
10019,'1193131',903,,7616,34,,,0
10019,'1193137',803,,7617,34,,,0
10019,'1193208',1304,,7618,34,,,0
10019,'1193209',1203,,7619,34,,,0
10019,'1193233',2303,,7620,34,,,0
10019,'1193268',2033,,7621,34,,,0
10019,'1193309',1733,,7622,34,,,0
10019,'1193311',1504,,7623,34,,,0
