13029,'1190748',1554,,8029,8,,,0
13029,'1190784',1755,,8030,8,,,0
13029,'1190796',2123,,8031,8,,,0
13029,'1190929',1053,,8032,8,,,0
13029,'1190969',1023,,8033,8,,,0
13029,'1191018',1253,,8034,8,,,0
13029,'1191033',623,,8035,8,,,0
13029,'1191057',1753,,8036,8,,,0
13029,'1191072',2053,,8037,8,,,0
13029,'1191114',1255,,8038,8,,,0
13029,'1191152',2153,,8039,8,,,0
13029,'1191172',753,,8040,8,,,0
13029,'1191186',1455,,8041,8,,,0
13029,'1191234',2353,,8042,8,,,0
13029,'1191244',2253,,8043,8,,,0
13029,'1191326',2053,,8044,8,,,0
13029,'1191368',1625,,8045,8,,,0
13029,'1191623',1155,,8046,8,,,0
13029,'1191693',1654,,8047,8,,,0
13029,'1191716',753,,8048,8,,,0
13029,'1191725',653,,8049,8,,,0
13029,'1191812',653,,8050,8,,,0
13029,'1191861',1953,,8051,8,,,0
13029,'1191866',753,,8052,8,,,0
13029,'1191929',1555,,8053,8,,,0
13029,'1191941',1853,,8054,8,,,0
13029,'1191987',1454,,8055,8,,,0
13029,'1192037',1353,,8056,8,,,0
13029,'1192114',1953,,8057,8,,,0
13029,'1192117',853,,8058,8,,,0
13029,'1192120',1354,,8059,8,,,0
13029,'1192134',2253,,8060,8,,,0
13029,'1192157',953,,8061,8,,,0
13029,'1192158',1453,,8062,8,,,0
13029,'1192164',853,,8063,8,,,0
13029,'1192190',1153,,8064,8,,,0
13029,'1192202',2153,,8065,8,,,0
13029,'1192230',1355,,8066,8,,,0
13029,'1192308',1853,,8067,8,,,0
13029,'1192320',823,,8068,8,,,0
13029,'1192403',924,,8069,8,,,0
13029,'1192519',1553,,8070,8,,,0
13029,'1192654',1725,,8071,8,,,0
13029,'1192739',2223,,8072,8,,,0
13029,'1192740',2323,,8073,8,,,0
13029,'1192743',1053,,8074,8,,,0
13029,'1192770',1653,,8075,8,,,0
13029,'1192773',1655,,8076,8,,,0
13029,'1192843',2353,,8077,8,,,0
13029,'1192910',953,,8078,8,,,0
13029,'1192970',1526,,8079,9,,,0
13029,'1192977',1923,,8080,8,,,0
13029,'1193002',1154,,8081,8,,,0
13029,'1193005',1056,,8082,8,,,0
13029,'1193028',1823,,8083,8,,,0
13029,'1193062',723,,8084,8,,,0
13029,'1193086',2023,,8085,8,,,0
13029,'1193110',1754,,8086,8,,,0
13029,'1193245',954,,8087,8,,,0
13029,'1193295',1254,,8088,8,,,0
13029,'1193310',854,,8089,8,,,0
