11029,'1190662',1436,,7754,26,,,0
11029,'1190674',1606,,7755,26,,,0
11029,'1190679',1236,,7756,26,,,0
11029,'1190687',2236,,7757,26,,,0
11029,'1190702',636,,7758,26,,,0
11029,'1190707',1006,,7759,26,,,0
11029,'1190740',1037,,7760,26,,,0
11029,'1190760',1406,,7761,26,,,0
11029,'1190767',1736,,7762,26,,,0
11029,'1190846',1306,,7763,26,,,0
11029,'1190868',1506,,7764,26,,,0
11029,'1190908',806,,7765,26,,,0
11029,'1190991',706,,7766,26,,,0
11029,'1191027',1337,,7767,26,,,0
11029,'1191113',1106,,7768,26,,,0
11029,'1191117',1236,,7769,26,,,0
11029,'1191127',1336,,7770,26,,,0
11029,'1191176',837,,7771,26,,,0
11029,'1191206',1936,,7772,26,,,0
11029,'1191220',1737,,7773,26,,,0
11029,'1191225',2106,,7774,26,,,0
11029,'1191261',1637,,7775,26,,,0
11029,'1191301',736,,7776,26,,,0
11029,'1191458',1606,,7777,26,,,0
11029,'1191541',2036,,7778,26,,,0
11029,'1191571',2037,,7779,26,,,0
11029,'1191589',1237,,7780,26,,,0
11029,'1191607',1706,,7781,26,,,0
11029,'1191727',1536,,7782,26,,,0
11029,'1191782',1406,,7783,26,,,0
11029,'1191889',2337,,7784,26,,,0
11029,'1191897',1206,,7785,26,,,0
11029,'1191898',1537,,7786,26,,,0
11029,'1191943',1036,,7787,26,,,0
11029,'1191963',1136,,7788,26,,,0
11029,'1191968',1137,,7789,26,,,0
11029,'1191999',2006,,7790,26,,,0
11029,'1192027',1906,,7791,26,,,0
11029,'1192028',737,,7792,26,,,0
11029,'1192111',2137,,7793,26,,,0
11029,'1192172',2411,,7794,26,,,0
11029,'1192183',936,,7795,26,,,0
11029,'1192286',836,,7796,26,,,0
11029,'1192326',1937,,7797,26,,,0
11029,'1192339',906,,7798,26,,,0
11029,'1192422',2306,,7799,26,,,0
11029,'1192445',1336,,7800,26,,,0
11029,'1192481',1636,,7801,26,,,0
11029,'1192490',2237,,7802,26,,,0
11029,'1192503',2336,,7803,26,,,0
11029,'1192528',936,,7804,26,,,0
11029,'1192532',2206,,7805,26,,,0
11029,'1192574',1136,,7806,26,,,0
11029,'1192626',1036,,7807,26,,,0
11029,'1192737',1736,,7808,26,,,0
11029,'1192757',736,,7809,26,,,0
11029,'1192779',1837,,7810,26,,,0
11029,'1192802',1206,,7811,26,,,0
11029,'1192807',1706,,7812,26,,,0
11029,'1192884',1536,,7813,26,,,0
11029,'1192947',1437,,7814,26,,,0
11029,'1193001',937,,7815,26,,,0
11029,'1193017',1636,,7816,26,,,0
11029,'1193076',1306,,7817,26,,,0
11029,'1193105',1806,,7818,26,,,0
11029,'1193146',1506,,7819,26,,,0
11029,'1193240',1436,,7820,26,,,0
11029,'1193251',2136,,7821,26,,,0
11029,'1193290',1836,,7822,26,,,0
11029,'1193300',836,,7823,26,,,0
22029,'1190629',1824,,8333,5,,,0
22029,'1190829',823,,8334,5,,,0
22029,'1191658',1224,,8335,5,,,0
22029,'1191974',854,,8336,5,,,0
22029,'1192121',1454,,8337,5,,,0
22029,'1192763',1054,,8338,5,,,0
22029,'1193113',1254,,8339,5,,,0
22029,'1193114',1424,,8340,5,,,0
22029,'1193263',1624,,8341,5,,,0
22029,'1193287',1024,,8342,5,,,0
140001029,'1190599',1200,,9532,19,,,0
140001029,'1190600',927,,9533,19,,,0
140001029,'1190621',2258,,9534,19,,,0
140001029,'1190654',2257,,9535,19,,,0
140001029,'1190676',2228,,9536,19,,,0
140001029,'1190705',1631,,9537,19,,,0
140001029,'1190711',827,,9538,19,,,0
140001029,'1190715',1646,,9539,19,,,0
140001029,'1190737',2127,,9540,19,,,0
140001029,'1190823',1113,,9541,19,,,0
140001029,'1190849',1228,,9542,19,,,0
140001029,'1190851',1713,,9543,19,,,0
140001029,'1190861',742,,9544,19,,,0
140001029,'1190919',628,,9545,19,,,0
140001029,'1190942',842,,9546,19,,,0
140001029,'1190950',1043,,9547,19,,,0
140001029,'1190977',1028,,9548,19,,,0
140001029,'1191006',1100,,9549,19,,,0
140001029,'1191022',1758,,9550,19,,,0
140001029,'1191026',1928,,9551,19,,,0
140001029,'1191051',1701,,9552,19,,,0
140001029,'1191073',1813,,9553,19,,,0
140001029,'1191077',1859,,9554,19,,,0
140001029,'1191100',1531,,9555,19,,,0
140001029,'1191110',1546,,9556,19,,,0
140001029,'1191120',2044,,9557,19,,,0
140001029,'1191183',1343,,9558,19,,,0
140001029,'1191185',1428,,9559,19,,,0
140001029,'1191195',1501,,9560,19,,,0
140001029,'1191197',1015,,9561,19,,,0
140001029,'1191229',757,,9562,19,,,0
140001029,'1191239',1013,,9563,19,,,0
140001029,'1191241',758,,9564,19,,,0
140001029,'1191249',1145,,9565,19,,,0
140001029,'1191251',858,,9566,19,,,0
140001029,'1191260',1158,,9567,19,,,0
140001029,'1191273',1300,,9568,19,,,0
140001029,'1191279',857,,9569,19,,,0
140001029,'1191347',1443,,9570,19,,,0
140001029,'1191349',1601,,9571,19,,,0
140001029,'1191357',642,,9572,19,,,0
140001029,'1191358',1543,,9573,19,,,0
140001029,'1191362',727,,9574,19,,,0
140001029,'1191369',1128,,9575,19,,,0
140001029,'1191374',712,,9576,19,,,0
140001029,'1191422',1928,,9577,19,,,0
140001029,'1191436',1613,,9578,19,,,0
140001029,'1191459',2059,,9579,19,,,0
140001029,'1191461',1728,,9580,19,,,0
140001029,'1191510',1230,,9581,19,,,0
140001029,'1191569',1828,,9582,19,,,0
140001029,'1191585',1628,,9583,19,,,0
140001029,'1191594',2402,,9584,19,,,0
140001029,'1191599',1330,,9585,19,,,0
140001029,'1191617',2228,,9586,19,,,0
140001029,'1191627',928,,9587,19,,,0
140001029,'1191654',1944,,9588,19,,,0
140001029,'1191672',1028,,9589,19,,,0
140001029,'1191688',1814,,9590,19,,,0
140001029,'1191700',2158,,9591,19,,,0
140001029,'1191703',1731,,9592,19,,,0
140001029,'1191748',728,,9593,19,,,0
140001029,'1191749',2029,,9594,19,,,0
140001029,'1191752',1959,,9595,19,,,0
140001029,'1191781',1213,,9596,19,,,0
140001029,'1191787',1914,,9597,19,,,0
140001029,'1191809',1058,,9598,19,,,0
140001029,'1191814',1929,,9599,19,,,0
140001029,'1191822',1143,,9600,19,,,0
140001029,'1191880',1431,,9601,19,,,0
140001029,'1191895',1558,,9602,19,,,0
140001029,'1191933',1446,,9603,19,,,0
140001029,'1191962',1258,,9604,19,,,0
140001029,'1191971',1528,,9605,19,,,0
140001029,'1191993',1215,,9606,19,,,0
140001029,'1192009',1243,,9607,19,,,0
140001029,'1192030',2227,,9608,19,,,0
140001029,'1192075',1716,,9609,19,,,0
140001029,'1192076',1513,,9610,19,,,0
140001029,'1192085',728,,9611,19,,,0
140001029,'1192192',1958,,9612,19,,,0
140001029,'1192204',2028,,9613,19,,,0
140001029,'1192231',957,,9614,19,,,0
140001029,'1192238',958,,9615,19,,,0
140001029,'1192242',1516,,9616,19,,,0
140001029,'1192251',2128,,9617,19,,,0
140001029,'1192270',2358,,9618,19,,,0
140001029,'1192275',1643,,9619,19,,,0
140001029,'1192298',1628,,9620,19,,,0
140001029,'1192358',1828,,9621,19,,,0
140001029,'1192364',2327,,9622,19,,,0
140001029,'1192382',1746,,9623,19,,,0
140001029,'1192427',2014,,9624,19,,,0
140001029,'1192462',1030,,9625,19,,,0
140001029,'1192467',1328,,9626,19,,,0
140001029,'1192479',2058,,9627,19,,,0
140001029,'1192506',658,,9628,19,,,0
140001029,'1192539',1128,,9629,19,,,0
140001029,'1192548',943,,9630,19,,,0
140001029,'1192550',1245,,9631,19,,,0
140001029,'1192559',942,,9632,19,,,0
140001029,'1192568',828,,9633,19,,,0
140001029,'1192571',812,,9634,19,,,0
140001029,'1192572',1528,,9635,19,,,0
140001029,'1192575',657,,9636,19,,,0
140001029,'1192584',1743,,9637,19,,,0
140001029,'1192594',1045,,9638,19,,,0
140001029,'1192612',1458,,9639,19,,,0
140001029,'1192644',1616,,9640,19,,,0
140001029,'1192648',1315,,9641,19,,,0
140001029,'1192665',912,,9642,19,,,0
140001029,'1192677',928,,9643,19,,,0
140001029,'1192732',1401,,9644,19,,,0
140001029,'1192736',1759,,9645,19,,,0
140001029,'1192755',1858,,9646,19,,,0
140001029,'1192762',1843,,9647,19,,,0
140001029,'1192794',2028,,9648,19,,,0
140001029,'1192842',1328,,9649,19,,,0
140001029,'1192858',1313,,9650,19,,,0
140001029,'1192901',1844,,9651,19,,,0
140001029,'1192907',1358,,9652,19,,,0
140001029,'1192922',1130,,9653,19,,,0
140001029,'1192938',1115,,9654,19,,,0
140001029,'1192969',1228,,9655,19,,,0
140001029,'1193035',2328,,9656,19,,,0
140001029,'1193142',1728,,9657,19,,,0
140001029,'1193157',2157,,9658,19,,,0
140001029,'1193158',2328,,9659,19,,,0
140001029,'1193196',1413,,9660,19,,,0
140001029,'1193202',2128,,9661,19,,,0
140001029,'1193206',1345,,9662,19,,,0
140001029,'1193223',1428,,9663,19,,,0
140001029,'1193237',828,,9664,19,,,0
140001029,'1193252',627,,9665,19,,,0
140001029,'1193289',1416,,9666,19,,,0
140001029,'1193293',1829,,9667,19,,,0
140001029,'1193306',1658,,9668,19,,,0
