28019,'1190612',2011,,8811,8,,,0
28019,'1190648',1756,,8812,8,,,0
28019,'1190664',1511,,8813,8,,,0
28019,'1190675',2111,,8814,8,,,0
28019,'1190706',2311,,8815,8,,,0
28019,'1190722',1641,,8816,8,,,0
28019,'1190756',1011,,8817,8,,,0
28019,'1190827',1856,,8818,8,,,0
28019,'1190930',1711,,8819,8,,,0
28019,'1190951',2236,,8820,8,,,0
28019,'1190952',936,,8821,8,,,0
28019,'1190995',836,,8822,8,,,0
28019,'1191000',1436,,8823,8,,,0
28019,'1191056',1456,,8824,8,,,0
28019,'1191066',1056,,8825,8,,,0
28019,'1191068',811,,8826,8,,,0
28019,'1191147',1836,,8827,8,,,0
28019,'1191153',2156,,8828,8,,,0
28019,'1191391',1841,,8829,8,,,0
28019,'1191424',841,,8830,8,,,0
28019,'1191516',656,,8831,8,,,0
28019,'1191816',1156,,8832,8,,,0
28019,'1191883',911,,8833,8,,,0
28019,'1191952',1636,,8834,8,,,0
28019,'1191965',1556,,8835,8,,,0
28019,'1191975',2036,,8836,8,,,0
28019,'1192008',1911,,8837,8,,,0
28019,'1192010',1256,,8838,8,,,0
28019,'1192015',1811,,8839,8,,,0
28019,'1192021',856,,8840,8,,,0
28019,'1192050',1036,,8841,8,,,0
28019,'1192110',2356,,8842,8,,,0
28019,'1192173',2336,,8843,8,,,0
28019,'1192287',741,,8844,8,,,0
28019,'1192288',1741,,8845,8,,,0
28019,'1192309',1611,,8846,8,,,0
28019,'1192311',1411,,8847,8,,,0
28019,'1192315',1311,,8848,8,,,0
28019,'1192316',1111,,8849,8,,,0
28019,'1192431',611,,8850,8,,,0
28019,'1192485',1936,,8851,8,,,0
28019,'1192496',2056,,8852,8,,,0
28019,'1192602',2211,,8853,8,,,0
28019,'1192636',1656,,8854,8,,,0
28019,'1192669',756,,8855,8,,,0
28019,'1192693',1536,,8856,8,,,0
28019,'1192699',1236,,8857,8,,,0
28019,'1192734',736,,8858,8,,,0
28019,'1192750',1956,,8859,8,,,0
28019,'1192815',1136,,8860,8,,,0
28019,'1192830',641,,8861,8,,,0
28019,'1192835',2136,,8862,8,,,0
28019,'1192878',1356,,8863,8,,,0
28019,'1192900',2256,,8864,8,,,0
28019,'1193052',711,,8865,8,,,0
28019,'1193108',956,,8866,8,,,0
28019,'1193124',1736,,8867,8,,,0
28019,'1193283',1211,,8868,8,,,0
28019,'1193292',1336,,8869,8,,,0
