28019,'1184531',1807,,5965,3,,,0
28019,'1184536',737,,5966,3,,,0
28019,'1184586',1932,,5967,3,,,0
28019,'1184590',837,,5968,3,,,0
28019,'1184806',1407,,5969,3,,,0
28019,'1184941',2132,,5970,3,,,0
28019,'1184960',752,,5971,3,,,0
28019,'1184962',1252,,5972,3,,,0
28019,'1185009',1737,,5973,3,,,0
28019,'1185083',1307,,5974,3,,,0
28019,'1185094',1032,,5975,3,,,0
28019,'1185095',1607,,5976,3,,,0
28019,'1185107',1752,,5977,3,,,0
28019,'1185217',1432,,5978,3,,,0
28019,'1185229',1007,,5979,3,,,0
28019,'1185235',732,,5980,3,,,0
28019,'1185263',2107,,5981,3,,,0
28019,'1185291',1632,,5982,3,,,0
28019,'1185463',2352,,5983,3,,,0
28019,'1185469',1907,,5984,3,,,0
28019,'1185546',2232,,5985,3,,,0
28019,'1185615',2207,,5986,3,,,0
28019,'1185718',1332,,5987,3,,,0
28019,'1185768',637,,5988,3,,,0
28019,'1185787',1507,,5989,3,,,0
28019,'1185832',1832,,5990,3,,,0
28019,'1185834',652,,5991,3,,,0
28019,'1185836',1852,,5992,3,,,0
28019,'1185880',2007,,5993,3,,,0
28019,'1185920',2307,,5994,3,,,0
28019,'1185987',1052,,5995,3,,,0
28019,'1186020',2152,,5996,3,,,0
28019,'1186085',1107,,5997,3,,,0
28019,'1186130',1207,,5998,3,,,0
28019,'1186196',1352,,5999,3,,,0
28019,'1186203',852,,6000,3,,,0
28019,'1186206',1452,,6001,3,,,0
28019,'1186293',807,,6002,3,,,0
28019,'1186426',1652,,6003,3,,,0
28019,'1186487',1532,,6004,3,,,0
28019,'1186488',2032,,6005,3,,,0
28019,'1186500',2252,,6006,3,,,0
28019,'1186547',2052,,6007,3,,,0
28019,'1186557',1232,,6008,3,,,0
28019,'1186574',607,,6009,3,,,0
28019,'1186585',1707,,6010,3,,,0
28019,'1186695',1132,,6011,3,,,0
28019,'1186743',1637,,6012,3,,,0
28019,'1186748',1732,,6013,3,,,0
28019,'1186749',832,,6014,3,,,0
28019,'1186761',1837,,6015,3,,,0
28019,'1186800',932,,6016,3,,,0
28019,'1186844',907,,6017,3,,,0
28019,'1186887',1952,,6018,3,,,0
28019,'1187015',952,,6019,3,,,0
28019,'1187017',707,,6020,3,,,0
28019,'1187021',1152,,6021,3,,,0
28019,'1187046',1552,,6022,3,,,0
28019,'1187163',2332,,6023,3,,,0
