13029,'1184622',1453,,5183,5,,,0
13029,'1184639',1051,,5184,5,,,0
13029,'1184860',1752,,5185,5,,,0
13029,'1184887',1552,,5186,5,,,0
13029,'1184913',1153,,5187,5,,,0
13029,'1184970',1952,,5188,5,,,0
13029,'1184998',951,,5189,5,,,0
13029,'1185002',1252,,5190,5,,,0
13029,'1185007',1723,,5191,5,,,0
13029,'1185049',2121,,5192,5,,,0
13029,'1185060',2321,,5193,5,,,0
13029,'1185106',2352,,5194,5,,,0
13029,'1185152',2151,,5195,5,,,0
13029,'1185240',651,,5196,5,,,0
13029,'1185250',651,,5197,5,,,0
13029,'1185280',1452,,5198,5,,,0
13029,'1185334',752,,5199,5,,,0
13029,'1185377',1253,,5200,5,,,0
13029,'1185394',751,,5201,5,,,0
13029,'1185396',2051,,5202,5,,,0
13029,'1185484',922,,5203,5,,,0
13029,'1185577',2251,,5204,5,,,0
13029,'1185580',1753,,5205,5,,,0
13029,'1185812',2152,,5206,5,,,0
13029,'1185831',2351,,5207,5,,,0
13029,'1185869',1352,,5208,5,,,0
13029,'1185917',2252,,5209,5,,,0
13029,'1185937',1653,,5210,5,,,0
13029,'1185958',821,,5211,5,,,0
13029,'1185992',2221,,5212,5,,,0
13029,'1185993',851,,5213,5,,,0
13029,'1186136',1951,,5214,5,,,0
13029,'1186246',1652,,5215,5,,,0
13029,'1186268',1921,,5216,5,,,0
13029,'1186297',1452,,5217,5,,,0
13029,'1186340',2021,,5218,5,,,0
13029,'1186403',1021,,5219,5,,,0
13029,'1186434',1353,,5220,5,,,0
13029,'1186460',1252,,5221,5,,,0
13029,'1186504',721,,5222,5,,,0
13029,'1186525',1054,,5223,5,,,0
13029,'1186673',1821,,5224,5,,,0
13029,'1186687',621,,5225,5,,,0
13029,'1186776',1552,,5226,5,,,0
13029,'1186818',952,,5227,5,,,0
13029,'1186830',1524,,5228,6,,,0
13029,'1186833',1152,,5229,5,,,0
13029,'1186836',751,,5230,5,,,0
13029,'1186866',1852,,5231,5,,,0
13029,'1186888',1851,,5232,5,,,0
13029,'1186897',2052,,5233,5,,,0
13029,'1186901',1152,,5234,5,,,0
13029,'1186955',1553,,5235,5,,,0
13029,'1186976',852,,5236,5,,,0
13029,'1186982',852,,5237,5,,,0
13029,'1186992',1752,,5238,5,,,0
13029,'1187030',1623,,5239,5,,,0
13029,'1187120',952,,5240,5,,,0
13029,'1187142',1052,,5241,5,,,0
13029,'1187159',1652,,5242,5,,,0
13029,'1187173',1352,,5243,5,,,0
