14019,'1184480',1953,,5244,24,,,0
14019,'1184716',1556,,5245,24,,,0
14019,'1184729',1256,,5246,24,,,0
14019,'1184749',2053,,5247,24,,,0
14019,'1184750',1526,,5248,24,,,0
14019,'1184836',2025,,5249,24,,,0
14019,'1184848',1656,,5250,24,,,0
14019,'1184987',1656,,5251,24,,,0
14019,'1185080',1556,,5252,24,,,0
14019,'1185130',1056,,5253,24,,,0
14019,'1185154',2353,,5254,24,,,0
14019,'1185168',1756,,5255,24,,,0
14019,'1185211',925,,5256,24,,,0
14019,'1185255',855,,5257,24,,,0
14019,'1185270',1253,,5258,24,,,0
14019,'1185290',1153,,5259,24,,,0
14019,'1185335',2325,,5260,24,,,0
14019,'1185474',2154,,5261,24,,,0
14019,'1185505',655,,5262,24,,,0
14019,'1185557',753,,5263,24,,,0
14019,'1185610',654,,5264,24,,,0
14019,'1185620',1954,,5265,24,,,0
14019,'1185624',1156,,5266,24,,,0
14019,'1185659',854,,5267,24,,,0
14019,'1185779',953,,5268,24,,,0
14019,'1185808',1825,,5269,24,,,0
14019,'1185845',725,,5270,24,,,0
14019,'1185852',1456,,5271,24,,,0
14019,'1186003',1353,,5272,24,,,0
14019,'1186014',1626,,5273,24,,,0
14019,'1186066',1053,,5274,24,,,0
14019,'1186071',1854,,5275,24,,,0
14019,'1186097',2253,,5276,24,,,0
14019,'1186156',1356,,5277,24,,,0
14019,'1186165',1356,,5278,24,,,0
14019,'1186173',1925,,5279,24,,,0
14019,'1186180',2354,,5280,24,,,0
14019,'1186195',2054,,5281,24,,,0
14019,'1186226',1853,,5282,24,,,0
14019,'1186243',1753,,5283,24,,,0
14019,'1186256',754,,5284,24,,,0
14019,'1186333',1156,,5285,24,,,0
14019,'1186334',853,,5286,24,,,0
14019,'1186410',1453,,5287,24,,,0
14019,'1186421',755,,5288,24,,,0
14019,'1186443',2125,,5289,24,,,0
14019,'1186444',1756,,5290,24,,,0
14019,'1186462',1653,,5291,24,,,0
14019,'1186532',825,,5292,24,,,0
14019,'1186537',1456,,5293,24,,,0
14019,'1186584',2153,,5294,24,,,0
14019,'1186609',1726,,5295,24,,,0
14019,'1186632',1056,,5296,24,,,0
14019,'1186657',954,,5297,24,,,0
14019,'1186671',2225,,5298,24,,,0
14019,'1186767',1256,,5299,24,,,0
14019,'1187058',1553,,5300,24,,,0
14019,'1187071',955,,5301,24,,,0
14019,'1187144',2254,,5302,24,,,0
