12019,'1184525',1326,,4978,14,,,0
12019,'1184575',755,,4979,14,,,0
12019,'1184629',1825,,4980,14,,,0
12019,'1184682',1656,,4981,14,,,0
12019,'1184756',1056,,4982,14,,,0
12019,'1184761',1656,,4983,14,,,0
12019,'1184784',2255,,4984,14,,,0
12019,'1184786',1256,,4985,14,,,0
12019,'1184787',1056,,4986,14,,,0
12019,'1184846',1526,,4987,14,,,0
12019,'1184885',1456,,4988,14,,,0
12019,'1184933',625,,4989,14,,,0
12019,'1185000',2055,,4990,14,,,0
12019,'1185003',825,,4991,14,,,0
12019,'1185020',657,,4992,14,,,0
12019,'1185027',955,,4993,14,,,0
12019,'1185033',1356,,4994,14,,,0
12019,'1185098',1925,,4995,14,,,0
12019,'1185121',725,,4996,14,,,0
12019,'1185187',855,,4997,14,,,0
12019,'1185218',1756,,4998,14,,,0
12019,'1185271',2225,,4999,14,,,0
12019,'1185305',1756,,5000,14,,,0
12019,'1185383',955,,5001,14,,,0
12019,'1185406',1255,,5002,14,,,0
12019,'1185445',1126,,5003,14,,,0
12019,'1185455',955,,5004,14,,,0
12019,'1185536',1355,,5005,14,,,0
12019,'1185548',1626,,5006,14,,,0
12019,'1185614',1726,,5007,14,,,0
12019,'1185634',1526,,5008,14,,,0
12019,'1185678',1025,,5009,14,,,0
12019,'1185724',1426,,5010,14,,,0
12019,'1185780',1426,,5011,14,,,0
12019,'1185785',2025,,5012,14,,,0
12019,'1185860',1626,,5013,14,,,0
12019,'1185945',2355,,5014,14,,,0
12019,'1185982',1356,,5015,14,,,0
12019,'1185985',1855,,5016,14,,,0
12019,'1186011',2155,,5017,14,,,0
12019,'1186032',2325,,5018,14,,,0
12019,'1186086',1655,,5019,14,,,0
12019,'1186204',1456,,5020,14,,,0
12019,'1186211',1755,,5021,14,,,0
12019,'1186227',1955,,5022,14,,,0
12019,'1186234',2155,,5023,14,,,0
12019,'1186235',1226,,5024,14,,,0
12019,'1186277',2055,,5025,14,,,0
12019,'1186330',1555,,5026,14,,,0
12019,'1186367',1556,,5027,14,,,0
12019,'1186399',855,,5028,14,,,0
12019,'1186412',1326,,5029,14,,,0
12019,'1186555',755,,5030,14,,,0
12019,'1186611',2125,,5031,14,,,0
12019,'1186615',1156,,5032,14,,,0
12019,'1186634',2255,,5033,14,,,0
12019,'1186663',1155,,5034,14,,,0
12019,'1186667',925,,5035,14,,,0
12019,'1186670',1256,,5036,14,,,0
12019,'1186679',1455,,5037,14,,,0
12019,'1186717',1855,,5038,14,,,0
12019,'1186735',1126,,5039,14,,,0
12019,'1186753',1556,,5040,14,,,0
12019,'1186849',755,,5041,14,,,0
12019,'1186892',1226,,5042,14,,,0
12019,'1186907',655,,5043,14,,,0
12019,'1186909',1955,,5044,14,,,0
12019,'1186938',1156,,5045,14,,,0
12019,'1187042',2355,,5046,14,,,0
12019,'1187123',855,,5047,14,,,0
12019,'1187125',1726,,5048,14,,,0
12019,'1187149',1055,,5049,14,,,0
