25029,'1190606',1432,,8541,2,,,0
25029,'1190639',2247,,8542,2,,,0
25029,'1190681',1847,,8543,2,,,0
25029,'1190696',847,,8544,2,,,0
25029,'1190757',1317,,8545,2,,,0
25029,'1190759',2032,,8546,2,,,0
25029,'1190867',2346,,8547,2,,,0
25029,'1190933',832,,8548,2,,,0
25029,'1191086',1717,,8549,2,,,0
25029,'1191090',1732,,8550,2,,,0
25029,'1191121',947,,8551,2,,,0
25029,'1191148',1417,,8552,2,,,0
25029,'1191164',2047,,8553,2,,,0
25029,'1191237',1332,,8554,2,,,0
25029,'1191248',1947,,8555,2,,,0
25029,'1191431',1232,,8556,2,,,0
25029,'1191455',1447,,8557,2,,,0
25029,'1191456',1532,,8558,2,,,0
25029,'1191625',1632,,8559,2,,,0
25029,'1191647',1032,,8560,2,,,0
25029,'1191657',1932,,8561,2,,,0
25029,'1191704',1617,,8562,2,,,0
25029,'1191717',817,,8563,2,,,0
25029,'1191742',732,,8564,2,,,0
25029,'1191780',1832,,8565,2,,,0
25029,'1191786',1217,,8566,2,,,0
25029,'1191806',1747,,8567,2,,,0
25029,'1191817',646,,8568,2,,,0
25029,'1191832',1647,,8569,2,,,0
25029,'1191940',1547,,8570,2,,,0
25029,'1191958',947,,8571,2,,,0
25029,'1191959',1547,,8572,2,,,0
25029,'1191976',1017,,8573,2,,,0
25029,'1192031',932,,8574,2,,,0
25029,'1192155',1447,,8575,2,,,0
25029,'1192159',1147,,8576,2,,,0
25029,'1192273',717,,8577,2,,,0
25029,'1192310',2332,,8578,2,,,0
25029,'1192362',747,,8579,2,,,0
25029,'1192399',1747,,8580,2,,,0
25029,'1192480',1517,,8581,2,,,0
25029,'1192553',2247,,8582,2,,,0
25029,'1192583',2132,,8583,2,,,0
25029,'1192645',2232,,8584,2,,,0
25029,'1192707',1647,,8585,2,,,0
25029,'1192719',1347,,8586,2,,,0
25029,'1192746',1117,,8587,2,,,0
25029,'1192792',1247,,8588,2,,,0
25029,'1192820',746,,8589,2,,,0
25029,'1192892',2047,,8590,2,,,0
25029,'1192914',1047,,8591,2,,,0
25029,'1192943',2147,,8592,2,,,0
25029,'1192972',1847,,8593,2,,,0
25029,'1192978',2407,,8594,2,,,0
25029,'1193015',1947,,8595,2,,,0
25029,'1193160',2147,,8596,2,,,0
25029,'1193191',917,,8597,2,,,0
25029,'1193262',847,,8598,2,,,0
25029,'1193288',1132,,8599,2,,,0
25029,'1193320',647,,8600,2,,,0
