104019,'1184517',731,,6355,17,,,0
104019,'1184528',1502,,6356,17,,,0
104019,'1184559',732,,6357,17,,,0
104019,'1184617',931,,6359,17,,,0
104019,'1184688',617,,6360,17,,,0
104019,'1184877',1505,,6361,17,,,0
104019,'1184922',802,,6362,17,,,0
104019,'1184979',1717,,6363,17,,,0
104019,'1185038',1531,,6364,17,,,0
104019,'1185193',1002,,6365,17,,,0
104019,'1185278',2002,,6366,17,,,0
104019,'1185307',2102,,6367,17,,,0
104019,'1185470',2117,,6368,17,,,0
104019,'1185654',1847,,6370,17,,,0
104019,'1185670',2347,,6371,17,,,0
104019,'1185701',847,,6372,17,,,0
104019,'1185725',2131,,6373,17,,,0
104019,'1185733',1802,,6374,17,,,0
104019,'1185907',1732,,6375,17,,,0
104019,'1186067',1250,,6376,17,,,0
104019,'1186077',647,,6377,17,,,0
104019,'1186132',1002,,6378,17,,,0
104019,'1186146',1347,,6379,17,,,0
104019,'1186158',1131,,6380,17,,,0
104019,'1186167',1550,,6381,17,,,0
104019,'1186273',1635,,6382,17,,,0
104019,'1186311',1331,,6383,17,,,0
104019,'1186364',1205,,6384,17,,,0
104019,'1186429',1120,,6385,17,,,0
104019,'1186457',2232,,6386,17,,,0
104019,'1186466',1931,,6387,17,,,0
104019,'1186556',2331,,6388,17,,,0
104019,'1186581',2232,,6389,17,,,0
104019,'1186599',1731,,6390,17,,,0
104019,'1186640',1232,,6391,17,,,0
104019,'1186711',917,,6392,17,,,0
104019,'1186886',1617,,6393,17,,,0
104019,'1186953',847,,6394,17,,,0
104019,'1187029',1335,,6395,17,,,0
104019,'1187040',732,,6396,17,,,0
104019,'1187094',1420,,6398,17,,,0
104019,'1187116',2407,,6399,17,,,0
104019,'1187157',1932,,6400,17,,,0
104019,'1187171',1117,,6401,17,,,0
