10019,'1190610',2401,,7564,32,,,0
10019,'1190646',1101,,7565,32,,,0
10019,'1190651',2231,,7566,32,,,0
10019,'1190766',1002,,7567,32,,,0
10019,'1190772',1901,,7568,32,,,0
10019,'1190785',1931,,7569,32,,,0
10019,'1190799',1101,,7570,32,,,0
10019,'1190857',901,,7571,32,,,0
10019,'1190859',1831,,7572,32,,,0
10019,'1190883',1801,,7573,32,,,0
10019,'1190907',932,,7574,32,,,0
10019,'1190910',1532,,7575,32,,,0
10019,'1190959',1301,,7576,32,,,0
10019,'1190962',1001,,7577,32,,,0
10019,'1190989',2131,,7578,32,,,0
10019,'1191003',2331,,7579,32,,,0
10019,'1191074',1701,,7580,32,,,0
10019,'1191083',1801,,7581,32,,,0
10019,'1191102',1201,,7582,32,,,0
10019,'1191194',1103,,7583,32,,,0
10019,'1191196',1203,,7584,32,,,0
10019,'1191337',1401,,7585,32,,,0
10019,'1191350',1601,,7586,32,,,0
10019,'1191370',701,,7587,32,,,0
10019,'1191386',1631,,7588,32,,,0
10019,'1191403',1501,,7589,32,,,0
10019,'1191494',1401,,7590,32,,,0
10019,'1191508',2001,,7591,32,,,0
10019,'1191560',832,,7592,32,,,0
10019,'1191730',2201,,7593,32,,,0
10019,'1191797',2101,,7594,32,,,0
10019,'1191886',1301,,7595,32,,,0
10019,'1191914',2001,,7596,32,,,0
10019,'1191919',2301,,7597,32,,,0
10019,'1192082',1601,,7598,32,,,0
10019,'1192109',1901,,7599,32,,,0
10019,'1192179',1501,,7600,32,,,0
10019,'1192233',2201,,7601,32,,,0
10019,'1192240',801,,7602,32,,,0
10019,'1192284',732,,7603,32,,,0
10019,'1192351',2401,,7604,32,,,0
10019,'1192377',1701,,7605,32,,,0
10019,'1192478',802,,7606,32,,,0
10019,'1192649',632,,7607,32,,,0
10019,'1192653',1001,,7608,32,,,0
10019,'1192758',2101,,7609,32,,,0
10019,'1192767',702,,7610,32,,,0
10019,'1192929',1403,,7611,32,,,0
10019,'1192932',901,,7612,32,,,0
10019,'1193029',1701,,7613,32,,,0
10019,'1193089',1801,,7614,32,,,0
10019,'1193115',1601,,7615,32,,,0
10019,'1193131',902,,7616,32,,,0
10019,'1193137',801,,7617,32,,,0
10019,'1193208',1303,,7618,32,,,0
10019,'1193209',1201,,7619,32,,,0
10019,'1193233',2301,,7620,32,,,0
10019,'1193268',2031,,7621,32,,,0
10019,'1193309',1731,,7622,32,,,0
10019,'1193311',1503,,7623,32,,,0
