28029,'1190634',748,,8870,5,,,0
28029,'1190661',1648,,8871,5,,,0
28029,'1190770',2308,,8872,5,,,0
28029,'1190803',823,,8873,5,,,0
28029,'1190860',653,,8874,5,,,0
28029,'1190918',1248,,8875,5,,,0
28029,'1190970',2408,,8876,5,,,0
28029,'1191001',1148,,8877,5,,,0
28029,'1191052',2208,,8878,5,,,0
28029,'1191081',1123,,8879,5,,,0
28029,'1191179',1948,,8880,5,,,0
28029,'1191269',2223,,8881,5,,,0
28029,'1191271',1653,,8882,5,,,0
28029,'1191336',808,,8883,5,,,0
28029,'1191340',1523,,8884,5,,,0
28029,'1191354',1509,,8885,5,,,0
28029,'1191361',1323,,8886,5,,,0
28029,'1191396',2023,,8887,5,,,0
28029,'1191399',1923,,8888,5,,,0
28029,'1191469',1853,,8889,5,,,0
28029,'1191538',1908,,8890,5,,,0
28029,'1191558',623,,8891,5,,,0
28029,'1191593',2048,,8892,5,,,0
28029,'1191761',2108,,8893,5,,,0
28029,'1191796',1008,,8894,5,,,0
28029,'1191802',848,,8895,5,,,0
28029,'1191849',908,,8896,5,,,0
28029,'1191894',853,,8897,5,,,0
28029,'1191915',2148,,8898,5,,,0
28029,'1191989',1753,,8899,5,,,0
28029,'1192005',948,,8900,5,,,0
28029,'1192036',1409,,8901,5,,,0
28029,'1192069',1848,,8902,5,,,0
28029,'1192124',1448,,8903,5,,,0
28029,'1192139',1723,,8904,5,,,0
28029,'1192188',753,,8905,5,,,0
28029,'1192295',1748,,8906,5,,,0
28029,'1192302',1808,,8907,5,,,0
28029,'1192370',2348,,8908,5,,,0
28029,'1192378',2323,,8909,5,,,0
28029,'1192387',708,,8910,5,,,0
28029,'1192517',1023,,8911,5,,,0
28029,'1192556',1623,,8912,5,,,0
28029,'1192593',1823,,8913,5,,,0
28029,'1192638',1108,,8914,5,,,0
28029,'1192687',2008,,8915,5,,,0
28029,'1192748',723,,8916,5,,,0
28029,'1192752',1708,,8917,5,,,0
28029,'1192786',1209,,8918,5,,,0
28029,'1192789',923,,8919,5,,,0
28029,'1192890',1427,,8920,5,,,0
28029,'1192951',1309,,8921,5,,,0
28029,'1193018',1609,,8922,5,,,0
28029,'1193050',2248,,8923,5,,,0
28029,'1193145',1048,,8924,5,,,0
28029,'1193148',1548,,8925,5,,,0
28029,'1193161',1223,,8926,5,,,0
28029,'1193213',1348,,8927,5,,,0
28029,'1193302',2123,,8928,5,,,0
