13029,'1190748',1557,,8029,14,,,0
13029,'1190784',1758,,8030,14,,,0
13029,'1190796',2126,,8031,14,,,0
13029,'1190929',1056,,8032,14,,,0
13029,'1190969',1026,,8033,14,,,0
13029,'1191018',1256,,8034,14,,,0
13029,'1191033',626,,8035,14,,,0
13029,'1191057',1756,,8036,14,,,0
13029,'1191072',2056,,8037,14,,,0
13029,'1191114',1258,,8038,14,,,0
13029,'1191152',2156,,8039,14,,,0
13029,'1191172',756,,8040,14,,,0
13029,'1191186',1458,,8041,14,,,0
13029,'1191234',2356,,8042,14,,,0
13029,'1191244',2256,,8043,14,,,0
13029,'1191326',2056,,8044,14,,,0
13029,'1191368',1628,,8045,14,,,0
13029,'1191623',1158,,8046,14,,,0
13029,'1191693',1657,,8047,14,,,0
13029,'1191716',756,,8048,14,,,0
13029,'1191725',656,,8049,14,,,0
13029,'1191812',656,,8050,14,,,0
13029,'1191861',1956,,8051,14,,,0
13029,'1191866',756,,8052,14,,,0
13029,'1191929',1558,,8053,14,,,0
13029,'1191941',1856,,8054,14,,,0
13029,'1191987',1457,,8055,14,,,0
13029,'1192037',1356,,8056,14,,,0
13029,'1192114',1956,,8057,14,,,0
13029,'1192117',856,,8058,14,,,0
13029,'1192120',1357,,8059,14,,,0
13029,'1192134',2256,,8060,14,,,0
13029,'1192157',956,,8061,14,,,0
13029,'1192158',1456,,8062,14,,,0
13029,'1192164',856,,8063,14,,,0
13029,'1192190',1156,,8064,14,,,0
13029,'1192202',2156,,8065,14,,,0
13029,'1192230',1358,,8066,14,,,0
13029,'1192308',1856,,8067,14,,,0
13029,'1192320',826,,8068,14,,,0
13029,'1192403',927,,8069,14,,,0
13029,'1192519',1556,,8070,14,,,0
13029,'1192654',1728,,8071,14,,,0
13029,'1192739',2226,,8072,14,,,0
13029,'1192740',2326,,8073,14,,,0
13029,'1192743',1056,,8074,14,,,0
13029,'1192770',1656,,8075,14,,,0
13029,'1192773',1658,,8076,14,,,0
13029,'1192843',2356,,8077,14,,,0
13029,'1192910',956,,8078,14,,,0
13029,'1192970',1529,,8079,15,,,0
13029,'1192977',1926,,8080,14,,,0
13029,'1193002',1157,,8081,14,,,0
13029,'1193005',1059,,8082,14,,,0
13029,'1193028',1826,,8083,14,,,0
13029,'1193062',726,,8084,14,,,0
13029,'1193086',2026,,8085,14,,,0
13029,'1193110',1757,,8086,14,,,0
13029,'1193245',957,,8087,14,,,0
13029,'1193295',1257,,8088,14,,,0
13029,'1193310',857,,8089,14,,,0
101019,'1190633',1211,,8977,47,,,0
101019,'1190779',1348,,8978,47,,,0
101019,'1190804',1149,,8979,47,,,0
101019,'1190956',2148,,8980,47,,,0
101019,'1191198',611,,8981,47,,,0
101019,'1191312',949,,8982,47,,,0
101019,'1191333',2311,,8983,47,,,0
101019,'1191377',1548,,8984,47,,,0
101019,'1191380',2149,,8985,47,,,0
101019,'1191432',1748,,8986,47,,,0
101019,'1191480',1413,,8987,47,,,0
101019,'1191543',1949,,8988,47,,,0
101019,'1191977',1349,,8989,47,,,0
101019,'1192063',911,,8990,47,,,0
101019,'1192135',1111,,8991,47,,,0
101019,'1192166',1911,,8992,47,,,0
101019,'1192271',1011,,8993,47,,,0
101019,'1192368',1549,,8994,47,,,0
101019,'1192448',948,,8995,47,,,0
101019,'1192613',811,,8996,47,,,0
101019,'1192782',1713,,8997,47,,,0
101019,'1192859',1148,,8998,47,,,0
101019,'1192896',1948,,8999,47,,,0
101019,'1192902',749,,9000,47,,,0
101019,'1192958',2110,,9001,47,,,0
101019,'1192961',748,,9002,47,,,0
101019,'1192963',2348,,9003,47,,,0
101019,'1193022',1513,,9004,47,,,0
101019,'1193099',1749,,9005,47,,,0
101019,'1193164',1613,,9006,47,,,0
101019,'1193193',1813,,9007,47,,,0
