105029,'1190637',843,,9337,80,,,0
105029,'1190832',731,,9338,80,,,0
105029,'1190854',1534,,9339,80,,,0
105029,'1190856',1349,,9340,80,,,0
105029,'1190924',2436,,9341,80,,,0
105029,'1190926',1445,,9342,80,,,0
105029,'1190965',1504,,9343,80,,,0
105029,'1190981',701,,9344,80,,,0
105029,'1191222',2243,,9345,80,,,0
105029,'1191223',1719,,9346,80,,,0
105029,'1191285',2031,,9347,80,,,0
105029,'1191307',1604,,9348,80,,,0
105029,'1191404',1545,,9349,80,,,0
105029,'1191423',1434,,9350,80,,,0
105029,'1191572',1045,,9351,80,,,0
105029,'1191670',1802,,9352,80,,,0
105029,'1191739',1819,,9353,80,,,0
105029,'1191784',1345,,9354,80,,,0
105029,'1191846',1034,,9355,80,,,0
105029,'1191848',1249,,9356,80,,,0
105029,'1191910',2443,,9357,80,,,0
105029,'1191936',1602,,9358,80,,,0
105029,'1192016',801,,9359,80,,,0
105029,'1192019',1845,,9360,80,,,0
105029,'1192058',2402,,9361,80,,,0
105029,'1192150',802,,9362,80,,,0
105029,'1192180',2002,,9363,80,,,0
105029,'1192198',2331,,9364,80,,,0
105029,'1192205',643,,9365,80,,,0
105029,'1192224',1649,,9366,80,,,0
105029,'1192338',1901,,9367,80,,,0
105029,'1192379',2131,,9368,80,,,0
105029,'1192463',1402,,9369,80,,,0
105029,'1192488',1145,,9370,80,,,0
105029,'1192491',831,,9371,80,,,0
105029,'1192500',931,,9372,80,,,0
105029,'1192511',2043,,9373,80,,,0
105029,'1192662',1645,,9374,80,,,0
105029,'1192694',1134,,9375,80,,,0
105029,'1192728',2202,,9376,80,,,0
105029,'1193038',1245,,9377,80,,,0
105029,'1193130',1202,,9378,80,,,0
105029,'1193181',1745,,9379,80,,,0
105029,'1193225',1749,,9380,80,,,0
105029,'1193234',1002,,9381,80,,,0
105029,'1193316',2231,,9382,80,,,0
