105019,'1190616',2252,,9291,95,,,0
105019,'1190769',1449,,9292,95,,,0
105019,'1190825',1652,,9293,95,,,0
105019,'1190865',1849,,9294,95,,,0
105019,'1190975',1919,,9295,95,,,0
105019,'1190992',1838,,9296,95,,,0
105019,'1190998',1238,,9297,95,,,0
105019,'1191007',1749,,9298,95,,,0
105019,'1191038',1538,,9299,95,,,0
105019,'1191063',1031,,9300,95,,,0
105019,'1191065',1349,,9301,95,,,0
105019,'1191145',724,,9302,95,,,0
105019,'1191217',2337,,9303,95,,,0
105019,'1191294',1438,,9304,95,,,0
105019,'1191329',937,,9305,95,,,0
105019,'1191413',1052,,9306,95,,,0
105019,'1191457',1338,,9307,95,,,0
105019,'1191557',931,,9308,95,,,0
105019,'1191709',831,,9309,95,,,0
105019,'1191750',2323,,9310,95,,,0
105019,'1191859',737,,9311,95,,,0
105019,'1191891',1819,,9312,95,,,0
105019,'1192052',1938,,9313,95,,,0
105019,'1192113',654,,9314,95,,,0
105019,'1192142',1638,,9315,95,,,0
105019,'1192176',852,,9316,95,,,0
105019,'1192218',2423,,9317,95,,,0
105019,'1192236',1452,,9318,95,,,0
105019,'1192248',2123,,9319,95,,,0
105019,'1192267',1738,,9320,95,,,0
105019,'1192318',1138,,9321,95,,,0
105019,'1192337',1704,,9322,95,,,0
105019,'1192353',1534,,9323,95,,,0
105019,'1192579',1234,,9324,95,,,0
105019,'1192586',1252,,9325,95,,,0
105019,'1192598',2052,,9326,95,,,0
105019,'1192614',801,,9327,95,,,0
105019,'1192661',2223,,9328,95,,,0
105019,'1192725',1604,,9329,95,,,0
105019,'1192735',1953,,9330,95,,,0
105019,'1192821',2137,,9331,95,,,0
105019,'1192836',1852,,9332,95,,,0
105019,'1192847',624,,9333,95,,,0
105019,'1192875',1634,,9334,95,,,0
105019,'1193045',901,,9335,95,,,0
105019,'1193298',1134,,9336,95,,,0
106029,'1190782',749,,9389,26,,,0
106029,'1191556',1851,,9390,26,,,0
106029,'1191771',1621,,9391,26,,,0
106029,'1192044',1736,,9392,26,,,0
106029,'1192429',904,,9393,26,,,0
106029,'1193063',1019,,9394,26,,,0
