24019,'1190647',1215,,8361,18,,,0
24019,'1190820',2228,,8362,18,,,0
24019,'1190955',1228,,8363,18,,,0
24019,'1191020',1828,,8364,18,,,0
24019,'1191048',612,,8365,18,,,0
24019,'1191082',2143,,8366,18,,,0
24019,'1191122',928,,8367,18,,,0
24019,'1191137',1545,,8368,18,,,0
24019,'1191141',1315,,8369,18,,,0
24019,'1191142',1415,,8370,18,,,0
24019,'1191189',1128,,8371,18,,,0
24019,'1191200',1428,,8372,18,,,0
24019,'1191201',1514,,8373,18,,,0
24019,'1191254',2043,,8374,18,,,0
24019,'1191255',1613,,8375,18,,,0
24019,'1191295',1913,,8376,18,,,0
24019,'1191375',1628,,8377,18,,,0
24019,'1191467',2028,,8378,18,,,0
24019,'1191545',2213,,8379,18,,,0
24019,'1191590',1114,,8380,18,,,0
24019,'1191601',813,,8381,18,,,0
24019,'1191611',1943,,8382,18,,,0
24019,'1191656',1214,,8383,18,,,0
24019,'1191707',713,,8384,18,,,0
24019,'1191927',2243,,8385,18,,,0
24019,'1191942',828,,8386,18,,,0
24019,'1191985',1615,,8387,18,,,0
24019,'1191988',2013,,8388,18,,,0
24019,'1192102',1414,,8389,18,,,0
24019,'1192138',1314,,8390,18,,,0
24019,'1192200',1928,,8391,18,,,0
24019,'1192209',914,,8392,18,,,0
24019,'1192254',2128,,8393,18,,,0
24019,'1192304',1028,,8394,18,,,0
24019,'1192332',913,,8395,18,,,0
24019,'1192336',2403,,8396,18,,,0
24019,'1192345',1843,,8397,18,,,0
24019,'1192408',1645,,8398,18,,,0
24019,'1192447',1445,,8399,18,,,0
24019,'1192465',2328,,8400,18,,,0
24019,'1192487',1715,,8401,18,,,0
24019,'1192521',813,,8402,18,,,0
24019,'1192603',643,,8403,18,,,0
24019,'1192660',712,,8404,18,,,0
24019,'1192685',2313,,8405,18,,,0
24019,'1192701',1515,,8406,18,,,0
24019,'1192775',1528,,8407,18,,,0
24019,'1192783',743,,8408,18,,,0
24019,'1192879',1813,,8409,18,,,0
24019,'1192911',943,,8410,18,,,0
24019,'1192935',1745,,8411,18,,,0
24019,'1192952',728,,8412,18,,,0
24019,'1192971',2113,,8413,18,,,0
24019,'1193011',1328,,8414,18,,,0
24019,'1193067',843,,8415,18,,,0
24019,'1193077',1014,,8416,18,,,0
24019,'1193097',1728,,8417,18,,,0
24019,'1193230',1713,,8418,18,,,0
24019,'1193296',1115,,8419,18,,,0
24019,'1193299',1013,,8420,18,,,0
105029,'1190637',806,,9337,9,,,0
105029,'1190832',652,,9338,9,,,0
105029,'1190854',1452,,9339,9,,,0
105029,'1190856',1307,,9340,9,,,0
105029,'1190924',2357,,9341,9,,,0
105029,'1190926',1407,,9342,9,,,0
105029,'1190965',1422,,9343,9,,,0
105029,'1190981',622,,9344,9,,,0
105029,'1191222',2206,,9345,9,,,0
105029,'1191223',1637,,9346,9,,,0
105029,'1191285',1952,,9347,9,,,0
105029,'1191307',1522,,9348,9,,,0
105029,'1191404',1507,,9349,9,,,0
105029,'1191423',1352,,9350,9,,,0
105029,'1191572',1007,,9351,9,,,0
105029,'1191670',1721,,9352,9,,,0
105029,'1191739',1737,,9353,9,,,0
105029,'1191784',1307,,9354,9,,,0
105029,'1191846',952,,9355,9,,,0
105029,'1191848',1207,,9356,9,,,0
105029,'1191910',2406,,9357,9,,,0
105029,'1191936',1521,,9358,9,,,0
105029,'1192016',722,,9359,9,,,0
105029,'1192019',1807,,9360,9,,,0
105029,'1192058',2321,,9361,9,,,0
105029,'1192150',721,,9362,9,,,0
105029,'1192180',1921,,9363,9,,,0
105029,'1192198',2252,,9364,9,,,0
105029,'1192205',606,,9365,9,,,0
105029,'1192224',1607,,9366,9,,,0
105029,'1192338',1822,,9367,9,,,0
105029,'1192379',2052,,9368,9,,,0
105029,'1192463',1321,,9369,9,,,0
105029,'1192488',1107,,9370,9,,,0
105029,'1192491',752,,9371,9,,,0
105029,'1192500',852,,9372,9,,,0
105029,'1192511',2006,,9373,9,,,0
105029,'1192662',1607,,9374,9,,,0
105029,'1192694',1052,,9375,9,,,0
105029,'1192728',2121,,9376,9,,,0
105029,'1193038',1207,,9377,9,,,0
105029,'1193130',1121,,9378,9,,,0
105029,'1193181',1707,,9379,9,,,0
105029,'1193225',1707,,9380,9,,,0
105029,'1193234',921,,9381,9,,,0
105029,'1193316',2152,,9382,9,,,0
106019,'1190751',707,,9383,9,,,0
106019,'1190960',1652,,9384,9,,,0
106019,'1191191',1807,,9385,9,,,0
106019,'1191645',937,,9386,9,,,0
106019,'1192317',1537,,9387,9,,,0
106019,'1192475',822,,9388,9,,,0
140001029,'1190599',1152,,9532,9,,,0
140001029,'1190600',921,,9533,9,,,0
140001029,'1190621',2252,,9534,9,,,0
140001029,'1190654',2251,,9535,9,,,0
140001029,'1190676',2222,,9536,9,,,0
140001029,'1190705',1623,,9537,9,,,0
140001029,'1190711',821,,9538,9,,,0
140001029,'1190715',1638,,9539,9,,,0
140001029,'1190737',2121,,9540,9,,,0
140001029,'1190823',1107,,9541,9,,,0
140001029,'1190849',1222,,9542,9,,,0
140001029,'1190851',1707,,9543,9,,,0
140001029,'1190861',736,,9544,9,,,0
140001029,'1190919',622,,9545,9,,,0
140001029,'1190942',836,,9546,9,,,0
140001029,'1190950',1037,,9547,9,,,0
140001029,'1190977',1022,,9548,9,,,0
140001029,'1191006',1052,,9549,9,,,0
140001029,'1191022',1752,,9550,9,,,0
140001029,'1191026',1922,,9551,9,,,0
140001029,'1191051',1653,,9552,9,,,0
140001029,'1191073',1807,,9553,9,,,0
140001029,'1191077',1852,,9554,9,,,0
140001029,'1191100',1523,,9555,9,,,0
140001029,'1191110',1538,,9556,9,,,0
140001029,'1191120',2037,,9557,9,,,0
140001029,'1191183',1337,,9558,9,,,0
140001029,'1191185',1422,,9559,9,,,0
140001029,'1191195',1453,,9560,9,,,0
140001029,'1191197',1007,,9561,9,,,0
140001029,'1191229',751,,9562,9,,,0
140001029,'1191239',1007,,9563,9,,,0
140001029,'1191241',752,,9564,9,,,0
140001029,'1191249',1137,,9565,9,,,0
140001029,'1191251',852,,9566,9,,,0
140001029,'1191260',1152,,9567,9,,,0
140001029,'1191273',1252,,9568,9,,,0
140001029,'1191279',851,,9569,9,,,0
140001029,'1191347',1437,,9570,9,,,0
140001029,'1191349',1553,,9571,9,,,0
140001029,'1191357',636,,9572,9,,,0
140001029,'1191358',1537,,9573,9,,,0
140001029,'1191362',721,,9574,9,,,0
140001029,'1191369',1122,,9575,9,,,0
140001029,'1191374',706,,9576,9,,,0
140001029,'1191422',1922,,9577,9,,,0
140001029,'1191436',1607,,9578,9,,,0
140001029,'1191459',2052,,9579,9,,,0
140001029,'1191461',1722,,9580,9,,,0
140001029,'1191510',1222,,9581,9,,,0
140001029,'1191569',1822,,9582,9,,,0
140001029,'1191585',1622,,9583,9,,,0
140001029,'1191594',2356,,9584,9,,,0
140001029,'1191599',1322,,9585,9,,,0
140001029,'1191617',2222,,9586,9,,,0
140001029,'1191627',922,,9587,9,,,0
140001029,'1191654',1937,,9588,9,,,0
140001029,'1191672',1022,,9589,9,,,0
140001029,'1191688',1807,,9590,9,,,0
140001029,'1191700',2152,,9591,9,,,0
140001029,'1191703',1723,,9592,9,,,0
140001029,'1191748',722,,9593,9,,,0
140001029,'1191749',2022,,9594,9,,,0
140001029,'1191752',1952,,9595,9,,,0
140001029,'1191781',1207,,9596,9,,,0
140001029,'1191787',1907,,9597,9,,,0
140001029,'1191809',1052,,9598,9,,,0
140001029,'1191814',1922,,9599,9,,,0
140001029,'1191822',1137,,9600,9,,,0
140001029,'1191880',1423,,9601,9,,,0
140001029,'1191895',1552,,9602,9,,,0
140001029,'1191933',1438,,9603,9,,,0
140001029,'1191962',1252,,9604,9,,,0
140001029,'1191971',1522,,9605,9,,,0
140001029,'1191993',1207,,9606,9,,,0
140001029,'1192009',1237,,9607,9,,,0
140001029,'1192030',2221,,9608,9,,,0
140001029,'1192075',1708,,9609,9,,,0
140001029,'1192076',1507,,9610,9,,,0
140001029,'1192085',722,,9611,9,,,0
140001029,'1192192',1952,,9612,9,,,0
140001029,'1192204',2022,,9613,9,,,0
140001029,'1192231',951,,9614,9,,,0
140001029,'1192238',952,,9615,9,,,0
140001029,'1192242',1508,,9616,9,,,0
140001029,'1192251',2122,,9617,9,,,0
140001029,'1192270',2352,,9618,9,,,0
140001029,'1192275',1637,,9619,9,,,0
140001029,'1192298',1622,,9620,9,,,0
140001029,'1192358',1822,,9621,9,,,0
140001029,'1192364',2321,,9622,9,,,0
140001029,'1192382',1738,,9623,9,,,0
140001029,'1192427',2007,,9624,9,,,0
140001029,'1192462',1022,,9625,9,,,0
140001029,'1192467',1322,,9626,9,,,0
140001029,'1192479',2052,,9627,9,,,0
140001029,'1192506',652,,9628,9,,,0
140001029,'1192539',1122,,9629,9,,,0
140001029,'1192548',937,,9630,9,,,0
140001029,'1192550',1237,,9631,9,,,0
140001029,'1192559',936,,9632,9,,,0
140001029,'1192568',822,,9633,9,,,0
140001029,'1192571',806,,9634,9,,,0
140001029,'1192572',1522,,9635,9,,,0
140001029,'1192575',651,,9636,9,,,0
140001029,'1192584',1737,,9637,9,,,0
140001029,'1192594',1037,,9638,9,,,0
140001029,'1192612',1452,,9639,9,,,0
140001029,'1192644',1608,,9640,9,,,0
140001029,'1192648',1307,,9641,9,,,0
140001029,'1192665',906,,9642,9,,,0
140001029,'1192677',922,,9643,9,,,0
140001029,'1192732',1353,,9644,9,,,0
140001029,'1192736',1752,,9645,9,,,0
140001029,'1192755',1852,,9646,9,,,0
140001029,'1192762',1837,,9647,9,,,0
140001029,'1192794',2022,,9648,9,,,0
140001029,'1192842',1322,,9649,9,,,0
140001029,'1192858',1307,,9650,9,,,0
140001029,'1192901',1837,,9651,9,,,0
140001029,'1192907',1352,,9652,9,,,0
140001029,'1192922',1122,,9653,9,,,0
140001029,'1192938',1107,,9654,9,,,0
140001029,'1192969',1222,,9655,9,,,0
140001029,'1193035',2322,,9656,9,,,0
140001029,'1193142',1722,,9657,9,,,0
140001029,'1193157',2151,,9658,9,,,0
140001029,'1193158',2322,,9659,9,,,0
140001029,'1193196',1407,,9660,9,,,0
140001029,'1193202',2122,,9661,9,,,0
140001029,'1193206',1337,,9662,9,,,0
140001029,'1193223',1422,,9663,9,,,0
140001029,'1193237',822,,9664,9,,,0
140001029,'1193252',621,,9665,9,,,0
140001029,'1193289',1408,,9666,9,,,0
140001029,'1193293',1822,,9667,9,,,0
140001029,'1193306',1652,,9668,9,,,0
