104019,'1190671',919,,9201,5,,,0
104019,'1190814',2104,,9202,5,,,0
104019,'1190818',2049,,9203,5,,,0
104019,'1190892',749,,9204,5,,,0
104019,'1190936',1450,,9205,5,,,0
104019,'1190948',2319,,9206,5,,,0
104019,'1190986',1749,,9207,5,,,0
104019,'1191016',719,,9208,5,,,0
104019,'1191017',719,,9209,5,,,0
104019,'1191094',1919,,9210,5,,,0
104019,'1191310',834,,9212,5,,,0
104019,'1191311',1719,,9213,5,,,0
104019,'1191316',1535,,9214,5,,,0
104019,'1191321',2219,,9215,5,,,0
104019,'1191385',1704,,9217,5,,,0
104019,'1191418',949,,9218,5,,,0
104019,'1191499',2334,,9219,5,,,0
104019,'1191536',1320,,9220,5,,,0
104019,'1191638',1519,,9222,5,,,0
104019,'1191722',904,,9223,5,,,0
104019,'1191770',719,,9224,5,,,0
104019,'1191825',634,,9225,5,,,0
104019,'1191885',604,,9226,5,,,0
104019,'1191947',1105,,9227,5,,,0
104019,'1191953',1219,,9228,5,,,0
104019,'1191956',1319,,9229,5,,,0
104019,'1191969',1235,,9230,5,,,0
104019,'1192007',1449,,9231,5,,,0
104019,'1192026',1834,,9232,5,,,0
104019,'1192189',2119,,9233,5,,,0
104019,'1192203',834,,9234,5,,,0
104019,'1192446',1150,,9235,5,,,0
104019,'1192457',1719,,9236,5,,,0
104019,'1192466',1334,,9237,5,,,0
104019,'1192607',1104,,9238,5,,,0
104019,'1192616',1119,,9239,5,,,0
104019,'1192795',1919,,9240,5,,,0
104019,'1192810',1405,,9241,5,,,0
104019,'1192924',1949,,9242,5,,,0
104019,'1192954',1620,,9243,5,,,0
104019,'1192997',949,,9244,5,,,0
104019,'1193072',2354,,9245,5,,,0
104019,'1193232',2219,,9246,5,,,0
104019,'1193244',1604,,9247,5,,,0
