13029,'1184622',1454,,5183,6,,,0
13029,'1184639',1052,,5184,6,,,0
13029,'1184860',1752,,5185,6,,,0
13029,'1184887',1552,,5186,6,,,0
13029,'1184913',1154,,5187,6,,,0
13029,'1184970',1952,,5188,6,,,0
13029,'1184998',952,,5189,6,,,0
13029,'1185002',1252,,5190,6,,,0
13029,'1185007',1724,,5191,6,,,0
13029,'1185049',2122,,5192,6,,,0
13029,'1185060',2322,,5193,6,,,0
13029,'1185106',2352,,5194,6,,,0
13029,'1185152',2152,,5195,6,,,0
13029,'1185240',652,,5196,6,,,0
13029,'1185250',652,,5197,6,,,0
13029,'1185280',1452,,5198,6,,,0
13029,'1185334',752,,5199,6,,,0
13029,'1185377',1254,,5200,6,,,0
13029,'1185394',752,,5201,6,,,0
13029,'1185396',2052,,5202,6,,,0
13029,'1185484',923,,5203,6,,,0
13029,'1185577',2252,,5204,6,,,0
13029,'1185580',1754,,5205,6,,,0
13029,'1185812',2152,,5206,6,,,0
13029,'1185831',2352,,5207,6,,,0
13029,'1185869',1352,,5208,6,,,0
13029,'1185917',2252,,5209,6,,,0
13029,'1185937',1654,,5210,6,,,0
13029,'1185958',822,,5211,6,,,0
13029,'1185992',2222,,5212,6,,,0
13029,'1185993',852,,5213,6,,,0
13029,'1186136',1952,,5214,6,,,0
13029,'1186246',1653,,5215,6,,,0
13029,'1186268',1922,,5216,6,,,0
13029,'1186297',1453,,5217,6,,,0
13029,'1186340',2022,,5218,6,,,0
13029,'1186403',1022,,5219,6,,,0
13029,'1186434',1354,,5220,6,,,0
13029,'1186460',1253,,5221,6,,,0
13029,'1186504',722,,5222,6,,,0
13029,'1186525',1055,,5223,6,,,0
13029,'1186673',1822,,5224,6,,,0
13029,'1186687',622,,5225,6,,,0
13029,'1186776',1553,,5226,6,,,0
13029,'1186818',953,,5227,6,,,0
13029,'1186830',1525,,5228,7,,,0
13029,'1186833',1152,,5229,6,,,0
13029,'1186836',752,,5230,6,,,0
13029,'1186866',1852,,5231,6,,,0
13029,'1186888',1852,,5232,6,,,0
13029,'1186897',2052,,5233,6,,,0
13029,'1186901',1153,,5234,6,,,0
13029,'1186955',1554,,5235,6,,,0
13029,'1186976',853,,5236,6,,,0
13029,'1186982',852,,5237,6,,,0
13029,'1186992',1753,,5238,6,,,0
13029,'1187030',1624,,5239,6,,,0
13029,'1187120',952,,5240,6,,,0
13029,'1187142',1052,,5241,6,,,0
13029,'1187159',1652,,5242,6,,,0
13029,'1187173',1353,,5243,6,,,0
