10019,'1193663',2219,,10064,16,,,0
10019,'1193665',1754,,10065,16,,,0
10019,'1193667',620,,10066,16,,,0
10019,'1193668',949,,10067,16,,,0
10019,'1193675',2249,,10068,16,,,0
10019,'1193678',2149,,10069,16,,,0
10019,'1193679',1824,,10070,16,,,0
10019,'1193680',749,,10071,16,,,0
10019,'1193681',1554,,10072,16,,,0
10019,'1193682',649,,10073,16,,,0
10019,'1193686',1054,,10074,16,,,0
10019,'1193687',1054,,10075,16,,,0
10019,'1193691',1754,,10076,16,,,0
10019,'1193697',1854,,10077,16,,,0
10019,'1193698',1919,,10078,16,,,0
10019,'1193700',2049,,10079,16,,,0
10019,'1193701',849,,10080,16,,,0
10019,'1193703',1454,,10081,16,,,0
10019,'1193704',749,,10082,16,,,0
10019,'1193707',949,,10083,16,,,0
10019,'1193708',849,,10084,16,,,0
10019,'1193709',949,,10085,16,,,0
10019,'1193710',1254,,10086,16,,,0
10019,'1193711',1254,,10087,16,,,0
10019,'1193715',1254,,10088,16,,,0
10019,'1193717',2119,,10089,16,,,0
10019,'1193718',1354,,10090,16,,,0
10019,'1193720',1619,,10091,16,,,0
10019,'1193724',1454,,10092,16,,,0
10019,'1193725',2019,,10093,16,,,0
10019,'1193730',1949,,10094,16,,,0
10019,'1193731',1454,,10095,16,,,0
10019,'1193732',2319,,10096,16,,,0
10019,'1193733',1754,,10097,16,,,0
10019,'1193734',1154,,10098,16,,,0
10019,'1193735',1154,,10099,16,,,0
10019,'1193737',1054,,10100,16,,,0
10019,'1193738',1154,,10101,16,,,0
10019,'1193739',2249,,10102,16,,,0
10019,'1193740',1654,,10103,16,,,0
10019,'1193743',1519,,10104,16,,,0
10019,'1193747',2349,,10105,16,,,0
10019,'1193749',1949,,10106,16,,,0
10019,'1193752',719,,10107,16,,,0
10019,'1193754',1719,,10108,16,,,0
10019,'1193755',1554,,10109,16,,,0
10019,'1193756',1854,,10110,16,,,0
10019,'1193759',1354,,10111,16,,,0
10019,'1193761',1654,,10112,16,,,0
10019,'1193765',650,,10113,16,,,0
10019,'1193766',2049,,10114,16,,,0
10019,'1193767',819,,10115,16,,,0
10019,'1193768',919,,10116,16,,,0
10019,'1193769',2349,,10117,16,,,0
10019,'1193770',1354,,10118,16,,,0
10019,'1193771',749,,10119,16,,,0
10019,'1193772',1554,,10120,16,,,0
10019,'1193773',2149,,10121,16,,,0
10019,'1193774',1654,,10122,16,,,0
10019,'1193779',849,,10123,16,,,0
12019,'1190645',1631,,7824,22,,,0
12019,'1190657',1800,,7825,22,,,0
12019,'1190716',700,,7826,22,,,0
12019,'1190720',1900,,7827,22,,,0
12019,'1190795',1700,,7828,22,,,0
12019,'1190815',1500,,7829,22,,,0
12019,'1190831',2200,,7830,22,,,0
12019,'1190872',900,,7831,22,,,0
12019,'1190904',2100,,7832,22,,,0
12019,'1190905',900,,7833,22,,,0
12019,'1190925',2030,,7834,22,,,0
12019,'1190938',1631,,7835,22,,,0
12019,'1191207',1801,,7836,22,,,0
12019,'1191227',1731,,7837,22,,,0
12019,'1191292',1000,,7838,22,,,0
12019,'1191300',1531,,7839,22,,,0
12019,'1191320',2330,,7840,22,,,0
12019,'1191398',2200,,7841,22,,,0
12019,'1191414',1731,,7842,22,,,0
12019,'1191419',1501,,7843,22,,,0
12019,'1191420',2130,,7844,22,,,0
12019,'1191448',800,,7845,22,,,0
12019,'1191466',1701,,7846,22,,,0
12019,'1191470',1501,,7847,22,,,0
12019,'1191522',1101,,7848,22,,,0
12019,'1191559',1400,,7849,22,,,0
12019,'1191598',1201,,7850,22,,,0
12019,'1191639',1231,,7851,22,,,0
12019,'1191674',1131,,7852,22,,,0
12019,'1191686',1331,,7853,22,,,0
12019,'1191724',1600,,7854,22,,,0
12019,'1191785',1200,,7855,22,,,0
12019,'1191790',1100,,7856,22,,,0
12019,'1191803',1301,,7857,22,,,0
12019,'1191804',1601,,7858,22,,,0
12019,'1191818',1401,,7859,22,,,0
12019,'1191855',1900,,7860,22,,,0
12019,'1191973',1131,,7861,22,,,0
12019,'1191984',2400,,7862,22,,,0
12019,'1192006',1030,,7863,22,,,0
12019,'1192018',1301,,7864,22,,,0
12019,'1192022',1930,,7865,22,,,0
12019,'1192099',830,,7866,22,,,0
12019,'1192145',1401,,7867,22,,,0
12019,'1192151',800,,7868,22,,,0
12019,'1192194',730,,7869,22,,,0
12019,'1192261',1201,,7870,22,,,0
12019,'1192280',2230,,7871,22,,,0
12019,'1192281',1331,,7872,22,,,0
12019,'1192299',800,,7873,22,,,0
12019,'1192301',1231,,7874,22,,,0
12019,'1192340',1431,,7875,22,,,0
12019,'1192366',1830,,7876,22,,,0
12019,'1192412',930,,7877,22,,,0
12019,'1192428',900,,7878,22,,,0
12019,'1192530',1531,,7879,22,,,0
12019,'1192561',2400,,7880,22,,,0
12019,'1192582',2000,,7881,22,,,0
12019,'1192611',2300,,7882,22,,,0
12019,'1192642',630,,7883,22,,,0
12019,'1193003',1601,,7884,22,,,0
12019,'1193055',1701,,7885,22,,,0
12019,'1193068',1000,,7886,22,,,0
12019,'1193119',2100,,7887,22,,,0
12019,'1193147',1101,,7888,22,,,0
12019,'1193167',1431,,7889,22,,,0
12019,'1193176',702,,7890,22,,,0
12019,'1193179',2000,,7891,22,,,0
12019,'1193229',1801,,7892,22,,,0
12019,'1193248',1300,,7893,22,,,0
12019,'1193280',2300,,7894,22,,,0
12019,'1193305',1000,,7895,22,,,0
