102029,'1184549',2000,,6235,16,,,0
102029,'1184571',1647,,6236,16,,,0
102029,'1184618',1732,,6237,16,,,0
102029,'1184669',930,,6238,16,,,0
102029,'1184714',2417,,6239,16,,,0
102029,'1184773',2117,,6240,16,,,0
102029,'1184809',2300,,6241,16,,,0
102029,'1184861',832,,6242,16,,,0
102029,'1184912',1947,,6243,16,,,0
102029,'1184978',1602,,6244,16,,,0
102029,'1184982',637,,6245,16,,,0
102029,'1185183',1317,,6246,16,,,0
102029,'1185253',2130,,6247,16,,,0
102029,'1185285',2047,,6248,16,,,0
102029,'1185358',800,,6249,16,,,0
102029,'1185373',1047,,6250,16,,,0
102029,'1185397',1230,,6251,16,,,0
102029,'1185401',717,,6252,16,,,0
102029,'1185461',747,,6253,16,,,0
102029,'1185534',2247,,6254,16,,,0
102029,'1185681',617,,6255,16,,,0
102029,'1185738',1517,,6256,16,,,0
102029,'1185784',1100,,6257,16,,,0
102029,'1185941',1217,,6258,16,,,0
102029,'1186057',917,,6259,16,,,0
102029,'1186170',1347,,6260,16,,,0
102029,'1186432',1002,,6261,16,,,0
102029,'1186530',1700,,6262,16,,,0
102029,'1186531',2347,,6263,16,,,0
102029,'1186607',1447,,6264,16,,,0
102029,'1186708',1432,,6265,16,,,0
102029,'1186709',1817,,6266,16,,,0
102029,'1186731',1530,,6267,16,,,0
102029,'1186819',2217,,6268,16,,,0
102029,'1186863',1747,,6269,16,,,0
102029,'1186948',1830,,6270,16,,,0
102029,'1186954',702,,6271,16,,,0
102029,'1186980',1147,,6272,16,,,0
102029,'1187047',1400,,6273,16,,,0
102029,'1187053',1917,,6274,16,,,0
102029,'1187089',1017,,6275,16,,,0
102029,'1187099',1617,,6276,16,,,0
102029,'1187198',847,,6277,16,,,0
