11029,'1190662',1435,,7754,24,,,0
11029,'1190674',1605,,7755,24,,,0
11029,'1190679',1235,,7756,24,,,0
11029,'1190687',2235,,7757,24,,,0
11029,'1190702',635,,7758,24,,,0
11029,'1190707',1005,,7759,24,,,0
11029,'1190740',1036,,7760,24,,,0
11029,'1190760',1405,,7761,24,,,0
11029,'1190767',1735,,7762,24,,,0
11029,'1190846',1305,,7763,24,,,0
11029,'1190868',1505,,7764,24,,,0
11029,'1190908',805,,7765,24,,,0
11029,'1190991',705,,7766,24,,,0
11029,'1191027',1336,,7767,24,,,0
11029,'1191113',1105,,7768,24,,,0
11029,'1191117',1235,,7769,24,,,0
11029,'1191127',1335,,7770,24,,,0
11029,'1191176',836,,7771,24,,,0
11029,'1191206',1935,,7772,24,,,0
11029,'1191220',1736,,7773,24,,,0
11029,'1191225',2105,,7774,24,,,0
11029,'1191261',1636,,7775,24,,,0
11029,'1191301',735,,7776,24,,,0
11029,'1191458',1605,,7777,24,,,0
11029,'1191541',2035,,7778,24,,,0
11029,'1191571',2036,,7779,24,,,0
11029,'1191589',1236,,7780,24,,,0
11029,'1191607',1705,,7781,24,,,0
11029,'1191727',1535,,7782,24,,,0
11029,'1191782',1405,,7783,24,,,0
11029,'1191889',2336,,7784,24,,,0
11029,'1191897',1205,,7785,24,,,0
11029,'1191898',1536,,7786,24,,,0
11029,'1191943',1035,,7787,24,,,0
11029,'1191963',1135,,7788,24,,,0
11029,'1191968',1136,,7789,24,,,0
11029,'1191999',2005,,7790,24,,,0
11029,'1192027',1905,,7791,24,,,0
11029,'1192028',736,,7792,24,,,0
11029,'1192111',2136,,7793,24,,,0
11029,'1192172',2410,,7794,24,,,0
11029,'1192183',935,,7795,24,,,0
11029,'1192286',835,,7796,24,,,0
11029,'1192326',1936,,7797,24,,,0
11029,'1192339',905,,7798,24,,,0
11029,'1192422',2305,,7799,24,,,0
11029,'1192445',1335,,7800,24,,,0
11029,'1192481',1635,,7801,24,,,0
11029,'1192490',2236,,7802,24,,,0
11029,'1192503',2335,,7803,24,,,0
11029,'1192528',935,,7804,24,,,0
11029,'1192532',2205,,7805,24,,,0
11029,'1192574',1135,,7806,24,,,0
11029,'1192626',1035,,7807,24,,,0
11029,'1192737',1735,,7808,24,,,0
11029,'1192757',735,,7809,24,,,0
11029,'1192779',1836,,7810,24,,,0
11029,'1192802',1205,,7811,24,,,0
11029,'1192807',1705,,7812,24,,,0
11029,'1192884',1535,,7813,24,,,0
11029,'1192947',1436,,7814,24,,,0
11029,'1193001',936,,7815,24,,,0
11029,'1193017',1635,,7816,24,,,0
11029,'1193076',1305,,7817,24,,,0
11029,'1193105',1805,,7818,24,,,0
11029,'1193146',1505,,7819,24,,,0
11029,'1193240',1435,,7820,24,,,0
11029,'1193251',2135,,7821,24,,,0
11029,'1193290',1835,,7822,24,,,0
11029,'1193300',835,,7823,24,,,0
22029,'1190629',1823,,8333,3,,,0
22029,'1190829',823,,8334,3,,,0
22029,'1191658',1223,,8335,3,,,0
22029,'1191974',853,,8336,3,,,0
22029,'1192121',1453,,8337,3,,,0
22029,'1192763',1053,,8338,3,,,0
22029,'1193113',1253,,8339,3,,,0
22029,'1193114',1423,,8340,3,,,0
22029,'1193263',1623,,8341,3,,,0
22029,'1193287',1023,,8342,3,,,0
140001029,'1190599',1159,,9532,17,,,0
140001029,'1190600',926,,9533,17,,,0
140001029,'1190621',2257,,9534,17,,,0
140001029,'1190654',2256,,9535,17,,,0
140001029,'1190676',2227,,9536,17,,,0
140001029,'1190705',1630,,9537,17,,,0
140001029,'1190711',826,,9538,17,,,0
140001029,'1190715',1645,,9539,17,,,0
140001029,'1190737',2126,,9540,17,,,0
140001029,'1190823',1112,,9541,17,,,0
140001029,'1190849',1227,,9542,17,,,0
140001029,'1190851',1712,,9543,17,,,0
140001029,'1190861',741,,9544,17,,,0
140001029,'1190919',627,,9545,17,,,0
140001029,'1190942',841,,9546,17,,,0
140001029,'1190950',1042,,9547,17,,,0
140001029,'1190977',1027,,9548,17,,,0
140001029,'1191006',1059,,9549,17,,,0
140001029,'1191022',1757,,9550,17,,,0
140001029,'1191026',1927,,9551,17,,,0
140001029,'1191051',1700,,9552,17,,,0
140001029,'1191073',1812,,9553,17,,,0
140001029,'1191077',1858,,9554,17,,,0
140001029,'1191100',1530,,9555,17,,,0
140001029,'1191110',1545,,9556,17,,,0
140001029,'1191120',2043,,9557,17,,,0
140001029,'1191183',1342,,9558,17,,,0
140001029,'1191185',1427,,9559,17,,,0
140001029,'1191195',1500,,9560,17,,,0
140001029,'1191197',1014,,9561,17,,,0
140001029,'1191229',756,,9562,17,,,0
140001029,'1191239',1012,,9563,17,,,0
140001029,'1191241',757,,9564,17,,,0
140001029,'1191249',1144,,9565,17,,,0
140001029,'1191251',857,,9566,17,,,0
140001029,'1191260',1157,,9567,17,,,0
140001029,'1191273',1259,,9568,17,,,0
140001029,'1191279',856,,9569,17,,,0
140001029,'1191347',1442,,9570,17,,,0
140001029,'1191349',1600,,9571,17,,,0
140001029,'1191357',641,,9572,17,,,0
140001029,'1191358',1542,,9573,17,,,0
140001029,'1191362',726,,9574,17,,,0
140001029,'1191369',1127,,9575,17,,,0
140001029,'1191374',711,,9576,17,,,0
140001029,'1191422',1927,,9577,17,,,0
140001029,'1191436',1612,,9578,17,,,0
140001029,'1191459',2058,,9579,17,,,0
140001029,'1191461',1727,,9580,17,,,0
140001029,'1191510',1229,,9581,17,,,0
140001029,'1191569',1827,,9582,17,,,0
140001029,'1191585',1627,,9583,17,,,0
140001029,'1191594',2401,,9584,17,,,0
140001029,'1191599',1329,,9585,17,,,0
140001029,'1191617',2227,,9586,17,,,0
140001029,'1191627',927,,9587,17,,,0
140001029,'1191654',1943,,9588,17,,,0
140001029,'1191672',1027,,9589,17,,,0
140001029,'1191688',1813,,9590,17,,,0
140001029,'1191700',2157,,9591,17,,,0
140001029,'1191703',1730,,9592,17,,,0
140001029,'1191748',727,,9593,17,,,0
140001029,'1191749',2028,,9594,17,,,0
140001029,'1191752',1958,,9595,17,,,0
140001029,'1191781',1212,,9596,17,,,0
140001029,'1191787',1913,,9597,17,,,0
140001029,'1191809',1057,,9598,17,,,0
140001029,'1191814',1928,,9599,17,,,0
140001029,'1191822',1142,,9600,17,,,0
140001029,'1191880',1430,,9601,17,,,0
140001029,'1191895',1557,,9602,17,,,0
140001029,'1191933',1445,,9603,17,,,0
140001029,'1191962',1257,,9604,17,,,0
140001029,'1191971',1527,,9605,17,,,0
140001029,'1191993',1214,,9606,17,,,0
140001029,'1192009',1242,,9607,17,,,0
140001029,'1192030',2226,,9608,17,,,0
140001029,'1192075',1715,,9609,17,,,0
140001029,'1192076',1512,,9610,17,,,0
140001029,'1192085',727,,9611,17,,,0
140001029,'1192192',1957,,9612,17,,,0
140001029,'1192204',2027,,9613,17,,,0
140001029,'1192231',956,,9614,17,,,0
140001029,'1192238',957,,9615,17,,,0
140001029,'1192242',1515,,9616,17,,,0
140001029,'1192251',2127,,9617,17,,,0
140001029,'1192270',2357,,9618,17,,,0
140001029,'1192275',1642,,9619,17,,,0
140001029,'1192298',1627,,9620,17,,,0
140001029,'1192358',1827,,9621,17,,,0
140001029,'1192364',2326,,9622,17,,,0
140001029,'1192382',1745,,9623,17,,,0
140001029,'1192427',2013,,9624,17,,,0
140001029,'1192462',1029,,9625,17,,,0
140001029,'1192467',1327,,9626,17,,,0
140001029,'1192479',2057,,9627,17,,,0
140001029,'1192506',657,,9628,17,,,0
140001029,'1192539',1127,,9629,17,,,0
140001029,'1192548',942,,9630,17,,,0
140001029,'1192550',1244,,9631,17,,,0
140001029,'1192559',941,,9632,17,,,0
140001029,'1192568',827,,9633,17,,,0
140001029,'1192571',811,,9634,17,,,0
140001029,'1192572',1527,,9635,17,,,0
140001029,'1192575',656,,9636,17,,,0
140001029,'1192584',1742,,9637,17,,,0
140001029,'1192594',1044,,9638,17,,,0
140001029,'1192612',1457,,9639,17,,,0
140001029,'1192644',1615,,9640,17,,,0
140001029,'1192648',1314,,9641,17,,,0
140001029,'1192665',911,,9642,17,,,0
140001029,'1192677',927,,9643,17,,,0
140001029,'1192732',1400,,9644,17,,,0
140001029,'1192736',1758,,9645,17,,,0
140001029,'1192755',1857,,9646,17,,,0
140001029,'1192762',1842,,9647,17,,,0
140001029,'1192794',2027,,9648,17,,,0
140001029,'1192842',1327,,9649,17,,,0
140001029,'1192858',1312,,9650,17,,,0
140001029,'1192901',1843,,9651,17,,,0
140001029,'1192907',1357,,9652,17,,,0
140001029,'1192922',1129,,9653,17,,,0
140001029,'1192938',1114,,9654,17,,,0
140001029,'1192969',1227,,9655,17,,,0
140001029,'1193035',2327,,9656,17,,,0
140001029,'1193142',1727,,9657,17,,,0
140001029,'1193157',2156,,9658,17,,,0
140001029,'1193158',2327,,9659,17,,,0
140001029,'1193196',1412,,9660,17,,,0
140001029,'1193202',2127,,9661,17,,,0
140001029,'1193206',1344,,9662,17,,,0
140001029,'1193223',1427,,9663,17,,,0
140001029,'1193237',827,,9664,17,,,0
140001029,'1193252',626,,9665,17,,,0
140001029,'1193289',1415,,9666,17,,,0
140001029,'1193293',1828,,9667,17,,,0
140001029,'1193306',1657,,9668,17,,,0
