105029,'1184521',1819,,6491,83,,,0
105029,'1184537',1349,,6492,83,,,0
105029,'1184580',931,,6493,83,,,0
105029,'1184670',1604,,6494,83,,,0
105029,'1184683',1203,,6495,83,,,0
105029,'1184808',2331,,6496,83,,,0
105029,'1184833',1034,,6497,83,,,0
105029,'1184834',2436,,6498,83,,,0
105029,'1184863',1249,,6499,83,,,0
105029,'1185104',1745,,6500,83,,,0
105029,'1185135',731,,6501,83,,,0
105029,'1185184',1345,,6502,83,,,0
105029,'1185215',1645,,6503,83,,,0
105029,'1185318',1403,,6504,83,,,0
105029,'1185332',1901,,6505,83,,,0
105029,'1185350',2031,,6506,83,,,0
105029,'1185359',2231,,6507,83,,,0
105029,'1185398',1045,,6508,83,,,0
105029,'1185412',843,,6509,83,,,0
105029,'1185440',1649,,6510,83,,,0
105029,'1185523',1445,,6511,83,,,0
105029,'1185630',2403,,6512,83,,,0
105029,'1185668',801,,6513,83,,,0
105029,'1185720',2003,,6514,83,,,0
105029,'1185827',2131,,6515,83,,,0
105029,'1185938',1504,,6516,83,,,0
105029,'1186005',1719,,6517,83,,,0
105029,'1186007',643,,6518,83,,,0
105029,'1186279',1534,,6519,83,,,0
105029,'1186282',1434,,6520,83,,,0
105029,'1186299',1545,,6521,83,,,0
105029,'1186335',2443,,6522,83,,,0
105029,'1186345',2203,,6523,83,,,0
105029,'1186387',1145,,6524,83,,,0
105029,'1186470',1134,,6525,83,,,0
105029,'1186485',2243,,6526,83,,,0
105029,'1186492',1003,,6527,83,,,0
105029,'1186520',1803,,6528,83,,,0
105029,'1186715',803,,6529,83,,,0
105029,'1186740',1245,,6530,83,,,0
105029,'1186861',701,,6531,83,,,0
105029,'1186874',1749,,6532,83,,,0
105029,'1186924',1845,,6533,83,,,0
105029,'1187005',831,,6534,83,,,0
105029,'1187093',1603,,6535,83,,,0
105029,'1187132',2043,,6536,83,,,0
