20029,'1190601',2055,,8266,6,,,0
20029,'1190617',1926,,8267,6,,,0
20029,'1190701',2155,,8268,6,,,0
20029,'1190776',954,,8269,6,,,0
20029,'1190792',1826,,8270,6,,,0
20029,'1190813',854,,8271,6,,,0
20029,'1190850',755,,8272,6,,,0
20029,'1190896',1226,,8273,6,,,0
20029,'1190928',1354,,8274,6,,,0
20029,'1190954',1554,,8275,6,,,0
20029,'1190972',745,,8276,6,,,0
20029,'1190985',2245,,8277,6,,,0
20029,'1191010',2345,,8278,6,,,0
20029,'1191028',754,,8279,6,,,0
20029,'1191030',926,,8280,6,,,0
20029,'1191193',1726,,8281,6,,,0
20029,'1191205',1656,,8282,6,,,0
20029,'1191242',1855,,8283,6,,,0
20029,'1191325',2354,,8284,6,,,0
20029,'1191388',1026,,8285,6,,,0
20029,'1191416',2225,,8286,6,,,0
20029,'1191462',725,,8287,6,,,0
20029,'1191465',1045,,8288,6,,,0
20029,'1191523',1454,,8289,6,,,0
20029,'1191554',1527,,8290,6,,,0
20029,'1191562',1445,,8291,6,,,0
20029,'1191581',1654,,8292,6,,,0
20029,'1191604',1054,,8293,6,,,0
20029,'1191631',2255,,8294,6,,,0
20029,'1191694',826,,8295,6,,,0
20029,'1191776',1955,,8296,6,,,0
20029,'1191795',1745,,8297,6,,,0
20029,'1191838',1145,,8298,6,,,0
20029,'1192020',1345,,8299,6,,,0
20029,'1192033',1126,,8300,6,,,0
20029,'1192043',1254,,8301,6,,,0
20029,'1192073',1756,,8302,6,,,0
20029,'1192116',1945,,8303,6,,,0
20029,'1192128',1545,,8304,6,,,0
20029,'1192169',654,,8305,6,,,0
20029,'1192195',1154,,8306,6,,,0
20029,'1192226',1426,,8307,6,,,0
20029,'1192516',2026,,8308,6,,,0
20029,'1192542',1754,,8309,6,,,0
20029,'1192679',2125,,8310,6,,,0
20029,'1192686',845,,8311,6,,,0
20029,'1192703',2045,,8312,6,,,0
20029,'1192826',1626,,8313,6,,,0
20029,'1192941',2145,,8314,6,,,0
20029,'1193004',945,,8315,6,,,0
20029,'1193037',2325,,8316,6,,,0
20029,'1193138',624,,8317,6,,,0
20029,'1193150',654,,8318,6,,,0
20029,'1193152',1326,,8319,6,,,0
20029,'1193218',1845,,8320,6,,,0
20029,'1193285',1645,,8321,6,,,0
20029,'1193304',1245,,8322,6,,,0
