29029,'1190887',1254,,8953,9,,,0
29029,'1191032',1539,,8954,9,,,0
29029,'1191529',1239,,8955,9,,,0
29029,'1191760',838,,8956,9,,,0
29029,'1191762',738,,8957,9,,,0
29029,'1192140',1739,,8958,9,,,0
29029,'1192153',1454,,8959,9,,,0
29029,'1192199',1139,,8960,9,,,0
29029,'1192213',1039,,8961,9,,,0
29029,'1192256',1054,,8962,9,,,0
29029,'1192344',1339,,8963,9,,,0
29029,'1192543',2038,,8964,9,,,0
29029,'1192576',1154,,8965,9,,,0
29029,'1192590',938,,8966,9,,,0
29029,'1192605',2238,,8967,9,,,0
29029,'1192667',1938,,8968,9,,,0
29029,'1192696',2338,,8969,9,,,0
29029,'1192723',2138,,8970,9,,,0
29029,'1192731',1554,,8971,9,,,0
29029,'1192838',1838,,8972,9,,,0
29029,'1192841',1354,,8973,9,,,0
29029,'1192851',1639,,8974,9,,,0
29029,'1192881',954,,8975,9,,,0
29029,'1193079',1439,,8976,9,,,0
