101019,'1184474',1322,,6131,19,,,0
101019,'1184498',2322,,6132,19,,,0
101019,'1184507',722,,6133,19,,,0
101019,'1184589',2122,,6134,19,,,0
101019,'1184591',1122,,6135,19,,,0
101019,'1184796',1845,,6136,19,,,0
101019,'1184902',1522,,6137,19,,,0
101019,'1184924',922,,6138,19,,,0
101019,'1184925',2044,,6139,19,,,0
101019,'1185023',1145,,6140,19,,,0
101019,'1185092',1747,,6141,19,,,0
101019,'1185544',722,,6142,19,,,0
101019,'1185571',1722,,6143,19,,,0
101019,'1185573',1522,,6144,19,,,0
101019,'1185625',1045,,6145,19,,,0
101019,'1185636',845,,6146,19,,,0
101019,'1185684',1922,,6147,19,,,0
101019,'1185751',1447,,6148,19,,,0
101019,'1185803',945,,6149,19,,,0
101019,'1185998',1347,,6150,19,,,0
101019,'1186016',1122,,6151,19,,,0
101019,'1186053',922,,6152,19,,,0
101019,'1186087',2245,,6153,19,,,0
101019,'1186263',2122,,6154,19,,,0
101019,'1186308',1322,,6155,19,,,0
101019,'1186331',545,,6156,19,,,0
101019,'1186580',1547,,6157,19,,,0
101019,'1186587',1647,,6158,19,,,0
101019,'1186594',1722,,6159,19,,,0
101019,'1187104',1922,,6160,19,,,0
101019,'1187155',745,,6161,19,,,0
101029,'1184516',2431,,6162,48,,,0
101029,'1184584',1254,,6163,48,,,0
101029,'1184684',1811,,6164,48,,,0
101029,'1184724',1011,,6165,48,,,0
101029,'1184785',1513,,6166,48,,,0
101029,'1184855',1454,,6167,48,,,0
101029,'1184926',1854,,6168,48,,,0
101029,'1185015',811,,6169,48,,,0
101029,'1185081',2254,,6170,48,,,0
101029,'1185143',2054,,6171,48,,,0
101029,'1185204',1054,,6172,48,,,0
101029,'1185400',1654,,6173,48,,,0
101029,'1185619',1111,,6174,48,,,0
101029,'1185726',2054,,6175,48,,,0
101029,'1185794',1254,,6176,48,,,0
101029,'1185824',1454,,6177,48,,,0
101029,'1185854',1854,,6178,48,,,0
101029,'1186045',854,,6179,48,,,0
101029,'1186082',1713,,6180,48,,,0
101029,'1186107',654,,6181,48,,,0
101029,'1186135',711,,6182,48,,,0
101029,'1186138',1654,,6183,48,,,0
101029,'1186184',911,,6184,48,,,0
101029,'1186356',2211,,6185,48,,,0
101029,'1186395',854,,6186,48,,,0
101029,'1186597',1613,,6187,48,,,0
101029,'1186712',2254,,6188,48,,,0
101029,'1186784',2011,,6189,48,,,0
101029,'1186801',1054,,6190,48,,,0
101029,'1186815',1413,,6191,48,,,0
101029,'1187194',1313,,6192,48,,,0
