12019,'1190645',1625,,7824,13,,,0
12019,'1190657',1754,,7825,13,,,0
12019,'1190716',654,,7826,13,,,0
12019,'1190720',1854,,7827,13,,,0
12019,'1190795',1654,,7828,13,,,0
12019,'1190815',1454,,7829,13,,,0
12019,'1190831',2154,,7830,13,,,0
12019,'1190872',854,,7831,13,,,0
12019,'1190904',2054,,7832,13,,,0
12019,'1190905',854,,7833,13,,,0
12019,'1190925',2024,,7834,13,,,0
12019,'1190938',1625,,7835,13,,,0
12019,'1191207',1755,,7836,13,,,0
12019,'1191227',1725,,7837,13,,,0
12019,'1191292',954,,7838,13,,,0
12019,'1191300',1525,,7839,13,,,0
12019,'1191320',2324,,7840,13,,,0
12019,'1191398',2154,,7841,13,,,0
12019,'1191414',1725,,7842,13,,,0
12019,'1191419',1455,,7843,13,,,0
12019,'1191420',2124,,7844,13,,,0
12019,'1191448',754,,7845,13,,,0
12019,'1191466',1655,,7846,13,,,0
12019,'1191470',1455,,7847,13,,,0
12019,'1191522',1055,,7848,13,,,0
12019,'1191559',1354,,7849,13,,,0
12019,'1191598',1155,,7850,13,,,0
12019,'1191639',1225,,7851,13,,,0
12019,'1191674',1125,,7852,13,,,0
12019,'1191686',1325,,7853,13,,,0
12019,'1191724',1554,,7854,13,,,0
12019,'1191785',1154,,7855,13,,,0
12019,'1191790',1054,,7856,13,,,0
12019,'1191803',1255,,7857,13,,,0
12019,'1191804',1555,,7858,13,,,0
12019,'1191818',1355,,7859,13,,,0
12019,'1191855',1854,,7860,13,,,0
12019,'1191973',1125,,7861,13,,,0
12019,'1191984',2354,,7862,13,,,0
12019,'1192006',1024,,7863,13,,,0
12019,'1192018',1255,,7864,13,,,0
12019,'1192022',1924,,7865,13,,,0
12019,'1192099',824,,7866,13,,,0
12019,'1192145',1355,,7867,13,,,0
12019,'1192151',754,,7868,13,,,0
12019,'1192194',724,,7869,13,,,0
12019,'1192261',1155,,7870,13,,,0
12019,'1192280',2224,,7871,13,,,0
12019,'1192281',1325,,7872,13,,,0
12019,'1192299',754,,7873,13,,,0
12019,'1192301',1225,,7874,13,,,0
12019,'1192340',1425,,7875,13,,,0
12019,'1192366',1824,,7876,13,,,0
12019,'1192412',924,,7877,13,,,0
12019,'1192428',854,,7878,13,,,0
12019,'1192530',1525,,7879,13,,,0
12019,'1192561',2354,,7880,13,,,0
12019,'1192582',1954,,7881,13,,,0
12019,'1192611',2254,,7882,13,,,0
12019,'1192642',624,,7883,13,,,0
12019,'1193003',1555,,7884,13,,,0
12019,'1193055',1655,,7885,13,,,0
12019,'1193068',954,,7886,13,,,0
12019,'1193119',2054,,7887,13,,,0
12019,'1193147',1055,,7888,13,,,0
12019,'1193167',1425,,7889,13,,,0
12019,'1193176',656,,7890,13,,,0
12019,'1193179',1954,,7891,13,,,0
12019,'1193229',1755,,7892,13,,,0
12019,'1193248',1254,,7893,13,,,0
12019,'1193280',2254,,7894,13,,,0
12019,'1193305',954,,7895,13,,,0
