20019,'1184488',2018,,5362,20,,,0
20019,'1184554',1718,,5363,20,,,0
20019,'1184699',2340,,5364,20,,,0
20019,'1184713',1840,,5365,20,,,0
20019,'1184748',2148,,5366,20,,,0
20019,'1184774',1940,,5367,20,,,0
20019,'1184821',1848,,5368,20,,,0
20019,'1184862',2040,,5369,20,,,0
20019,'1184897',1018,,5370,20,,,0
20019,'1184938',1748,,5371,20,,,0
20019,'1184939',940,,5372,20,,,0
20019,'1184957',1218,,5373,20,,,0
20019,'1184972',1647,,5374,20,,,0
20019,'1184999',748,,5375,20,,,0
20019,'1185013',840,,5376,20,,,0
20019,'1185051',1147,,5377,20,,,0
20019,'1185099',1140,,5378,20,,,0
20019,'1185144',1648,,5379,20,,,0
20019,'1185227',1818,,5380,20,,,0
20019,'1185251',1118,,5381,20,,,0
20019,'1185282',918,,5382,20,,,0
20019,'1185289',1047,,5383,20,,,0
20019,'1185337',647,,5384,20,,,0
20019,'1185357',1040,,5385,20,,,0
20019,'1185458',818,,5386,20,,,0
20019,'1185518',1547,,5387,20,,,0
20019,'1185519',1440,,5388,20,,,0
20019,'1185543',1340,,5389,20,,,0
20019,'1185553',947,,5390,20,,,0
20019,'1185592',2118,,5391,20,,,0
20019,'1185649',1740,,5392,20,,,0
20019,'1185700',2318,,5393,20,,,0
20019,'1185747',1318,,5394,20,,,0
20019,'1185774',1948,,5395,20,,,0
20019,'1185789',1519,,5396,20,,,0
20019,'1185888',617,,5397,20,,,0
20019,'1185929',1347,,5398,20,,,0
20019,'1185943',1747,,5399,20,,,0
20019,'1185949',847,,5400,20,,,0
20019,'1185968',2048,,5401,20,,,0
20019,'1186055',1447,,5402,20,,,0
20019,'1186063',2418,,5403,20,,,0
20019,'1186155',1618,,5404,20,,,0
20019,'1186265',1640,,5405,20,,,0
20019,'1186425',2140,,5406,20,,,0
20019,'1186440',2240,,5407,20,,,0
20019,'1186447',740,,5408,20,,,0
20019,'1186449',647,,5409,20,,,0
20019,'1186589',1240,,5410,20,,,0
20019,'1186680',718,,5411,20,,,0
20019,'1186692',2347,,5412,20,,,0
20019,'1186734',2218,,5413,20,,,0
20019,'1186752',1418,,5414,20,,,0
20019,'1186775',1918,,5415,20,,,0
20019,'1186851',1540,,5416,20,,,0
20019,'1186893',1247,,5417,20,,,0
20019,'1186932',747,,5418,20,,,0
20019,'1187026',2248,,5419,20,,,0
