26029,'1190602',1213,,8654,4,,,0
26029,'1190667',2157,,8655,4,,,0
26029,'1190669',2213,,8656,4,,,0
26029,'1190670',1857,,8657,4,,,0
26029,'1190686',1813,,8658,4,,,0
26029,'1190712',1257,,8659,4,,,0
26029,'1190727',1713,,8660,4,,,0
26029,'1190889',612,,8661,4,,,0
26029,'1190895',1913,,8662,4,,,0
26029,'1190902',2113,,8663,4,,,0
26029,'1190943',1013,,8664,4,,,0
26029,'1191009',913,,8665,4,,,0
26029,'1191080',1513,,8666,4,,,0
26029,'1191118',1443,,8667,4,,,0
26029,'1191163',2057,,8668,4,,,0
26029,'1191253',2212,,8669,4,,,0
26029,'1191395',857,,8670,4,,,0
26029,'1191440',813,,8671,4,,,0
26029,'1191476',1157,,8672,4,,,0
26029,'1191491',712,,8673,4,,,0
26029,'1191544',1043,,8674,4,,,0
26029,'1191695',613,,8675,4,,,0
26029,'1191702',2113,,8676,4,,,0
26029,'1191808',2313,,8677,4,,,0
26029,'1191881',1713,,8678,4,,,0
26029,'1191902',812,,8679,4,,,0
26029,'1191938',1343,,8680,4,,,0
26029,'1191960',1957,,8681,4,,,0
26029,'1191972',1313,,8682,4,,,0
26029,'1192035',1557,,8683,4,,,0
26029,'1192047',1513,,8684,4,,,0
26029,'1192090',1057,,8685,4,,,0
26029,'1192249',2257,,8686,4,,,0
26029,'1192289',1113,,8687,4,,,0
26029,'1192423',1413,,8688,4,,,0
26029,'1192540',713,,8689,4,,,0
26029,'1192618',1614,,8690,4,,,0
26029,'1192622',2312,,8691,4,,,0
26029,'1192646',1357,,8692,4,,,0
26029,'1192657',1813,,8693,4,,,0
26029,'1192671',1143,,8694,4,,,0
26029,'1192730',2013,,8695,4,,,0
26029,'1192771',1757,,8696,4,,,0
26029,'1192852',912,,8697,4,,,0
26029,'1192897',1457,,8698,4,,,0
26029,'1192921',957,,8699,4,,,0
26029,'1192966',1243,,8700,4,,,0
26029,'1193122',757,,8701,4,,,0
26029,'1193153',1613,,8702,4,,,0
26029,'1193187',2013,,8703,4,,,0
26029,'1193205',1013,,8704,4,,,0
26029,'1193258',1657,,8705,4,,,0
26029,'1193297',1913,,8706,4,,,0
