26019,'1190663',1748,,8601,4,,,0
26019,'1190721',1703,,8602,4,,,0
26019,'1190773',2103,,8603,4,,,0
26019,'1190816',1048,,8604,4,,,0
26019,'1190845',2003,,8605,4,,,0
26019,'1190884',1103,,8606,4,,,0
26019,'1190966',1903,,8607,4,,,0
26019,'1190973',948,,8608,4,,,0
26019,'1191004',1648,,8609,4,,,0
26019,'1191025',1133,,8610,4,,,0
26019,'1191095',2203,,8611,4,,,0
26019,'1191169',748,,8612,4,,,0
26019,'1191218',1803,,8613,4,,,0
26019,'1191263',1603,,8614,4,,,0
26019,'1191344',603,,8615,4,,,0
26019,'1191406',1948,,8616,4,,,0
26019,'1191417',1903,,8617,4,,,0
26019,'1191428',1803,,8618,4,,,0
26019,'1191505',1403,,8619,4,,,0
26019,'1191534',2148,,8620,4,,,0
26019,'1191563',1248,,8621,4,,,0
26019,'1191610',1548,,8622,4,,,0
26019,'1191650',903,,8623,4,,,0
26019,'1191698',1603,,8624,4,,,0
26019,'1191711',1703,,8625,4,,,0
26019,'1191759',1303,,8626,4,,,0
26019,'1191851',2248,,8627,4,,,0
26019,'1191911',2203,,8628,4,,,0
26019,'1192083',703,,8629,4,,,0
26019,'1192096',603,,8630,4,,,0
26019,'1192137',1503,,8631,4,,,0
26019,'1192185',1333,,8632,4,,,0
26019,'1192319',2048,,8633,4,,,0
26019,'1192434',1433,,8634,4,,,0
26019,'1192436',1448,,8635,4,,,0
26019,'1192522',2303,,8636,4,,,0
26019,'1192547',1003,,8637,4,,,0
26019,'1192554',1148,,8638,4,,,0
26019,'1192558',1503,,8639,4,,,0
26019,'1192615',2303,,8640,4,,,0
26019,'1192663',1003,,8641,4,,,0
26019,'1192684',1348,,8642,4,,,0
26019,'1192817',1848,,8643,4,,,0
26019,'1192853',1203,,8644,4,,,0
26019,'1192866',1033,,8645,4,,,0
26019,'1192909',803,,8646,4,,,0
26019,'1192944',2003,,8647,4,,,0
26019,'1192988',903,,8648,4,,,0
26019,'1193013',1233,,8649,4,,,0
26019,'1193014',2103,,8650,4,,,0
26019,'1193129',703,,8651,4,,,0
26019,'1193182',803,,8652,4,,,0
26019,'1193318',848,,8653,4,,,0
