13019,'1184500',1322,,5121,8,,,0
13019,'1184512',1222,,5122,8,,,0
13019,'1184520',2321,,5123,8,,,0
13019,'1184594',2251,,5124,8,,,0
13019,'1184597',621,,5125,8,,,0
13019,'1184656',2221,,5126,8,,,0
13019,'1184680',2021,,5127,8,,,0
13019,'1184707',1822,,5128,8,,,0
13019,'1184739',1021,,5129,8,,,0
13019,'1184763',651,,5130,8,,,0
13019,'1184782',1022,,5131,8,,,0
13019,'1184816',751,,5132,8,,,0
13019,'1184967',1522,,5133,8,,,0
13019,'1185101',1652,,5134,8,,,0
13019,'1185148',1751,,5135,8,,,0
13019,'1185153',921,,5136,8,,,0
13019,'1185203',822,,5137,8,,,0
13019,'1185275',1622,,5138,8,,,0
13019,'1185347',2222,,5139,8,,,0
13019,'1185433',1421,,5140,8,,,0
13019,'1185449',2356,,5141,8,,,0
13019,'1185488',721,,5142,8,,,0
13019,'1185552',821,,5143,8,,,0
13019,'1185574',851,,5144,8,,,0
13019,'1185586',1122,,5145,8,,,0
13019,'1185648',1721,,5146,8,,,0
13019,'1185683',2022,,5147,8,,,0
13019,'1185762',2322,,5148,8,,,0
13019,'1185839',1422,,5150,8,,,0
13019,'1185874',2121,,5151,8,,,0
13019,'1185879',1522,,5152,8,,,0
13019,'1185882',1422,,5153,8,,,0
13019,'1185890',1722,,5154,8,,,0
13019,'1185893',1621,,5155,8,,,0
13019,'1185903',921,,5156,8,,,0
13019,'1185910',1322,,5157,8,,,0
13019,'1185915',1821,,5158,8,,,0
13019,'1185942',722,,5159,8,,,0
13019,'1185952',2051,,5160,8,,,0
13019,'1186041',2122,,5161,8,,,0
13019,'1186117',1321,,5162,8,,,0
13019,'1186127',2151,,5163,8,,,0
13019,'1186197',1121,,5164,8,,,0
13019,'1186271',1951,,5165,8,,,0
13019,'1186295',721,,5166,8,,,0
13019,'1186341',1222,,5167,8,,,0
13019,'1186370',1122,,5168,8,,,0
13019,'1186393',1521,,5169,8,,,0
13019,'1186564',1921,,5170,8,,,0
13019,'1186586',1221,,5171,8,,,0
13019,'1186730',951,,5172,8,,,0
13019,'1186805',1851,,5173,8,,,0
13019,'1186809',922,,5174,8,,,0
13019,'1186845',821,,5175,8,,,0
13019,'1186852',1722,,5176,8,,,0
13019,'1187032',1922,,5178,8,,,0
13019,'1187103',1622,,5179,8,,,0
13019,'1187170',1552,,5180,8,,,0
13019,'1187172',1452,,5181,8,,,0
13019,'1187197',1022,,5182,8,,,0
101029,'1184516',2356,,6162,8,,,0
101029,'1184584',1221,,6163,8,,,0
101029,'1184684',1736,,6164,8,,,0
101029,'1184724',936,,6165,8,,,0
101029,'1184785',1438,,6166,8,,,0
101029,'1184855',1421,,6167,8,,,0
101029,'1184926',1821,,6168,8,,,0
101029,'1185015',736,,6169,8,,,0
101029,'1185081',2221,,6170,8,,,0
101029,'1185143',2021,,6171,8,,,0
101029,'1185204',1021,,6172,8,,,0
101029,'1185400',1621,,6173,8,,,0
101029,'1185619',1036,,6174,8,,,0
101029,'1185726',2021,,6175,8,,,0
101029,'1185794',1221,,6176,8,,,0
101029,'1185824',1421,,6177,8,,,0
101029,'1185854',1821,,6178,8,,,0
101029,'1186045',821,,6179,8,,,0
101029,'1186082',1638,,6180,8,,,0
101029,'1186107',621,,6181,8,,,0
101029,'1186135',636,,6182,8,,,0
101029,'1186138',1621,,6183,8,,,0
101029,'1186184',836,,6184,8,,,0
101029,'1186356',2136,,6185,8,,,0
101029,'1186395',821,,6186,8,,,0
101029,'1186597',1538,,6187,8,,,0
101029,'1186712',2221,,6188,8,,,0
101029,'1186784',1936,,6189,8,,,0
101029,'1186801',1021,,6190,8,,,0
101029,'1186815',1338,,6191,8,,,0
101029,'1187194',1238,,6192,8,,,0
