2019,'1190609',1600,,7220,1,,,0
2019,'1190673',1215,,7221,1,,,0
2019,'1190685',1200,,7222,1,,,0
2019,'1190689',1930,,7223,1,,,0
2019,'1190717',1700,,7224,1,,,0
2019,'1190761',1415,,7225,1,,,0
2019,'1190765',1230,,7226,1,,,0
2019,'1190771',1315,,7227,1,,,0
2019,'1190817',1300,,7228,1,,,0
2019,'1190891',2115,,7229,1,,,0
2019,'1190941',1515,,7230,1,,,0
2019,'1190953',800,,7231,1,,,0
2019,'1190999',1700,,7232,1,,,0
2019,'1191046',1730,,7233,1,,,0
2019,'1191054',2350,,7234,1,,,0
2019,'1191067',845,,7235,1,,,0
2019,'1191084',1415,,7236,1,,,0
2019,'1191125',1715,,7237,1,,,0
2019,'1191149',715,,7238,1,,,0
2019,'1191199',830,,7239,1,,,0
2019,'1191211',1545,,7240,1,,,0
2019,'1191224',1145,,7241,1,,,0
2019,'1191233',2215,,7242,1,,,0
2019,'1191252',2345,,7243,1,,,0
2019,'1191275',715,,7244,1,,,0
2019,'1191287',1315,,7245,1,,,0
2019,'1191383',1800,,7246,1,,,0
2019,'1191405',815,,7247,1,,,0
2019,'1191408',1245,,7248,1,,,0
2019,'1191447',1430,,7249,1,,,0
2019,'1191485',2100,,7250,1,,,0
2019,'1191495',1615,,7251,1,,,0
2019,'1191512',1300,,7252,1,,,0
2019,'1191527',915,,7253,1,,,0
2019,'1191539',1330,,7254,1,,,0
2019,'1191561',1730,,7255,1,,,0
2019,'1191615',2030,,7256,1,,,0
2019,'1191644',1000,,7257,1,,,0
2019,'1191646',1015,,7258,1,,,0
2019,'1191661',1630,,7259,1,,,0
2019,'1191691',1745,,7260,1,,,0
2019,'1191768',915,,7261,1,,,0
2019,'1191793',700,,7262,1,,,0
2019,'1191820',1015,,7263,1,,,0
2019,'1191850',730,,7264,1,,,0
2019,'1191864',1600,,7265,1,,,0
2019,'1191867',2215,,7266,1,,,0
2019,'1191873',1515,,7267,1,,,0
2019,'1191904',945,,7268,1,,,0
2019,'1191918',1915,,7269,1,,,0
2019,'1191932',2200,,7270,1,,,0
2019,'1191992',2330,,7271,1,,,0
2019,'1192029',1045,,7272,1,,,0
2019,'1192053',2130,,7273,1,,,0
2019,'1192089',1530,,7274,1,,,0
2019,'1192091',1200,,7275,1,,,0
2019,'1192130',1030,,7276,1,,,0
2019,'1192210',1815,,7277,1,,,0
2019,'1192225',1830,,7278,1,,,0
2019,'1192227',1645,,7279,1,,,0
2019,'1192252',2000,,7280,1,,,0
2019,'1192285',630,,7281,1,,,0
2019,'1192330',1000,,7282,1,,,0
2019,'1192352',1115,,7283,1,,,0
2019,'1192380',1230,,7284,1,,,0
2019,'1192437',745,,7285,1,,,0
2019,'1192442',1130,,7286,1,,,0
2019,'1192449',1215,,7287,1,,,0
2019,'1192523',1530,,7288,1,,,0
2019,'1192531',1500,,7289,1,,,0
2019,'1192546',1130,,7290,1,,,0
2019,'1192565',2015,,7291,1,,,0
2019,'1192577',2230,,7292,1,,,0
2019,'1192650',1915,,7293,1,,,0
2019,'1192668',1100,,7294,1,,,0
2019,'1192678',1430,,7295,1,,,0
2019,'1192698',815,,7296,1,,,0
2019,'1192722',1630,,7297,1,,,0
2019,'1192754',830,,7298,1,,,0
2019,'1192756',915,,7299,1,,,0
2019,'1192760',1615,,7300,1,,,0
2019,'1192800',1830,,7301,1,,,0
2019,'1192812',2315,,7302,1,,,0
2019,'1192865',1445,,7303,1,,,0
2019,'1192869',930,,7304,1,,,0
2019,'1192915',1400,,7305,1,,,0
2019,'1192923',1030,,7306,1,,,0
2019,'1192928',2000,,7307,1,,,0
2019,'1192930',1900,,7308,1,,,0
2019,'1192936',700,,7309,1,,,0
2019,'1192939',645,,7310,1,,,0
2019,'1192940',900,,7311,1,,,0
2019,'1192992',1345,,7312,1,,,0
2019,'1192994',1400,,7313,1,,,0
2019,'1193012',1715,,7314,1,,,0
2019,'1193057',1330,,7315,1,,,0
2019,'1193080',2045,,7316,1,,,0
2019,'1193128',745,,7317,1,,,0
2019,'1193163',1115,,7318,1,,,0
2019,'1193170',1100,,7319,1,,,0
2019,'1193177',2130,,7320,1,,,0
2019,'1193178',2300,,7321,1,,,0
2019,'1193210',1500,,7322,1,,,0
2019,'1193284',1800,,7323,1,,,0
2019,'1193308',2300,,7324,1,,,0
2029,'1190626',1037,,7325,25,4,,0
2029,'1190688',1809,,7326,25,4,,0
2029,'1190708',2136,,7327,25,4,,0
2029,'1190719',2406,,7328,25,4,,0
2029,'1190781',755,,7329,25,4,,0
2029,'1190788',738,,7330,25,4,,0
2029,'1190794',923,,7331,25,4,,0
2029,'1190810',1139,,7332,25,4,,0
2029,'1190833',737,,7333,25,4,,0
2029,'1190838',2122,,7334,25,4,,0
2029,'1190875',1107,,7335,25,4,,0
2029,'1190877',808,,7336,25,4,,0
2029,'1190894',1855,,7337,25,4,,0
2029,'1190915',1108,,7338,25,4,,0
2029,'1190967',723,,7339,25,4,,0
2029,'1191031',1609,,7340,25,4,,0
2029,'1191050',1209,,7341,25,4,,0
2029,'1191076',1624,,7342,25,4,,0
2029,'1191116',908,,7343,25,4,,0
2029,'1191190',2422,,7344,25,4,,0
2029,'1191228',1555,,7345,25,4,,0
2029,'1191232',1239,,7346,25,4,,0
2029,'1191236',2055,,7347,25,4,,0
2029,'1191243',2206,,7348,25,4,,0
2029,'1191246',1539,,7349,25,4,,0
2029,'1191282',2236,,7350,25,4,,0
2029,'1191283',1809,,7351,25,4,,0
2029,'1191345',1439,,7352,25,4,,0
2029,'1191378',1439,,7353,25,4,,0
2029,'1191445',1053,,7354,25,4,,0
2029,'1191452',708,,7355,25,4,,0
2029,'1191453',2336,,7356,25,4,,0
2029,'1191464',1509,,7357,25,4,,0
2029,'1191468',938,,7358,25,4,,0
2029,'1191482',652,,7359,25,4,,0
2029,'1191486',1724,,7360,25,4,,0
2029,'1191507',1454,,7361,25,4,,0
2029,'1191548',1709,,7362,25,4,,0
2029,'1191564',1254,,7363,25,4,,0
2029,'1191566',1324,,7364,25,4,,0
2029,'1191577',2426,,7365,25,4,,0
2029,'1191587',753,,7366,25,4,,0
2029,'1191640',2007,,7367,25,4,,0
2029,'1191649',1055,,7368,25,4,,0
2029,'1191678',1639,,7369,25,4,,0
2029,'1191684',1739,,7370,25,4,,0
2029,'1191701',1952,,7371,25,4,,0
2029,'1191721',1455,,7372,25,4,,0
2029,'1191726',1907,,7373,25,4,,0
2029,'1191736',2337,,7374,25,4,,0
2029,'1191799',1837,,7375,25,4,,0
2029,'1191815',955,,7376,25,4,,0
2029,'1191824',1609,,7377,25,4,,0
2029,'1191863',2037,,7378,25,4,,0
2029,'1191887',1008,,7379,25,4,,0
2029,'1191900',2255,,7380,25,4,,0
2029,'1191908',1955,,7381,25,4,,0
2029,'1191923',2252,,7382,25,4,,0
2029,'1191934',1309,,7383,25,4,,0
2029,'1191979',1139,,7384,25,4,,0
2029,'1192014',853,,7385,25,4,,0
2029,'1192038',1739,,7386,25,4,,0
2029,'1192039',1123,,7387,25,4,,0
2029,'1192049',2155,,7388,25,4,,0
2029,'1192067',1239,,7389,25,4,,0
2029,'1192095',1837,,7390,25,4,,0
2029,'1192143',2355,,7391,25,4,,0
2029,'1192161',1409,,7392,25,4,,0
2029,'1192177',907,,7393,25,4,,0
2029,'1192187',1339,,7394,25,4,,0
2029,'1192206',1655,,7395,25,4,,0
2029,'1192222',1824,,7396,25,4,,0
2029,'1192235',1509,,7397,25,4,,0
2029,'1192245',823,,7398,25,4,,0
2029,'1192247',1339,,7399,25,4,,0
2029,'1192371',1309,,7400,25,4,,0
2029,'1192372',838,,7401,25,4,,0
2029,'1192395',1038,,7402,25,4,,0
2029,'1192415',2037,,7403,25,4,,0
2029,'1192421',953,,7404,25,4,,0
2029,'1192494',822,,7405,25,4,,0
2029,'1192515',1654,,7406,25,4,,0
2029,'1192587',1409,,7407,25,4,,0
2029,'1192639',952,,7408,25,4,,0
2029,'1192647',1424,,7409,25,4,,0
2029,'1192656',1907,,7410,25,4,,0
2029,'1192681',1154,,7411,25,4,,0
2029,'1192709',1155,,7412,25,4,,0
2029,'1192718',1539,,7413,25,4,,0
2029,'1192745',1709,,7414,25,4,,0
2029,'1192753',1255,,7415,25,4,,0
2029,'1192778',1355,,7416,25,4,,0
2029,'1192790',2107,,7417,25,4,,0
2029,'1192793',2306,,7418,25,4,,0
2029,'1192868',1224,,7419,25,4,,0
2029,'1192872',653,,7420,25,4,,0
2029,'1192912',1639,,7421,25,4,,0
2029,'1192917',855,,7422,25,4,,0
2029,'1192918',1354,,7423,25,4,,0
2029,'1193030',1554,,7424,25,4,,0
2029,'1193075',1937,,7425,25,4,,0
2029,'1193081',1754,,7426,25,4,,0
2029,'1193140',1023,,7427,25,4,,0
2029,'1193168',2207,,7428,25,4,,0
2029,'1193194',1209,,7429,25,4,,0
2029,'1193219',1524,,7430,25,4,,0
2029,'1193269',1755,,7431,25,4,,0
3019,'1190650',1300,,7432,1,,,0
3019,'1190836',1530,,7433,1,,,0
3019,'1190847',1415,,7434,1,,,0
3019,'1190866',1000,,7435,1,,,0
3019,'1190945',1900,,7436,1,,,0
3019,'1190971',1230,,7437,1,,,0
3019,'1191034',815,,7438,1,,,0
3019,'1191126',2000,,7439,1,,,0
3019,'1191134',2000,,7440,1,,,0
3019,'1191168',1700,,7441,1,,,0
3019,'1191214',1730,,7442,1,,,0
3019,'1191270',1400,,7443,1,,,0
3019,'1191302',900,,7444,1,,,0
3019,'1191317',1900,,7445,1,,,0
3019,'1191328',700,,7446,1,,,0
3019,'1191509',2300,,7447,1,,,0
3019,'1191526',800,,7448,1,,,0
3019,'1191582',1015,,7449,1,,,0
3019,'1191602',930,,7451,1,,,0
3019,'1191652',1600,,7452,1,,,0
3019,'1191729',2300,,7453,1,,,0
3019,'1191754',1130,,7454,1,,,0
3019,'1191767',1630,,7455,1,,,0
3019,'1191779',1100,,7456,1,,,0
3019,'1191821',1115,,7457,1,,,0
3019,'1191856',1600,,7458,1,,,0
3019,'1191868',630,,7459,1,,,0
3019,'1191905',1915,,7460,1,,,0
3019,'1191978',1330,,7461,1,,,0
3019,'1191997',1200,,7462,1,,,0
3019,'1192065',2015,,7463,1,,,0
3019,'1192079',2200,,7464,1,,,0
3019,'1192105',2100,,7465,1,,,0
3019,'1192112',2400,,7466,1,,,0
3019,'1192146',1300,,7467,1,,,0
3019,'1192160',2100,,7468,1,,,0
3019,'1192171',800,,7469,1,,,0
3019,'1192197',1700,,7470,1,,,0
3019,'1192385',1315,,7471,1,,,0
3019,'1192413',1515,,7472,1,,,0
3019,'1192416',1030,,7473,1,,,0
3019,'1192443',715,,7474,1,,,0
3019,'1192454',830,,7475,1,,,0
3019,'1192525',2115,,7477,1,,,0
3019,'1192527',1615,,7478,1,,,0
3019,'1192640',1200,,7479,1,,,0
3019,'1192641',1100,,7480,1,,,0
3019,'1192643',2200,,7481,1,,,0
3019,'1192658',1815,,7482,1,,,0
3019,'1192695',915,,7483,1,,,0
3019,'1192711',2315,,7484,1,,,0
3019,'1192747',1400,,7485,1,,,0
3019,'1192824',2350,,7486,1,,,0
3019,'1192891',1430,,7487,1,,,0
3019,'1192906',730,,7488,1,,,0
3019,'1192926',2215,,7489,1,,,0
3019,'1192964',1500,,7490,1,,,0
3019,'1192967',1000,,7491,1,,,0
3019,'1192982',700,,7492,1,,,0
3019,'1193008',1800,,7493,1,,,0
3019,'1193046',1715,,7494,1,,,0
3019,'1193092',1215,,7495,1,,,0
3019,'1193159',1800,,7496,1,,,0
3019,'1193189',900,,7497,1,,,0
3019,'1193294',1500,,7498,1,,,0
3029,'1190608',806,,7499,31,4,,0
3029,'1190611',1951,,7500,31,4,,0
3029,'1190627',1754,,7501,31,4,,0
3029,'1190644',1525,,7502,31,4,,0
3029,'1190703',906,,7503,31,4,,0
3029,'1190736',1225,,7504,31,4,,0
3029,'1190789',1654,,7505,31,4,,0
3029,'1190824',2251,,7506,31,4,,0
3029,'1190826',1106,,7507,31,4,,0
3029,'1190828',1806,,7508,31,4,,0
3029,'1190874',753,,7509,31,4,,0
3029,'1190893',1206,,7510,31,4,,0
3029,'1190909',1123,,7511,31,4,,0
3029,'1190946',1454,,7512,31,4,,0
3029,'1190994',751,,7513,31,4,,0
3029,'1191014',923,,7514,31,4,,0
3029,'1191024',1825,,7515,31,4,,0
3029,'1191040',1555,,7516,31,4,,0
3029,'1191098',1851,,7517,31,4,,0
3029,'1191158',2351,,7518,31,4,,0
3029,'1191226',951,,7519,31,4,,0
3029,'1191231',1255,,7520,31,4,,0
3029,'1191245',1006,,7521,31,4,,0
3029,'1191258',723,,7522,31,4,,0
3029,'1191314',1455,,7523,31,4,,0
3029,'1191341',1606,,7524,31,4,,0
3029,'1191381',1706,,7525,31,4,,0
3029,'1191407',2206,,7526,31,4,,0
3029,'1191474',2406,,7527,31,4,,0
3029,'1191535',1051,,7528,31,4,,0
3029,'1191540',1755,,7529,31,4,,0
3029,'1191586',2251,,7530,31,4,,0
3029,'1191666',2151,,7531,31,4,,0
3029,'1191712',1425,,7532,31,4,,0
3029,'1191791',1655,,7533,31,4,,0
3029,'1191888',2006,,7534,31,4,,0
3029,'1191899',1951,,7535,31,4,,0
3029,'1191925',1554,,7536,31,4,,0
3029,'1191939',2347,,7537,31,4,,0
3029,'1192011',1906,,7538,31,4,,0
3029,'1192084',2151,,7539,31,4,,0
3029,'1192087',953,,7540,31,4,,0
3029,'1192092',1406,,7541,31,4,,0
3029,'1192097',651,,7542,31,4,,0
3029,'1192186',1851,,7543,31,4,,0
3029,'1192237',1354,,7544,31,4,,0
3029,'1192250',2306,,7545,31,4,,0
3029,'1192257',1725,,7546,31,4,,0
3029,'1192374',2051,,7547,31,4,,0
3029,'1192469',1155,,7548,31,4,,0
3029,'1192581',2106,,7549,31,4,,0
3029,'1192585',1254,,7550,31,4,,0
3029,'1192635',853,,7551,31,4,,0
3029,'1192717',653,,7552,31,4,,0
3029,'1192825',1306,,7553,31,4,,0
3029,'1192832',1325,,7554,31,4,,0
3029,'1192839',2051,,7555,31,4,,0
3029,'1192856',1023,,7556,31,4,,0
3029,'1192861',1053,,7557,31,4,,0
3029,'1193034',1506,,7558,31,4,,0
3029,'1193061',851,,7559,31,4,,0
3029,'1193095',823,,7560,31,4,,0
3029,'1193126',1625,,7561,31,4,,0
3029,'1193264',1154,,7562,31,4,,0
3029,'1193282',1355,,7563,31,4,,0
10019,'1190610',2407,,7564,39,4,,0
10019,'1190646',1107,,7565,39,4,,0
10019,'1190651',2237,,7566,39,4,,0
10019,'1190766',1008,,7567,39,4,,0
10019,'1190772',1907,,7568,39,4,,0
10019,'1190785',1937,,7569,39,4,,0
10019,'1190799',1107,,7570,39,4,,0
10019,'1190857',907,,7571,39,4,,0
10019,'1190859',1837,,7572,39,4,,0
10019,'1190883',1807,,7573,39,4,,0
10019,'1190907',938,,7574,39,4,,0
10019,'1190910',1538,,7575,39,4,,0
10019,'1190959',1307,,7576,39,4,,0
10019,'1190962',1007,,7577,39,4,,0
10019,'1190989',2137,,7578,39,4,,0
10019,'1191003',2337,,7579,39,4,,0
10019,'1191074',1707,,7580,39,4,,0
10019,'1191083',1807,,7581,39,4,,0
10019,'1191102',1207,,7582,39,4,,0
10019,'1191194',1109,,7583,39,4,,0
10019,'1191196',1209,,7584,39,4,,0
10019,'1191337',1407,,7585,39,4,,0
10019,'1191350',1607,,7586,39,4,,0
10019,'1191370',707,,7587,39,4,,0
10019,'1191386',1637,,7588,39,4,,0
10019,'1191403',1507,,7589,39,4,,0
10019,'1191494',1407,,7590,39,4,,0
10019,'1191508',2007,,7591,39,4,,0
10019,'1191560',838,,7592,39,4,,0
10019,'1191730',2206,,7593,39,4,,0
10019,'1191797',2107,,7594,39,4,,0
10019,'1191886',1307,,7595,39,4,,0
10019,'1191914',2007,,7596,39,4,,0
10019,'1191919',2307,,7597,39,4,,0
10019,'1192082',1607,,7598,39,4,,0
10019,'1192109',1907,,7599,39,4,,0
10019,'1192179',1507,,7600,39,4,,0
10019,'1192233',2207,,7601,39,4,,0
10019,'1192240',807,,7602,39,4,,0
10019,'1192284',738,,7603,39,4,,0
10019,'1192351',2406,,7604,39,4,,0
10019,'1192377',1707,,7605,39,4,,0
10019,'1192478',808,,7606,39,4,,0
10019,'1192649',638,,7607,39,4,,0
10019,'1192653',1007,,7608,39,4,,0
10019,'1192758',2107,,7609,39,4,,0
10019,'1192767',708,,7610,39,4,,0
10019,'1192929',1409,,7611,39,4,,0
10019,'1192932',907,,7612,39,4,,0
10019,'1193029',1707,,7613,39,4,,0
10019,'1193089',1807,,7614,39,4,,0
10019,'1193115',1607,,7615,39,4,,0
10019,'1193131',908,,7616,39,4,,0
10019,'1193137',807,,7617,39,4,,0
10019,'1193208',1309,,7618,39,4,,0
10019,'1193209',1207,,7619,39,4,,0
10019,'1193233',2306,,7620,39,4,,0
10019,'1193268',2037,,7621,39,4,,0
10019,'1193309',1737,,7622,39,4,,0
10019,'1193311',1509,,7623,39,4,,0
10029,'1190625',2015,,7624,1,,,0
10029,'1190724',2315,,7625,1,,,0
10029,'1190730',2045,,7626,1,,,0
10029,'1190839',915,,7627,1,,,0
10029,'1190853',1915,,7628,1,,,0
10029,'1190869',1115,,7629,1,,,0
10029,'1190878',915,,7630,1,,,0
10029,'1191049',845,,7631,1,,,0
10029,'1191062',1715,,7632,1,,,0
10029,'1191108',815,,7633,1,,,0
10029,'1191123',1515,,7634,1,,,0
10029,'1191144',1415,,7635,1,,,0
10029,'1191159',1115,,7636,1,,,0
10029,'1191202',715,,7637,1,,,0
10029,'1191277',2350,,7638,1,,,0
10029,'1191483',1515,,7639,1,,,0
10029,'1191570',1315,,7640,1,,,0
10029,'1191573',1315,,7641,1,,,0
10029,'1191576',1215,,7642,1,,,0
10029,'1191584',2215,,7643,1,,,0
10029,'1191619',1515,,7644,1,,,0
10029,'1191622',1315,,7645,1,,,0
10029,'1191648',1715,,7646,1,,,0
10029,'1191723',1815,,7647,1,,,0
10029,'1191745',1015,,7648,1,,,0
10029,'1191751',1715,,7649,1,,,0
10029,'1191792',1415,,7650,1,,,0
10029,'1191801',1615,,7651,1,,,0
10029,'1191827',2015,,7652,1,,,0
10029,'1191830',615,,7653,1,,,0
10029,'1191857',1745,,7654,1,,,0
10029,'1191872',1845,,7655,1,,,0
10029,'1191903',1215,,7656,1,,,0
10029,'1191920',715,,7657,1,,,0
10029,'1191954',2115,,7658,1,,,0
10029,'1192064',715,,7659,1,,,0
10029,'1192201',1945,,7660,1,,,0
10029,'1192263',2245,,7661,1,,,0
10029,'1192276',815,,7662,1,,,0
10029,'1192303',815,,7663,1,,,0
10029,'1192360',645,,7664,1,,,0
10029,'1192391',915,,7665,1,,,0
10029,'1192433',1415,,7666,1,,,0
10029,'1192440',1445,,7667,1,,,0
10029,'1192529',1815,,7668,1,,,0
10029,'1192588',1615,,7669,1,,,0
10029,'1192664',2115,,7670,1,,,0
10029,'1192697',2215,,7671,1,,,0
10029,'1192781',1215,,7672,1,,,0
10029,'1192785',2145,,7673,1,,,0
10029,'1192846',1915,,7674,1,,,0
10029,'1192873',1615,,7675,1,,,0
10029,'1192880',1015,,7676,1,,,0
10029,'1192980',1115,,7677,1,,,0
10029,'1192995',745,,7678,1,,,0
10029,'1193051',1545,,7679,1,,,0
10029,'1193143',1645,,7680,1,,,0
10029,'1193171',1015,,7681,1,,,0
10029,'1193319',2315,,7682,1,,,0
11019,'1190643',1007,,7683,31,4,,0
11019,'1190656',1540,,7684,31,4,,0
11019,'1190700',1710,,7685,31,4,,0
11019,'1190734',2307,,7686,31,4,,0
11019,'1190739',1140,,7687,31,4,,0
11019,'1190806',707,,7688,31,4,,0
11019,'1190843',810,,7689,31,4,,0
11019,'1190863',1007,,7690,31,4,,0
11019,'1190899',1610,,7691,31,4,,0
11019,'1190901',1740,,7692,31,4,,0
11019,'1190931',2007,,7693,31,4,,0
11019,'1190935',2137,,7694,31,4,,0
11019,'1191012',1810,,7695,31,4,,0
11019,'1191045',1310,,7696,31,4,,0
11019,'1191105',1239,,7697,31,4,,0
11019,'1191132',2110,,7698,31,4,,0
11019,'1191187',1310,,7699,31,4,,0
11019,'1191230',737,,7700,31,4,,0
11019,'1191238',1510,,7701,31,4,,0
11019,'1191240',1710,,7702,31,4,,0
11019,'1191293',2107,,7703,31,4,,0
11019,'1191319',637,,7704,31,4,,0
11019,'1191389',2237,,7705,31,4,,0
11019,'1191427',1109,,7706,31,4,,0
11019,'1191450',1610,,7707,31,4,,0
11019,'1191492',807,,7708,31,4,,0
11019,'1191497',1709,,7709,31,4,,0
11019,'1191518',2210,,7710,31,4,,0
11019,'1191624',1640,,7711,31,4,,0
11019,'1191660',807,,7712,31,4,,0
11019,'1191669',1739,,7713,31,4,,0
11019,'1191675',907,,7714,31,4,,0
11019,'1191680',2207,,7715,31,4,,0
11019,'1191681',2407,,7716,31,4,,0
11019,'1191687',837,,7717,31,4,,0
11019,'1191697',1410,,7718,31,4,,0
11019,'1191719',1639,,7719,31,4,,0
11019,'1191737',1510,,7720,31,4,,0
11019,'1191835',1210,,7721,31,4,,0
11019,'1191884',1209,,7722,31,4,,0
11019,'1191966',1010,,7723,31,4,,0
11019,'1192002',1439,,7724,31,4,,0
11019,'1192081',910,,7725,31,4,,0
11019,'1192101',1240,,7726,31,4,,0
11019,'1192118',1110,,7727,31,4,,0
11019,'1192123',2410,,7728,31,4,,0
11019,'1192175',1937,,7729,31,4,,0
11019,'1192293',707,,7730,31,4,,0
11019,'1192335',1809,,7731,31,4,,0
11019,'1192350',1910,,7732,31,4,,0
11019,'1192404',1210,,7733,31,4,,0
11019,'1192406',1810,,7734,31,4,,0
11019,'1192430',1907,,7735,31,4,,0
11019,'1192493',1409,,7736,31,4,,0
11019,'1192513',1309,,7737,31,4,,0
11019,'1192569',1340,,7738,31,4,,0
11019,'1192573',1339,,7739,31,4,,0
11019,'1192733',907,,7740,31,4,,0
11019,'1192768',2337,,7741,31,4,,0
11019,'1192799',1410,,7742,31,4,,0
11019,'1192975',1509,,7743,31,4,,0
11019,'1193059',1609,,7744,31,4,,0
11019,'1193066',1440,,7745,31,4,,0
11019,'1193090',1837,,7746,31,4,,0
11019,'1193120',937,,7747,31,4,,0
11019,'1193180',1110,,7748,31,4,,0
11019,'1193235',2037,,7749,31,4,,0
11019,'1193239',1037,,7750,31,4,,0
11019,'1193241',2010,,7751,31,4,,0
11019,'1193277',2310,,7752,31,4,,0
11019,'1193279',1539,,7753,31,4,,0
11029,'1190662',1415,,7754,1,,,0
11029,'1190674',1545,,7755,1,,,0
11029,'1190679',1215,,7756,1,,,0
11029,'1190687',2215,,7757,1,,,0
11029,'1190702',615,,7758,1,,,0
11029,'1190707',945,,7759,1,,,0
11029,'1190740',1015,,7760,1,,,0
11029,'1190760',1345,,7761,1,,,0
11029,'1190767',1715,,7762,1,,,0
11029,'1190846',1245,,7763,1,,,0
11029,'1190868',1445,,7764,1,,,0
11029,'1190908',745,,7765,1,,,0
11029,'1190991',645,,7766,1,,,0
11029,'1191027',1315,,7767,1,,,0
11029,'1191113',1045,,7768,1,,,0
11029,'1191117',1215,,7769,1,,,0
11029,'1191127',1315,,7770,1,,,0
11029,'1191176',815,,7771,1,,,0
11029,'1191206',1915,,7772,1,,,0
11029,'1191220',1715,,7773,1,,,0
11029,'1191225',2045,,7774,1,,,0
11029,'1191261',1615,,7775,1,,,0
11029,'1191301',715,,7776,1,,,0
11029,'1191458',1545,,7777,1,,,0
11029,'1191541',2015,,7778,1,,,0
11029,'1191571',2015,,7779,1,,,0
11029,'1191589',1215,,7780,1,,,0
11029,'1191607',1645,,7781,1,,,0
11029,'1191727',1515,,7782,1,,,0
11029,'1191782',1345,,7783,1,,,0
11029,'1191889',2315,,7784,1,,,0
11029,'1191897',1145,,7785,1,,,0
11029,'1191898',1515,,7786,1,,,0
11029,'1191943',1015,,7787,1,,,0
11029,'1191963',1115,,7788,1,,,0
11029,'1191968',1115,,7789,1,,,0
11029,'1191999',1945,,7790,1,,,0
11029,'1192027',1845,,7791,1,,,0
11029,'1192028',715,,7792,1,,,0
11029,'1192111',2115,,7793,1,,,0
11029,'1192172',2350,,7794,1,,,0
11029,'1192183',915,,7795,1,,,0
11029,'1192286',815,,7796,1,,,0
11029,'1192326',1915,,7797,1,,,0
11029,'1192339',845,,7798,1,,,0
11029,'1192422',2245,,7799,1,,,0
11029,'1192445',1315,,7800,1,,,0
11029,'1192481',1615,,7801,1,,,0
11029,'1192490',2215,,7802,1,,,0
11029,'1192503',2315,,7803,1,,,0
11029,'1192528',915,,7804,1,,,0
11029,'1192532',2145,,7805,1,,,0
11029,'1192574',1115,,7806,1,,,0
11029,'1192626',1015,,7807,1,,,0
11029,'1192737',1715,,7808,1,,,0
11029,'1192757',715,,7809,1,,,0
11029,'1192779',1815,,7810,1,,,0
11029,'1192802',1145,,7811,1,,,0
11029,'1192807',1645,,7812,1,,,0
11029,'1192884',1515,,7813,1,,,0
11029,'1192947',1415,,7814,1,,,0
11029,'1193001',915,,7815,1,,,0
11029,'1193017',1615,,7816,1,,,0
11029,'1193076',1245,,7817,1,,,0
11029,'1193105',1745,,7818,1,,,0
11029,'1193146',1445,,7819,1,,,0
11029,'1193240',1415,,7820,1,,,0
11029,'1193251',2115,,7821,1,,,0
11029,'1193290',1815,,7822,1,,,0
11029,'1193300',815,,7823,1,,,0
12019,'1190645',1640,,7824,40,4,,0
12019,'1190657',1810,,7825,40,4,,0
12019,'1190716',709,,7826,40,4,,0
12019,'1190720',1910,,7827,40,4,,0
12019,'1190795',1710,,7828,40,4,,0
12019,'1190815',1510,,7829,40,4,,0
12019,'1190831',2208,,7830,40,4,,0
12019,'1190872',909,,7831,40,4,,0
12019,'1190904',2110,,7832,40,4,,0
12019,'1190905',908,,7833,40,4,,0
12019,'1190925',2038,,7834,40,4,,0
12019,'1190938',1640,,7835,40,4,,0
12019,'1191207',1810,,7836,40,4,,0
12019,'1191227',1740,,7837,40,4,,0
12019,'1191292',1010,,7838,40,4,,0
12019,'1191300',1540,,7839,40,4,,0
12019,'1191320',2338,,7840,40,4,,0
12019,'1191398',2210,,7841,40,4,,0
12019,'1191414',1740,,7842,40,4,,0
12019,'1191419',1510,,7843,40,4,,0
12019,'1191420',2138,,7844,40,4,,0
12019,'1191448',809,,7845,40,4,,0
12019,'1191466',1710,,7846,40,4,,0
12019,'1191470',1510,,7847,40,4,,0
12019,'1191522',1110,,7848,40,4,,0
12019,'1191559',1410,,7849,40,4,,0
12019,'1191598',1210,,7850,40,4,,0
12019,'1191639',1240,,7851,40,4,,0
12019,'1191674',1140,,7852,40,4,,0
12019,'1191686',1340,,7853,40,4,,0
12019,'1191724',1610,,7854,40,4,,0
12019,'1191785',1210,,7855,40,4,,0
12019,'1191790',1110,,7856,40,4,,0
12019,'1191803',1310,,7857,40,4,,0
12019,'1191804',1610,,7858,40,4,,0
12019,'1191818',1410,,7859,40,4,,0
12019,'1191855',1908,,7860,40,4,,0
12019,'1191973',1140,,7861,40,4,,0
12019,'1191984',2410,,7862,40,4,,0
12019,'1192006',1039,,7863,40,4,,0
12019,'1192018',1310,,7864,40,4,,0
12019,'1192022',1938,,7865,40,4,,0
12019,'1192099',839,,7866,40,4,,0
12019,'1192145',1410,,7867,40,4,,0
12019,'1192151',808,,7868,40,4,,0
12019,'1192194',739,,7869,40,4,,0
12019,'1192261',1210,,7870,40,4,,0
12019,'1192280',2238,,7871,40,4,,0
12019,'1192281',1340,,7872,40,4,,0
12019,'1192299',810,,7873,40,4,,0
12019,'1192301',1240,,7874,40,4,,0
12019,'1192340',1440,,7875,40,4,,0
12019,'1192366',1838,,7876,40,4,,0
12019,'1192412',939,,7877,40,4,,0
12019,'1192428',910,,7878,40,4,,0
12019,'1192530',1540,,7879,40,4,,0
12019,'1192561',2408,,7880,40,4,,0
12019,'1192582',2008,,7881,40,4,,0
12019,'1192611',2308,,7882,40,4,,0
12019,'1192642',639,,7883,40,4,,0
12019,'1193003',1610,,7884,40,4,,0
12019,'1193055',1710,,7885,40,4,,0
12019,'1193068',1008,,7886,40,4,,0
12019,'1193119',2108,,7887,40,4,,0
12019,'1193147',1110,,7888,40,4,,0
12019,'1193167',1440,,7889,40,4,,0
12019,'1193176',710,,7890,40,4,,0
12019,'1193179',2010,,7891,40,4,,0
12019,'1193229',1810,,7892,40,4,,0
12019,'1193248',1310,,7893,40,4,,0
12019,'1193280',2310,,7894,40,4,,0
12019,'1193305',1009,,7895,40,4,,0
12029,'1190603',1215,,7896,1,,,0
12029,'1190623',915,,7897,1,,,0
12029,'1190638',1815,,7898,1,,,0
12029,'1190684',2215,,7899,1,,,0
12029,'1190691',2045,,7900,1,,,0
12029,'1190731',1615,,7901,1,,,0
12029,'1190743',1915,,7902,1,,,0
12029,'1190753',2115,,7903,1,,,0
12029,'1190777',745,,7904,1,,,0
12029,'1190812',2245,,7905,1,,,0
12029,'1190880',2145,,7906,1,,,0
12029,'1190932',1415,,7907,1,,,0
12029,'1190940',1745,,7908,1,,,0
12029,'1191029',1345,,7909,1,,,0
12029,'1191043',1715,,7910,1,,,0
12029,'1191093',1645,,7911,1,,,0
12029,'1191133',1045,,7912,1,,,0
12029,'1191256',915,,7913,1,,,0
12029,'1191281',1115,,7914,1,,,0
12029,'1191303',815,,7915,1,,,0
12029,'1191335',1615,,7916,1,,,0
12029,'1191382',1045,,7917,1,,,0
12029,'1191410',1645,,7918,1,,,0
12029,'1191500',1145,,7919,1,,,0
12029,'1191501',2015,,7920,1,,,0
12029,'1191528',1415,,7921,1,,,0
12029,'1191555',2115,,7922,1,,,0
12029,'1191588',2350,,7923,1,,,0
12029,'1191595',1315,,7924,1,,,0
12029,'1191653',615,,7925,1,,,0
12029,'1191692',815,,7926,1,,,0
12029,'1191696',1915,,7927,1,,,0
12029,'1191708',2015,,7928,1,,,0
12029,'1191789',1515,,7929,1,,,0
12029,'1191811',1115,,7930,1,,,0
12029,'1191813',915,,7931,1,,,0
12029,'1191831',1015,,7932,1,,,0
12029,'1191874',1345,,7933,1,,,0
12029,'1191998',1715,,7934,1,,,0
12029,'1192059',2315,,7935,1,,,0
12029,'1192129',1815,,7936,1,,,0
12029,'1192133',1115,,7937,1,,,0
12029,'1192152',1545,,7938,1,,,0
12029,'1192260',845,,7939,1,,,0
12029,'1192279',1245,,7940,1,,,0
12029,'1192294',715,,7941,1,,,0
12029,'1192306',945,,7942,1,,,0
12029,'1192361',1245,,7943,1,,,0
12029,'1192410',815,,7944,1,,,0
12029,'1192567',1215,,7945,1,,,0
12029,'1192578',1615,,7946,1,,,0
12029,'1192673',1145,,7947,1,,,0
12029,'1192741',1415,,7948,1,,,0
12029,'1192809',645,,7949,1,,,0
12029,'1192877',2315,,7950,1,,,0
12029,'1192898',1445,,7951,1,,,0
12029,'1192950',715,,7952,1,,,0
12029,'1193043',715,,7953,1,,,0
12029,'1193053',1015,,7954,1,,,0
12029,'1193054',1945,,7955,1,,,0
12029,'1193056',1545,,7956,1,,,0
12029,'1193058',1315,,7957,1,,,0
12029,'1193093',1715,,7958,1,,,0
12029,'1193102',1515,,7959,1,,,0
12029,'1193103',1445,,7960,1,,,0
12029,'1193156',1015,,7961,1,,,0
12029,'1193195',1315,,7962,1,,,0
12029,'1193220',1215,,7963,1,,,0
12029,'1193227',1845,,7964,1,,,0
12029,'1193272',1515,,7965,1,,,0
12029,'1193321',2215,,7966,1,,,0
13019,'1190607',915,,7967,1,,,0
13019,'1190622',815,,7968,1,,,0
13019,'1190640',1615,,7969,1,,,0
13019,'1190733',1015,,7970,1,,,0
13019,'1190801',1215,,7971,1,,,0
13019,'1190811',1915,,7972,1,,,0
13019,'1190911',715,,7973,1,,,0
13019,'1191064',945,,7974,1,,,0
13019,'1191079',845,,7975,1,,,0
13019,'1191259',715,,7976,1,,,0
13019,'1191324',715,,7977,1,,,0
13019,'1191439',1715,,7978,1,,,0
13019,'1191477',2315,,7980,1,,,0
13019,'1191498',2215,,7981,1,,,0
13019,'1191613',1515,,7983,1,,,0
13019,'1191629',2215,,7984,1,,,0
13019,'1191635',2115,,7985,1,,,0
13019,'1191643',2045,,7986,1,,,0
13019,'1191663',1215,,7987,1,,,0
13019,'1191733',1015,,7988,1,,,0
13019,'1191945',1315,,7989,1,,,0
13019,'1192060',745,,7990,1,,,0
13019,'1192062',2145,,7991,1,,,0
13019,'1192072',1115,,7992,1,,,0
13019,'1192088',615,,7993,1,,,0
13019,'1192127',1445,,7994,1,,,0
13019,'1192154',1415,,7995,1,,,0
13019,'1192163',1415,,7996,1,,,0
13019,'1192228',815,,7997,1,,,0
13019,'1192253',1315,,7998,1,,,0
13019,'1192292',1615,,7999,1,,,0
13019,'1192313',815,,8000,1,,,0
13019,'1192426',1545,,8001,1,,,0
13019,'1192486',1645,,8002,1,,,0
13019,'1192492',1845,,8003,1,,,0
13019,'1192497',1115,,8004,1,,,0
13019,'1192498',1715,,8005,1,,,0
13019,'1192501',1745,,8006,1,,,0
13019,'1192533',1715,,8007,1,,,0
13019,'1192536',1015,,8008,1,,,0
13019,'1192544',2015,,8009,1,,,0
13019,'1192608',1415,,8010,1,,,0
13019,'1192610',915,,8011,1,,,0
13019,'1192637',2115,,8012,1,,,0
13019,'1192651',1815,,8013,1,,,0
13019,'1192715',2245,,8014,1,,,0
13019,'1192764',1915,,8015,1,,,0
13019,'1192811',2015,,8016,1,,,0
13019,'1192876',1615,,8017,1,,,0
13019,'1192895',915,,8018,1,,,0
13019,'1192920',1115,,8019,1,,,0
13019,'1192984',1215,,8020,1,,,0
13019,'1193039',1515,,8021,1,,,0
13019,'1193073',1945,,8022,1,,,0
13019,'1193083',2315,,8023,1,,,0
13019,'1193111',1515,,8024,1,,,0
13019,'1193132',645,,8025,1,,,0
13019,'1193188',1815,,8026,1,,,0
13019,'1193199',2350,,8027,1,,,0
13019,'1193221',1315,,8028,1,,,0
13029,'1190748',1607,,8029,28,4,,0
13029,'1190784',1809,,8030,28,4,,0
13029,'1190796',2136,,8031,28,4,,0
13029,'1190929',1107,,8032,28,4,,0
13029,'1190969',1036,,8033,28,4,,0
13029,'1191018',1307,,8034,28,4,,0
13029,'1191033',636,,8035,28,4,,0
13029,'1191057',1807,,8036,28,4,,0
13029,'1191072',2106,,8037,28,4,,0
13029,'1191114',1309,,8038,28,4,,0
13029,'1191152',2207,,8039,28,4,,0
13029,'1191172',807,,8040,28,4,,0
13029,'1191186',1509,,8041,28,4,,0
13029,'1191234',2407,,8042,28,4,,0
13029,'1191244',2307,,8043,28,4,,0
13029,'1191326',2107,,8044,28,4,,0
13029,'1191368',1639,,8045,28,4,,0
13029,'1191623',1209,,8046,28,4,,0
13029,'1191693',1707,,8047,28,4,,0
13029,'1191716',806,,8048,28,4,,0
13029,'1191725',706,,8049,28,4,,0
13029,'1191812',706,,8050,28,4,,0
13029,'1191861',2006,,8051,28,4,,0
13029,'1191866',806,,8052,28,4,,0
13029,'1191929',1609,,8053,28,4,,0
13029,'1191941',1906,,8054,28,4,,0
13029,'1191987',1507,,8055,28,4,,0
13029,'1192037',1407,,8056,28,4,,0
13029,'1192114',2007,,8057,28,4,,0
13029,'1192117',906,,8058,28,4,,0
13029,'1192120',1407,,8059,28,4,,0
13029,'1192134',2306,,8060,28,4,,0
13029,'1192157',1007,,8061,28,4,,0
13029,'1192158',1507,,8062,28,4,,0
13029,'1192164',907,,8063,28,4,,0
13029,'1192190',1207,,8064,28,4,,0
13029,'1192202',2206,,8065,28,4,,0
13029,'1192230',1409,,8066,28,4,,0
13029,'1192308',1907,,8067,28,4,,0
13029,'1192320',836,,8068,28,4,,0
13029,'1192403',937,,8069,28,4,,0
13029,'1192519',1607,,8070,28,4,,0
13029,'1192654',1739,,8071,28,4,,0
13029,'1192739',2236,,8072,28,4,,0
13029,'1192740',2336,,8073,28,4,,0
13029,'1192743',1106,,8074,28,4,,0
13029,'1192770',1707,,8075,28,4,,0
13029,'1192773',1709,,8076,28,4,,0
13029,'1192843',2406,,8077,28,4,,0
13029,'1192910',1006,,8078,28,4,,0
13029,'1192970',1540,,8079,29,4,,0
13029,'1192977',1936,,8080,28,4,,0
13029,'1193002',1207,,8081,28,4,,0
13029,'1193005',1110,,8082,28,4,,0
13029,'1193028',1836,,8083,28,4,,0
13029,'1193062',736,,8084,28,4,,0
13029,'1193086',2036,,8085,28,4,,0
13029,'1193110',1807,,8086,28,4,,0
13029,'1193245',1007,,8087,28,4,,0
13029,'1193295',1307,,8088,28,4,,0
13029,'1193310',907,,8089,28,4,,0
14019,'1190713',1410,,8090,48,4,,0
14019,'1190728',1507,,8091,48,4,,0
14019,'1190978',1710,,8092,48,4,,0
14019,'1191058',2307,,8093,48,4,,0
14019,'1191091',1707,,8094,48,4,,0
14019,'1191115',808,,8095,48,4,,0
14019,'1191156',1540,,8096,48,4,,0
14019,'1191182',1307,,8097,48,4,,0
14019,'1191216',1410,,8098,48,4,,0
14019,'1191274',1407,,8099,48,4,,0
14019,'1191284',2407,,8100,48,4,,0
14019,'1191353',1907,,8101,48,4,,0
14019,'1191434',1007,,8102,48,4,,0
14019,'1191451',1008,,8103,48,4,,0
14019,'1191488',1310,,8104,48,4,,0
14019,'1191517',708,,8105,48,4,,0
14019,'1191609',2338,,8106,48,4,,0
14019,'1191614',1838,,8107,48,4,,0
14019,'1191636',1810,,8108,48,4,,0
14019,'1191714',1210,,8109,48,4,,0
14019,'1191747',1510,,8110,48,4,,0
14019,'1191757',938,,8111,48,4,,0
14019,'1191841',807,,8112,48,4,,0
14019,'1191852',1938,,8113,48,4,,0
14019,'1191970',2207,,8114,48,4,,0
14019,'1191991',2107,,8115,48,4,,0
14019,'1191996',1007,,8116,48,4,,0
14019,'1192119',2238,,8117,48,4,,0
14019,'1192156',1610,,8118,48,4,,0
14019,'1192290',2307,,8119,48,4,,0
14019,'1192324',2207,,8120,48,4,,0
14019,'1192341',738,,8121,48,4,,0
14019,'1192355',1807,,8122,48,4,,0
14019,'1192458',907,,8123,48,4,,0
14019,'1192538',1710,,8124,48,4,,0
14019,'1192564',2407,,8125,48,4,,0
14019,'1192566',2007,,8126,48,4,,0
14019,'1192675',1207,,8127,48,4,,0
14019,'1192682',1607,,8128,48,4,,0
14019,'1192692',1107,,8129,48,4,,0
14019,'1192713',1907,,8130,48,4,,0
14019,'1192727',1310,,8131,48,4,,0
14019,'1192788',1510,,8132,48,4,,0
14019,'1192791',1210,,8133,48,4,,0
14019,'1192803',838,,8134,48,4,,0
14019,'1192827',2107,,8135,48,4,,0
14019,'1192837',908,,8136,48,4,,0
14019,'1192840',1640,,8137,48,4,,0
14019,'1192863',2138,,8138,48,4,,0
14019,'1192916',2007,,8139,48,4,,0
14019,'1192927',907,,8140,48,4,,0
14019,'1192946',2038,,8141,48,4,,0
14019,'1192962',1110,,8142,48,4,,0
14019,'1192987',1810,,8143,48,4,,0
14019,'1193071',1110,,8144,48,4,,0
14019,'1193088',1740,,8145,48,4,,0
14019,'1193127',1610,,8146,48,4,,0
14019,'1193190',707,,8147,48,4,,0
14019,'1193242',807,,8148,48,4,,0
14029,'1190709',1845,,8149,1,,,0
14029,'1190764',1745,,8150,1,,,0
14029,'1190906',645,,8151,1,,,0
14029,'1190920',2315,,8152,1,,,0
14029,'1190927',1615,,8153,1,,,0
14029,'1190947',2115,,8154,1,,,0
14029,'1191037',1445,,8155,1,,,0
14029,'1191042',1115,,8156,1,,,0
14029,'1191055',1015,,8157,1,,,0
14029,'1191078',815,,8158,1,,,0
14029,'1191085',715,,8159,1,,,0
14029,'1191268',2015,,8160,1,,,0
14029,'1191308',1415,,8161,1,,,0
14029,'1191322',1015,,8162,1,,,0
14029,'1191348',1215,,8163,1,,,0
14029,'1191415',2215,,8164,1,,,0
14029,'1191429',1815,,8165,1,,,0
14029,'1191444',915,,8166,1,,,0
14029,'1191520',1415,,8167,1,,,0
14029,'1191547',1515,,8168,1,,,0
14029,'1191620',1915,,8169,1,,,0
14029,'1191630',915,,8170,1,,,0
14029,'1191685',1115,,8171,1,,,0
14029,'1191690',1515,,8172,1,,,0
14029,'1191718',2315,,8173,1,,,0
14029,'1191777',915,,8174,1,,,0
14029,'1191810',715,,8175,1,,,0
14029,'1191843',1415,,8176,1,,,0
14029,'1191865',745,,8177,1,,,0
14029,'1191921',845,,8178,1,,,0
14029,'1191937',1215,,8179,1,,,0
14029,'1191955',815,,8180,1,,,0
14029,'1191980',2350,,8181,1,,,0
14029,'1192001',2245,,8182,1,,,0
14029,'1192032',815,,8183,1,,,0
14029,'1192051',1645,,8184,1,,,0
14029,'1192126',2215,,8185,1,,,0
14029,'1192347',2145,,8186,1,,,0
14029,'1192381',1815,,8187,1,,,0
14029,'1192383',1315,,8188,1,,,0
14029,'1192388',615,,8189,1,,,0
14029,'1192435',1615,,8190,1,,,0
14029,'1192473',2015,,8191,1,,,0
14029,'1192489',1545,,8192,1,,,0
14029,'1192580',2115,,8193,1,,,0
14029,'1192589',1715,,8194,1,,,0
14029,'1192627',1315,,8195,1,,,0
14029,'1192632',1215,,8196,1,,,0
14029,'1192674',1515,,8197,1,,,0
14029,'1192744',1615,,8198,1,,,0
14029,'1192787',1915,,8199,1,,,0
14029,'1192957',1715,,8200,1,,,0
14029,'1193009',1715,,8201,1,,,0
14029,'1193016',2045,,8202,1,,,0
14029,'1193023',1945,,8203,1,,,0
14029,'1193040',1115,,8204,1,,,0
14029,'1193048',715,,8205,1,,,0
14029,'1193064',1015,,8206,1,,,0
14029,'1193291',1315,,8207,1,,,0
24019,'1190647',1200,,8361,1,,,0
24019,'1190820',2215,,8362,1,,,0
24019,'1190955',1215,,8363,1,,,0
24019,'1191020',1815,,8364,1,,,0
24019,'1191048',600,,8365,1,,,0
24019,'1191082',2130,,8366,1,,,0
24019,'1191122',915,,8367,1,,,0
24019,'1191137',1530,,8368,1,,,0
24019,'1191141',1300,,8369,1,,,0
24019,'1191142',1400,,8370,1,,,0
24019,'1191189',1115,,8371,1,,,0
24019,'1191200',1415,,8372,1,,,0
24019,'1191201',1500,,8373,1,,,0
24019,'1191254',2030,,8374,1,,,0
24019,'1191255',1600,,8375,1,,,0
24019,'1191295',1900,,8376,1,,,0
24019,'1191375',1615,,8377,1,,,0
24019,'1191467',2015,,8378,1,,,0
24019,'1191545',2200,,8379,1,,,0
24019,'1191590',1100,,8380,1,,,0
24019,'1191601',800,,8381,1,,,0
24019,'1191611',1930,,8382,1,,,0
24019,'1191656',1200,,8383,1,,,0
24019,'1191707',700,,8384,1,,,0
24019,'1191927',2230,,8385,1,,,0
24019,'1191942',815,,8386,1,,,0
24019,'1191985',1600,,8387,1,,,0
24019,'1191988',2000,,8388,1,,,0
24019,'1192102',1400,,8389,1,,,0
24019,'1192138',1300,,8390,1,,,0
24019,'1192200',1915,,8391,1,,,0
24019,'1192209',900,,8392,1,,,0
24019,'1192254',2115,,8393,1,,,0
24019,'1192304',1015,,8394,1,,,0
24019,'1192332',900,,8395,1,,,0
24019,'1192336',2350,,8396,1,,,0
24019,'1192345',1830,,8397,1,,,0
24019,'1192408',1630,,8398,1,,,0
24019,'1192447',1430,,8399,1,,,0
24019,'1192465',2315,,8400,1,,,0
24019,'1192487',1700,,8401,1,,,0
24019,'1192521',800,,8402,1,,,0
24019,'1192603',630,,8403,1,,,0
24019,'1192660',700,,8404,1,,,0
24019,'1192685',2300,,8405,1,,,0
24019,'1192701',1500,,8406,1,,,0
24019,'1192775',1515,,8407,1,,,0
24019,'1192783',730,,8408,1,,,0
24019,'1192879',1800,,8409,1,,,0
24019,'1192911',930,,8410,1,,,0
24019,'1192935',1730,,8411,1,,,0
24019,'1192952',715,,8412,1,,,0
24019,'1192971',2100,,8413,1,,,0
24019,'1193011',1315,,8414,1,,,0
24019,'1193067',830,,8415,1,,,0
24019,'1193077',1000,,8416,1,,,0
24019,'1193097',1715,,8417,1,,,0
24019,'1193230',1700,,8418,1,,,0
24019,'1193296',1100,,8419,1,,,0
24019,'1193299',1000,,8420,1,,,0
24029,'1190659',1640,,8421,13,4,,0
24029,'1190749',1624,,8422,13,4,,0
24029,'1190778',1425,,8423,13,4,,0
24029,'1190797',2413,,8424,13,4,,0
24029,'1190885',1340,,8425,13,4,,0
24029,'1191013',2253,,8426,13,4,,0
24029,'1191021',940,,8427,13,4,,0
24029,'1191023',2153,,8428,13,4,,0
24029,'1191096',1555,,8429,13,4,,0
24029,'1191111',923,,8430,13,4,,0
24029,'1191208',1225,,8431,13,4,,0
24029,'1191257',1325,,8432,13,4,,0
24029,'1191267',2023,,8433,13,4,,0
24029,'1191278',1325,,8434,13,4,,0
24029,'1191288',723,,8435,13,4,,0
24029,'1191296',840,,8436,13,4,,0
24029,'1191426',753,,8437,13,4,,0
24029,'1191479',1025,,8438,13,4,,0
24029,'1191530',2240,,8439,13,4,,0
24029,'1191542',653,,8440,13,4,,0
24029,'1191565',740,,8441,13,4,,0
24029,'1191626',2223,,8442,13,4,,0
24029,'1191637',1225,,8443,13,4,,0
24029,'1191667',1525,,8444,13,4,,0
24029,'1191676',2053,,8445,13,4,,0
24029,'1191744',1125,,8446,13,4,,0
24029,'1191836',1823,,8447,13,4,,0
24029,'1191879',953,,8448,13,4,,0
24029,'1191917',2340,,8449,13,4,,0
24029,'1191967',1040,,8450,13,4,,0
24029,'1191983',853,,8451,13,4,,0
24029,'1192013',1724,,8452,13,4,,0
24029,'1192023',925,,8453,13,4,,0
24029,'1192045',1023,,8454,13,4,,0
24029,'1192070',1940,,8455,13,4,,0
24029,'1192071',1725,,8456,13,4,,0
24029,'1192162',1540,,8457,13,4,,0
24029,'1192212',1853,,8458,13,4,,0
24029,'1192216',2123,,8459,13,4,,0
24029,'1192217',1240,,8460,13,4,,0
24029,'1192266',1440,,8461,13,4,,0
24029,'1192268',2323,,8462,13,4,,0
24029,'1192314',1655,,8463,13,4,,0
24029,'1192322',1740,,8464,13,4,,0
24029,'1192424',1923,,8465,13,4,,0
24029,'1192452',1140,,8466,13,4,,0
24029,'1192545',824,,8467,13,4,,0
24029,'1192560',1755,,8468,13,4,,0
24029,'1192570',2140,,8469,13,4,,0
24029,'1192633',1425,,8470,13,4,,0
24029,'1192772',1625,,8471,13,4,,0
24029,'1192808',1953,,8472,13,4,,0
24029,'1192813',1125,,8473,13,4,,0
24029,'1192816',823,,8474,13,4,,0
24029,'1192829',2040,,8475,13,4,,0
24029,'1192854',1455,,8476,13,4,,0
24029,'1192965',1840,,8477,13,4,,0
24029,'1192991',1525,,8478,13,4,,0
24029,'1193184',723,,8479,13,4,,0
24029,'1193211',623,,8480,13,4,,0
25019,'1190672',2230,,8481,1,,,0
25019,'1190682',915,,8482,1,,,0
25019,'1190694',730,,8483,1,,,0
25019,'1190780',2330,,8484,1,,,0
25019,'1190819',700,,8485,1,,,0
25019,'1190912',1830,,8486,1,,,0
25019,'1191039',1715,,8487,1,,,0
25019,'1191069',1930,,8488,1,,,0
25019,'1191124',2030,,8489,1,,,0
25019,'1191161',1630,,8490,1,,,0
25019,'1191291',815,,8491,1,,,0
25019,'1191327',1400,,8492,1,,,0
25019,'1191338',1030,,8493,1,,,0
25019,'1191351',1930,,8494,1,,,0
25019,'1191352',1430,,8495,1,,,0
25019,'1191409',930,,8496,1,,,0
25019,'1191435',1215,,8497,1,,,0
25019,'1191471',2115,,8498,1,,,0
25019,'1191478',2230,,8499,1,,,0
25019,'1191511',1730,,8500,1,,,0
25019,'1191525',1430,,8501,1,,,0
25019,'1191551',630,,8502,1,,,0
25019,'1191579',830,,8503,1,,,0
25019,'1191591',2315,,8504,1,,,0
25019,'1191596',2130,,8505,1,,,0
25019,'1191642',800,,8506,1,,,0
25019,'1191659',1615,,8507,1,,,0
25019,'1191842',1830,,8508,1,,,0
25019,'1191928',2030,,8509,1,,,0
25019,'1191935',830,,8510,1,,,0
25019,'1191950',1230,,8511,1,,,0
25019,'1191964',1530,,8512,1,,,0
25019,'1192103',2130,,8513,1,,,0
25019,'1192106',1200,,8514,1,,,0
25019,'1192141',2215,,8515,1,,,0
25019,'1192147',1315,,8516,1,,,0
25019,'1192241',2015,,8517,1,,,0
25019,'1192259',1330,,8518,1,,,0
25019,'1192277',1730,,8519,1,,,0
25019,'1192343',1100,,8520,1,,,0
25019,'1192356',1530,,8521,1,,,0
25019,'1192389',1415,,8522,1,,,0
25019,'1192432',1600,,8523,1,,,0
25019,'1192459',1015,,8524,1,,,0
25019,'1192477',2350,,8525,1,,,0
25019,'1192541',715,,8526,1,,,0
25019,'1192596',1500,,8527,1,,,0
25019,'1192742',1000,,8528,1,,,0
25019,'1192751',1130,,8529,1,,,0
25019,'1192774',1700,,8530,1,,,0
25019,'1192796',1300,,8531,1,,,0
25019,'1192828',1915,,8532,1,,,0
25019,'1192849',930,,8533,1,,,0
25019,'1192959',630,,8534,1,,,0
25019,'1193109',1630,,8535,1,,,0
25019,'1193121',730,,8536,1,,,0
25019,'1193125',1815,,8537,1,,,0
25019,'1193301',1115,,8538,1,,,0
25019,'1193312',1515,,8539,1,,,0
25019,'1193315',900,,8540,1,,,0
25029,'1190606',1438,,8541,11,4,,0
25029,'1190639',2253,,8542,11,4,,0
25029,'1190681',1853,,8543,11,4,,0
25029,'1190696',854,,8544,11,4,,0
25029,'1190757',1324,,8545,11,4,,0
25029,'1190759',2038,,8546,11,4,,0
25029,'1190867',2352,,8547,11,4,,0
25029,'1190933',838,,8548,11,4,,0
25029,'1191086',1724,,8549,11,4,,0
25029,'1191090',1738,,8550,11,4,,0
25029,'1191121',954,,8551,11,4,,0
25029,'1191148',1424,,8552,11,4,,0
25029,'1191164',2053,,8553,11,4,,0
25029,'1191237',1338,,8554,11,4,,0
25029,'1191248',1953,,8555,11,4,,0
25029,'1191431',1238,,8556,11,4,,0
25029,'1191455',1454,,8557,11,4,,0
25029,'1191456',1538,,8558,11,4,,0
25029,'1191625',1638,,8559,11,4,,0
25029,'1191647',1038,,8560,11,4,,0
25029,'1191657',1938,,8561,11,4,,0
25029,'1191704',1624,,8562,11,4,,0
25029,'1191717',824,,8563,11,4,,0
25029,'1191742',738,,8564,11,4,,0
25029,'1191780',1838,,8565,11,4,,0
25029,'1191786',1224,,8566,11,4,,0
25029,'1191806',1754,,8567,11,4,,0
25029,'1191817',652,,8568,11,4,,0
25029,'1191832',1654,,8569,11,4,,0
25029,'1191940',1554,,8570,11,4,,0
25029,'1191958',954,,8571,11,4,,0
25029,'1191959',1554,,8572,11,4,,0
25029,'1191976',1024,,8573,11,4,,0
25029,'1192031',938,,8574,11,4,,0
25029,'1192155',1454,,8575,11,4,,0
25029,'1192159',1154,,8576,11,4,,0
25029,'1192273',724,,8577,11,4,,0
25029,'1192310',2338,,8578,11,4,,0
25029,'1192362',754,,8579,11,4,,0
25029,'1192399',1753,,8580,11,4,,0
25029,'1192480',1524,,8581,11,4,,0
25029,'1192553',2253,,8582,11,4,,0
25029,'1192583',2138,,8583,11,4,,0
25029,'1192645',2238,,8584,11,4,,0
25029,'1192707',1654,,8585,11,4,,0
25029,'1192719',1354,,8586,11,4,,0
25029,'1192746',1124,,8587,11,4,,0
25029,'1192792',1254,,8588,11,4,,0
25029,'1192820',752,,8589,11,4,,0
25029,'1192892',2053,,8590,11,4,,0
25029,'1192914',1054,,8591,11,4,,0
25029,'1192943',2153,,8592,11,4,,0
25029,'1192972',1853,,8593,11,4,,0
25029,'1192978',2413,,8594,11,4,,0
25029,'1193015',1953,,8595,11,4,,0
25029,'1193160',2153,,8596,11,4,,0
25029,'1193191',924,,8597,11,4,,0
25029,'1193262',853,,8598,11,4,,0
25029,'1193288',1138,,8599,11,4,,0
25029,'1193320',654,,8600,11,4,,0
26019,'1190663',1745,,8601,1,,,0
26019,'1190721',1700,,8602,1,,,0
26019,'1190773',2100,,8603,1,,,0
26019,'1190816',1045,,8604,1,,,0
26019,'1190845',2000,,8605,1,,,0
26019,'1190884',1100,,8606,1,,,0
26019,'1190966',1900,,8607,1,,,0
26019,'1190973',945,,8608,1,,,0
26019,'1191004',1645,,8609,1,,,0
26019,'1191025',1130,,8610,1,,,0
26019,'1191095',2200,,8611,1,,,0
26019,'1191169',745,,8612,1,,,0
26019,'1191218',1800,,8613,1,,,0
26019,'1191263',1600,,8614,1,,,0
26019,'1191344',600,,8615,1,,,0
26019,'1191406',1945,,8616,1,,,0
26019,'1191417',1900,,8617,1,,,0
26019,'1191428',1800,,8618,1,,,0
26019,'1191505',1400,,8619,1,,,0
26019,'1191534',2145,,8620,1,,,0
26019,'1191563',1245,,8621,1,,,0
26019,'1191610',1545,,8622,1,,,0
26019,'1191650',900,,8623,1,,,0
26019,'1191698',1600,,8624,1,,,0
26019,'1191711',1700,,8625,1,,,0
26019,'1191759',1300,,8626,1,,,0
26019,'1191851',2245,,8627,1,,,0
26019,'1191911',2200,,8628,1,,,0
26019,'1192083',700,,8629,1,,,0
26019,'1192096',600,,8630,1,,,0
26019,'1192137',1500,,8631,1,,,0
26019,'1192185',1330,,8632,1,,,0
26019,'1192319',2045,,8633,1,,,0
26019,'1192434',1430,,8634,1,,,0
26019,'1192436',1445,,8635,1,,,0
26019,'1192522',2300,,8636,1,,,0
26019,'1192547',1000,,8637,1,,,0
26019,'1192554',1145,,8638,1,,,0
26019,'1192558',1500,,8639,1,,,0
26019,'1192615',2300,,8640,1,,,0
26019,'1192663',1000,,8641,1,,,0
26019,'1192684',1345,,8642,1,,,0
26019,'1192817',1845,,8643,1,,,0
26019,'1192853',1200,,8644,1,,,0
26019,'1192866',1030,,8645,1,,,0
26019,'1192909',800,,8646,1,,,0
26019,'1192944',2000,,8647,1,,,0
26019,'1192988',900,,8648,1,,,0
26019,'1193013',1230,,8649,1,,,0
26019,'1193014',2100,,8650,1,,,0
26019,'1193129',700,,8651,1,,,0
26019,'1193182',800,,8652,1,,,0
26019,'1193318',845,,8653,1,,,0
26029,'1190602',1225,,8654,21,4,,0
26029,'1190667',2210,,8655,21,4,,0
26029,'1190669',2225,,8656,21,4,,0
26029,'1190670',1910,,8657,21,4,,0
26029,'1190686',1826,,8658,21,4,,0
26029,'1190712',1310,,8659,21,4,,0
26029,'1190727',1726,,8660,21,4,,0
26029,'1190889',623,,8661,21,4,,0
26029,'1190895',1925,,8662,21,4,,0
26029,'1190902',2125,,8663,21,4,,0
26029,'1190943',1024,,8664,21,4,,0
26029,'1191009',926,,8665,21,4,,0
26029,'1191080',1526,,8666,21,4,,0
26029,'1191118',1456,,8667,21,4,,0
26029,'1191163',2110,,8668,21,4,,0
26029,'1191253',2223,,8669,21,4,,0
26029,'1191395',910,,8670,21,4,,0
26029,'1191440',826,,8671,21,4,,0
26029,'1191476',1210,,8672,21,4,,0
26029,'1191491',723,,8673,21,4,,0
26029,'1191544',1056,,8674,21,4,,0
26029,'1191695',626,,8675,21,4,,0
26029,'1191702',2124,,8676,21,4,,0
26029,'1191808',2325,,8677,21,4,,0
26029,'1191881',1724,,8678,21,4,,0
26029,'1191902',823,,8679,21,4,,0
26029,'1191938',1356,,8680,21,4,,0
26029,'1191960',2010,,8681,21,4,,0
26029,'1191972',1325,,8682,21,4,,0
26029,'1192035',1610,,8683,21,4,,0
26029,'1192047',1525,,8684,21,4,,0
26029,'1192090',1110,,8685,21,4,,0
26029,'1192249',2310,,8686,21,4,,0
26029,'1192289',1125,,8687,21,4,,0
26029,'1192423',1425,,8688,21,4,,0
26029,'1192540',726,,8689,21,4,,0
26029,'1192618',1627,,8690,21,4,,0
26029,'1192622',2323,,8691,21,4,,0
26029,'1192646',1410,,8692,21,4,,0
26029,'1192657',1824,,8693,21,4,,0
26029,'1192671',1156,,8694,21,4,,0
26029,'1192730',2024,,8695,21,4,,0
26029,'1192771',1810,,8696,21,4,,0
26029,'1192852',923,,8697,21,4,,0
26029,'1192897',1510,,8698,21,4,,0
26029,'1192921',1010,,8699,21,4,,0
26029,'1192966',1256,,8700,21,4,,0
26029,'1193122',810,,8701,21,4,,0
26029,'1193153',1624,,8702,21,4,,0
26029,'1193187',2025,,8703,21,4,,0
26029,'1193205',1026,,8704,21,4,,0
26029,'1193258',1710,,8705,21,4,,0
26029,'1193297',1924,,8706,21,4,,0
27019,'1190698',1920,,8707,12,4,,0
27019,'1190710',1750,,8708,12,4,,0
27019,'1190723',2249,,8709,12,4,,0
27019,'1190917',2320,,8710,12,4,,0
27019,'1190974',1704,,8711,12,4,,0
27019,'1190996',749,,8712,12,4,,0
27019,'1191047',1749,,8713,12,4,,0
27019,'1191101',650,,8714,12,4,,0
27019,'1191139',2220,,8715,12,4,,0
27019,'1191143',1304,,8716,12,4,,0
27019,'1191157',1504,,8717,12,4,,0
27019,'1191209',1649,,8718,12,4,,0
27019,'1191318',804,,8719,12,4,,0
27019,'1191346',1150,,8720,12,4,,0
27019,'1191460',1349,,8721,12,4,,0
27019,'1191513',1449,,8722,12,4,,0
27019,'1191616',949,,8723,12,4,,0
27019,'1191713',1104,,8724,12,4,,0
27019,'1191740',950,,8725,12,4,,0
27019,'1191746',849,,8726,12,4,,0
27019,'1191829',2020,,8727,12,4,,0
27019,'1191871',1450,,8728,12,4,,0
27019,'1191893',904,,8729,12,4,,0
27019,'1191926',1004,,8730,12,4,,0
27019,'1191982',2004,,8731,12,4,,0
27019,'1191990',2304,,8732,12,4,,0
27019,'1192003',1904,,8733,12,4,,0
27019,'1192181',2204,,8734,12,4,,0
27019,'1192223',1049,,8735,12,4,,0
27019,'1192272',1350,,8736,12,4,,0
27019,'1192334',649,,8737,12,4,,0
27019,'1192456',1249,,8738,12,4,,0
27019,'1192470',1050,,8739,12,4,,0
27019,'1192604',850,,8740,12,4,,0
27019,'1192609',1550,,8741,12,4,,0
27019,'1192670',2349,,8742,12,4,,0
27019,'1192710',1250,,8743,12,4,,0
27019,'1192777',1604,,8744,12,4,,0
27019,'1192814',1949,,8745,12,4,,0
27019,'1192867',1850,,8746,12,4,,0
27019,'1192887',750,,8747,12,4,,0
27019,'1192919',2149,,8748,12,4,,0
27019,'1192945',1849,,8749,12,4,,0
27019,'1192996',1804,,8750,12,4,,0
27019,'1193065',2049,,8751,12,4,,0
27019,'1193091',2104,,8752,12,4,,0
27019,'1193100',1404,,8753,12,4,,0
27019,'1193144',1549,,8754,12,4,,0
27019,'1193173',1204,,8755,12,4,,0
27019,'1193212',2120,,8756,12,4,,0
27019,'1193249',1149,,8757,12,4,,0
27019,'1193273',1650,,8758,12,4,,0
27029,'1190677',1045,,8759,1,,,0
27029,'1190690',630,,8760,1,,,0
27029,'1190755',1630,,8761,1,,,0
27029,'1190762',730,,8762,1,,,0
27029,'1190844',1900,,8763,1,,,0
27029,'1190879',2145,,8764,1,,,0
27029,'1190890',2045,,8765,1,,,0
27029,'1190914',2300,,8766,1,,,0
27029,'1190916',1645,,8767,1,,,0
27029,'1190963',1530,,8768,1,,,0
27029,'1191011',2230,,8769,1,,,0
27029,'1191019',845,,8770,1,,,0
27029,'1191075',930,,8771,1,,,0
27029,'1191092',2130,,8772,1,,,0
27029,'1191097',830,,8773,1,,,0
27029,'1191103',1130,,8774,1,,,0
27029,'1191106',1630,,8775,1,,,0
27029,'1191128',2245,,8776,1,,,0
27029,'1191173',745,,8777,1,,,0
27029,'1191376',945,,8778,1,,,0
27029,'1191387',1330,,8779,1,,,0
27029,'1191390',1430,,8780,1,,,0
27029,'1191514',1830,,8781,1,,,0
27029,'1191552',1230,,8782,1,,,0
27029,'1191574',2100,,8783,1,,,0
27029,'1191706',930,,8784,1,,,0
27029,'1191734',2000,,8785,1,,,0
27029,'1191798',1930,,8786,1,,,0
27029,'1191870',1230,,8787,1,,,0
27029,'1192000',1730,,8788,1,,,0
27029,'1192004',1445,,8789,1,,,0
27029,'1192056',1330,,8790,1,,,0
27029,'1192061',1030,,8791,1,,,0
27029,'1192077',2030,,8792,1,,,0
27029,'1192148',1245,,8793,1,,,0
27029,'1192262',1730,,8794,1,,,0
27029,'1192265',1345,,8795,1,,,0
27029,'1192274',730,,8796,1,,,0
27029,'1192617',1130,,8797,1,,,0
27029,'1192676',1830,,8798,1,,,0
27029,'1192776',1430,,8799,1,,,0
27029,'1192845',1745,,8800,1,,,0
27029,'1192855',630,,8801,1,,,0
27029,'1192882',830,,8802,1,,,0
27029,'1192888',2200,,8803,1,,,0
27029,'1193087',1145,,8804,1,,,0
27029,'1193118',1530,,8805,1,,,0
27029,'1193139',1030,,8806,1,,,0
27029,'1193186',1945,,8807,1,,,0
27029,'1193201',1845,,8808,1,,,0
27029,'1193203',1545,,8809,1,,,0
27029,'1193254',2330,,8810,1,,,0
101019,'1190633',1219,,8977,60,4,,0
101019,'1190779',1356,,8978,60,4,,0
101019,'1190804',1157,,8979,60,4,,0
101019,'1190956',2156,,8980,60,4,,0
101019,'1191198',619,,8981,60,4,,0
101019,'1191312',957,,8982,60,4,,0
101019,'1191333',2319,,8983,60,4,,0
101019,'1191377',1556,,8984,60,4,,0
101019,'1191380',2157,,8985,60,4,,0
101019,'1191432',1756,,8986,60,4,,0
101019,'1191480',1421,,8987,60,4,,0
101019,'1191543',1957,,8988,60,4,,0
101019,'1191977',1357,,8989,60,4,,0
101019,'1192063',919,,8990,60,4,,0
101019,'1192135',1119,,8991,60,4,,0
101019,'1192166',1919,,8992,60,4,,0
101019,'1192271',1019,,8993,60,4,,0
101019,'1192368',1557,,8994,60,4,,0
101019,'1192448',956,,8995,60,4,,0
101019,'1192613',819,,8996,60,4,,0
101019,'1192782',1721,,8997,60,4,,0
101019,'1192859',1156,,8998,60,4,,0
101019,'1192896',1956,,8999,60,4,,0
101019,'1192902',757,,9000,60,4,,0
101019,'1192958',2118,,9001,60,4,,0
101019,'1192961',756,,9002,60,4,,0
101019,'1192963',2356,,9003,60,4,,0
101019,'1193022',1521,,9004,60,4,,0
101019,'1193099',1757,,9005,60,4,,0
101019,'1193164',1621,,9006,60,4,,0
101019,'1193193',1821,,9007,60,4,,0
101029,'1190605',1030,,9008,1,,,0
101029,'1190678',1230,,9009,1,,,0
101029,'1190897',1615,,9010,1,,,0
101029,'1190957',930,,9011,1,,,0
101029,'1191059',815,,9012,1,,,0
101029,'1191088',1215,,9013,1,,,0
101029,'1191099',2015,,9014,1,,,0
101029,'1191397',1530,,9015,1,,,0
101029,'1191401',1015,,9016,1,,,0
101029,'1191454',1615,,9017,1,,,0
101029,'1191537',2015,,9018,1,,,0
101029,'1191600',1815,,9019,1,,,0
101029,'1191837',2215,,9020,1,,,0
101029,'1191844',1215,,9021,1,,,0
101029,'1191946',1330,,9022,1,,,0
101029,'1192220',1930,,9023,1,,,0
101029,'1192246',630,,9024,1,,,0
101029,'1192291',1415,,9025,1,,,0
101029,'1192305',2350,,9026,1,,,0
101029,'1192354',2215,,9027,1,,,0
101029,'1192401',815,,9028,1,,,0
101029,'1192520',1630,,9029,1,,,0
101029,'1192526',1415,,9030,1,,,0
101029,'1192600',2130,,9031,1,,,0
101029,'1192680',1430,,9032,1,,,0
101029,'1192726',1015,,9033,1,,,0
101029,'1192973',1730,,9034,1,,,0
101029,'1193049',730,,9035,1,,,0
101029,'1193165',1815,,9036,1,,,0
101029,'1193166',615,,9037,1,,,0
101029,'1193226',830,,9038,1,,,0
104019,'1190671',915,,9201,1,,,0
104019,'1190814',2100,,9202,1,,,0
104019,'1190818',2045,,9203,1,,,0
104019,'1190892',745,,9204,1,,,0
104019,'1190936',1445,,9205,1,,,0
104019,'1190948',2315,,9206,1,,,0
104019,'1190986',1745,,9207,1,,,0
104019,'1191016',715,,9208,1,,,0
104019,'1191017',715,,9209,1,,,0
104019,'1191094',1915,,9210,1,,,0
104019,'1191310',830,,9212,1,,,0
104019,'1191311',1715,,9213,1,,,0
104019,'1191316',1530,,9214,1,,,0
104019,'1191321',2215,,9215,1,,,0
104019,'1191385',1700,,9217,1,,,0
104019,'1191418',945,,9218,1,,,0
104019,'1191499',2330,,9219,1,,,0
104019,'1191536',1315,,9220,1,,,0
104019,'1191638',1515,,9222,1,,,0
104019,'1191722',900,,9223,1,,,0
104019,'1191770',715,,9224,1,,,0
104019,'1191825',630,,9225,1,,,0
104019,'1191885',600,,9226,1,,,0
104019,'1191947',1100,,9227,1,,,0
104019,'1191953',1215,,9228,1,,,0
104019,'1191956',1315,,9229,1,,,0
104019,'1191969',1230,,9230,1,,,0
104019,'1192007',1445,,9231,1,,,0
104019,'1192026',1830,,9232,1,,,0
104019,'1192189',2115,,9233,1,,,0
104019,'1192203',830,,9234,1,,,0
104019,'1192446',1145,,9235,1,,,0
104019,'1192457',1715,,9236,1,,,0
104019,'1192466',1330,,9237,1,,,0
104019,'1192607',1100,,9238,1,,,0
104019,'1192616',1115,,9239,1,,,0
104019,'1192795',1915,,9240,1,,,0
104019,'1192810',1400,,9241,1,,,0
104019,'1192924',1945,,9242,1,,,0
104019,'1192954',1615,,9243,1,,,0
104019,'1192997',945,,9244,1,,,0
104019,'1193072',2350,,9245,1,,,0
104019,'1193232',2215,,9246,1,,,0
104019,'1193244',1600,,9247,1,,,0
104029,'1190618',1437,,9248,47,4,,0
104029,'1190628',1824,,9249,47,4,,0
104029,'1190725',824,,9250,47,4,,0
104029,'1190754',1054,,9251,47,4,,0
104029,'1190787',1324,,9252,47,4,,0
104029,'1190793',1854,,9253,47,4,,0
104029,'1190961',1709,,9254,47,4,,0
104029,'1191015',1607,,9255,47,4,,0
104029,'1191060',1024,,9256,47,4,,0
104029,'1191138',824,,9257,47,4,,0
104029,'1191264',2324,,9258,47,4,,0
104029,'1191265',939,,9259,47,4,,0
104029,'1191297',709,,9260,47,4,,0
104029,'1191332',1652,,9261,47,4,,0
104029,'1191339',854,,9262,47,4,,0
104029,'1191360',1554,,9263,47,4,,0
104029,'1191502',1439,,9264,47,4,,0
104029,'1191606',1624,,9265,47,4,,0
104029,'1191664',2054,,9266,47,4,,0
104029,'1191668',2209,,9267,47,4,,0
104029,'1191699',824,,9268,47,4,,0
104029,'1191901',2024,,9269,47,4,,0
104029,'1191931',624,,9270,47,4,,0
104029,'1192136',1224,,9271,47,4,,0
104029,'1192243',1824,,9272,47,4,,0
104029,'1192264',1737,,9273,47,4,,0
104029,'1192282',1424,,9274,47,4,,0
104029,'1192296',2224,,9275,47,4,,0
104029,'1192329',739,,9276,47,4,,0
104029,'1192460',1054,,9277,47,4,,0
104029,'1192482',1522,,9278,47,4,,0
104029,'1192831',1939,,9279,47,4,,0
104029,'1192874',1809,,9280,47,4,,0
104029,'1192986',2024,,9281,47,4,,0
104029,'1192990',709,,9282,47,4,,0
104029,'1193096',1009,,9283,47,4,,0
104029,'1193112',939,,9284,47,4,,0
104029,'1193117',1222,,9285,47,4,,0
104029,'1193136',2324,,9286,47,4,,0
104029,'1193149',1352,,9287,47,4,,0
104029,'1193215',1307,,9288,47,4,,0
104029,'1193253',2154,,9289,47,4,,0
104029,'1193281',1209,,9290,47,4,,0
105019,'1190616',2307,,9291,115,4,,0
105019,'1190769',1507,,9292,115,4,,0
105019,'1190825',1707,,9293,115,4,,0
105019,'1190865',1907,,9294,115,4,,0
105019,'1190975',1937,,9295,115,4,,0
105019,'1190992',1854,,9296,115,4,,0
105019,'1190998',1254,,9297,115,4,,0
105019,'1191007',1807,,9298,115,4,,0
105019,'1191038',1554,,9299,115,4,,0
105019,'1191063',1049,,9300,115,4,,0
105019,'1191065',1407,,9301,115,4,,0
105019,'1191145',740,,9302,115,4,,0
105019,'1191217',2352,,9303,115,4,,0
105019,'1191294',1454,,9304,115,4,,0
105019,'1191329',952,,9305,115,4,,0
105019,'1191413',1107,,9306,115,4,,0
105019,'1191457',1354,,9307,115,4,,0
105019,'1191557',949,,9308,115,4,,0
105019,'1191709',849,,9309,115,4,,0
105019,'1191750',2340,,9310,115,4,,0
105019,'1191859',752,,9311,115,4,,0
105019,'1191891',1837,,9312,115,4,,0
105019,'1192052',1954,,9313,115,4,,0
105019,'1192113',710,,9314,115,4,,0
105019,'1192142',1654,,9315,115,4,,0
105019,'1192176',907,,9316,115,4,,0
105019,'1192218',2440,,9317,115,4,,0
105019,'1192236',1507,,9318,115,4,,0
105019,'1192248',2140,,9319,115,4,,0
105019,'1192267',1754,,9320,115,4,,0
105019,'1192318',1154,,9321,115,4,,0
105019,'1192337',1722,,9322,115,4,,0
105019,'1192353',1552,,9323,115,4,,0
105019,'1192579',1252,,9324,115,4,,0
105019,'1192586',1307,,9325,115,4,,0
105019,'1192598',2107,,9326,115,4,,0
105019,'1192614',819,,9327,115,4,,0
105019,'1192661',2240,,9328,115,4,,0
105019,'1192725',1622,,9329,115,4,,0
105019,'1192735',2010,,9330,115,4,,0
105019,'1192821',2152,,9331,115,4,,0
105019,'1192836',1907,,9332,115,4,,0
105019,'1192847',640,,9333,115,4,,0
105019,'1192875',1652,,9334,115,4,,0
105019,'1193045',919,,9335,115,4,,0
105019,'1193298',1152,,9336,115,4,,0
105029,'1190637',800,,9337,1,,,0
105029,'1190832',645,,9338,1,,,0
105029,'1190854',1445,,9339,1,,,0
105029,'1190856',1300,,9340,1,,,0
105029,'1190924',2350,,9341,1,,,0
105029,'1190926',1400,,9342,1,,,0
105029,'1190965',1415,,9343,1,,,0
105029,'1190981',615,,9344,1,,,0
105029,'1191222',2200,,9345,1,,,0
105029,'1191223',1630,,9346,1,,,0
105029,'1191285',1945,,9347,1,,,0
105029,'1191307',1515,,9348,1,,,0
105029,'1191404',1500,,9349,1,,,0
105029,'1191423',1345,,9350,1,,,0
105029,'1191572',1000,,9351,1,,,0
105029,'1191670',1715,,9352,1,,,0
105029,'1191739',1730,,9353,1,,,0
105029,'1191784',1300,,9354,1,,,0
105029,'1191846',945,,9355,1,,,0
105029,'1191848',1200,,9356,1,,,0
105029,'1191910',2400,,9357,1,,,0
105029,'1191936',1515,,9358,1,,,0
105029,'1192016',715,,9359,1,,,0
105029,'1192019',1800,,9360,1,,,0
105029,'1192058',2315,,9361,1,,,0
105029,'1192150',715,,9362,1,,,0
105029,'1192180',1915,,9363,1,,,0
105029,'1192198',2245,,9364,1,,,0
105029,'1192205',600,,9365,1,,,0
105029,'1192224',1600,,9366,1,,,0
105029,'1192338',1815,,9367,1,,,0
105029,'1192379',2045,,9368,1,,,0
105029,'1192463',1315,,9369,1,,,0
105029,'1192488',1100,,9370,1,,,0
105029,'1192491',745,,9371,1,,,0
105029,'1192500',845,,9372,1,,,0
105029,'1192511',2000,,9373,1,,,0
105029,'1192662',1600,,9374,1,,,0
105029,'1192694',1045,,9375,1,,,0
105029,'1192728',2115,,9376,1,,,0
105029,'1193038',1200,,9377,1,,,0
105029,'1193130',1115,,9378,1,,,0
105029,'1193181',1700,,9379,1,,,0
105029,'1193225',1700,,9380,1,,,0
105029,'1193234',915,,9381,1,,,0
105029,'1193316',2145,,9382,1,,,0
106019,'1190751',700,,9383,1,,,0
106019,'1190960',1645,,9384,1,,,0
106019,'1191191',1800,,9385,1,,,0
106019,'1191645',930,,9386,1,,,0
106019,'1192317',1530,,9387,1,,,0
106019,'1192475',815,,9388,1,,,0
106029,'1190782',806,,9389,46,4,,0
106029,'1191556',1908,,9390,46,4,,0
106029,'1191771',1638,,9391,46,4,,0
106029,'1192044',1753,,9392,46,4,,0
106029,'1192429',921,,9393,46,4,,0
106029,'1193063',1036,,9394,46,4,,0
140001019,'1190631',1410,,9395,25,4,,0
140001019,'1190636',1155,,9396,25,4,,0
140001019,'1190649',1719,,9397,25,4,,0
140001019,'1190660',1510,,9398,25,4,,0
140001019,'1190668',2423,,9399,25,4,,0
140001019,'1190697',1140,,9400,25,4,,0
140001019,'1190750',1853,,9401,25,4,,0
140001019,'1190763',1110,,9402,25,4,,0
140001019,'1190768',2253,,9403,25,4,,0
140001019,'1190802',1710,,9404,25,4,,0
140001019,'1190822',1954,,9405,25,4,,0
140001019,'1190830',2353,,9406,25,4,,0
140001019,'1190841',1804,,9407,25,4,,0
140001019,'1190852',1008,,9408,25,4,,0
140001019,'1190870',2009,,9409,25,4,,0
140001019,'1190873',1410,,9410,25,4,,0
140001019,'1190888',1040,,9411,25,4,,0
140001019,'1190922',2054,,9412,25,4,,0
140001019,'1190923',1755,,9413,25,4,,0
140001019,'1190968',1619,,9414,25,4,,0
140001019,'1190976',1434,,9415,25,4,,0
140001019,'1190979',1525,,9416,25,4,,0
140001019,'1190980',2223,,9417,25,4,,0
140001019,'1190982',808,,9418,25,4,,0
140001019,'1190987',1108,,9419,25,4,,0
140001019,'1191035',1923,,9420,25,4,,0
140001019,'1191146',1839,,9421,25,4,,0
140001019,'1191160',1053,,9422,25,4,,0
140001019,'1191162',853,,9423,25,4,,0
140001019,'1191165',2024,,9424,25,4,,0
140001019,'1191177',1140,,9425,25,4,,0
140001019,'1191204',1825,,9426,25,4,,0
140001019,'1191212',2323,,9427,25,4,,0
140001019,'1191215',723,,9428,25,4,,0
140001019,'1191276',2310,,9429,25,4,,0
140001019,'1191289',1953,,9430,25,4,,0
140001019,'1191299',2153,,9431,25,4,,0
140001019,'1191305',1055,,9432,25,4,,0
140001019,'1191313',1939,,9433,25,4,,0
140001019,'1191331',1255,,9434,25,4,,0
140001019,'1191356',2124,,9435,25,4,,0
140001019,'1191364',1410,,9436,25,4,,0
140001019,'1191379',2210,,9437,25,4,,0
140001019,'1191393',1110,,9438,25,4,,0
140001019,'1191394',1540,,9439,25,4,,0
140001019,'1191473',1649,,9440,25,4,,0
140001019,'1191484',1725,,9441,25,4,,0
140001019,'1191489',1909,,9442,25,4,,0
140001019,'1191578',1023,,9443,25,4,,0
140001019,'1191592',1240,,9444,25,4,,0
140001019,'1191603',1340,,9445,25,4,,0
140001019,'1191608',953,,9446,25,4,,0
140001019,'1191621',1749,,9447,25,4,,0
140001019,'1191634',1824,,9448,25,4,,0
140001019,'1191651',1210,,9449,25,4,,0
140001019,'1191665',1549,,9450,25,4,,0
140001019,'1191677',1440,,9451,25,4,,0
140001019,'1191683',838,,9452,25,4,,0
140001019,'1191720',1710,,9453,25,4,,0
140001019,'1191753',1210,,9454,25,4,,0
140001019,'1191755',908,,9455,25,4,,0
140001019,'1191764',653,,9456,25,4,,0
140001019,'1191766',923,,9457,25,4,,0
140001019,'1191775',1310,,9458,25,4,,0
140001019,'1191778',738,,9459,25,4,,0
140001019,'1191783',1510,,9460,25,4,,0
140001019,'1191828',753,,9461,25,4,,0
140001019,'1191833',1240,,9462,25,4,,0
140001019,'1191839',2323,,9463,25,4,,0
140001019,'1191847',910,,9464,25,4,,0
140001019,'1191860',1225,,9465,25,4,,0
140001019,'1191878',2010,,9466,25,4,,0
140001019,'1191907',2053,,9467,25,4,,0
140001019,'1191924',2109,,9468,25,4,,0
140001019,'1191986',653,,9469,25,4,,0
140001019,'1191995',1010,,9470,25,4,,0
140001019,'1192017',1810,,9471,25,4,,0
140001019,'1192024',1908,,9472,25,4,,0
140001019,'1192066',1325,,9473,25,4,,0
140001019,'1192107',1519,,9474,25,4,,0
140001019,'1192144',1125,,9475,25,4,,0
140001019,'1192184',853,,9476,25,4,,0
140001019,'1192207',1310,,9477,25,4,,0
140001019,'1192211',2039,,9478,25,4,,0
140001019,'1192278',1340,,9479,25,4,,0
140001019,'1192346',1640,,9480,25,4,,0
140001019,'1192348',1449,,9481,25,4,,0
140001019,'1192349',1023,,9482,25,4,,0
140001019,'1192369',1504,,9483,25,4,,0
140001019,'1192375',1425,,9484,25,4,,0
140001019,'1192393',1310,,9485,25,4,,0
140001019,'1192397',2023,,9486,25,4,,0
140001019,'1192398',938,,9487,25,4,,0
140001019,'1192407',1740,,9488,25,4,,0
140001019,'1192409',708,,9489,25,4,,0
140001019,'1192507',1924,,9490,25,4,,0
140001019,'1192524',1008,,9491,25,4,,0
140001019,'1192535',1655,,9492,25,4,,0
140001019,'1192537',1604,,9493,25,4,,0
140001019,'1192551',1610,,9494,25,4,,0
140001019,'1192620',2123,,9495,25,4,,0
140001019,'1192630',1534,,9496,25,4,,0
140001019,'1192655',953,,9497,25,4,,0
140001019,'1192688',2410,,9498,25,4,,0
140001019,'1192690',1610,,9499,25,4,,0
140001019,'1192691',2253,,9500,25,4,,0
140001019,'1192720',1910,,9501,25,4,,0
140001019,'1192769',723,,9502,25,4,,0
140001019,'1192797',823,,9503,25,4,,0
140001019,'1192798',2348,,9504,25,4,,0
140001019,'1192805',1123,,9505,25,4,,0
140001019,'1192806',1355,,9506,25,4,,0
140001019,'1192822',1355,,9507,25,4,,0
140001019,'1192844',1810,,9508,25,4,,0
140001019,'1192862',1225,,9509,25,4,,0
140001019,'1192889',2223,,9510,25,4,,0
140001019,'1192903',2423,,9511,25,4,,0
140001019,'1192904',2110,,9512,25,4,,0
140001019,'1192960',1734,,9513,25,4,,0
140001019,'1192983',1555,,9514,25,4,,0
140001019,'1192989',1854,,9515,25,4,,0
140001019,'1192993',1704,,9516,25,4,,0
140001019,'1193007',753,,9517,25,4,,0
140001019,'1193020',1455,,9518,25,4,,0
140001019,'1193031',1634,,9519,25,4,,0
140001019,'1193032',1813,,9520,25,4,,0
140001019,'1193078',1155,,9521,25,4,,0
140001019,'1193098',1038,,9522,25,4,,0
140001019,'1193106',823,,9523,25,4,,0
140001019,'1193123',1210,,9524,25,4,,0
140001019,'1193183',810,,9525,25,4,,0
140001019,'1193198',2153,,9526,25,4,,0
140001019,'1193200',1325,,9527,25,4,,0
140001019,'1193214',1625,,9528,25,4,,0
140001019,'1193222',923,,9529,25,4,,0
140001019,'1193255',1838,,9530,25,4,,0
140001019,'1193261',1255,,9531,25,4,,0
140001029,'1190599',1145,,9532,1,,,0
140001029,'1190600',915,,9533,1,,,0
140001029,'1190621',2245,,9534,1,,,0
140001029,'1190654',2245,,9535,1,,,0
140001029,'1190676',2215,,9536,1,,,0
140001029,'1190705',1615,,9537,1,,,0
140001029,'1190711',815,,9538,1,,,0
140001029,'1190715',1630,,9539,1,,,0
140001029,'1190737',2115,,9540,1,,,0
140001029,'1190823',1100,,9541,1,,,0
140001029,'1190849',1215,,9542,1,,,0
140001029,'1190851',1700,,9543,1,,,0
140001029,'1190861',730,,9544,1,,,0
140001029,'1190919',615,,9545,1,,,0
140001029,'1190942',830,,9546,1,,,0
140001029,'1190950',1030,,9547,1,,,0
140001029,'1190977',1015,,9548,1,,,0
140001029,'1191006',1045,,9549,1,,,0
140001029,'1191022',1745,,9550,1,,,0
140001029,'1191026',1915,,9551,1,,,0
140001029,'1191051',1645,,9552,1,,,0
140001029,'1191073',1800,,9553,1,,,0
140001029,'1191077',1845,,9554,1,,,0
140001029,'1191100',1515,,9555,1,,,0
140001029,'1191110',1530,,9556,1,,,0
140001029,'1191120',2030,,9557,1,,,0
140001029,'1191183',1330,,9558,1,,,0
140001029,'1191185',1415,,9559,1,,,0
140001029,'1191195',1445,,9560,1,,,0
140001029,'1191197',1000,,9561,1,,,0
140001029,'1191229',745,,9562,1,,,0
140001029,'1191239',1000,,9563,1,,,0
140001029,'1191241',745,,9564,1,,,0
140001029,'1191249',1130,,9565,1,,,0
140001029,'1191251',845,,9566,1,,,0
140001029,'1191260',1145,,9567,1,,,0
140001029,'1191273',1245,,9568,1,,,0
140001029,'1191279',845,,9569,1,,,0
140001029,'1191347',1430,,9570,1,,,0
140001029,'1191349',1545,,9571,1,,,0
140001029,'1191357',630,,9572,1,,,0
140001029,'1191358',1530,,9573,1,,,0
140001029,'1191362',715,,9574,1,,,0
140001029,'1191369',1115,,9575,1,,,0
140001029,'1191374',700,,9576,1,,,0
140001029,'1191422',1915,,9577,1,,,0
140001029,'1191436',1600,,9578,1,,,0
140001029,'1191459',2045,,9579,1,,,0
140001029,'1191461',1715,,9580,1,,,0
140001029,'1191510',1215,,9581,1,,,0
140001029,'1191569',1815,,9582,1,,,0
140001029,'1191585',1615,,9583,1,,,0
140001029,'1191594',2350,,9584,1,,,0
140001029,'1191599',1315,,9585,1,,,0
140001029,'1191617',2215,,9586,1,,,0
140001029,'1191627',915,,9587,1,,,0
140001029,'1191654',1930,,9588,1,,,0
140001029,'1191672',1015,,9589,1,,,0
140001029,'1191688',1800,,9590,1,,,0
140001029,'1191700',2145,,9591,1,,,0
140001029,'1191703',1715,,9592,1,,,0
140001029,'1191748',715,,9593,1,,,0
140001029,'1191749',2015,,9594,1,,,0
140001029,'1191752',1945,,9595,1,,,0
140001029,'1191781',1200,,9596,1,,,0
140001029,'1191787',1900,,9597,1,,,0
140001029,'1191809',1045,,9598,1,,,0
140001029,'1191814',1915,,9599,1,,,0
140001029,'1191822',1130,,9600,1,,,0
140001029,'1191880',1415,,9601,1,,,0
140001029,'1191895',1545,,9602,1,,,0
140001029,'1191933',1430,,9603,1,,,0
140001029,'1191962',1245,,9604,1,,,0
140001029,'1191971',1515,,9605,1,,,0
140001029,'1191993',1200,,9606,1,,,0
140001029,'1192009',1230,,9607,1,,,0
140001029,'1192030',2215,,9608,1,,,0
140001029,'1192075',1700,,9609,1,,,0
140001029,'1192076',1500,,9610,1,,,0
140001029,'1192085',715,,9611,1,,,0
140001029,'1192192',1945,,9612,1,,,0
140001029,'1192204',2015,,9613,1,,,0
140001029,'1192231',945,,9614,1,,,0
140001029,'1192238',945,,9615,1,,,0
140001029,'1192242',1500,,9616,1,,,0
140001029,'1192251',2115,,9617,1,,,0
140001029,'1192270',2345,,9618,1,,,0
140001029,'1192275',1630,,9619,1,,,0
140001029,'1192298',1615,,9620,1,,,0
140001029,'1192358',1815,,9621,1,,,0
140001029,'1192364',2315,,9622,1,,,0
140001029,'1192382',1730,,9623,1,,,0
140001029,'1192427',2000,,9624,1,,,0
140001029,'1192462',1015,,9625,1,,,0
140001029,'1192467',1315,,9626,1,,,0
140001029,'1192479',2045,,9627,1,,,0
140001029,'1192506',645,,9628,1,,,0
140001029,'1192539',1115,,9629,1,,,0
140001029,'1192548',930,,9630,1,,,0
140001029,'1192550',1230,,9631,1,,,0
140001029,'1192559',930,,9632,1,,,0
140001029,'1192568',815,,9633,1,,,0
140001029,'1192571',800,,9634,1,,,0
140001029,'1192572',1515,,9635,1,,,0
140001029,'1192575',645,,9636,1,,,0
140001029,'1192584',1730,,9637,1,,,0
140001029,'1192594',1030,,9638,1,,,0
140001029,'1192612',1445,,9639,1,,,0
140001029,'1192644',1600,,9640,1,,,0
140001029,'1192648',1300,,9641,1,,,0
140001029,'1192665',900,,9642,1,,,0
140001029,'1192677',915,,9643,1,,,0
140001029,'1192732',1345,,9644,1,,,0
140001029,'1192736',1745,,9645,1,,,0
140001029,'1192755',1845,,9646,1,,,0
140001029,'1192762',1830,,9647,1,,,0
140001029,'1192794',2015,,9648,1,,,0
140001029,'1192842',1315,,9649,1,,,0
140001029,'1192858',1300,,9650,1,,,0
140001029,'1192901',1830,,9651,1,,,0
140001029,'1192907',1345,,9652,1,,,0
140001029,'1192922',1115,,9653,1,,,0
140001029,'1192938',1100,,9654,1,,,0
140001029,'1192969',1215,,9655,1,,,0
140001029,'1193035',2315,,9656,1,,,0
140001029,'1193142',1715,,9657,1,,,0
140001029,'1193157',2145,,9658,1,,,0
140001029,'1193158',2315,,9659,1,,,0
140001029,'1193196',1400,,9660,1,,,0
140001029,'1193202',2115,,9661,1,,,0
140001029,'1193206',1330,,9662,1,,,0
140001029,'1193223',1415,,9663,1,,,0
140001029,'1193237',815,,9664,1,,,0
140001029,'1193252',615,,9665,1,,,0
140001029,'1193289',1400,,9666,1,,,0
140001029,'1193293',1815,,9667,1,,,0
140001029,'1193306',1645,,9668,1,,,0
190001019,'1190598',1811,,9669,23,4,,0
190001019,'1190613',2206,,9670,23,4,,0
190001019,'1190615',923,,9671,23,4,,0
190001019,'1190624',1910,,9672,23,4,,0
190001019,'1190632',1548,,9673,23,4,,0
190001019,'1190653',1409,,9674,23,4,,0
190001019,'1190666',1310,,9675,23,4,,0
190001019,'1190680',2136,,9676,23,4,,0
190001019,'1190692',1539,,9677,23,4,,0
190001019,'1190714',1837,,9678,23,4,,0
190001019,'1190729',1639,,9679,23,4,,0
190001019,'1190735',2310,,9680,23,4,,0
190001019,'1190745',2210,,9681,23,4,,0
190001019,'1190783',706,,9682,23,4,,0
190001019,'1190786',1724,,9683,23,4,,0
190001019,'1190790',1518,,9684,23,4,,0
190001019,'1190808',1503,,9685,23,4,,0
190001019,'1190834',1424,,9686,23,4,,0
190001019,'1190840',1410,,9687,23,4,,0
190001019,'1190855',1140,,9688,23,4,,0
190001019,'1190862',1709,,9689,23,4,,0
190001019,'1190871',936,,9690,23,4,,0
190001019,'1190886',1125,,9691,23,4,,0
190001019,'1190903',1008,,9692,23,4,,0
190001019,'1190944',1021,,9693,23,4,,0
190001019,'1190949',1006,,9694,23,4,,0
190001019,'1190964',1054,,9695,23,4,,0
190001019,'1190983',1907,,9696,23,4,,0
190001019,'1190984',1240,,9697,23,4,,0
190001019,'1190988',2052,,9698,23,4,,0
190001019,'1190993',1155,,9699,23,4,,0
190001019,'1191036',1110,,9700,23,4,,0
190001019,'1191044',2151,,9701,23,4,,0
190001019,'1191070',1439,,9702,23,4,,0
190001019,'1191112',2006,,9703,23,4,,0
190001019,'1191119',2036,,9704,23,4,,0
190001019,'1191129',636,,9705,23,4,,0
190001019,'1191166',2336,,9706,23,4,,0
190001019,'1191178',1624,,9707,23,4,,0
190001019,'1191219',810,,9708,23,4,,0
190001019,'1191250',953,,9709,23,4,,0
190001019,'1191298',1718,,9710,23,4,,0
190001019,'1191309',1040,,9711,23,4,,0
190001019,'1191315',1410,,9712,23,4,,0
190001019,'1191323',2010,,9713,23,4,,0
190001019,'1191330',1139,,9714,23,4,,0
190001019,'1191334',823,,9715,23,4,,0
190001019,'1191371',1710,,9716,23,4,,0
190001019,'1191372',708,,9717,23,4,,0
190001019,'1191373',1509,,9718,23,4,,0
190001019,'1191411',808,,9719,23,4,,0
190001019,'1191412',1618,,9720,23,4,,0
190001019,'1191437',1733,,9721,23,4,,0
190001019,'1191442',1254,,9722,23,4,,0
190001019,'1191490',1110,,9723,23,4,,0
190001019,'1191493',1454,,9724,23,4,,0
190001019,'1191506',2136,,9725,23,4,,0
190001019,'1191521',838,,9726,23,4,,0
190001019,'1191531',1524,,9727,23,4,,0
190001019,'1191568',1851,,9728,23,4,,0
190001019,'1191583',1340,,9729,23,4,,0
190001019,'1191618',1739,,9730,23,4,,0
190001019,'1191655',1824,,9731,23,4,,0
190001019,'1191682',1703,,9732,23,4,,0
190001019,'1191728',2110,,9733,23,4,,0
190001019,'1191731',1154,,9734,23,4,,0
190001019,'1191732',1822,,9735,23,4,,0
190001019,'1191858',1654,,9736,23,4,,0
190001019,'1191862',1609,,9737,23,4,,0
190001019,'1191875',1554,,9738,23,4,,0
190001019,'1191876',2007,,9739,23,4,,0
190001019,'1191896',1533,,9740,23,4,,0
190001019,'1191906',1239,,9741,23,4,,0
190001019,'1191913',1210,,9742,23,4,,0
190001019,'1191916',2206,,9743,23,4,,0
190001019,'1191951',2236,,9744,23,4,,0
190001019,'1191981',2306,,9745,23,4,,0
190001019,'1192041',1510,,9746,23,4,,0
190001019,'1192042',853,,9747,23,4,,0
190001019,'1192048',2306,,9748,23,4,,0
190001019,'1192068',1055,,9749,23,4,,0
190001019,'1192122',1355,,9750,23,4,,0
190001019,'1192149',2426,,9751,23,4,,0
190001019,'1192170',1906,,9752,23,4,,0
190001019,'1192174',1952,,9753,23,4,,0
190001019,'1192178',906,,9754,23,4,,0
190001019,'1192182',1754,,9755,23,4,,0
190001019,'1192193',2022,,9756,23,4,,0
190001019,'1192214',806,,9757,23,4,,0
190001019,'1192221',1354,,9758,23,4,,0
190001019,'1192232',753,,9759,23,4,,0
190001019,'1192258',1648,,9760,23,4,,0
190001019,'1192297',1225,,9761,23,4,,0
190001019,'1192312',1852,,9762,23,4,,0
190001019,'1192323',1023,,9763,23,4,,0
190001019,'1192325',653,,9764,23,4,,0
190001019,'1192328',1803,,9765,23,4,,0
190001019,'1192331',2236,,9766,23,4,,0
190001019,'1192342',1309,,9767,23,4,,0
190001019,'1192373',736,,9768,23,4,,0
190001019,'1192418',2336,,9769,23,4,,0
190001019,'1192495',1210,,9770,23,4,,0
190001019,'1192499',836,,9771,23,4,,0
190001019,'1192504',1209,,9772,23,4,,0
190001019,'1192510',1937,,9773,23,4,,0
190001019,'1192549',1325,,9774,23,4,,0
190001019,'1192555',1339,,9775,23,4,,0
190001019,'1192562',1310,,9776,23,4,,0
190001019,'1192597',2406,,9777,23,4,,0
190001019,'1192623',938,,9778,23,4,,0
190001019,'1192634',1610,,9779,23,4,,0
190001019,'1192700',2106,,9780,23,4,,0
190001019,'1192705',1936,,9781,23,4,,0
190001019,'1192721',1748,,9782,23,4,,0
190001019,'1192738',1633,,9783,23,4,,0
190001019,'1192780',1433,,9784,23,4,,0
190001019,'1192804',908,,9785,23,4,,0
190001019,'1192819',2410,,9786,23,4,,0
190001019,'1192850',1836,,9787,23,4,,0
190001019,'1192871',1603,,9788,23,4,,0
190001019,'1192899',1809,,9789,23,4,,0
190001019,'1192937',1224,,9790,23,4,,0
190001019,'1192956',1810,,9791,23,4,,0
190001019,'1192985',738,,9792,23,4,,0
190001019,'1193021',1124,,9793,23,4,,0
190001019,'1193026',1922,,9794,23,4,,0
190001019,'1193027',1039,,9795,23,4,,0
190001019,'1193047',2122,,9796,23,4,,0
190001019,'1193085',910,,9797,23,4,,0
190001019,'1193107',1255,,9798,23,4,,0
190001019,'1193134',2107,,9799,23,4,,0
190001019,'1193154',2037,,9800,23,4,,0
190001019,'1193155',1324,,9801,23,4,,0
190001019,'1193192',1010,,9802,23,4,,0
190001019,'1193224',1109,,9803,23,4,,0
190001019,'1193286',2406,,9804,23,4,,0
190001019,'1193303',723,,9805,23,4,,0
190001019,'1193314',1448,,9806,23,4,,0
190001029,'1190604',1045,,9807,1,,,0
190001029,'1190620',2100,,9808,1,,,0
190001029,'1190635',1700,,9809,1,,,0
190001029,'1190652',1200,,9810,1,,,0
190001029,'1190699',1945,,9811,1,,,0
190001029,'1190704',2200,,9812,1,,,0
190001029,'1190726',945,,9813,1,,,0
190001029,'1190746',1300,,9814,1,,,0
190001029,'1190747',1600,,9815,1,,,0
190001029,'1190752',1015,,9816,1,,,0
190001029,'1190800',1030,,9817,1,,,0
190001029,'1190837',1645,,9818,1,,,0
190001029,'1190876',2030,,9819,1,,,0
190001029,'1190881',1515,,9820,1,,,0
190001029,'1190882',2315,,9821,1,,,0
190001029,'1190898',1815,,9822,1,,,0
190001029,'1190900',1100,,9823,1,,,0
190001029,'1190913',1415,,9824,1,,,0
190001029,'1190939',1015,,9825,1,,,0
190001029,'1191041',930,,9826,1,,,0
190001029,'1191131',700,,9827,1,,,0
190001029,'1191140',1400,,9828,1,,,0
190001029,'1191151',1115,,9829,1,,,0
190001029,'1191155',1100,,9830,1,,,0
190001029,'1191175',1300,,9831,1,,,0
190001029,'1191188',1700,,9832,1,,,0
190001029,'1191192',830,,9833,1,,,0
190001029,'1191210',1645,,9834,1,,,0
190001029,'1191272',1345,,9835,1,,,0
190001029,'1191286',1600,,9836,1,,,0
190001029,'1191290',730,,9837,1,,,0
190001029,'1191343',1730,,9838,1,,,0
190001029,'1191359',945,,9839,1,,,0
190001029,'1191421',1900,,9840,1,,,0
190001029,'1191463',2330,,9841,1,,,0
190001029,'1191487',2100,,9842,1,,,0
190001029,'1191580',1915,,9843,1,,,0
190001029,'1191605',1000,,9844,1,,,0
190001029,'1191633',1530,,9845,1,,,0
190001029,'1191662',730,,9846,1,,,0
190001029,'1191689',2000,,9847,1,,,0
190001029,'1191715',2115,,9848,1,,,0
190001029,'1191738',900,,9849,1,,,0
190001029,'1191741',2115,,9850,1,,,0
190001029,'1191763',1500,,9851,1,,,0
190001029,'1191769',1930,,9852,1,,,0
190001029,'1191772',1445,,9853,1,,,0
190001029,'1191819',715,,9854,1,,,0
190001029,'1191840',2300,,9855,1,,,0
190001029,'1191845',1145,,9856,1,,,0
190001029,'1191890',1015,,9857,1,,,0
190001029,'1191949',1715,,9858,1,,,0
190001029,'1191957',915,,9859,1,,,0
190001029,'1191961',1915,,9860,1,,,0
190001029,'1192025',1200,,9861,1,,,0
190001029,'1192034',1615,,9862,1,,,0
190001029,'1192074',800,,9863,1,,,0
190001029,'1192078',2130,,9864,1,,,0
190001029,'1192086',930,,9865,1,,,0
190001029,'1192094',1815,,9866,1,,,0
190001029,'1192100',1630,,9867,1,,,0
190001029,'1192108',1230,,9868,1,,,0
190001029,'1192115',2350,,9869,1,,,0
190001029,'1192131',1515,,9870,1,,,0
190001029,'1192167',1145,,9871,1,,,0
190001029,'1192168',1545,,9872,1,,,0
190001029,'1192196',900,,9873,1,,,0
190001029,'1192215',1045,,9874,1,,,0
190001029,'1192300',1545,,9875,1,,,0
190001029,'1192307',1430,,9876,1,,,0
190001029,'1192321',1715,,9877,1,,,0
190001029,'1192327',1115,,9878,1,,,0
190001029,'1192333',2300,,9879,1,,,0
190001029,'1192357',2200,,9880,1,,,0
190001029,'1192359',1215,,9881,1,,,0
190001029,'1192363',1415,,9882,1,,,0
190001029,'1192384',815,,9883,1,,,0
190001029,'1192390',1900,,9884,1,,,0
190001029,'1192392',1330,,9885,1,,,0
190001029,'1192394',2000,,9886,1,,,0
190001029,'1192400',1230,,9887,1,,,0
190001029,'1192402',1315,,9888,1,,,0
190001029,'1192405',1800,,9889,1,,,0
190001029,'1192414',1845,,9890,1,,,0
190001029,'1192419',1215,,9891,1,,,0
190001029,'1192438',1730,,9892,1,,,0
190001029,'1192439',1745,,9893,1,,,0
190001029,'1192455',2015,,9894,1,,,0
190001029,'1192476',845,,9895,1,,,0
190001029,'1192483',630,,9896,1,,,0
190001029,'1192502',1615,,9897,1,,,0
190001029,'1192514',2330,,9898,1,,,0
190001029,'1192552',2230,,9899,1,,,0
190001029,'1192557',1815,,9900,1,,,0
190001029,'1192563',1930,,9901,1,,,0
190001029,'1192591',2130,,9902,1,,,0
190001029,'1192595',600,,9903,1,,,0
190001029,'1192601',1315,,9904,1,,,0
190001029,'1192619',1745,,9905,1,,,0
190001029,'1192629',1400,,9906,1,,,0
190001029,'1192672',1215,,9907,1,,,0
190001029,'1192689',2045,,9908,1,,,0
190001029,'1192702',745,,9909,1,,,0
190001029,'1192706',1415,,9910,1,,,0
190001029,'1192712',700,,9911,1,,,0
190001029,'1192759',1245,,9912,1,,,0
190001029,'1192761',1130,,9913,1,,,0
190001029,'1192765',645,,9914,1,,,0
190001029,'1192818',1800,,9915,1,,,0
190001029,'1192833',830,,9916,1,,,0
190001029,'1192834',630,,9917,1,,,0
190001029,'1192883',1345,,9918,1,,,0
190001029,'1192908',1115,,9919,1,,,0
190001029,'1192931',1030,,9920,1,,,0
190001029,'1192934',815,,9921,1,,,0
190001029,'1192949',1615,,9922,1,,,0
190001029,'1192974',1245,,9923,1,,,0
190001029,'1192979',2230,,9924,1,,,0
190001029,'1192998',1630,,9925,1,,,0
190001029,'1193024',2030,,9926,1,,,0
190001029,'1193025',1530,,9927,1,,,0
190001029,'1193033',1830,,9928,1,,,0
190001029,'1193044',1500,,9929,1,,,0
190001029,'1193133',800,,9930,1,,,0
190001029,'1193135',1515,,9931,1,,,0
190001029,'1193172',1330,,9932,1,,,0
190001029,'1193204',2215,,9933,1,,,0
190001029,'1193207',1000,,9934,1,,,0
190001029,'1193228',1830,,9935,1,,,0
190001029,'1193238',1430,,9936,1,,,0
190001029,'1193246',1315,,9937,1,,,0
190001029,'1193250',715,,9938,1,,,0
190001029,'1193257',915,,9939,1,,,0
190001029,'1193265',1715,,9940,1,,,0
190001029,'1193266',1130,,9941,1,,,0
190001029,'1193267',1445,,9942,1,,,0
190001029,'1193270',2015,,9943,1,,,0
190001029,'1193276',615,,9944,1,,,0
