25019,'1184495',715,,5635,24,,,0
25019,'1184514',1844,,5636,24,,,0
25019,'1184552',2028,,5637,24,,,0
25019,'1184642',1144,,5638,24,,,0
25019,'1184757',1545,,5639,24,,,0
25019,'1184771',1715,,5640,24,,,0
25019,'1184811',643,,5641,24,,,0
25019,'1184903',2245,,5642,24,,,0
25019,'1184942',844,,5643,24,,,0
25019,'1184959',944,,5644,24,,,0
25019,'1184966',1028,,5645,24,,,0
25019,'1185039',1444,,5646,24,,,0
25019,'1185069',2128,,5647,24,,,0
25019,'1185100',1745,,5648,24,,,0
25019,'1185110',1645,,5649,24,,,0
25019,'1185173',945,,5650,24,,,0
25019,'1185179',2145,,5651,24,,,0
25019,'1185182',2343,,5652,24,,,0
25019,'1185200',828,,5653,24,,,0
25019,'1185244',745,,5654,24,,,0
25019,'1185338',915,,5655,24,,,0
25019,'1185386',1328,,5656,24,,,0
25019,'1185434',1115,,5657,24,,,0
25019,'1185476',1628,,5658,24,,,0
25019,'1185477',1428,,5659,24,,,0
25019,'1185566',2144,,5660,24,,,0
25019,'1185653',1015,,5661,24,,,0
25019,'1185682',1928,,5662,24,,,0
25019,'1185731',1215,,5663,24,,,0
25019,'1185735',728,,5664,24,,,0
25019,'1185741',2045,,5665,24,,,0
25019,'1185764',2244,,5666,24,,,0
25019,'1185802',1044,,5667,24,,,0
25019,'1185991',845,,5668,24,,,0
25019,'1186008',1644,,5669,24,,,0
25019,'1186131',1845,,5670,24,,,0
25019,'1186316',1128,,5671,24,,,0
25019,'1186381',1244,,5672,24,,,0
25019,'1186416',1728,,5673,24,,,0
25019,'1186473',1944,,5674,24,,,0
25019,'1186484',743,,5675,24,,,0
25019,'1186541',1344,,5676,24,,,0
25019,'1186625',1315,,5677,24,,,0
25019,'1186639',1828,,5678,24,,,0
25019,'1186641',1528,,5679,24,,,0
25019,'1186660',1228,,5680,24,,,0
25019,'1186779',928,,5681,24,,,0
25019,'1186803',645,,5682,24,,,0
25019,'1186831',2228,,5683,24,,,0
25019,'1186914',1445,,5684,24,,,0
25019,'1186957',815,,5685,24,,,0
25019,'1186981',2328,,5686,24,,,0
25019,'1186996',1415,,5687,24,,,0
25019,'1187059',1615,,5688,24,,,0
25019,'1187075',1744,,5689,24,,,0
25019,'1187077',1544,,5690,24,,,0
25019,'1187086',1515,,5691,24,,,0
25019,'1187122',2044,,5692,24,,,0
25019,'1187127',1945,,5693,24,,,0
25019,'1187154',2405,,5694,24,,,0
