12019,'1190645',1627,,7824,15,,,0
12019,'1190657',1756,,7825,15,,,0
12019,'1190716',656,,7826,15,,,0
12019,'1190720',1856,,7827,15,,,0
12019,'1190795',1656,,7828,15,,,0
12019,'1190815',1456,,7829,15,,,0
12019,'1190831',2156,,7830,15,,,0
12019,'1190872',856,,7831,15,,,0
12019,'1190904',2056,,7832,15,,,0
12019,'1190905',856,,7833,15,,,0
12019,'1190925',2026,,7834,15,,,0
12019,'1190938',1627,,7835,15,,,0
12019,'1191207',1757,,7836,15,,,0
12019,'1191227',1727,,7837,15,,,0
12019,'1191292',956,,7838,15,,,0
12019,'1191300',1527,,7839,15,,,0
12019,'1191320',2326,,7840,15,,,0
12019,'1191398',2156,,7841,15,,,0
12019,'1191414',1727,,7842,15,,,0
12019,'1191419',1457,,7843,15,,,0
12019,'1191420',2126,,7844,15,,,0
12019,'1191448',756,,7845,15,,,0
12019,'1191466',1657,,7846,15,,,0
12019,'1191470',1457,,7847,15,,,0
12019,'1191522',1057,,7848,15,,,0
12019,'1191559',1356,,7849,15,,,0
12019,'1191598',1157,,7850,15,,,0
12019,'1191639',1227,,7851,15,,,0
12019,'1191674',1127,,7852,15,,,0
12019,'1191686',1327,,7853,15,,,0
12019,'1191724',1556,,7854,15,,,0
12019,'1191785',1156,,7855,15,,,0
12019,'1191790',1056,,7856,15,,,0
12019,'1191803',1257,,7857,15,,,0
12019,'1191804',1557,,7858,15,,,0
12019,'1191818',1357,,7859,15,,,0
12019,'1191855',1856,,7860,15,,,0
12019,'1191973',1127,,7861,15,,,0
12019,'1191984',2356,,7862,15,,,0
12019,'1192006',1026,,7863,15,,,0
12019,'1192018',1257,,7864,15,,,0
12019,'1192022',1926,,7865,15,,,0
12019,'1192099',826,,7866,15,,,0
12019,'1192145',1357,,7867,15,,,0
12019,'1192151',756,,7868,15,,,0
12019,'1192194',726,,7869,15,,,0
12019,'1192261',1157,,7870,15,,,0
12019,'1192280',2226,,7871,15,,,0
12019,'1192281',1327,,7872,15,,,0
12019,'1192299',756,,7873,15,,,0
12019,'1192301',1227,,7874,15,,,0
12019,'1192340',1427,,7875,15,,,0
12019,'1192366',1826,,7876,15,,,0
12019,'1192412',926,,7877,15,,,0
12019,'1192428',856,,7878,15,,,0
12019,'1192530',1527,,7879,15,,,0
12019,'1192561',2356,,7880,15,,,0
12019,'1192582',1956,,7881,15,,,0
12019,'1192611',2256,,7882,15,,,0
12019,'1192642',626,,7883,15,,,0
12019,'1193003',1557,,7884,15,,,0
12019,'1193055',1657,,7885,15,,,0
12019,'1193068',956,,7886,15,,,0
12019,'1193119',2056,,7887,15,,,0
12019,'1193147',1057,,7888,15,,,0
12019,'1193167',1427,,7889,15,,,0
12019,'1193176',658,,7890,15,,,0
12019,'1193179',1956,,7891,15,,,0
12019,'1193229',1757,,7892,15,,,0
12019,'1193248',1256,,7893,15,,,0
12019,'1193280',2256,,7894,15,,,0
12019,'1193305',956,,7895,15,,,0
