105019,'1190616',2235,,9291,63,,,0
105019,'1190769',1427,,9292,63,,,0
105019,'1190825',1635,,9293,63,,,0
105019,'1190865',1827,,9294,63,,,0
105019,'1190975',1857,,9295,63,,,0
105019,'1190992',1819,,9296,63,,,0
105019,'1190998',1219,,9297,63,,,0
105019,'1191007',1727,,9298,63,,,0
105019,'1191038',1519,,9299,63,,,0
105019,'1191063',1009,,9300,63,,,0
105019,'1191065',1327,,9301,63,,,0
105019,'1191145',705,,9302,63,,,0
105019,'1191217',2317,,9303,63,,,0
105019,'1191294',1419,,9304,63,,,0
105019,'1191329',917,,9305,63,,,0
105019,'1191413',1035,,9306,63,,,0
105019,'1191457',1319,,9307,63,,,0
105019,'1191557',909,,9308,63,,,0
105019,'1191709',809,,9309,63,,,0
105019,'1191750',2304,,9310,63,,,0
105019,'1191859',717,,9311,63,,,0
105019,'1191891',1757,,9312,63,,,0
105019,'1192052',1919,,9313,63,,,0
105019,'1192113',635,,9314,63,,,0
105019,'1192142',1619,,9315,63,,,0
105019,'1192176',835,,9316,63,,,0
105019,'1192218',2404,,9317,63,,,0
105019,'1192236',1435,,9318,63,,,0
105019,'1192248',2104,,9319,63,,,0
105019,'1192267',1719,,9320,63,,,0
105019,'1192318',1119,,9321,63,,,0
105019,'1192337',1642,,9322,63,,,0
105019,'1192353',1512,,9323,63,,,0
105019,'1192579',1212,,9324,63,,,0
105019,'1192586',1235,,9325,63,,,0
105019,'1192598',2035,,9326,63,,,0
105019,'1192614',739,,9327,63,,,0
105019,'1192661',2204,,9328,63,,,0
105019,'1192725',1542,,9329,63,,,0
105019,'1192735',1934,,9330,63,,,0
105019,'1192821',2117,,9331,63,,,0
105019,'1192836',1835,,9332,63,,,0
105019,'1192847',605,,9333,63,,,0
105019,'1192875',1612,,9334,63,,,0
105019,'1193045',839,,9335,63,,,0
105019,'1193298',1112,,9336,63,,,0
106029,'1190782',743,,9389,14,,,0
106029,'1191556',1845,,9390,14,,,0
106029,'1191771',1615,,9391,14,,,0
106029,'1192044',1730,,9392,14,,,0
106029,'1192429',858,,9393,14,,,0
106029,'1193063',1013,,9394,14,,,0
