3029,'1190608',804,,7499,28,,,0
3029,'1190611',1949,,7500,28,,,0
3029,'1190627',1752,,7501,28,,,0
3029,'1190644',1523,,7502,28,,,0
3029,'1190703',904,,7503,28,,,0
3029,'1190736',1223,,7504,28,,,0
3029,'1190789',1652,,7505,28,,,0
3029,'1190824',2249,,7506,28,,,0
3029,'1190826',1104,,7507,28,,,0
3029,'1190828',1804,,7508,28,,,0
3029,'1190874',751,,7509,28,,,0
3029,'1190893',1204,,7510,28,,,0
3029,'1190909',1121,,7511,28,,,0
3029,'1190946',1452,,7512,28,,,0
3029,'1190994',749,,7513,28,,,0
3029,'1191014',921,,7514,28,,,0
3029,'1191024',1823,,7515,28,,,0
3029,'1191040',1553,,7516,28,,,0
3029,'1191098',1849,,7517,28,,,0
3029,'1191158',2349,,7518,28,,,0
3029,'1191226',949,,7519,28,,,0
3029,'1191231',1253,,7520,28,,,0
3029,'1191245',1004,,7521,28,,,0
3029,'1191258',721,,7522,28,,,0
3029,'1191314',1453,,7523,28,,,0
3029,'1191341',1604,,7524,28,,,0
3029,'1191381',1704,,7525,28,,,0
3029,'1191407',2204,,7526,28,,,0
3029,'1191474',2404,,7527,28,,,0
3029,'1191535',1049,,7528,28,,,0
3029,'1191540',1753,,7529,28,,,0
3029,'1191586',2249,,7530,28,,,0
3029,'1191666',2149,,7531,28,,,0
3029,'1191712',1423,,7532,28,,,0
3029,'1191791',1653,,7533,28,,,0
3029,'1191888',2004,,7534,28,,,0
3029,'1191899',1949,,7535,28,,,0
3029,'1191925',1552,,7536,28,,,0
3029,'1191939',2346,,7537,28,,,0
3029,'1192011',1904,,7538,28,,,0
3029,'1192084',2149,,7539,28,,,0
3029,'1192087',951,,7540,28,,,0
3029,'1192092',1404,,7541,28,,,0
3029,'1192097',649,,7542,28,,,0
3029,'1192186',1849,,7543,28,,,0
3029,'1192237',1352,,7544,28,,,0
3029,'1192250',2304,,7545,28,,,0
3029,'1192257',1723,,7546,28,,,0
3029,'1192374',2049,,7547,28,,,0
3029,'1192469',1153,,7548,28,,,0
3029,'1192581',2104,,7549,28,,,0
3029,'1192585',1252,,7550,28,,,0
3029,'1192635',851,,7551,28,,,0
3029,'1192717',651,,7552,28,,,0
3029,'1192825',1304,,7553,28,,,0
3029,'1192832',1323,,7554,28,,,0
3029,'1192839',2049,,7555,28,,,0
3029,'1192856',1021,,7556,28,,,0
3029,'1192861',1051,,7557,28,,,0
3029,'1193034',1504,,7558,28,,,0
3029,'1193061',849,,7559,28,,,0
3029,'1193095',821,,7560,28,,,0
3029,'1193126',1623,,7561,28,,,0
3029,'1193264',1152,,7562,28,,,0
3029,'1193282',1353,,7563,28,,,0
10019,'1193432',1105,,9945,36,,,0
10019,'1193436',1735,,9946,36,,,0
10019,'1193437',2235,,9947,36,,,0
10019,'1193439',1205,,9948,36,,,0
10019,'1193447',2404,,9949,36,,,0
10019,'1193449',1835,,9950,36,,,0
10019,'1193451',2205,,9951,36,,,0
10019,'1193452',1305,,9952,36,,,0
10019,'1193454',1505,,9953,36,,,0
10019,'1193455',1306,,9954,36,,,0
10019,'1193456',636,,9955,36,,,0
10019,'1193457',905,,9956,36,,,0
10019,'1193458',905,,9957,36,,,0
10019,'1193459',1805,,9958,36,,,0
10019,'1193460',805,,9959,36,,,0
10019,'1193465',1705,,9960,36,,,0
10019,'1193467',1506,,9961,36,,,0
10019,'1193472',705,,9962,36,,,0
10019,'1193473',2105,,9963,36,,,0
10019,'1193477',2335,,9964,36,,,0
10019,'1193478',1605,,9965,36,,,0
10019,'1193485',1206,,9966,36,,,0
10019,'1193486',1705,,9967,36,,,0
10019,'1193489',2204,,9968,36,,,0
10019,'1193490',1105,,9969,36,,,0
10019,'1193492',1106,,9970,36,,,0
10019,'1193493',1705,,9971,36,,,0
10019,'1193495',1405,,9972,36,,,0
10019,'1193500',1005,,9973,36,,,0
10019,'1193501',1935,,9974,36,,,0
10019,'1193502',1635,,9975,36,,,0
10019,'1193503',2035,,9976,36,,,0
10019,'1193507',1905,,9977,36,,,0
10019,'1193508',805,,9978,36,,,0
10019,'1193511',1605,,9979,36,,,0
10019,'1193512',1205,,9980,36,,,0
10019,'1193513',805,,9981,36,,,0
10019,'1193516',2005,,9982,36,,,0
10019,'1193517',735,,9983,36,,,0
10019,'1193518',2005,,9984,36,,,0
10019,'1193519',2135,,9985,36,,,0
10019,'1193522',1005,,9986,36,,,0
10019,'1193523',1805,,9987,36,,,0
10019,'1193524',935,,9988,36,,,0
10019,'1193525',706,,9989,36,,,0
10019,'1193527',1005,,9990,36,,,0
10019,'1193529',2304,,9991,36,,,0
10019,'1193530',1805,,9992,36,,,0
10019,'1193531',1505,,9993,36,,,0
10019,'1193532',1536,,9994,36,,,0
10019,'1193533',1406,,9995,36,,,0
10019,'1193534',835,,9996,36,,,0
10019,'1193535',2105,,9997,36,,,0
10019,'1193536',1605,,9998,36,,,0
10019,'1193537',1305,,9999,36,,,0
10019,'1193540',2405,,10000,36,,,0
10019,'1193541',1405,,10001,36,,,0
10019,'1193543',2305,,10002,36,,,0
10019,'1193545',905,,10003,36,,,0
10019,'1193549',1905,,10004,36,,,0
14019,'1190713',1408,,8090,45,,,0
14019,'1190728',1505,,8091,45,,,0
14019,'1190978',1708,,8092,45,,,0
14019,'1191058',2305,,8093,45,,,0
14019,'1191091',1705,,8094,45,,,0
14019,'1191115',806,,8095,45,,,0
14019,'1191156',1538,,8096,45,,,0
14019,'1191182',1305,,8097,45,,,0
14019,'1191216',1408,,8098,45,,,0
14019,'1191274',1405,,8099,45,,,0
14019,'1191284',2405,,8100,45,,,0
14019,'1191353',1905,,8101,45,,,0
14019,'1191434',1005,,8102,45,,,0
14019,'1191451',1006,,8103,45,,,0
14019,'1191488',1308,,8104,45,,,0
14019,'1191517',706,,8105,45,,,0
14019,'1191609',2336,,8106,45,,,0
14019,'1191614',1836,,8107,45,,,0
14019,'1191636',1808,,8108,45,,,0
14019,'1191714',1208,,8109,45,,,0
14019,'1191747',1508,,8110,45,,,0
14019,'1191757',936,,8111,45,,,0
14019,'1191841',805,,8112,45,,,0
14019,'1191852',1936,,8113,45,,,0
14019,'1191970',2205,,8114,45,,,0
14019,'1191991',2105,,8115,45,,,0
14019,'1191996',1005,,8116,45,,,0
14019,'1192119',2236,,8117,45,,,0
14019,'1192156',1608,,8118,45,,,0
14019,'1192290',2305,,8119,45,,,0
14019,'1192324',2205,,8120,45,,,0
14019,'1192341',736,,8121,45,,,0
14019,'1192355',1805,,8122,45,,,0
14019,'1192458',905,,8123,45,,,0
14019,'1192538',1708,,8124,45,,,0
14019,'1192564',2405,,8125,45,,,0
14019,'1192566',2005,,8126,45,,,0
14019,'1192675',1205,,8127,45,,,0
14019,'1192682',1605,,8128,45,,,0
14019,'1192692',1105,,8129,45,,,0
14019,'1192713',1905,,8130,45,,,0
14019,'1192727',1308,,8131,45,,,0
14019,'1192788',1508,,8132,45,,,0
14019,'1192791',1208,,8133,45,,,0
14019,'1192803',836,,8134,45,,,0
14019,'1192827',2105,,8135,45,,,0
14019,'1192837',906,,8136,45,,,0
14019,'1192840',1638,,8137,45,,,0
14019,'1192863',2136,,8138,45,,,0
14019,'1192916',2005,,8139,45,,,0
14019,'1192927',905,,8140,45,,,0
14019,'1192946',2036,,8141,45,,,0
14019,'1192962',1108,,8142,45,,,0
14019,'1192987',1808,,8143,45,,,0
14019,'1193071',1108,,8144,45,,,0
14019,'1193088',1738,,8145,45,,,0
14019,'1193127',1608,,8146,45,,,0
14019,'1193190',705,,8147,45,,,0
14019,'1193242',805,,8148,45,,,0
