105019,'1184475',1823,,6445,7,,,0
105019,'1184709',1753,,6446,7,,,0
105019,'1184754',1049,,6447,7,,,0
105019,'1184819',735,,6448,7,,,0
105019,'1184825',2233,,6449,7,,,0
105019,'1184879',1438,,6450,7,,,0
105019,'1184888',935,,6451,7,,,0
105019,'1184928',1149,,6452,7,,,0
105019,'1184969',2247,,6453,7,,,0
105019,'1185022',2047,,6454,7,,,0
105019,'1185176',633,,6455,7,,,0
105019,'1185212',603,,6456,7,,,0
105019,'1185354',1849,,6457,7,,,0
105019,'1185498',1903,,6458,7,,,0
105019,'1185528',2006,,6459,7,,,0
105019,'1185550',1349,,6460,7,,,0
105019,'1185555',2206,,6461,7,,,0
105019,'1185569',1723,,6462,7,,,0
105019,'1185641',835,,6463,7,,,0
105019,'1185643',1806,,6464,7,,,0
105019,'1185695',1253,,6465,7,,,0
105019,'1185708',2033,,6466,7,,,0
105019,'1185807',1606,,6467,7,,,0
105019,'1185822',1249,,6468,7,,,0
105019,'1185894',1138,,6469,7,,,0
105019,'1186015',1353,,6470,7,,,0
105019,'1186061',1538,,6471,7,,,0
105019,'1186284',1406,,6472,7,,,0
105019,'1186380',1038,,6473,7,,,0
105019,'1186411',1206,,6474,7,,,0
105019,'1186477',1608,,6475,7,,,0
105019,'1186479',1006,,6476,7,,,0
105019,'1186519',1649,,6477,7,,,0
105019,'1186601',1653,,6478,7,,,0
105019,'1186602',705,,6479,7,,,0
105019,'1186613',806,,6480,7,,,0
105019,'1186624',1549,,6481,7,,,0
105019,'1186706',1749,,6482,7,,,0
105019,'1186813',847,,6483,7,,,0
105019,'1186864',2333,,6484,7,,,0
105019,'1186870',533,,6485,7,,,0
105019,'1186896',805,,6486,7,,,0
105019,'1187008',647,,6487,7,,,0
105019,'1187009',2133,,6488,7,,,0
105019,'1187061',1508,,6489,7,,,0
105019,'1187069',1449,,6490,7,,,0
