14019,'1184480',1950,,5244,18,,,0
14019,'1184716',1553,,5245,18,,,0
14019,'1184729',1253,,5246,18,,,0
14019,'1184749',2050,,5247,18,,,0
14019,'1184750',1523,,5248,18,,,0
14019,'1184836',2022,,5249,18,,,0
14019,'1184848',1653,,5250,18,,,0
14019,'1184987',1653,,5251,18,,,0
14019,'1185080',1553,,5252,18,,,0
14019,'1185130',1053,,5253,18,,,0
14019,'1185154',2350,,5254,18,,,0
14019,'1185168',1753,,5255,18,,,0
14019,'1185211',922,,5256,18,,,0
14019,'1185255',852,,5257,18,,,0
14019,'1185270',1250,,5258,18,,,0
14019,'1185290',1150,,5259,18,,,0
14019,'1185335',2322,,5260,18,,,0
14019,'1185474',2151,,5261,18,,,0
14019,'1185505',652,,5262,18,,,0
14019,'1185557',750,,5263,18,,,0
14019,'1185610',651,,5264,18,,,0
14019,'1185620',1951,,5265,18,,,0
14019,'1185624',1153,,5266,18,,,0
14019,'1185659',851,,5267,18,,,0
14019,'1185779',950,,5268,18,,,0
14019,'1185808',1822,,5269,18,,,0
14019,'1185845',722,,5270,18,,,0
14019,'1185852',1453,,5271,18,,,0
14019,'1186003',1350,,5272,18,,,0
14019,'1186014',1623,,5273,18,,,0
14019,'1186066',1050,,5274,18,,,0
14019,'1186071',1851,,5275,18,,,0
14019,'1186097',2250,,5276,18,,,0
14019,'1186156',1353,,5277,18,,,0
14019,'1186165',1353,,5278,18,,,0
14019,'1186173',1922,,5279,18,,,0
14019,'1186180',2351,,5280,18,,,0
14019,'1186195',2051,,5281,18,,,0
14019,'1186226',1850,,5282,18,,,0
14019,'1186243',1750,,5283,18,,,0
14019,'1186256',751,,5284,18,,,0
14019,'1186333',1153,,5285,18,,,0
14019,'1186334',850,,5286,18,,,0
14019,'1186410',1450,,5287,18,,,0
14019,'1186421',752,,5288,18,,,0
14019,'1186443',2122,,5289,18,,,0
14019,'1186444',1753,,5290,18,,,0
14019,'1186462',1650,,5291,18,,,0
14019,'1186532',822,,5292,18,,,0
14019,'1186537',1453,,5293,18,,,0
14019,'1186584',2150,,5294,18,,,0
14019,'1186609',1723,,5295,18,,,0
14019,'1186632',1053,,5296,18,,,0
14019,'1186657',951,,5297,18,,,0
14019,'1186671',2222,,5298,18,,,0
14019,'1186767',1253,,5299,18,,,0
14019,'1187058',1550,,5300,18,,,0
14019,'1187071',952,,5301,18,,,0
14019,'1187144',2251,,5302,18,,,0
