24019,'1190647',1208,,8361,11,,,0
24019,'1190820',2222,,8362,11,,,0
24019,'1190955',1222,,8363,11,,,0
24019,'1191020',1822,,8364,11,,,0
24019,'1191048',606,,8365,11,,,0
24019,'1191082',2136,,8366,11,,,0
24019,'1191122',922,,8367,11,,,0
24019,'1191137',1538,,8368,11,,,0
24019,'1191141',1308,,8369,11,,,0
24019,'1191142',1408,,8370,11,,,0
24019,'1191189',1122,,8371,11,,,0
24019,'1191200',1422,,8372,11,,,0
24019,'1191201',1507,,8373,11,,,0
24019,'1191254',2036,,8374,11,,,0
24019,'1191255',1606,,8375,11,,,0
24019,'1191295',1906,,8376,11,,,0
24019,'1191375',1622,,8377,11,,,0
24019,'1191467',2022,,8378,11,,,0
24019,'1191545',2206,,8379,11,,,0
24019,'1191590',1107,,8380,11,,,0
24019,'1191601',806,,8381,11,,,0
24019,'1191611',1936,,8382,11,,,0
24019,'1191656',1207,,8383,11,,,0
24019,'1191707',706,,8384,11,,,0
24019,'1191927',2236,,8385,11,,,0
24019,'1191942',822,,8386,11,,,0
24019,'1191985',1608,,8387,11,,,0
24019,'1191988',2006,,8388,11,,,0
24019,'1192102',1407,,8389,11,,,0
24019,'1192138',1307,,8390,11,,,0
24019,'1192200',1922,,8391,11,,,0
24019,'1192209',907,,8392,11,,,0
24019,'1192254',2122,,8393,11,,,0
24019,'1192304',1022,,8394,11,,,0
24019,'1192332',906,,8395,11,,,0
24019,'1192336',2356,,8396,11,,,0
24019,'1192345',1836,,8397,11,,,0
24019,'1192408',1638,,8398,11,,,0
24019,'1192447',1438,,8399,11,,,0
24019,'1192465',2322,,8400,11,,,0
24019,'1192487',1708,,8401,11,,,0
24019,'1192521',806,,8402,11,,,0
24019,'1192603',636,,8403,11,,,0
24019,'1192660',706,,8404,11,,,0
24019,'1192685',2306,,8405,11,,,0
24019,'1192701',1508,,8406,11,,,0
24019,'1192775',1522,,8407,11,,,0
24019,'1192783',736,,8408,11,,,0
24019,'1192879',1806,,8409,11,,,0
24019,'1192911',936,,8410,11,,,0
24019,'1192935',1738,,8411,11,,,0
24019,'1192952',722,,8412,11,,,0
24019,'1192971',2106,,8413,11,,,0
24019,'1193011',1322,,8414,11,,,0
24019,'1193067',836,,8415,11,,,0
24019,'1193077',1007,,8416,11,,,0
24019,'1193097',1722,,8417,11,,,0
24019,'1193230',1706,,8418,11,,,0
24019,'1193296',1108,,8419,11,,,0
24019,'1193299',1006,,8420,11,,,0
