14029,'1184567',2035,,5303,39,,,0
14029,'1184744',735,,5304,39,,,0
14029,'1184813',1533,,5305,39,,,0
14029,'1184869',635,,5306,39,,,0
14029,'1184894',1635,,5307,39,,,0
14029,'1184948',2135,,5308,39,,,0
14029,'1184973',1733,,5309,39,,,0
14029,'1184981',1706,,5310,39,,,0
14029,'1184993',1736,,5311,39,,,0
14029,'1185190',2005,,5312,39,,,0
14029,'1185192',1633,,5313,39,,,0
14029,'1185265',835,,5314,39,,,0
14029,'1185266',2235,,5315,39,,,0
14029,'1185306',735,,5316,39,,,0
14029,'1185322',1436,,5317,39,,,0
14029,'1185345',1335,,5318,39,,,0
14029,'1185408',1506,,5319,39,,,0
14029,'1185466',2333,,5320,39,,,0
14029,'1185480',1235,,5321,39,,,0
14029,'1185491',1636,,5322,39,,,0
14029,'1185496',1835,,5323,39,,,0
14029,'1185512',1935,,5324,39,,,0
14029,'1185568',1536,,5325,39,,,0
14029,'1185647',1035,,5326,39,,,0
14029,'1185698',1333,,5327,39,,,0
14029,'1185828',2305,,5328,39,,,0
14029,'1185848',1433,,5329,39,,,0
14029,'1185866',2410,,5330,39,,,0
14029,'1185960',835,,5331,39,,,0
14029,'1185970',935,,5332,39,,,0
14029,'1186076',1735,,5333,39,,,0
14029,'1186118',705,,5334,39,,,0
14029,'1186154',935,,5335,39,,,0
14029,'1186312',2205,,5336,39,,,0
14029,'1186319',1606,,5337,39,,,0
14029,'1186327',1336,,5338,39,,,0
14029,'1186353',1933,,5339,39,,,0
14029,'1186377',1236,,5340,39,,,0
14029,'1186418',1036,,5341,39,,,0
14029,'1186536',1033,,5342,39,,,0
14029,'1186554',1535,,5343,39,,,0
14029,'1186577',2335,,5344,39,,,0
14029,'1186622',1233,,5345,39,,,0
14029,'1186746',1435,,5346,39,,,0
14029,'1186757',1135,,5347,39,,,0
14029,'1186771',805,,5348,39,,,0
14029,'1186789',1133,,5349,39,,,0
14029,'1186793',2133,,5350,39,,,0
14029,'1186798',733,,5351,39,,,0
14029,'1186876',1833,,5352,39,,,0
14029,'1186908',905,,5353,39,,,0
14029,'1186964',833,,5354,39,,,0
14029,'1186971',2105,,5355,39,,,0
14029,'1187011',2233,,5356,39,,,0
14029,'1187063',1805,,5357,39,,,0
14029,'1187088',2033,,5358,39,,,0
14029,'1187110',933,,5359,39,,,0
14029,'1187137',1905,,5360,39,,,0
14029,'1187192',1136,,5361,39,,,0
