10019,'1190610',2352,,7564,11,,,0
10019,'1190646',1052,,7565,11,,,0
10019,'1190651',2222,,7566,11,,,0
10019,'1190766',952,,7567,11,,,0
10019,'1190772',1852,,7568,11,,,0
10019,'1190785',1922,,7569,11,,,0
10019,'1190799',1052,,7570,11,,,0
10019,'1190857',852,,7571,11,,,0
10019,'1190859',1822,,7572,11,,,0
10019,'1190883',1752,,7573,11,,,0
10019,'1190907',922,,7574,11,,,0
10019,'1190910',1522,,7575,11,,,0
10019,'1190959',1252,,7576,11,,,0
10019,'1190962',952,,7577,11,,,0
10019,'1190989',2122,,7578,11,,,0
10019,'1191003',2322,,7579,11,,,0
10019,'1191074',1652,,7580,11,,,0
10019,'1191083',1752,,7581,11,,,0
10019,'1191102',1152,,7582,11,,,0
10019,'1191194',1052,,7583,11,,,0
10019,'1191196',1152,,7584,11,,,0
10019,'1191337',1352,,7585,11,,,0
10019,'1191350',1552,,7586,11,,,0
10019,'1191370',652,,7587,11,,,0
10019,'1191386',1622,,7588,11,,,0
10019,'1191403',1452,,7589,11,,,0
10019,'1191494',1352,,7590,11,,,0
10019,'1191508',1952,,7591,11,,,0
10019,'1191560',822,,7592,11,,,0
10019,'1191730',2152,,7593,11,,,0
10019,'1191797',2052,,7594,11,,,0
10019,'1191886',1252,,7595,11,,,0
10019,'1191914',1952,,7596,11,,,0
10019,'1191919',2252,,7597,11,,,0
10019,'1192082',1552,,7598,11,,,0
10019,'1192109',1852,,7599,11,,,0
10019,'1192179',1452,,7600,11,,,0
10019,'1192233',2152,,7601,11,,,0
10019,'1192240',752,,7602,11,,,0
10019,'1192284',722,,7603,11,,,0
10019,'1192351',2352,,7604,11,,,0
10019,'1192377',1652,,7605,11,,,0
10019,'1192478',752,,7606,11,,,0
10019,'1192649',622,,7607,11,,,0
10019,'1192653',952,,7608,11,,,0
10019,'1192758',2052,,7609,11,,,0
10019,'1192767',652,,7610,11,,,0
10019,'1192929',1352,,7611,11,,,0
10019,'1192932',852,,7612,11,,,0
10019,'1193029',1652,,7613,11,,,0
10019,'1193089',1752,,7614,11,,,0
10019,'1193115',1552,,7615,11,,,0
10019,'1193131',852,,7616,11,,,0
10019,'1193137',752,,7617,11,,,0
10019,'1193208',1252,,7618,11,,,0
10019,'1193209',1152,,7619,11,,,0
10019,'1193233',2252,,7620,11,,,0
10019,'1193268',2022,,7621,11,,,0
10019,'1193309',1722,,7622,11,,,0
10019,'1193311',1452,,7623,11,,,0
