28019,'1190612',2019,,8811,21,,,0
28019,'1190648',1804,,8812,21,,,0
28019,'1190664',1519,,8813,21,,,0
28019,'1190675',2119,,8814,21,,,0
28019,'1190706',2319,,8815,21,,,0
28019,'1190722',1649,,8816,21,,,0
28019,'1190756',1019,,8817,21,,,0
28019,'1190827',1904,,8818,21,,,0
28019,'1190930',1719,,8819,21,,,0
28019,'1190951',2244,,8820,21,,,0
28019,'1190952',944,,8821,21,,,0
28019,'1190995',844,,8822,21,,,0
28019,'1191000',1444,,8823,21,,,0
28019,'1191056',1504,,8824,21,,,0
28019,'1191066',1104,,8825,21,,,0
28019,'1191068',819,,8826,21,,,0
28019,'1191147',1844,,8827,21,,,0
28019,'1191153',2204,,8828,21,,,0
28019,'1191391',1849,,8829,21,,,0
28019,'1191424',849,,8830,21,,,0
28019,'1191516',704,,8831,21,,,0
28019,'1191816',1204,,8832,21,,,0
28019,'1191883',919,,8833,21,,,0
28019,'1191952',1644,,8834,21,,,0
28019,'1191965',1604,,8835,21,,,0
28019,'1191975',2044,,8836,21,,,0
28019,'1192008',1919,,8837,21,,,0
28019,'1192010',1304,,8838,21,,,0
28019,'1192015',1819,,8839,21,,,0
28019,'1192021',904,,8840,21,,,0
28019,'1192050',1044,,8841,21,,,0
28019,'1192110',2404,,8842,21,,,0
28019,'1192173',2344,,8843,21,,,0
28019,'1192287',749,,8844,21,,,0
28019,'1192288',1749,,8845,21,,,0
28019,'1192309',1619,,8846,21,,,0
28019,'1192311',1419,,8847,21,,,0
28019,'1192315',1319,,8848,21,,,0
28019,'1192316',1119,,8849,21,,,0
28019,'1192431',619,,8850,21,,,0
28019,'1192485',1944,,8851,21,,,0
28019,'1192496',2104,,8852,21,,,0
28019,'1192602',2219,,8853,21,,,0
28019,'1192636',1704,,8854,21,,,0
28019,'1192669',804,,8855,21,,,0
28019,'1192693',1544,,8856,21,,,0
28019,'1192699',1244,,8857,21,,,0
28019,'1192734',744,,8858,21,,,0
28019,'1192750',2004,,8859,21,,,0
28019,'1192815',1144,,8860,21,,,0
28019,'1192830',649,,8861,21,,,0
28019,'1192835',2144,,8862,21,,,0
28019,'1192878',1404,,8863,21,,,0
28019,'1192900',2304,,8864,21,,,0
28019,'1193052',719,,8865,21,,,0
28019,'1193108',1004,,8866,21,,,0
28019,'1193124',1744,,8867,21,,,0
28019,'1193283',1219,,8868,21,,,0
28019,'1193292',1344,,8869,21,,,0
