12029,'1190603',1236,,7896,37,,,0
12029,'1190623',937,,7897,37,,,0
12029,'1190638',1837,,7898,37,,,0
12029,'1190684',2236,,7899,37,,,0
12029,'1190691',2107,,7900,37,,,0
12029,'1190731',1638,,7901,37,,,0
12029,'1190743',1937,,7902,37,,,0
12029,'1190753',2136,,7903,37,,,0
12029,'1190777',808,,7904,37,,,0
12029,'1190812',2307,,7905,37,,,0
12029,'1190880',2207,,7906,37,,,0
12029,'1190932',1436,,7907,37,,,0
12029,'1190940',1807,,7908,37,,,0
12029,'1191029',1408,,7909,37,,,0
12029,'1191043',1738,,7910,37,,,0
12029,'1191093',1708,,7911,37,,,0
12029,'1191133',1108,,7912,37,,,0
12029,'1191256',936,,7913,37,,,0
12029,'1191281',1138,,7914,37,,,0
12029,'1191303',838,,7915,37,,,0
12029,'1191335',1638,,7916,37,,,0
12029,'1191382',1108,,7917,37,,,0
12029,'1191410',1708,,7918,37,,,0
12029,'1191500',1208,,7919,37,,,0
12029,'1191501',2036,,7920,37,,,0
12029,'1191528',1438,,7921,37,,,0
12029,'1191555',2137,,7922,37,,,0
12029,'1191588',2412,,7923,37,,,0
12029,'1191595',1338,,7924,37,,,0
12029,'1191653',638,,7925,37,,,0
12029,'1191692',836,,7926,37,,,0
12029,'1191696',1936,,7927,37,,,0
12029,'1191708',2037,,7928,37,,,0
12029,'1191789',1536,,7929,37,,,0
12029,'1191811',1136,,7930,37,,,0
12029,'1191813',938,,7931,37,,,0
12029,'1191831',1036,,7932,37,,,0
12029,'1191874',1408,,7933,37,,,0
12029,'1191998',1738,,7934,37,,,0
12029,'1192059',2336,,7935,37,,,0
12029,'1192129',1836,,7936,37,,,0
12029,'1192133',1138,,7937,37,,,0
12029,'1192152',1608,,7938,37,,,0
12029,'1192260',908,,7939,37,,,0
12029,'1192279',1308,,7940,37,,,0
12029,'1192294',736,,7941,37,,,0
12029,'1192306',1008,,7942,37,,,0
12029,'1192361',1308,,7943,37,,,0
12029,'1192410',837,,7944,37,,,0
12029,'1192567',1238,,7945,37,,,0
12029,'1192578',1636,,7946,37,,,0
12029,'1192673',1208,,7947,37,,,0
12029,'1192741',1438,,7948,37,,,0
12029,'1192809',708,,7949,37,,,0
12029,'1192877',2337,,7950,37,,,0
12029,'1192898',1508,,7951,37,,,0
12029,'1192950',738,,7952,37,,,0
12029,'1193043',737,,7953,37,,,0
12029,'1193053',1038,,7954,37,,,0
12029,'1193054',2007,,7955,37,,,0
12029,'1193056',1608,,7956,37,,,0
12029,'1193058',1336,,7957,37,,,0
12029,'1193093',1736,,7958,37,,,0
12029,'1193102',1538,,7959,37,,,0
12029,'1193103',1508,,7960,37,,,0
12029,'1193156',1038,,7961,37,,,0
12029,'1193195',1338,,7962,37,,,0
12029,'1193220',1238,,7963,37,,,0
12029,'1193227',1907,,7964,37,,,0
12029,'1193272',1538,,7965,37,,,0
12029,'1193321',2237,,7966,37,,,0
