10019,'1190610',2355,,7564,17,,,0
10019,'1190646',1055,,7565,17,,,0
10019,'1190651',2225,,7566,17,,,0
10019,'1190766',955,,7567,17,,,0
10019,'1190772',1855,,7568,17,,,0
10019,'1190785',1925,,7569,17,,,0
10019,'1190799',1055,,7570,17,,,0
10019,'1190857',855,,7571,17,,,0
10019,'1190859',1825,,7572,17,,,0
10019,'1190883',1755,,7573,17,,,0
10019,'1190907',925,,7574,17,,,0
10019,'1190910',1525,,7575,17,,,0
10019,'1190959',1255,,7576,17,,,0
10019,'1190962',955,,7577,17,,,0
10019,'1190989',2125,,7578,17,,,0
10019,'1191003',2325,,7579,17,,,0
10019,'1191074',1655,,7580,17,,,0
10019,'1191083',1755,,7581,17,,,0
10019,'1191102',1155,,7582,17,,,0
10019,'1191194',1055,,7583,17,,,0
10019,'1191196',1155,,7584,17,,,0
10019,'1191337',1355,,7585,17,,,0
10019,'1191350',1555,,7586,17,,,0
10019,'1191370',655,,7587,17,,,0
10019,'1191386',1625,,7588,17,,,0
10019,'1191403',1455,,7589,17,,,0
10019,'1191494',1355,,7590,17,,,0
10019,'1191508',1955,,7591,17,,,0
10019,'1191560',825,,7592,17,,,0
10019,'1191730',2155,,7593,17,,,0
10019,'1191797',2055,,7594,17,,,0
10019,'1191886',1255,,7595,17,,,0
10019,'1191914',1955,,7596,17,,,0
10019,'1191919',2255,,7597,17,,,0
10019,'1192082',1555,,7598,17,,,0
10019,'1192109',1855,,7599,17,,,0
10019,'1192179',1455,,7600,17,,,0
10019,'1192233',2155,,7601,17,,,0
10019,'1192240',755,,7602,17,,,0
10019,'1192284',725,,7603,17,,,0
10019,'1192351',2355,,7604,17,,,0
10019,'1192377',1655,,7605,17,,,0
10019,'1192478',755,,7606,17,,,0
10019,'1192649',625,,7607,17,,,0
10019,'1192653',955,,7608,17,,,0
10019,'1192758',2055,,7609,17,,,0
10019,'1192767',655,,7610,17,,,0
10019,'1192929',1355,,7611,17,,,0
10019,'1192932',855,,7612,17,,,0
10019,'1193029',1655,,7613,17,,,0
10019,'1193089',1755,,7614,17,,,0
10019,'1193115',1555,,7615,17,,,0
10019,'1193131',855,,7616,17,,,0
10019,'1193137',755,,7617,17,,,0
10019,'1193208',1255,,7618,17,,,0
10019,'1193209',1155,,7619,17,,,0
10019,'1193233',2255,,7620,17,,,0
10019,'1193268',2025,,7621,17,,,0
10019,'1193309',1725,,7622,17,,,0
10019,'1193311',1455,,7623,17,,,0
12019,'1190645',1631,,7824,23,,,0
12019,'1190657',1800,,7825,23,,,0
12019,'1190716',700,,7826,23,,,0
12019,'1190720',1900,,7827,23,,,0
12019,'1190795',1700,,7828,23,,,0
12019,'1190815',1500,,7829,23,,,0
12019,'1190831',2200,,7830,23,,,0
12019,'1190872',900,,7831,23,,,0
12019,'1190904',2100,,7832,23,,,0
12019,'1190905',900,,7833,23,,,0
12019,'1190925',2030,,7834,23,,,0
12019,'1190938',1631,,7835,23,,,0
12019,'1191207',1801,,7836,23,,,0
12019,'1191227',1731,,7837,23,,,0
12019,'1191292',1000,,7838,23,,,0
12019,'1191300',1531,,7839,23,,,0
12019,'1191320',2330,,7840,23,,,0
12019,'1191398',2200,,7841,23,,,0
12019,'1191414',1731,,7842,23,,,0
12019,'1191419',1501,,7843,23,,,0
12019,'1191420',2130,,7844,23,,,0
12019,'1191448',800,,7845,23,,,0
12019,'1191466',1701,,7846,23,,,0
12019,'1191470',1501,,7847,23,,,0
12019,'1191522',1101,,7848,23,,,0
12019,'1191559',1400,,7849,23,,,0
12019,'1191598',1201,,7850,23,,,0
12019,'1191639',1231,,7851,23,,,0
12019,'1191674',1131,,7852,23,,,0
12019,'1191686',1331,,7853,23,,,0
12019,'1191724',1600,,7854,23,,,0
12019,'1191785',1200,,7855,23,,,0
12019,'1191790',1100,,7856,23,,,0
12019,'1191803',1301,,7857,23,,,0
12019,'1191804',1601,,7858,23,,,0
12019,'1191818',1401,,7859,23,,,0
12019,'1191855',1900,,7860,23,,,0
12019,'1191973',1131,,7861,23,,,0
12019,'1191984',2400,,7862,23,,,0
12019,'1192006',1030,,7863,23,,,0
12019,'1192018',1301,,7864,23,,,0
12019,'1192022',1930,,7865,23,,,0
12019,'1192099',830,,7866,23,,,0
12019,'1192145',1401,,7867,23,,,0
12019,'1192151',800,,7868,23,,,0
12019,'1192194',730,,7869,23,,,0
12019,'1192261',1201,,7870,23,,,0
12019,'1192280',2230,,7871,23,,,0
12019,'1192281',1331,,7872,23,,,0
12019,'1192299',800,,7873,23,,,0
12019,'1192301',1231,,7874,23,,,0
12019,'1192340',1431,,7875,23,,,0
12019,'1192366',1830,,7876,23,,,0
12019,'1192412',930,,7877,23,,,0
12019,'1192428',900,,7878,23,,,0
12019,'1192530',1531,,7879,23,,,0
12019,'1192561',2400,,7880,23,,,0
12019,'1192582',2000,,7881,23,,,0
12019,'1192611',2300,,7882,23,,,0
12019,'1192642',630,,7883,23,,,0
12019,'1193003',1601,,7884,23,,,0
12019,'1193055',1701,,7885,23,,,0
12019,'1193068',1000,,7886,23,,,0
12019,'1193119',2100,,7887,23,,,0
12019,'1193147',1101,,7888,23,,,0
12019,'1193167',1431,,7889,23,,,0
12019,'1193176',702,,7890,23,,,0
12019,'1193179',2000,,7891,23,,,0
12019,'1193229',1801,,7892,23,,,0
12019,'1193248',1300,,7893,23,,,0
12019,'1193280',2300,,7894,23,,,0
12019,'1193305',1000,,7895,23,,,0
