2019,'1190609',1610,,7220,14,,,0
2019,'1190673',1224,,7221,14,,,0
2019,'1190685',1210,,7222,14,,,0
2019,'1190689',1939,,7223,14,,,0
2019,'1190717',1709,,7224,14,,,0
2019,'1190761',1424,,7225,14,,,0
2019,'1190765',1239,,7226,14,,,0
2019,'1190771',1324,,7227,14,,,0
2019,'1190817',1309,,7228,14,,,0
2019,'1190891',2124,,7229,14,,,0
2019,'1190941',1524,,7230,14,,,0
2019,'1190953',809,,7231,14,,,0
2019,'1190999',1710,,7232,14,,,0
2019,'1191046',1739,,7233,14,,,0
2019,'1191054',2358,,7234,14,,,0
2019,'1191067',854,,7235,14,,,0
2019,'1191084',1424,,7236,14,,,0
2019,'1191125',1724,,7237,14,,,0
2019,'1191149',724,,7238,14,,,0
2019,'1191199',839,,7239,14,,,0
2019,'1191211',1554,,7240,14,,,0
2019,'1191224',1154,,7241,14,,,0
2019,'1191233',2223,,7242,14,,,0
2019,'1191252',2353,,7243,14,,,0
2019,'1191275',724,,7244,14,,,0
2019,'1191287',1324,,7245,14,,,0
2019,'1191383',1808,,7246,14,,,0
2019,'1191405',824,,7247,14,,,0
2019,'1191408',1254,,7248,14,,,0
2019,'1191447',1439,,7249,14,,,0
2019,'1191485',2108,,7250,14,,,0
2019,'1191495',1624,,7251,14,,,0
2019,'1191512',1310,,7252,14,,,0
2019,'1191527',924,,7253,14,,,0
2019,'1191539',1340,,7254,14,,,0
2019,'1191561',1740,,7255,14,,,0
2019,'1191615',2039,,7256,14,,,0
2019,'1191644',1009,,7257,14,,,0
2019,'1191646',1024,,7258,14,,,0
2019,'1191661',1639,,7259,14,,,0
2019,'1191691',1754,,7260,14,,,0
2019,'1191768',924,,7261,14,,,0
2019,'1191793',709,,7262,14,,,0
2019,'1191820',1024,,7263,14,,,0
2019,'1191850',739,,7264,14,,,0
2019,'1191864',1609,,7265,14,,,0
2019,'1191867',2224,,7266,14,,,0
2019,'1191873',1524,,7267,14,,,0
2019,'1191904',954,,7268,14,,,0
2019,'1191918',1923,,7269,14,,,0
2019,'1191932',2208,,7270,14,,,0
2019,'1191992',2338,,7271,14,,,0
2019,'1192029',1054,,7272,14,,,0
2019,'1192053',2138,,7273,14,,,0
2019,'1192089',1539,,7274,14,,,0
2019,'1192091',1209,,7275,14,,,0
2019,'1192130',1039,,7276,14,,,0
2019,'1192210',1824,,7277,14,,,0
2019,'1192225',1838,,7278,14,,,0
2019,'1192227',1654,,7279,14,,,0
2019,'1192252',2008,,7280,14,,,0
2019,'1192285',639,,7281,14,,,0
2019,'1192330',1009,,7282,14,,,0
2019,'1192352',1124,,7283,14,,,0
2019,'1192380',1240,,7284,14,,,0
2019,'1192437',754,,7285,14,,,0
2019,'1192442',1139,,7286,14,,,0
2019,'1192449',1224,,7287,14,,,0
2019,'1192523',1540,,7288,14,,,0
2019,'1192531',1509,,7289,14,,,0
2019,'1192546',1140,,7290,14,,,0
2019,'1192565',2024,,7291,14,,,0
2019,'1192577',2238,,7292,14,,,0
2019,'1192650',1924,,7293,14,,,0
2019,'1192668',1109,,7294,14,,,0
2019,'1192678',1440,,7295,14,,,0
2019,'1192698',824,,7296,14,,,0
2019,'1192722',1640,,7297,14,,,0
2019,'1192754',839,,7298,14,,,0
2019,'1192756',924,,7299,14,,,0
2019,'1192760',1624,,7300,14,,,0
2019,'1192800',1839,,7301,14,,,0
2019,'1192812',2324,,7302,14,,,0
2019,'1192865',1454,,7303,14,,,0
2019,'1192869',939,,7304,14,,,0
2019,'1192915',1410,,7305,14,,,0
2019,'1192923',1039,,7306,14,,,0
2019,'1192928',2009,,7307,14,,,0
2019,'1192930',1909,,7308,14,,,0
2019,'1192936',709,,7309,14,,,0
2019,'1192939',654,,7310,14,,,0
2019,'1192940',909,,7311,14,,,0
2019,'1192992',1354,,7312,14,,,0
2019,'1192994',1409,,7313,14,,,0
2019,'1193012',1724,,7314,14,,,0
2019,'1193057',1339,,7315,14,,,0
2019,'1193080',2053,,7316,14,,,0
2019,'1193128',754,,7317,14,,,0
2019,'1193163',1124,,7318,14,,,0
2019,'1193170',1110,,7319,14,,,0
2019,'1193177',2138,,7320,14,,,0
2019,'1193178',2308,,7321,14,,,0
2019,'1193210',1510,,7322,14,,,0
2019,'1193284',1809,,7323,14,,,0
2019,'1193308',2308,,7324,14,,,0
12029,'1190603',1233,,7896,31,,,0
12029,'1190623',933,,7897,31,,,0
12029,'1190638',1833,,7898,31,,,0
12029,'1190684',2233,,7899,31,,,0
12029,'1190691',2103,,7900,31,,,0
12029,'1190731',1633,,7901,31,,,0
12029,'1190743',1933,,7902,31,,,0
12029,'1190753',2133,,7903,31,,,0
12029,'1190777',803,,7904,31,,,0
12029,'1190812',2303,,7905,31,,,0
12029,'1190880',2203,,7906,31,,,0
12029,'1190932',1433,,7907,31,,,0
12029,'1190940',1803,,7908,31,,,0
12029,'1191029',1403,,7909,31,,,0
12029,'1191043',1733,,7910,31,,,0
12029,'1191093',1703,,7911,31,,,0
12029,'1191133',1103,,7912,31,,,0
12029,'1191256',933,,7913,31,,,0
12029,'1191281',1133,,7914,31,,,0
12029,'1191303',833,,7915,31,,,0
12029,'1191335',1633,,7916,31,,,0
12029,'1191382',1103,,7917,31,,,0
12029,'1191410',1703,,7918,31,,,0
12029,'1191500',1203,,7919,31,,,0
12029,'1191501',2033,,7920,31,,,0
12029,'1191528',1433,,7921,31,,,0
12029,'1191555',2133,,7922,31,,,0
12029,'1191588',2408,,7923,31,,,0
12029,'1191595',1333,,7924,31,,,0
12029,'1191653',633,,7925,31,,,0
12029,'1191692',833,,7926,31,,,0
12029,'1191696',1933,,7927,31,,,0
12029,'1191708',2033,,7928,31,,,0
12029,'1191789',1533,,7929,31,,,0
12029,'1191811',1133,,7930,31,,,0
12029,'1191813',933,,7931,31,,,0
12029,'1191831',1033,,7932,31,,,0
12029,'1191874',1403,,7933,31,,,0
12029,'1191998',1733,,7934,31,,,0
12029,'1192059',2333,,7935,31,,,0
12029,'1192129',1833,,7936,31,,,0
12029,'1192133',1133,,7937,31,,,0
12029,'1192152',1603,,7938,31,,,0
12029,'1192260',903,,7939,31,,,0
12029,'1192279',1303,,7940,31,,,0
12029,'1192294',733,,7941,31,,,0
12029,'1192306',1003,,7942,31,,,0
12029,'1192361',1303,,7943,31,,,0
12029,'1192410',833,,7944,31,,,0
12029,'1192567',1233,,7945,31,,,0
12029,'1192578',1633,,7946,31,,,0
12029,'1192673',1203,,7947,31,,,0
12029,'1192741',1433,,7948,31,,,0
12029,'1192809',703,,7949,31,,,0
12029,'1192877',2333,,7950,31,,,0
12029,'1192898',1503,,7951,31,,,0
12029,'1192950',733,,7952,31,,,0
12029,'1193043',733,,7953,31,,,0
12029,'1193053',1033,,7954,31,,,0
12029,'1193054',2003,,7955,31,,,0
12029,'1193056',1603,,7956,31,,,0
12029,'1193058',1333,,7957,31,,,0
12029,'1193093',1733,,7958,31,,,0
12029,'1193102',1533,,7959,31,,,0
12029,'1193103',1503,,7960,31,,,0
12029,'1193156',1033,,7961,31,,,0
12029,'1193195',1333,,7962,31,,,0
12029,'1193220',1233,,7963,31,,,0
12029,'1193227',1903,,7964,31,,,0
12029,'1193272',1533,,7965,31,,,0
12029,'1193321',2233,,7966,31,,,0
103029,'1190630',1113,,9163,27,,,0
103029,'1190665',1920,,9164,27,,,0
103029,'1190791',925,,9165,27,,,0
103029,'1190798',1142,,9166,27,,,0
103029,'1190809',1543,,9167,27,,,0
103029,'1190864',1442,,9168,27,,,0
103029,'1191002',812,,9169,27,,,0
103029,'1191061',1150,,9170,27,,,0
103029,'1191087',1450,,9171,27,,,0
103029,'1191104',2012,,9172,27,,,0
103029,'1191213',1527,,9173,27,,,0
103029,'1191266',1243,,9174,27,,,0
103029,'1191392',1020,,9175,27,,,0
103029,'1191472',2142,,9176,27,,,0
103029,'1191532',2340,,9177,27,,,0
103029,'1191567',1842,,9178,27,,,0
103029,'1191612',2050,,9179,27,,,0
103029,'1191756',2040,,9180,27,,,0
103029,'1191869',1320,,9181,27,,,0
103029,'1191909',755,,9182,27,,,0
103029,'1191948',1612,,9183,27,,,0
103029,'1192055',2210,,9184,27,,,0
103029,'1192191',2311,,9185,27,,,0
103029,'1192208',1742,,9186,27,,,0
103029,'1192508',1413,,9187,27,,,0
103029,'1192592',642,,9188,27,,,0
103029,'1192628',2220,,9189,27,,,0
103029,'1192659',710,,9190,27,,,0
103029,'1192683',1620,,9191,27,,,0
103029,'1192749',1713,,9192,27,,,0
103029,'1192860',1750,,9193,27,,,0
103029,'1192948',1312,,9194,27,,,0
103029,'1193006',850,,9195,27,,,0
103029,'1193036',1010,,9196,27,,,0
103029,'1193074',840,,9197,27,,,0
103029,'1193169',1657,,9198,27,,,0
103029,'1193174',943,,9199,27,,,0
103029,'1193259',1910,,9200,27,,,0
