11029,'1190662',1425,,7754,16,,,0
11029,'1190674',1555,,7755,16,,,0
11029,'1190679',1225,,7756,16,,,0
11029,'1190687',2225,,7757,16,,,0
11029,'1190702',625,,7758,16,,,0
11029,'1190707',955,,7759,16,,,0
11029,'1190740',1024,,7760,16,,,0
11029,'1190760',1355,,7761,16,,,0
11029,'1190767',1725,,7762,16,,,0
11029,'1190846',1255,,7763,16,,,0
11029,'1190868',1455,,7764,16,,,0
11029,'1190908',755,,7765,16,,,0
11029,'1190991',655,,7766,16,,,0
11029,'1191027',1324,,7767,16,,,0
11029,'1191113',1055,,7768,16,,,0
11029,'1191117',1225,,7769,16,,,0
11029,'1191127',1325,,7770,16,,,0
11029,'1191176',824,,7771,16,,,0
11029,'1191206',1925,,7772,16,,,0
11029,'1191220',1724,,7773,16,,,0
11029,'1191225',2055,,7774,16,,,0
11029,'1191261',1624,,7775,16,,,0
11029,'1191301',725,,7776,16,,,0
11029,'1191458',1555,,7777,16,,,0
11029,'1191541',2025,,7778,16,,,0
11029,'1191571',2024,,7779,16,,,0
11029,'1191589',1224,,7780,16,,,0
11029,'1191607',1655,,7781,16,,,0
11029,'1191727',1525,,7782,16,,,0
11029,'1191782',1355,,7783,16,,,0
11029,'1191889',2324,,7784,16,,,0
11029,'1191897',1155,,7785,16,,,0
11029,'1191898',1524,,7786,16,,,0
11029,'1191943',1025,,7787,16,,,0
11029,'1191963',1125,,7788,16,,,0
11029,'1191968',1124,,7789,16,,,0
11029,'1191999',1955,,7790,16,,,0
11029,'1192027',1855,,7791,16,,,0
11029,'1192028',724,,7792,16,,,0
11029,'1192111',2124,,7793,16,,,0
11029,'1192172',2400,,7794,16,,,0
11029,'1192183',925,,7795,16,,,0
11029,'1192286',825,,7796,16,,,0
11029,'1192326',1924,,7797,16,,,0
11029,'1192339',855,,7798,16,,,0
11029,'1192422',2255,,7799,16,,,0
11029,'1192445',1325,,7800,16,,,0
11029,'1192481',1625,,7801,16,,,0
11029,'1192490',2224,,7802,16,,,0
11029,'1192503',2325,,7803,16,,,0
11029,'1192528',925,,7804,16,,,0
11029,'1192532',2155,,7805,16,,,0
11029,'1192574',1125,,7806,16,,,0
11029,'1192626',1025,,7807,16,,,0
11029,'1192737',1725,,7808,16,,,0
11029,'1192757',725,,7809,16,,,0
11029,'1192779',1824,,7810,16,,,0
11029,'1192802',1155,,7811,16,,,0
11029,'1192807',1655,,7812,16,,,0
11029,'1192884',1525,,7813,16,,,0
11029,'1192947',1424,,7814,16,,,0
11029,'1193001',924,,7815,16,,,0
11029,'1193017',1625,,7816,16,,,0
11029,'1193076',1255,,7817,16,,,0
11029,'1193105',1755,,7818,16,,,0
11029,'1193146',1455,,7819,16,,,0
11029,'1193240',1425,,7820,16,,,0
11029,'1193251',2125,,7821,16,,,0
11029,'1193290',1825,,7822,16,,,0
11029,'1193300',825,,7823,16,,,0
