12019,'1184525',1334,,4978,29,,,0
12019,'1184575',803,,4979,29,,,0
12019,'1184629',1833,,4980,29,,,0
12019,'1184682',1704,,4981,29,,,0
12019,'1184756',1104,,4982,29,,,0
12019,'1184761',1704,,4983,29,,,0
12019,'1184784',2303,,4984,29,,,0
12019,'1184786',1304,,4985,29,,,0
12019,'1184787',1104,,4986,29,,,0
12019,'1184846',1534,,4987,29,,,0
12019,'1184885',1504,,4988,29,,,0
12019,'1184933',633,,4989,29,,,0
12019,'1185000',2103,,4990,29,,,0
12019,'1185003',833,,4991,29,,,0
12019,'1185020',705,,4992,29,,,0
12019,'1185027',1003,,4993,29,,,0
12019,'1185033',1404,,4994,29,,,0
12019,'1185098',1933,,4995,29,,,0
12019,'1185121',733,,4996,29,,,0
12019,'1185187',903,,4997,29,,,0
12019,'1185218',1804,,4998,29,,,0
12019,'1185271',2233,,4999,29,,,0
12019,'1185305',1804,,5000,29,,,0
12019,'1185383',1003,,5001,29,,,0
12019,'1185406',1303,,5002,29,,,0
12019,'1185445',1134,,5003,29,,,0
12019,'1185455',1003,,5004,29,,,0
12019,'1185536',1403,,5005,29,,,0
12019,'1185548',1634,,5006,29,,,0
12019,'1185614',1734,,5007,29,,,0
12019,'1185634',1534,,5008,29,,,0
12019,'1185678',1033,,5009,29,,,0
12019,'1185724',1434,,5010,29,,,0
12019,'1185780',1434,,5011,29,,,0
12019,'1185785',2033,,5012,29,,,0
12019,'1185860',1634,,5013,29,,,0
12019,'1185945',2403,,5014,29,,,0
12019,'1185982',1404,,5015,29,,,0
12019,'1185985',1903,,5016,29,,,0
12019,'1186011',2203,,5017,29,,,0
12019,'1186032',2333,,5018,29,,,0
12019,'1186086',1703,,5019,29,,,0
12019,'1186204',1504,,5020,29,,,0
12019,'1186211',1803,,5021,29,,,0
12019,'1186227',2003,,5022,29,,,0
12019,'1186234',2203,,5023,29,,,0
12019,'1186235',1234,,5024,29,,,0
12019,'1186277',2103,,5025,29,,,0
12019,'1186330',1603,,5026,29,,,0
12019,'1186367',1604,,5027,29,,,0
12019,'1186399',903,,5028,29,,,0
12019,'1186412',1334,,5029,29,,,0
12019,'1186555',803,,5030,29,,,0
12019,'1186611',2133,,5031,29,,,0
12019,'1186615',1204,,5032,29,,,0
12019,'1186634',2303,,5033,29,,,0
12019,'1186663',1203,,5034,29,,,0
12019,'1186667',933,,5035,29,,,0
12019,'1186670',1304,,5036,29,,,0
12019,'1186679',1503,,5037,29,,,0
12019,'1186717',1903,,5038,29,,,0
12019,'1186735',1134,,5039,29,,,0
12019,'1186753',1604,,5040,29,,,0
12019,'1186849',803,,5041,29,,,0
12019,'1186892',1234,,5042,29,,,0
12019,'1186907',703,,5043,29,,,0
12019,'1186909',2003,,5044,29,,,0
12019,'1186938',1204,,5045,29,,,0
12019,'1187042',2403,,5046,29,,,0
12019,'1187123',903,,5047,29,,,0
12019,'1187125',1734,,5048,29,,,0
12019,'1187149',1103,,5049,29,,,0
