25019,'1184495',710,,5635,15,,,0
25019,'1184514',1839,,5636,15,,,0
25019,'1184552',2023,,5637,15,,,0
25019,'1184642',1139,,5638,15,,,0
25019,'1184757',1540,,5639,15,,,0
25019,'1184771',1710,,5640,15,,,0
25019,'1184811',638,,5641,15,,,0
25019,'1184903',2240,,5642,15,,,0
25019,'1184942',839,,5643,15,,,0
25019,'1184959',939,,5644,15,,,0
25019,'1184966',1023,,5645,15,,,0
25019,'1185039',1439,,5646,15,,,0
25019,'1185069',2123,,5647,15,,,0
25019,'1185100',1740,,5648,15,,,0
25019,'1185110',1640,,5649,15,,,0
25019,'1185173',940,,5650,15,,,0
25019,'1185179',2140,,5651,15,,,0
25019,'1185182',2338,,5652,15,,,0
25019,'1185200',823,,5653,15,,,0
25019,'1185244',740,,5654,15,,,0
25019,'1185338',910,,5655,15,,,0
25019,'1185386',1323,,5656,15,,,0
25019,'1185434',1110,,5657,15,,,0
25019,'1185476',1623,,5658,15,,,0
25019,'1185477',1423,,5659,15,,,0
25019,'1185566',2139,,5660,15,,,0
25019,'1185653',1010,,5661,15,,,0
25019,'1185682',1923,,5662,15,,,0
25019,'1185731',1210,,5663,15,,,0
25019,'1185735',723,,5664,15,,,0
25019,'1185741',2040,,5665,15,,,0
25019,'1185764',2239,,5666,15,,,0
25019,'1185802',1039,,5667,15,,,0
25019,'1185991',840,,5668,15,,,0
25019,'1186008',1639,,5669,15,,,0
25019,'1186131',1840,,5670,15,,,0
25019,'1186316',1123,,5671,15,,,0
25019,'1186381',1239,,5672,15,,,0
25019,'1186416',1723,,5673,15,,,0
25019,'1186473',1939,,5674,15,,,0
25019,'1186484',738,,5675,15,,,0
25019,'1186541',1339,,5676,15,,,0
25019,'1186625',1310,,5677,15,,,0
25019,'1186639',1823,,5678,15,,,0
25019,'1186641',1523,,5679,15,,,0
25019,'1186660',1223,,5680,15,,,0
25019,'1186779',923,,5681,15,,,0
25019,'1186803',640,,5682,15,,,0
25019,'1186831',2223,,5683,15,,,0
25019,'1186914',1440,,5684,15,,,0
25019,'1186957',810,,5685,15,,,0
25019,'1186981',2323,,5686,15,,,0
25019,'1186996',1410,,5687,15,,,0
25019,'1187059',1610,,5688,15,,,0
25019,'1187075',1739,,5689,15,,,0
25019,'1187077',1539,,5690,15,,,0
25019,'1187086',1510,,5691,15,,,0
25019,'1187122',2039,,5692,15,,,0
25019,'1187127',1940,,5693,15,,,0
25019,'1187154',2400,,5694,15,,,0
