105019,'1184475',1909,,6445,78,,,0
105019,'1184709',1839,,6446,78,,,0
105019,'1184754',1129,,6447,78,,,0
105019,'1184819',821,,6448,78,,,0
105019,'1184825',2314,,6449,78,,,0
105019,'1184879',1524,,6450,78,,,0
105019,'1184888',1021,,6451,78,,,0
105019,'1184928',1229,,6452,78,,,0
105019,'1184969',2328,,6453,78,,,0
105019,'1185022',2128,,6454,78,,,0
105019,'1185176',714,,6455,78,,,0
105019,'1185212',644,,6456,78,,,0
105019,'1185354',1929,,6457,78,,,0
105019,'1185498',1944,,6458,78,,,0
105019,'1185528',2044,,6459,78,,,0
105019,'1185550',1429,,6460,78,,,0
105019,'1185555',2244,,6461,78,,,0
105019,'1185569',1809,,6462,78,,,0
105019,'1185641',921,,6463,78,,,0
105019,'1185643',1844,,6464,78,,,0
105019,'1185695',1339,,6465,78,,,0
105019,'1185708',2114,,6466,78,,,0
105019,'1185807',1644,,6467,78,,,0
105019,'1185822',1329,,6468,78,,,0
105019,'1185894',1224,,6469,78,,,0
105019,'1186015',1439,,6470,78,,,0
105019,'1186061',1624,,6471,78,,,0
105019,'1186284',1444,,6472,78,,,0
105019,'1186380',1124,,6473,78,,,0
105019,'1186411',1244,,6474,78,,,0
105019,'1186477',1654,,6475,78,,,0
105019,'1186479',1044,,6476,78,,,0
105019,'1186519',1729,,6477,78,,,0
105019,'1186601',1739,,6478,78,,,0
105019,'1186602',751,,6479,78,,,0
105019,'1186613',844,,6480,78,,,0
105019,'1186624',1629,,6481,78,,,0
105019,'1186706',1829,,6482,78,,,0
105019,'1186813',928,,6483,78,,,0
105019,'1186864',2414,,6484,78,,,0
105019,'1186870',614,,6485,78,,,0
105019,'1186896',851,,6486,78,,,0
105019,'1187008',728,,6487,78,,,0
105019,'1187009',2214,,6488,78,,,0
105019,'1187061',1554,,6489,78,,,0
105019,'1187069',1529,,6490,78,,,0
