27029,'1184502',2305,,5913,7,,,0
27029,'1184539',1835,,5914,7,,,0
27029,'1184568',735,,5915,7,,,0
27029,'1184605',2250,,5916,7,,,0
27029,'1184658',1535,,5917,7,,,0
27029,'1184665',935,,5918,7,,,0
27029,'1184708',1550,,5919,7,,,0
27029,'1184726',750,,5920,7,,,0
27029,'1184731',735,,5921,7,,,0
27029,'1184823',1235,,5922,7,,,0
27029,'1184832',2150,,5923,7,,,0
27029,'1184865',1750,,5924,7,,,0
27029,'1184868',1435,,5925,7,,,0
27029,'1184983',935,,5926,7,,,0
27029,'1184991',1450,,5927,7,,,0
27029,'1185102',1835,,5928,7,,,0
27029,'1185115',1905,,5929,7,,,0
27029,'1185181',850,,5930,7,,,0
27029,'1185195',1135,,5931,7,,,0
27029,'1185209',2105,,5932,7,,,0
27029,'1185287',635,,5933,7,,,0
27029,'1185299',1935,,5934,7,,,0
27029,'1185407',1250,,5935,7,,,0
27029,'1185560',2005,,5936,7,,,0
27029,'1185666',1950,,5937,7,,,0
27029,'1185750',1435,,5938,7,,,0
27029,'1185850',1035,,5939,7,,,0
27029,'1186031',1850,,5940,7,,,0
27029,'1186098',1735,,5941,7,,,0
27029,'1186114',1135,,5942,7,,,0
27029,'1186168',2135,,5943,7,,,0
27029,'1186188',1050,,5944,7,,,0
27029,'1186251',2035,,5945,7,,,0
27029,'1186280',1350,,5946,7,,,0
27029,'1186313',1035,,5947,7,,,0
27029,'1186314',950,,5948,7,,,0
27029,'1186361',2050,,5949,7,,,0
27029,'1186373',1335,,5950,7,,,0
27029,'1186534',635,,5951,7,,,0
27029,'1186558',1635,,5952,7,,,0
27029,'1186690',835,,5953,7,,,0
27029,'1186707',1735,,5954,7,,,0
27029,'1186713',1235,,5955,7,,,0
27029,'1186720',1535,,5956,7,,,0
27029,'1186816',1335,,5957,7,,,0
27029,'1186921',1635,,5958,7,,,0
27029,'1186926',1650,,5959,7,,,0
27029,'1186927',2235,,5960,7,,,0
27029,'1187028',2205,,5961,7,,,0
27029,'1187035',1150,,5962,7,,,0
27029,'1187134',2335,,5963,7,,,0
27029,'1187145',835,,5964,7,,,0
