105019,'1184475',1844,,6445,40,,,0
105019,'1184709',1814,,6446,40,,,0
105019,'1184754',1107,,6447,40,,,0
105019,'1184819',756,,6448,40,,,0
105019,'1184825',2252,,6449,40,,,0
105019,'1184879',1459,,6450,40,,,0
105019,'1184888',956,,6451,40,,,0
105019,'1184928',1207,,6452,40,,,0
105019,'1184969',2305,,6453,40,,,0
105019,'1185022',2105,,6454,40,,,0
105019,'1185176',652,,6455,40,,,0
105019,'1185212',622,,6456,40,,,0
105019,'1185354',1907,,6457,40,,,0
105019,'1185498',1922,,6458,40,,,0
105019,'1185528',2024,,6459,40,,,0
105019,'1185550',1407,,6460,40,,,0
105019,'1185555',2224,,6461,40,,,0
105019,'1185569',1744,,6462,40,,,0
105019,'1185641',856,,6463,40,,,0
105019,'1185643',1824,,6464,40,,,0
105019,'1185695',1314,,6465,40,,,0
105019,'1185708',2052,,6466,40,,,0
105019,'1185807',1624,,6467,40,,,0
105019,'1185822',1307,,6468,40,,,0
105019,'1185894',1159,,6469,40,,,0
105019,'1186015',1414,,6470,40,,,0
105019,'1186061',1559,,6471,40,,,0
105019,'1186284',1424,,6472,40,,,0
105019,'1186380',1059,,6473,40,,,0
105019,'1186411',1224,,6474,40,,,0
105019,'1186477',1629,,6475,40,,,0
105019,'1186479',1024,,6476,40,,,0
105019,'1186519',1707,,6477,40,,,0
105019,'1186601',1714,,6478,40,,,0
105019,'1186602',726,,6479,40,,,0
105019,'1186613',824,,6480,40,,,0
105019,'1186624',1607,,6481,40,,,0
105019,'1186706',1807,,6482,40,,,0
105019,'1186813',905,,6483,40,,,0
105019,'1186864',2352,,6484,40,,,0
105019,'1186870',552,,6485,40,,,0
105019,'1186896',826,,6486,40,,,0
105019,'1187008',705,,6487,40,,,0
105019,'1187009',2152,,6488,40,,,0
105019,'1187061',1529,,6489,40,,,0
105019,'1187069',1507,,6490,40,,,0
