10029,'1193661',1524,,10124,18,,,0
10029,'1193662',1124,,10125,18,,,0
10029,'1193664',2024,,10126,18,,,0
10029,'1193666',1324,,10127,18,,,0
10029,'1193669',2324,,10128,18,,,0
10029,'1193670',1624,,10129,18,,,0
10029,'1193671',1524,,10130,18,,,0
10029,'1193672',853,,10131,18,,,0
10029,'1193673',2124,,10132,18,,,0
10029,'1193674',1424,,10133,18,,,0
10029,'1193676',1854,,10134,18,,,0
10029,'1193677',724,,10135,18,,,0
10029,'1193683',724,,10136,18,,,0
10029,'1193684',1724,,10137,18,,,0
10029,'1193685',1023,,10138,18,,,0
10029,'1193688',923,,10139,18,,,0
10029,'1193689',753,,10140,18,,,0
10029,'1193690',1954,,10141,18,,,0
10029,'1193692',2224,,10142,18,,,0
10029,'1193693',924,,10143,18,,,0
10029,'1193694',1323,,10144,18,,,0
10029,'1193695',653,,10145,18,,,0
10029,'1193696',623,,10146,18,,,0
10029,'1193699',2054,,10147,18,,,0
10029,'1193702',1124,,10148,18,,,0
10029,'1193705',1324,,10149,18,,,0
10029,'1193706',824,,10150,18,,,0
10029,'1193712',1824,,10151,18,,,0
10029,'1193713',2253,,10152,18,,,0
10029,'1193714',1724,,10153,18,,,0
10029,'1193716',1924,,10154,18,,,0
10029,'1193719',1423,,10155,18,,,0
10029,'1193721',1024,,10156,18,,,0
10029,'1193722',1224,,10157,18,,,0
10029,'1193723',924,,10158,18,,,0
10029,'1193726',1724,,10159,18,,,0
10029,'1193727',823,,10160,18,,,0
10029,'1193728',723,,10161,18,,,0
10029,'1193729',824,,10162,18,,,0
10029,'1193736',2358,,10163,18,,,0
10029,'1193741',2154,,10164,18,,,0
10029,'1193742',2024,,10165,18,,,0
10029,'1193744',1453,,10166,18,,,0
10029,'1193745',1554,,10167,18,,,0
10029,'1193746',1123,,10168,18,,,0
10029,'1193748',2224,,10169,18,,,0
10029,'1193750',1924,,10170,18,,,0
10029,'1193751',1024,,10171,18,,,0
10029,'1193753',1624,,10172,18,,,0
10029,'1193757',1223,,10173,18,,,0
10029,'1193758',1424,,10174,18,,,0
10029,'1193760',1224,,10175,18,,,0
10029,'1193762',1524,,10176,18,,,0
10029,'1193763',1654,,10177,18,,,0
10029,'1193764',1824,,10178,18,,,0
10029,'1193775',2324,,10179,18,,,0
10029,'1193776',2124,,10180,18,,,0
10029,'1193777',1754,,10181,18,,,0
10029,'1193778',1624,,10182,18,,,0
