102029,'1190835',1915,,9081,14,,,0
102029,'1190937',635,,9082,14,,,0
102029,'1191107',2215,,9083,14,,,0
102029,'1191135',745,,9084,14,,,0
102029,'1191154',1528,,9085,14,,,0
102029,'1191181',1145,,9086,14,,,0
102029,'1191262',1445,,9087,14,,,0
102029,'1191304',715,,9088,14,,,0
102029,'1191433',915,,9089,14,,,0
102029,'1191481',1228,,9090,14,,,0
102029,'1191496',2245,,9091,14,,,0
102029,'1191671',845,,9092,14,,,0
102029,'1191758',2258,,9093,14,,,0
102029,'1191805',1600,,9094,14,,,0
102029,'1191922',615,,9095,14,,,0
102029,'1191944',1358,,9096,14,,,0
102029,'1192040',1315,,9097,14,,,0
102029,'1192054',1345,,9098,14,,,0
102029,'1192104',2128,,9099,14,,,0
102029,'1192165',1015,,9100,14,,,0
102029,'1192219',2115,,9101,14,,,0
102029,'1192229',1828,,9102,14,,,0
102029,'1192269',1515,,9103,14,,,0
102029,'1192425',1215,,9104,14,,,0
102029,'1192453',1958,,9105,14,,,0
102029,'1192474',2345,,9106,14,,,0
102029,'1192505',700,,9107,14,,,0
102029,'1192509',1945,,9108,14,,,0
102029,'1192621',1730,,9109,14,,,0
102029,'1192631',1000,,9110,14,,,0
102029,'1192823',758,,9111,14,,,0
102029,'1192857',1658,,9112,14,,,0
102029,'1192870',1615,,9113,14,,,0
102029,'1192893',1815,,9114,14,,,0
102029,'1192925',1645,,9115,14,,,0
102029,'1192999',928,,9116,14,,,0
102029,'1193000',2415,,9117,14,,,0
102029,'1193010',1045,,9118,14,,,0
102029,'1193070',830,,9119,14,,,0
102029,'1193101',1058,,9120,14,,,0
102029,'1193141',2045,,9121,14,,,0
102029,'1193243',1745,,9122,14,,,0
102029,'1193313',1430,,9123,14,,,0
