14019,'1190713',1345,,8090,5,,,0
14019,'1190728',1443,,8091,5,,,0
14019,'1190978',1645,,8092,5,,,0
14019,'1191058',2243,,8093,5,,,0
14019,'1191091',1643,,8094,5,,,0
14019,'1191115',744,,8095,5,,,0
14019,'1191156',1515,,8096,5,,,0
14019,'1191182',1243,,8097,5,,,0
14019,'1191216',1345,,8098,5,,,0
14019,'1191274',1343,,8099,5,,,0
14019,'1191284',2343,,8100,5,,,0
14019,'1191353',1843,,8101,5,,,0
14019,'1191434',943,,8102,5,,,0
14019,'1191451',944,,8103,5,,,0
14019,'1191488',1245,,8104,5,,,0
14019,'1191517',644,,8105,5,,,0
14019,'1191609',2314,,8106,5,,,0
14019,'1191614',1814,,8107,5,,,0
14019,'1191636',1745,,8108,5,,,0
14019,'1191714',1145,,8109,5,,,0
14019,'1191747',1445,,8110,5,,,0
14019,'1191757',914,,8111,5,,,0
14019,'1191841',743,,8112,5,,,0
14019,'1191852',1914,,8113,5,,,0
14019,'1191970',2143,,8114,5,,,0
14019,'1191991',2043,,8115,5,,,0
14019,'1191996',943,,8116,5,,,0
14019,'1192119',2214,,8117,5,,,0
14019,'1192156',1545,,8118,5,,,0
14019,'1192290',2243,,8119,5,,,0
14019,'1192324',2143,,8120,5,,,0
14019,'1192341',714,,8121,5,,,0
14019,'1192355',1743,,8122,5,,,0
14019,'1192458',843,,8123,5,,,0
14019,'1192538',1645,,8124,5,,,0
14019,'1192564',2343,,8125,5,,,0
14019,'1192566',1943,,8126,5,,,0
14019,'1192675',1143,,8127,5,,,0
14019,'1192682',1543,,8128,5,,,0
14019,'1192692',1043,,8129,5,,,0
14019,'1192713',1843,,8130,5,,,0
14019,'1192727',1245,,8131,5,,,0
14019,'1192788',1445,,8132,5,,,0
14019,'1192791',1145,,8133,5,,,0
14019,'1192803',814,,8134,5,,,0
14019,'1192827',2043,,8135,5,,,0
14019,'1192837',844,,8136,5,,,0
14019,'1192840',1615,,8137,5,,,0
14019,'1192863',2114,,8138,5,,,0
14019,'1192916',1943,,8139,5,,,0
14019,'1192927',843,,8140,5,,,0
14019,'1192946',2014,,8141,5,,,0
14019,'1192962',1045,,8142,5,,,0
14019,'1192987',1745,,8143,5,,,0
14019,'1193071',1045,,8144,5,,,0
14019,'1193088',1715,,8145,5,,,0
14019,'1193127',1545,,8146,5,,,0
14019,'1193190',643,,8147,5,,,0
14019,'1193242',743,,8148,5,,,0
29019,'1190655',1223,,8929,5,,,0
29019,'1190658',2323,,8930,5,,,0
29019,'1190695',1338,,8931,5,,,0
29019,'1190921',1323,,8932,5,,,0
29019,'1190990',1438,,8933,5,,,0
29019,'1191402',923,,8934,5,,,0
29019,'1191425',2123,,8935,5,,,0
29019,'1191673',1523,,8936,5,,,0
29019,'1191834',1923,,8937,5,,,0
29019,'1192098',2223,,8938,5,,,0
29019,'1192125',938,,8939,5,,,0
29019,'1192367',823,,8940,5,,,0
29019,'1192396',1538,,8941,5,,,0
29019,'1192451',1138,,8942,5,,,0
29019,'1192468',1123,,8943,5,,,0
29019,'1192512',1038,,8944,5,,,0
29019,'1192534',2023,,8945,5,,,0
29019,'1192606',1823,,8946,5,,,0
29019,'1192704',723,,8947,5,,,0
29019,'1192724',1023,,8948,5,,,0
29019,'1193069',1723,,8949,5,,,0
29019,'1193082',1423,,8950,5,,,0
29019,'1193084',1238,,8951,5,,,0
29019,'1193185',1623,,8952,5,,,0
190001019,'1190598',1754,,9669,5,,,0
190001019,'1190613',2153,,9670,5,,,0
190001019,'1190615',909,,9671,5,,,0
190001019,'1190624',1858,,9672,5,,,0
190001019,'1190632',1530,,9673,5,,,0
190001019,'1190653',1355,,9674,5,,,0
190001019,'1190666',1258,,9675,5,,,0
190001019,'1190680',2123,,9676,5,,,0
190001019,'1190692',1525,,9677,5,,,0
190001019,'1190714',1823,,9678,5,,,0
190001019,'1190729',1625,,9679,5,,,0
190001019,'1190735',2258,,9680,5,,,0
190001019,'1190745',2158,,9681,5,,,0
190001019,'1190783',653,,9682,5,,,0
190001019,'1190786',1710,,9683,5,,,0
190001019,'1190790',1500,,9684,5,,,0
190001019,'1190808',1445,,9685,5,,,0
190001019,'1190834',1410,,9686,5,,,0
190001019,'1190840',1354,,9687,5,,,0
190001019,'1190855',1124,,9688,5,,,0
190001019,'1190862',1655,,9689,5,,,0
190001019,'1190871',923,,9690,5,,,0
190001019,'1190886',1109,,9691,5,,,0
190001019,'1190903',954,,9692,5,,,0
190001019,'1190944',1008,,9693,5,,,0
190001019,'1190949',953,,9694,5,,,0
190001019,'1190964',1040,,9695,5,,,0
190001019,'1190983',1853,,9696,5,,,0
190001019,'1190984',1224,,9697,5,,,0
190001019,'1190988',2038,,9698,5,,,0
190001019,'1190993',1139,,9699,5,,,0
190001019,'1191036',1058,,9700,5,,,0
190001019,'1191044',2138,,9701,5,,,0
190001019,'1191070',1425,,9702,5,,,0
190001019,'1191112',1953,,9703,5,,,0
190001019,'1191119',2023,,9704,5,,,0
190001019,'1191129',623,,9705,5,,,0
190001019,'1191166',2323,,9706,5,,,0
190001019,'1191178',1610,,9707,5,,,0
190001019,'1191219',758,,9708,5,,,0
190001019,'1191250',939,,9709,5,,,0
190001019,'1191298',1700,,9710,5,,,0
190001019,'1191309',1024,,9711,5,,,0
190001019,'1191315',1358,,9712,5,,,0
190001019,'1191323',1958,,9713,5,,,0
190001019,'1191330',1125,,9714,5,,,0
190001019,'1191334',809,,9715,5,,,0
190001019,'1191371',1658,,9716,5,,,0
190001019,'1191372',654,,9717,5,,,0
190001019,'1191373',1455,,9718,5,,,0
190001019,'1191411',754,,9719,5,,,0
190001019,'1191412',1600,,9720,5,,,0
190001019,'1191437',1715,,9721,5,,,0
190001019,'1191442',1240,,9722,5,,,0
190001019,'1191490',1054,,9723,5,,,0
190001019,'1191493',1440,,9724,5,,,0
190001019,'1191506',2123,,9725,5,,,0
190001019,'1191521',824,,9726,5,,,0
190001019,'1191531',1510,,9727,5,,,0
190001019,'1191568',1838,,9728,5,,,0
190001019,'1191583',1324,,9729,5,,,0
190001019,'1191618',1725,,9730,5,,,0
190001019,'1191655',1810,,9731,5,,,0
190001019,'1191682',1645,,9732,5,,,0
190001019,'1191728',2058,,9733,5,,,0
190001019,'1191731',1140,,9734,5,,,0
190001019,'1191732',1808,,9735,5,,,0
190001019,'1191858',1640,,9736,5,,,0
190001019,'1191862',1555,,9737,5,,,0
190001019,'1191875',1540,,9738,5,,,0
190001019,'1191876',1953,,9739,5,,,0
190001019,'1191896',1515,,9740,5,,,0
190001019,'1191906',1225,,9741,5,,,0
190001019,'1191913',1158,,9742,5,,,0
190001019,'1191916',2153,,9743,5,,,0
190001019,'1191951',2223,,9744,5,,,0
190001019,'1191981',2253,,9745,5,,,0
190001019,'1192041',1458,,9746,5,,,0
190001019,'1192042',839,,9747,5,,,0
190001019,'1192048',2253,,9748,5,,,0
190001019,'1192068',1039,,9749,5,,,0
190001019,'1192122',1339,,9750,5,,,0
190001019,'1192149',2413,,9751,5,,,0
190001019,'1192170',1853,,9752,5,,,0
190001019,'1192174',1938,,9753,5,,,0
190001019,'1192178',853,,9754,5,,,0
190001019,'1192182',1740,,9755,5,,,0
190001019,'1192193',2008,,9756,5,,,0
190001019,'1192214',753,,9757,5,,,0
190001019,'1192221',1340,,9758,5,,,0
190001019,'1192232',739,,9759,5,,,0
190001019,'1192258',1630,,9760,5,,,0
190001019,'1192297',1209,,9761,5,,,0
190001019,'1192312',1838,,9762,5,,,0
190001019,'1192323',1009,,9763,5,,,0
190001019,'1192325',639,,9764,5,,,0
190001019,'1192328',1745,,9765,5,,,0
190001019,'1192331',2223,,9766,5,,,0
190001019,'1192342',1255,,9767,5,,,0
190001019,'1192373',723,,9768,5,,,0
190001019,'1192418',2323,,9769,5,,,0
190001019,'1192495',1154,,9770,5,,,0
190001019,'1192499',823,,9771,5,,,0
190001019,'1192504',1155,,9772,5,,,0
190001019,'1192510',1923,,9773,5,,,0
190001019,'1192549',1309,,9774,5,,,0
190001019,'1192555',1325,,9775,5,,,0
190001019,'1192562',1254,,9776,5,,,0
190001019,'1192597',2353,,9777,5,,,0
190001019,'1192623',924,,9778,5,,,0
190001019,'1192634',1558,,9779,5,,,0
190001019,'1192700',2053,,9780,5,,,0
190001019,'1192705',1923,,9781,5,,,0
190001019,'1192721',1730,,9782,5,,,0
190001019,'1192738',1615,,9783,5,,,0
190001019,'1192780',1415,,9784,5,,,0
190001019,'1192804',854,,9785,5,,,0
190001019,'1192819',2358,,9786,5,,,0
190001019,'1192850',1823,,9787,5,,,0
190001019,'1192871',1545,,9788,5,,,0
190001019,'1192899',1755,,9789,5,,,0
190001019,'1192937',1210,,9790,5,,,0
190001019,'1192956',1758,,9791,5,,,0
190001019,'1192985',724,,9792,5,,,0
190001019,'1193021',1110,,9793,5,,,0
190001019,'1193026',1908,,9794,5,,,0
190001019,'1193027',1025,,9795,5,,,0
190001019,'1193047',2108,,9796,5,,,0
190001019,'1193085',858,,9797,5,,,0
190001019,'1193107',1239,,9798,5,,,0
190001019,'1193134',2053,,9799,5,,,0
190001019,'1193154',2023,,9800,5,,,0
190001019,'1193155',1310,,9801,5,,,0
190001019,'1193192',958,,9802,5,,,0
190001019,'1193224',1055,,9803,5,,,0
190001019,'1193286',2353,,9804,5,,,0
190001019,'1193303',709,,9805,5,,,0
190001019,'1193314',1430,,9806,5,,,0
