3029,'1184583',1551,,4653,8,,,0
3029,'1184601',2136,,4654,8,,,0
3029,'1184610',1408,,4655,8,,,0
3029,'1184667',1036,,4656,8,,,0
3029,'1184671',1437,,4657,8,,,0
3029,'1184694',736,,4658,8,,,0
3029,'1184700',1006,,4659,8,,,0
3029,'1184711',1237,,4660,8,,,0
3029,'1184727',1351,,4661,8,,,0
3029,'1184828',1836,,4662,8,,,0
3029,'1184849',1737,,4663,8,,,0
3029,'1184920',736,,4664,8,,,0
3029,'1184950',1708,,4665,8,,,0
3029,'1185062',1537,,4666,8,,,0
3029,'1185076',1951,,4667,8,,,0
3029,'1185084',1451,,4668,8,,,0
3029,'1185088',1036,,4669,8,,,0
3029,'1185097',1936,,4670,8,,,0
3029,'1185158',1251,,4671,8,,,0
3029,'1185208',906,,4672,8,,,0
3029,'1185224',1137,,4673,8,,,0
3029,'1185236',1936,,4674,8,,,0
3029,'1185245',2251,,4675,8,,,0
3029,'1185267',1138,,4676,8,,,0
3029,'1185330',1337,,4677,8,,,0
3029,'1185341',2136,,4678,8,,,0
3029,'1185366',2236,,4679,8,,,0
3029,'1185384',1851,,4680,8,,,0
3029,'1185426',2151,,4681,8,,,0
3029,'1185635',806,,4682,8,,,0
3029,'1185703',636,,4683,8,,,0
3029,'1185734',2333,,4684,8,,,0
3029,'1185742',2236,,4685,8,,,0
3029,'1185753',706,,4686,8,,,0
3029,'1185782',1608,,4687,8,,,0
3029,'1185939',951,,4688,8,,,0
3029,'1186038',1638,,4689,8,,,0
3029,'1186062',936,,4690,8,,,0
3029,'1186084',1106,,4691,8,,,0
3029,'1186099',1438,,4692,8,,,0
3029,'1186101',1508,,4693,8,,,0
3029,'1186106',851,,4694,8,,,0
3029,'1186140',1751,,4695,8,,,0
3029,'1186193',2336,,4696,8,,,0
3029,'1186194',1051,,4697,8,,,0
3029,'1186202',836,,4698,8,,,0
3029,'1186260',936,,4699,8,,,0
3029,'1186349',2036,,4700,8,,,0
3029,'1186422',636,,4701,8,,,0
3029,'1186437',1538,,4702,8,,,0
3029,'1186458',2051,,4703,8,,,0
3029,'1186467',1151,,4704,8,,,0
3029,'1186578',1808,,4705,8,,,0
3029,'1186616',751,,4706,8,,,0
3029,'1186621',1637,,4707,8,,,0
3029,'1186659',1836,,4708,8,,,0
3029,'1186686',1308,,4709,8,,,0
3029,'1186714',1238,,4710,8,,,0
3029,'1186742',1651,,4711,8,,,0
3029,'1186750',2351,,4712,8,,,0
3029,'1186807',1208,,4713,8,,,0
3029,'1186848',2036,,4714,8,,,0
3029,'1186943',836,,4715,8,,,0
3029,'1187014',1738,,4716,8,,,0
3029,'1187130',1338,,4717,8,,,0
190001019,'1184477',730,,6823,15,,,0
190001019,'1184482',1301,,6824,15,,,0
190001019,'1184538',1117,,6825,15,,,0
190001019,'1184546',1516,,6826,15,,,0
190001019,'1184623',715,,6827,15,,,0
190001019,'1184628',2329,,6828,15,,,0
190001019,'1184634',1116,,6829,15,,,0
190001019,'1184636',1201,,6830,15,,,0
190001019,'1184663',1031,,6831,15,,,0
190001019,'1184686',2159,,6832,15,,,0
190001019,'1184692',2259,,6833,15,,,0
190001019,'1184712',930,,6834,15,,,0
190001019,'1184722',700,,6835,15,,,0
190001019,'1184775',1232,,6836,15,,,0
190001019,'1184788',1816,,6837,15,,,0
190001019,'1184812',1402,,6838,15,,,0
190001019,'1184822',1316,,6839,15,,,0
190001019,'1184841',2000,,6840,15,,,0
190001019,'1184844',800,,6841,15,,,0
190001019,'1184867',1616,,6842,15,,,0
190001019,'1184871',859,,6843,15,,,0
190001019,'1184891',2029,,6844,15,,,0
190001019,'1184895',1446,,6845,15,,,0
190001019,'1184915',1539,,6846,15,,,0
190001019,'1184930',1439,,6847,15,,,0
190001019,'1185008',815,,6848,15,,,0
190001019,'1185018',2359,,6849,15,,,0
190001019,'1185052',1317,,6850,15,,,0
190001019,'1185064',1746,,6851,15,,,0
190001019,'1185066',1601,,6852,15,,,0
190001019,'1185077',2015,,6853,15,,,0
190001019,'1185090',845,,6854,15,,,0
190001019,'1185150',1754,,6855,15,,,0
190001019,'1185161',1739,,6856,15,,,0
190001019,'1185178',1930,,6857,15,,,0
190001019,'1185194',2359,,6858,15,,,0
190001019,'1185221',2100,,6859,15,,,0
190001019,'1185231',1654,,6860,15,,,0
190001019,'1185242',1801,,6861,15,,,0
190001019,'1185274',1731,,6862,15,,,0
190001019,'1185329',903,,6863,15,,,0
190001019,'1185343',1609,,6864,15,,,0
190001019,'1185352',1915,,6865,15,,,0
190001019,'1185368',2203,,6866,15,,,0
190001019,'1185392',945,,6867,15,,,0
190001019,'1185448',915,,6868,15,,,0
190001019,'1185479',1509,,6869,15,,,0
190001019,'1185506',2003,,6870,15,,,0
190001019,'1185515',1246,,6871,15,,,0
190001019,'1185532',1000,,6872,15,,,0
190001019,'1185537',2419,,6873,15,,,0
190001019,'1185538',1203,,6874,15,,,0
190001019,'1185572',1639,,6875,15,,,0
190001019,'1185596',1631,,6876,15,,,0
190001019,'1185600',2329,,6877,15,,,0
190001019,'1185605',1724,,6878,15,,,0
190001019,'1185609',2030,,6879,15,,,0
190001019,'1185611',1046,,6880,15,,,0
190001019,'1185622',1331,,6881,15,,,0
190001019,'1185645',2144,,6882,15,,,0
190001019,'1185657',1803,,6883,15,,,0
190001019,'1185667',1202,,6884,15,,,0
190001019,'1185675',659,,6885,15,,,0
190001019,'1185709',1709,,6886,15,,,0
190001019,'1185730',1959,,6887,15,,,0
190001019,'1185739',1303,,6888,15,,,0
190001019,'1185759',1014,,6889,15,,,0
190001019,'1185760',1431,,6890,15,,,0
190001019,'1185796',1554,,6891,15,,,0
190001019,'1185810',1032,,6892,15,,,0
190001019,'1185821',2129,,6893,15,,,0
190001019,'1185844',1103,,6894,15,,,0
190001019,'1185883',645,,6895,15,,,0
190001019,'1185909',1829,,6896,15,,,0
190001019,'1185923',1216,,6897,15,,,0
190001019,'1185950',900,,6898,15,,,0
190001019,'1185966',1929,,6899,15,,,0
190001019,'1185995',803,,6900,15,,,0
190001019,'1186036',759,,6901,15,,,0
190001019,'1186040',1247,,6902,15,,,0
190001019,'1186058',2115,,6903,15,,,0
190001019,'1186059',1815,,6904,15,,,0
190001019,'1186089',2159,,6905,15,,,0
190001019,'1186104',1646,,6906,15,,,0
190001019,'1186110',1302,,6907,15,,,0
190001019,'1186115',1102,,6908,15,,,0
190001019,'1186128',1701,,6909,15,,,0
190001019,'1186133',1346,,6910,15,,,0
190001019,'1186141',1424,,6911,15,,,0
190001019,'1186145',1900,,6912,15,,,0
190001019,'1186149',1147,,6913,15,,,0
190001019,'1186152',629,,6914,15,,,0
190001019,'1186164',1703,,6915,15,,,0
190001019,'1186198',1903,,6916,15,,,0
190001019,'1186215',2403,,6917,15,,,0
190001019,'1186229',1132,,6918,15,,,0
190001019,'1186230',2303,,6919,15,,,0
190001019,'1186254',1231,,6920,15,,,0
190001019,'1186262',1716,,6921,15,,,0
190001019,'1186272',1945,,6922,15,,,0
190001019,'1186285',2045,,6923,15,,,0
190001019,'1186294',1624,,6924,15,,,0
190001019,'1186296',1003,,6925,15,,,0
190001019,'1186301',729,,6926,15,,,0
190001019,'1186318',1503,,6927,15,,,0
190001019,'1186369',1403,,6928,15,,,0
190001019,'1186371',830,,6929,15,,,0
190001019,'1186401',959,,6930,15,,,0
190001019,'1186413',2229,,6931,15,,,0
190001019,'1186456',1146,,6932,15,,,0
190001019,'1186474',1501,,6933,15,,,0
190001019,'1186503',829,,6934,15,,,0
190001019,'1186526',1401,,6935,15,,,0
190001019,'1186619',1845,,6936,15,,,0
190001019,'1186635',745,,6937,15,,,0
190001019,'1186646',1803,,6938,15,,,0
190001019,'1186716',1217,,6939,15,,,0
190001019,'1186726',1047,,6940,15,,,0
190001019,'1186728',1844,,6941,15,,,0
190001019,'1186751',1101,,6942,15,,,0
190001019,'1186788',2129,,6943,15,,,0
190001019,'1186822',1859,,6944,15,,,0
190001019,'1186846',2229,,6945,15,,,0
190001019,'1186873',1347,,6946,15,,,0
190001019,'1186889',1546,,6947,15,,,0
190001019,'1186969',1830,,6948,15,,,0
190001019,'1186979',1603,,6949,15,,,0
190001019,'1186993',1416,,6950,15,,,0
190001019,'1187001',1131,,6951,15,,,0
190001019,'1187019',1531,,6952,15,,,0
190001019,'1187056',2059,,6953,15,,,0
190001019,'1187081',1015,,6954,15,,,0
190001019,'1187092',1524,,6955,15,,,0
190001019,'1187147',2103,,6956,15,,,0
190001019,'1187150',2259,,6957,15,,,0
190001019,'1187160',929,,6958,15,,,0
190001019,'1187182',1454,,6959,15,,,0
190001019,'1187190',1332,,6960,15,,,0
190001029,'1184490',1654,,6961,11,,,0
190001029,'1184527',1155,,6962,11,,,0
190001029,'1184534',854,,6963,11,,,0
190001029,'1184609',639,,6964,11,,,0
190001029,'1184616',1040,,6965,11,,,0
190001029,'1184651',2039,,6966,11,,,0
190001029,'1184661',1625,,6967,11,,,0
190001029,'1184721',2339,,6968,11,,,0
190001029,'1184789',639,,6969,11,,,0
190001029,'1184791',2139,,6970,11,,,0
190001029,'1184794',1339,,6971,11,,,0
190001029,'1184799',1255,,6972,11,,,0
190001029,'1184802',2359,,6973,11,,,0
190001029,'1184839',824,,6974,11,,,0
190001029,'1184889',2209,,6975,11,,,0
190001029,'1184906',1240,,6976,11,,,0
190001029,'1184907',822,,6977,11,,,0
190001029,'1184944',1440,,6978,11,,,0
190001029,'1184952',922,,6979,11,,,0
190001029,'1184954',2022,,6980,11,,,0
190001029,'1184980',1954,,6981,11,,,0
190001029,'1184997',1455,,6982,11,,,0
190001029,'1185011',2222,,6983,11,,,0
190001029,'1185017',2139,,6984,11,,,0
190001029,'1185025',1354,,6985,11,,,0
190001029,'1185053',1225,,6986,11,,,0
190001029,'1185071',1655,,6987,11,,,0
190001029,'1185119',2239,,6988,11,,,0
190001029,'1185120',1624,,6989,11,,,0
190001029,'1185125',1110,,6990,11,,,0
190001029,'1185141',1222,,6991,11,,,0
190001029,'1185166',1054,,6992,11,,,0
190001029,'1185167',1754,,6993,11,,,0
190001029,'1185180',2039,,6994,11,,,0
190001029,'1185201',1824,,6995,11,,,0
190001029,'1185223',1739,,6996,11,,,0
190001029,'1185234',924,,6997,11,,,0
190001029,'1185246',709,,6998,11,,,0
190001029,'1185252',1010,,6999,11,,,0
190001029,'1185262',1254,,7000,11,,,0
190001029,'1185321',2009,,7001,11,,,0
190001029,'1185331',1924,,7002,11,,,0
190001029,'1185351',909,,7003,11,,,0
190001029,'1185355',1525,,7004,11,,,0
190001029,'1185367',909,,7005,11,,,0
190001029,'1185389',2109,,7006,11,,,0
190001029,'1185390',1809,,7007,11,,,0
190001029,'1185410',2309,,7008,11,,,0
190001029,'1185424',809,,7009,11,,,0
190001029,'1185432',739,,7010,11,,,0
190001029,'1185483',1125,,7011,11,,,0
190001029,'1185504',1610,,7012,11,,,0
190001029,'1185587',1509,,7013,11,,,0
190001029,'1185591',1325,,7014,11,,,0
190001029,'1185606',1555,,7015,11,,,0
190001029,'1185626',1839,,7016,11,,,0
190001029,'1185646',1224,,7017,11,,,0
190001029,'1185689',1510,,7018,11,,,0
190001029,'1185714',1140,,7019,11,,,0
190001029,'1185744',1355,,7020,11,,,0
190001029,'1185775',1539,,7021,11,,,0
190001029,'1185840',1822,,7022,11,,,0
190001029,'1185841',1422,,7023,11,,,0
190001029,'1185855',1409,,7024,11,,,0
190001029,'1185865',954,,7025,11,,,0
190001029,'1185898',1639,,7026,11,,,0
190001029,'1185905',1854,,7027,11,,,0
190001029,'1185932',1640,,7028,11,,,0
190001029,'1185953',722,,7029,11,,,0
190001029,'1185962',754,,7030,11,,,0
190001029,'1186000',1139,,7031,11,,,0
190001029,'1186001',724,,7032,11,,,0
190001029,'1186004',1209,,7033,11,,,0
190001029,'1186023',1239,,7034,11,,,0
190001029,'1186073',1454,,7035,11,,,0
190001029,'1186074',609,,7036,11,,,0
190001029,'1186081',939,,7037,11,,,0
190001029,'1186094',2054,,7038,11,,,0
190001029,'1186100',1724,,7039,11,,,0
190001029,'1186108',1154,,7040,11,,,0
190001029,'1186109',1709,,7041,11,,,0
190001029,'1186134',1310,,7042,11,,,0
190001029,'1186143',1410,,7043,11,,,0
190001029,'1186171',1754,,7044,11,,,0
190001029,'1186182',1024,,7045,11,,,0
190001029,'1186183',2024,,7046,11,,,0
190001029,'1186248',624,,7047,11,,,0
190001029,'1186250',1324,,7048,11,,,0
190001029,'1186255',1522,,7049,11,,,0
190001029,'1186307',1909,,7050,11,,,0
190001029,'1186324',2009,,7051,11,,,0
190001029,'1186336',654,,7052,11,,,0
190001029,'1186339',2122,,7053,11,,,0
190001029,'1186400',739,,7054,11,,,0
190001029,'1186407',1524,,7055,11,,,0
190001029,'1186448',1554,,7056,11,,,0
190001029,'1186464',1722,,7057,11,,,0
190001029,'1186468',1609,,7058,11,,,0
190001029,'1186469',1025,,7059,11,,,0
190001029,'1186472',1824,,7060,11,,,0
190001029,'1186480',1909,,7061,11,,,0
190001029,'1186542',1009,,7062,11,,,0
190001029,'1186570',839,,7063,11,,,0
190001029,'1186592',1725,,7064,11,,,0
190001029,'1186595',1922,,7065,11,,,0
190001029,'1186617',1439,,7066,11,,,0
190001029,'1186627',2124,,7067,11,,,0
190001029,'1186676',1622,,7068,11,,,0
190001029,'1186718',2309,,7069,11,,,0
190001029,'1186758',1039,,7070,11,,,0
190001029,'1186764',1109,,7071,11,,,0
190001029,'1186785',1122,,7072,11,,,0
190001029,'1186808',2239,,7073,11,,,0
190001029,'1186828',1340,,7074,11,,,0
190001029,'1186840',939,,7075,11,,,0
190001029,'1186842',1939,,7076,11,,,0
190001029,'1186847',2109,,7077,11,,,0
190001029,'1186858',1309,,7078,11,,,0
190001029,'1186862',954,,7079,11,,,0
190001029,'1186865',1424,,7080,11,,,0
190001029,'1186868',1939,,7081,11,,,0
190001029,'1186899',1809,,7082,11,,,0
190001029,'1186910',2209,,7083,11,,,0
190001029,'1186913',1322,,7084,11,,,0
190001029,'1186923',809,,7085,11,,,0
190001029,'1186934',1022,,7086,11,,,0
190001029,'1186947',709,,7087,11,,,0
190001029,'1186965',1540,,7088,11,,,0
190001029,'1186988',1055,,7089,11,,,0
190001029,'1186997',1124,,7090,11,,,0
190001029,'1187034',839,,7091,11,,,0
190001029,'1187095',2322,,7092,11,,,0
190001029,'1187119',1210,,7093,11,,,0
190001029,'1187129',1739,,7094,11,,,0
190001029,'1187140',2339,,7095,11,,,0
190001029,'1187146',1710,,7096,11,,,0
190001029,'1187167',1839,,7097,11,,,0
190001029,'1187176',1425,,7098,11,,,0
