105029,'1184521',1804,,6491,51,,,0
105029,'1184537',1334,,6492,51,,,0
105029,'1184580',917,,6493,51,,,0
105029,'1184670',1549,,6494,51,,,0
105029,'1184683',1147,,6495,51,,,0
105029,'1184808',2317,,6496,51,,,0
105029,'1184833',1019,,6497,51,,,0
105029,'1184834',2422,,6498,51,,,0
105029,'1184863',1234,,6499,51,,,0
105029,'1185104',1732,,6500,51,,,0
105029,'1185135',717,,6501,51,,,0
105029,'1185184',1332,,6502,51,,,0
105029,'1185215',1632,,6503,51,,,0
105029,'1185318',1347,,6504,51,,,0
105029,'1185332',1847,,6505,51,,,0
105029,'1185350',2017,,6506,51,,,0
105029,'1185359',2217,,6507,51,,,0
105029,'1185398',1032,,6508,51,,,0
105029,'1185412',830,,6509,51,,,0
105029,'1185440',1634,,6510,51,,,0
105029,'1185523',1432,,6511,51,,,0
105029,'1185630',2347,,6512,51,,,0
105029,'1185668',747,,6513,51,,,0
105029,'1185720',1947,,6514,51,,,0
105029,'1185827',2117,,6515,51,,,0
105029,'1185938',1449,,6516,51,,,0
105029,'1186005',1704,,6517,51,,,0
105029,'1186007',630,,6518,51,,,0
105029,'1186279',1519,,6519,51,,,0
105029,'1186282',1419,,6520,51,,,0
105029,'1186299',1532,,6521,51,,,0
105029,'1186335',2430,,6522,51,,,0
105029,'1186345',2147,,6523,51,,,0
105029,'1186387',1132,,6524,51,,,0
105029,'1186470',1119,,6525,51,,,0
105029,'1186485',2230,,6526,51,,,0
105029,'1186492',947,,6527,51,,,0
105029,'1186520',1747,,6528,51,,,0
105029,'1186715',747,,6529,51,,,0
105029,'1186740',1232,,6530,51,,,0
105029,'1186861',647,,6531,51,,,0
105029,'1186874',1734,,6532,51,,,0
105029,'1186924',1832,,6533,51,,,0
105029,'1187005',817,,6534,51,,,0
105029,'1187093',1547,,6535,51,,,0
105029,'1187132',2030,,6536,51,,,0
