105029,'1190637',841,,9337,74,,,0
105029,'1190832',728,,9338,74,,,0
105029,'1190854',1531,,9339,74,,,0
105029,'1190856',1346,,9340,74,,,0
105029,'1190924',2433,,9341,74,,,0
105029,'1190926',1443,,9342,74,,,0
105029,'1190965',1501,,9343,74,,,0
105029,'1190981',658,,9344,74,,,0
105029,'1191222',2241,,9345,74,,,0
105029,'1191223',1716,,9346,74,,,0
105029,'1191285',2028,,9347,74,,,0
105029,'1191307',1601,,9348,74,,,0
105029,'1191404',1543,,9349,74,,,0
105029,'1191423',1431,,9350,74,,,0
105029,'1191572',1043,,9351,74,,,0
105029,'1191670',1800,,9352,74,,,0
105029,'1191739',1816,,9353,74,,,0
105029,'1191784',1343,,9354,74,,,0
105029,'1191846',1031,,9355,74,,,0
105029,'1191848',1246,,9356,74,,,0
105029,'1191910',2441,,9357,74,,,0
105029,'1191936',1600,,9358,74,,,0
105029,'1192016',758,,9359,74,,,0
105029,'1192019',1843,,9360,74,,,0
105029,'1192058',2400,,9361,74,,,0
105029,'1192150',800,,9362,74,,,0
105029,'1192180',2000,,9363,74,,,0
105029,'1192198',2328,,9364,74,,,0
105029,'1192205',641,,9365,74,,,0
105029,'1192224',1646,,9366,74,,,0
105029,'1192338',1858,,9367,74,,,0
105029,'1192379',2128,,9368,74,,,0
105029,'1192463',1400,,9369,74,,,0
105029,'1192488',1143,,9370,74,,,0
105029,'1192491',828,,9371,74,,,0
105029,'1192500',928,,9372,74,,,0
105029,'1192511',2041,,9373,74,,,0
105029,'1192662',1643,,9374,74,,,0
105029,'1192694',1131,,9375,74,,,0
105029,'1192728',2200,,9376,74,,,0
105029,'1193038',1243,,9377,74,,,0
105029,'1193130',1200,,9378,74,,,0
105029,'1193181',1743,,9379,74,,,0
105029,'1193225',1746,,9380,74,,,0
105029,'1193234',1000,,9381,74,,,0
105029,'1193316',2228,,9382,74,,,0
