105029,'1184521',1802,,6491,48,,,0
105029,'1184537',1332,,6492,48,,,0
105029,'1184580',915,,6493,48,,,0
105029,'1184670',1547,,6494,48,,,0
105029,'1184683',1145,,6495,48,,,0
105029,'1184808',2315,,6496,48,,,0
105029,'1184833',1017,,6497,48,,,0
105029,'1184834',2420,,6498,48,,,0
105029,'1184863',1232,,6499,48,,,0
105029,'1185104',1730,,6500,48,,,0
105029,'1185135',715,,6501,48,,,0
105029,'1185184',1330,,6502,48,,,0
105029,'1185215',1630,,6503,48,,,0
105029,'1185318',1345,,6504,48,,,0
105029,'1185332',1845,,6505,48,,,0
105029,'1185350',2015,,6506,48,,,0
105029,'1185359',2215,,6507,48,,,0
105029,'1185398',1030,,6508,48,,,0
105029,'1185412',828,,6509,48,,,0
105029,'1185440',1632,,6510,48,,,0
105029,'1185523',1430,,6511,48,,,0
105029,'1185630',2345,,6512,48,,,0
105029,'1185668',745,,6513,48,,,0
105029,'1185720',1945,,6514,48,,,0
105029,'1185827',2115,,6515,48,,,0
105029,'1185938',1447,,6516,48,,,0
105029,'1186005',1702,,6517,48,,,0
105029,'1186007',628,,6518,48,,,0
105029,'1186279',1517,,6519,48,,,0
105029,'1186282',1417,,6520,48,,,0
105029,'1186299',1530,,6521,48,,,0
105029,'1186335',2428,,6522,48,,,0
105029,'1186345',2145,,6523,48,,,0
105029,'1186387',1130,,6524,48,,,0
105029,'1186470',1117,,6525,48,,,0
105029,'1186485',2228,,6526,48,,,0
105029,'1186492',945,,6527,48,,,0
105029,'1186520',1745,,6528,48,,,0
105029,'1186715',745,,6529,48,,,0
105029,'1186740',1230,,6530,48,,,0
105029,'1186861',645,,6531,48,,,0
105029,'1186874',1732,,6532,48,,,0
105029,'1186924',1830,,6533,48,,,0
105029,'1187005',815,,6534,48,,,0
105029,'1187093',1545,,6535,48,,,0
105029,'1187132',2028,,6536,48,,,0
