105019,'1184475',1838,,6445,29,,,0
105019,'1184709',1808,,6446,29,,,0
105019,'1184754',1102,,6447,29,,,0
105019,'1184819',750,,6448,29,,,0
105019,'1184825',2247,,6449,29,,,0
105019,'1184879',1453,,6450,29,,,0
105019,'1184888',950,,6451,29,,,0
105019,'1184928',1202,,6452,29,,,0
105019,'1184969',2300,,6453,29,,,0
105019,'1185022',2100,,6454,29,,,0
105019,'1185176',647,,6455,29,,,0
105019,'1185212',617,,6456,29,,,0
105019,'1185354',1902,,6457,29,,,0
105019,'1185498',1917,,6458,29,,,0
105019,'1185528',2019,,6459,29,,,0
105019,'1185550',1402,,6460,29,,,0
105019,'1185555',2219,,6461,29,,,0
105019,'1185569',1738,,6462,29,,,0
105019,'1185641',850,,6463,29,,,0
105019,'1185643',1819,,6464,29,,,0
105019,'1185695',1308,,6465,29,,,0
105019,'1185708',2047,,6466,29,,,0
105019,'1185807',1619,,6467,29,,,0
105019,'1185822',1302,,6468,29,,,0
105019,'1185894',1153,,6469,29,,,0
105019,'1186015',1408,,6470,29,,,0
105019,'1186061',1553,,6471,29,,,0
105019,'1186284',1419,,6472,29,,,0
105019,'1186380',1053,,6473,29,,,0
105019,'1186411',1219,,6474,29,,,0
105019,'1186477',1623,,6475,29,,,0
105019,'1186479',1019,,6476,29,,,0
105019,'1186519',1702,,6477,29,,,0
105019,'1186601',1708,,6478,29,,,0
105019,'1186602',720,,6479,29,,,0
105019,'1186613',819,,6480,29,,,0
105019,'1186624',1602,,6481,29,,,0
105019,'1186706',1802,,6482,29,,,0
105019,'1186813',900,,6483,29,,,0
105019,'1186864',2347,,6484,29,,,0
105019,'1186870',547,,6485,29,,,0
105019,'1186896',820,,6486,29,,,0
105019,'1187008',700,,6487,29,,,0
105019,'1187009',2147,,6488,29,,,0
105019,'1187061',1523,,6489,29,,,0
105019,'1187069',1502,,6490,29,,,0
