14019,'1190713',1351,,8090,15,,,0
14019,'1190728',1448,,8091,15,,,0
14019,'1190978',1651,,8092,15,,,0
14019,'1191058',2249,,8093,15,,,0
14019,'1191091',1648,,8094,15,,,0
14019,'1191115',750,,8095,15,,,0
14019,'1191156',1521,,8096,15,,,0
14019,'1191182',1248,,8097,15,,,0
14019,'1191216',1351,,8098,15,,,0
14019,'1191274',1348,,8099,15,,,0
14019,'1191284',2348,,8100,15,,,0
14019,'1191353',1848,,8101,15,,,0
14019,'1191434',949,,8102,15,,,0
14019,'1191451',950,,8103,15,,,0
14019,'1191488',1251,,8104,15,,,0
14019,'1191517',650,,8105,15,,,0
14019,'1191609',2320,,8106,15,,,0
14019,'1191614',1820,,8107,15,,,0
14019,'1191636',1751,,8108,15,,,0
14019,'1191714',1151,,8109,15,,,0
14019,'1191747',1451,,8110,15,,,0
14019,'1191757',920,,8111,15,,,0
14019,'1191841',749,,8112,15,,,0
14019,'1191852',1920,,8113,15,,,0
14019,'1191970',2149,,8114,15,,,0
14019,'1191991',2049,,8115,15,,,0
14019,'1191996',948,,8116,15,,,0
14019,'1192119',2220,,8117,15,,,0
14019,'1192156',1551,,8118,15,,,0
14019,'1192290',2248,,8119,15,,,0
14019,'1192324',2148,,8120,15,,,0
14019,'1192341',720,,8121,15,,,0
14019,'1192355',1748,,8122,15,,,0
14019,'1192458',848,,8123,15,,,0
14019,'1192538',1651,,8124,15,,,0
14019,'1192564',2349,,8125,15,,,0
14019,'1192566',1948,,8126,15,,,0
14019,'1192675',1148,,8127,15,,,0
14019,'1192682',1548,,8128,15,,,0
14019,'1192692',1048,,8129,15,,,0
14019,'1192713',1849,,8130,15,,,0
14019,'1192727',1251,,8131,15,,,0
14019,'1192788',1451,,8132,15,,,0
14019,'1192791',1151,,8133,15,,,0
14019,'1192803',820,,8134,15,,,0
14019,'1192827',2048,,8135,15,,,0
14019,'1192837',850,,8136,15,,,0
14019,'1192840',1621,,8137,15,,,0
14019,'1192863',2120,,8138,15,,,0
14019,'1192916',1949,,8139,15,,,0
14019,'1192927',849,,8140,15,,,0
14019,'1192946',2020,,8141,15,,,0
14019,'1192962',1051,,8142,15,,,0
14019,'1192987',1751,,8143,15,,,0
14019,'1193071',1051,,8144,15,,,0
14019,'1193088',1721,,8145,15,,,0
14019,'1193127',1551,,8146,15,,,0
14019,'1193190',649,,8147,15,,,0
14019,'1193242',748,,8148,15,,,0
