104029,'1190618',1419,,9248,32,,,0
104029,'1190628',1808,,9249,32,,,0
104029,'1190725',808,,9250,32,,,0
104029,'1190754',1038,,9251,32,,,0
104029,'1190787',1308,,9252,32,,,0
104029,'1190793',1837,,9253,32,,,0
104029,'1190961',1653,,9254,32,,,0
104029,'1191015',1549,,9255,32,,,0
104029,'1191060',1008,,9256,32,,,0
104029,'1191138',808,,9257,32,,,0
104029,'1191264',2307,,9258,32,,,0
104029,'1191265',923,,9259,32,,,0
104029,'1191297',652,,9260,32,,,0
104029,'1191332',1634,,9261,32,,,0
104029,'1191339',837,,9262,32,,,0
104029,'1191360',1538,,9263,32,,,0
104029,'1191502',1423,,9264,32,,,0
104029,'1191606',1608,,9265,32,,,0
104029,'1191664',2038,,9266,32,,,0
104029,'1191668',2153,,9267,32,,,0
104029,'1191699',807,,9268,32,,,0
104029,'1191901',2007,,9269,32,,,0
104029,'1191931',607,,9270,32,,,0
104029,'1192136',1208,,9271,32,,,0
104029,'1192243',1808,,9272,32,,,0
104029,'1192264',1719,,9273,32,,,0
104029,'1192282',1408,,9274,32,,,0
104029,'1192296',2208,,9275,32,,,0
104029,'1192329',722,,9276,32,,,0
104029,'1192460',1037,,9277,32,,,0
104029,'1192482',1504,,9278,32,,,0
104029,'1192831',1923,,9279,32,,,0
104029,'1192874',1752,,9280,32,,,0
104029,'1192986',2008,,9281,32,,,0
104029,'1192990',653,,9282,32,,,0
104029,'1193096',952,,9283,32,,,0
104029,'1193112',922,,9284,32,,,0
104029,'1193117',1204,,9285,32,,,0
104029,'1193136',2308,,9286,32,,,0
104029,'1193149',1334,,9287,32,,,0
104029,'1193215',1249,,9288,32,,,0
104029,'1193253',2137,,9289,32,,,0
104029,'1193281',1153,,9290,32,,,0
