24019,'1190647',1208,,8361,9,,,0
24019,'1190820',2221,,8362,9,,,0
24019,'1190955',1221,,8363,9,,,0
24019,'1191020',1821,,8364,9,,,0
24019,'1191048',606,,8365,9,,,0
24019,'1191082',2136,,8366,9,,,0
24019,'1191122',921,,8367,9,,,0
24019,'1191137',1538,,8368,9,,,0
24019,'1191141',1308,,8369,9,,,0
24019,'1191142',1408,,8370,9,,,0
24019,'1191189',1121,,8371,9,,,0
24019,'1191200',1421,,8372,9,,,0
24019,'1191201',1507,,8373,9,,,0
24019,'1191254',2036,,8374,9,,,0
24019,'1191255',1606,,8375,9,,,0
24019,'1191295',1906,,8376,9,,,0
24019,'1191375',1621,,8377,9,,,0
24019,'1191467',2021,,8378,9,,,0
24019,'1191545',2206,,8379,9,,,0
24019,'1191590',1107,,8380,9,,,0
24019,'1191601',806,,8381,9,,,0
24019,'1191611',1936,,8382,9,,,0
24019,'1191656',1207,,8383,9,,,0
24019,'1191707',706,,8384,9,,,0
24019,'1191927',2236,,8385,9,,,0
24019,'1191942',821,,8386,9,,,0
24019,'1191985',1608,,8387,9,,,0
24019,'1191988',2006,,8388,9,,,0
24019,'1192102',1407,,8389,9,,,0
24019,'1192138',1307,,8390,9,,,0
24019,'1192200',1921,,8391,9,,,0
24019,'1192209',907,,8392,9,,,0
24019,'1192254',2121,,8393,9,,,0
24019,'1192304',1021,,8394,9,,,0
24019,'1192332',906,,8395,9,,,0
24019,'1192336',2356,,8396,9,,,0
24019,'1192345',1836,,8397,9,,,0
24019,'1192408',1638,,8398,9,,,0
24019,'1192447',1438,,8399,9,,,0
24019,'1192465',2321,,8400,9,,,0
24019,'1192487',1708,,8401,9,,,0
24019,'1192521',806,,8402,9,,,0
24019,'1192603',636,,8403,9,,,0
24019,'1192660',706,,8404,9,,,0
24019,'1192685',2306,,8405,9,,,0
24019,'1192701',1508,,8406,9,,,0
24019,'1192775',1521,,8407,9,,,0
24019,'1192783',736,,8408,9,,,0
24019,'1192879',1806,,8409,9,,,0
24019,'1192911',936,,8410,9,,,0
24019,'1192935',1738,,8411,9,,,0
24019,'1192952',721,,8412,9,,,0
24019,'1192971',2106,,8413,9,,,0
24019,'1193011',1321,,8414,9,,,0
24019,'1193067',836,,8415,9,,,0
24019,'1193077',1007,,8416,9,,,0
24019,'1193097',1721,,8417,9,,,0
24019,'1193230',1706,,8418,9,,,0
24019,'1193296',1108,,8419,9,,,0
24019,'1193299',1006,,8420,9,,,0
