13029,'1190748',1602,,8029,22,,,0
13029,'1190784',1804,,8030,22,,,0
13029,'1190796',2131,,8031,22,,,0
13029,'1190929',1101,,8032,22,,,0
13029,'1190969',1031,,8033,22,,,0
13029,'1191018',1301,,8034,22,,,0
13029,'1191033',631,,8035,22,,,0
13029,'1191057',1801,,8036,22,,,0
13029,'1191072',2101,,8037,22,,,0
13029,'1191114',1304,,8038,22,,,0
13029,'1191152',2201,,8039,22,,,0
13029,'1191172',801,,8040,22,,,0
13029,'1191186',1504,,8041,22,,,0
13029,'1191234',2401,,8042,22,,,0
13029,'1191244',2301,,8043,22,,,0
13029,'1191326',2101,,8044,22,,,0
13029,'1191368',1634,,8045,22,,,0
13029,'1191623',1204,,8046,22,,,0
13029,'1191693',1702,,8047,22,,,0
13029,'1191716',801,,8048,22,,,0
13029,'1191725',701,,8049,22,,,0
13029,'1191812',701,,8050,22,,,0
13029,'1191861',2001,,8051,22,,,0
13029,'1191866',801,,8052,22,,,0
13029,'1191929',1604,,8053,22,,,0
13029,'1191941',1901,,8054,22,,,0
13029,'1191987',1502,,8055,22,,,0
13029,'1192037',1401,,8056,22,,,0
13029,'1192114',2001,,8057,22,,,0
13029,'1192117',901,,8058,22,,,0
13029,'1192120',1402,,8059,22,,,0
13029,'1192134',2301,,8060,22,,,0
13029,'1192157',1001,,8061,22,,,0
13029,'1192158',1501,,8062,22,,,0
13029,'1192164',901,,8063,22,,,0
13029,'1192190',1201,,8064,22,,,0
13029,'1192202',2201,,8065,22,,,0
13029,'1192230',1404,,8066,22,,,0
13029,'1192308',1901,,8067,22,,,0
13029,'1192320',831,,8068,22,,,0
13029,'1192403',932,,8069,22,,,0
13029,'1192519',1601,,8070,22,,,0
13029,'1192654',1734,,8071,22,,,0
13029,'1192739',2231,,8072,22,,,0
13029,'1192740',2331,,8073,22,,,0
13029,'1192743',1101,,8074,22,,,0
13029,'1192770',1701,,8075,22,,,0
13029,'1192773',1704,,8076,22,,,0
13029,'1192843',2401,,8077,22,,,0
13029,'1192910',1001,,8078,22,,,0
13029,'1192970',1535,,8079,23,,,0
13029,'1192977',1931,,8080,22,,,0
13029,'1193002',1202,,8081,22,,,0
13029,'1193005',1105,,8082,22,,,0
13029,'1193028',1831,,8083,22,,,0
13029,'1193062',731,,8084,22,,,0
13029,'1193086',2031,,8085,22,,,0
13029,'1193110',1802,,8086,22,,,0
13029,'1193245',1002,,8087,22,,,0
13029,'1193295',1302,,8088,22,,,0
13029,'1193310',902,,8089,22,,,0
101019,'1190633',1215,,8977,55,,,0
101019,'1190779',1352,,8978,55,,,0
101019,'1190804',1153,,8979,55,,,0
101019,'1190956',2152,,8980,55,,,0
101019,'1191198',615,,8981,55,,,0
101019,'1191312',953,,8982,55,,,0
101019,'1191333',2315,,8983,55,,,0
101019,'1191377',1552,,8984,55,,,0
101019,'1191380',2153,,8985,55,,,0
101019,'1191432',1752,,8986,55,,,0
101019,'1191480',1417,,8987,55,,,0
101019,'1191543',1953,,8988,55,,,0
101019,'1191977',1353,,8989,55,,,0
101019,'1192063',915,,8990,55,,,0
101019,'1192135',1115,,8991,55,,,0
101019,'1192166',1915,,8992,55,,,0
101019,'1192271',1015,,8993,55,,,0
101019,'1192368',1553,,8994,55,,,0
101019,'1192448',952,,8995,55,,,0
101019,'1192613',815,,8996,55,,,0
101019,'1192782',1717,,8997,55,,,0
101019,'1192859',1152,,8998,55,,,0
101019,'1192896',1952,,8999,55,,,0
101019,'1192902',753,,9000,55,,,0
101019,'1192958',2114,,9001,55,,,0
101019,'1192961',752,,9002,55,,,0
101019,'1192963',2352,,9003,55,,,0
101019,'1193022',1517,,9004,55,,,0
101019,'1193099',1753,,9005,55,,,0
101019,'1193164',1617,,9006,55,,,0
101019,'1193193',1817,,9007,55,,,0
