20019,'1190619',644,,8208,14,,,0
20019,'1190641',1715,,8209,14,,,0
20019,'1190738',614,,8210,14,,,0
20019,'1190758',1645,,8211,14,,,0
20019,'1190774',1845,,8212,14,,,0
20019,'1190805',1415,,8213,14,,,0
20019,'1190807',1538,,8214,14,,,0
20019,'1190842',938,,8215,14,,,0
20019,'1190858',2344,,8216,14,,,0
20019,'1190934',1738,,8217,14,,,0
20019,'1190997',815,,8218,14,,,0
20019,'1191053',844,,8219,14,,,0
20019,'1191089',2145,,8220,14,,,0
20019,'1191136',1915,,8221,14,,,0
20019,'1191180',1344,,8222,14,,,0
20019,'1191184',2238,,8223,14,,,0
20019,'1191306',715,,8224,14,,,0
20019,'1191365',2115,,8225,14,,,0
20019,'1191367',2045,,8226,14,,,0
20019,'1191384',1038,,8227,14,,,0
20019,'1191430',1544,,8228,14,,,0
20019,'1191441',1745,,8229,14,,,0
20019,'1191475',1838,,8230,14,,,0
20019,'1191503',944,,8231,14,,,0
20019,'1191504',1938,,8232,14,,,0
20019,'1191515',644,,8233,14,,,0
20019,'1191641',1815,,8234,14,,,0
20019,'1191710',2138,,8235,14,,,0
20019,'1191735',1945,,8236,14,,,0
20019,'1191765',1044,,8237,14,,,0
20019,'1191794',838,,8238,14,,,0
20019,'1191882',2245,,8239,14,,,0
20019,'1191930',1644,,8240,14,,,0
20019,'1191994',1115,,8241,14,,,0
20019,'1192132',1315,,8242,14,,,0
20019,'1192365',1744,,8243,14,,,0
20019,'1192376',1215,,8244,14,,,0
20019,'1192411',1338,,8245,14,,,0
20019,'1192417',1438,,8246,14,,,0
20019,'1192420',1238,,8247,14,,,0
20019,'1192518',745,,8248,14,,,0
20019,'1192652',2338,,8249,14,,,0
20019,'1192666',2038,,8250,14,,,0
20019,'1192708',738,,8251,14,,,0
20019,'1192714',1144,,8252,14,,,0
20019,'1192729',1015,,8253,14,,,0
20019,'1192784',2215,,8254,14,,,0
20019,'1192905',1615,,8255,14,,,0
20019,'1192913',1138,,8256,14,,,0
20019,'1192933',2015,,8257,14,,,0
20019,'1193041',2315,,8258,14,,,0
20019,'1193116',2415,,8259,14,,,0
20019,'1193175',744,,8260,14,,,0
20019,'1193197',915,,8261,14,,,0
20019,'1193231',1244,,8262,14,,,0
20019,'1193236',1444,,8263,14,,,0
20019,'1193271',1638,,8264,14,,,0
20019,'1193274',1515,,8265,14,,,0
