3019,'1184522',1817,,4586,26,,,0
3019,'1184561',1132,,4587,26,,,0
3019,'1184608',2317,,4588,26,,,0
3019,'1184631',1147,,4589,26,,,0
3019,'1184649',1717,,4590,26,,,0
3019,'1184676',2406,,4591,26,,,0
3019,'1184760',1917,,4592,26,,,0
3019,'1184770',1517,,4593,26,,,0
3019,'1184856',1417,,4594,26,,,0
3019,'1184874',1247,,4595,26,,,0
3019,'1184909',847,,4596,26,,,0
3019,'1184934',2017,,4597,26,,,0
3019,'1185010',1817,,4598,26,,,0
3019,'1185056',1117,,4599,26,,,0
3019,'1185058',917,,4600,26,,,0
3019,'1185078',1532,,4601,26,,,0
3019,'1185117',717,,4602,26,,,0
3019,'1185259',2032,,4603,26,,,0
3019,'1185268',1832,,4604,26,,,0
3019,'1185374',1232,,4605,26,,,0
3019,'1185375',1717,,4606,26,,,0
3019,'1185395',1432,,4607,26,,,0
3019,'1185421',1747,,4608,26,,,0
3019,'1185443',1647,,4609,26,,,0
3019,'1185451',1932,,4610,26,,,0
3019,'1185561',1617,,4611,26,,,0
3019,'1185578',2017,,4612,26,,,0
3019,'1185590',1417,,4613,26,,,0
3019,'1185597',917,,4614,26,,,0
3019,'1185658',2316,,4615,26,,,0
3019,'1185673',932,,4616,26,,,0
3019,'1185706',1347,,4617,26,,,0
3019,'1185767',2117,,4618,26,,,0
3019,'1185843',947,,4619,26,,,0
3019,'1185867',1317,,4620,26,,,0
3019,'1185911',817,,4622,26,,,0
3019,'1185927',1447,,4623,26,,,0
3019,'1185935',2217,,4624,26,,,0
3019,'1185955',2417,,4625,26,,,0
3019,'1185979',1517,,4626,26,,,0
3019,'1186113',1047,,4627,26,,,0
3019,'1186177',647,,4628,26,,,0
3019,'1186216',1017,,4629,26,,,0
3019,'1186304',817,,4630,26,,,0
3019,'1186382',1732,,4631,26,,,0
3019,'1186397',1032,,4632,26,,,0
3019,'1186501',1547,,4633,26,,,0
3019,'1186510',1332,,4634,26,,,0
3019,'1186516',2117,,4635,26,,,0
3019,'1186518',747,,4636,26,,,0
3019,'1186571',2332,,4637,26,,,0
3019,'1186582',1632,,4638,26,,,0
3019,'1186631',2132,,4639,26,,,0
3019,'1186666',2217,,4640,26,,,0
3019,'1186700',832,,4641,26,,,0
3019,'1186762',1217,,4642,26,,,0
3019,'1186821',1117,,4644,26,,,0
3019,'1186832',2232,,4645,26,,,0
3019,'1186834',1917,,4646,26,,,0
3019,'1186857',1317,,4647,26,,,0
3019,'1186867',732,,4648,26,,,0
3019,'1186883',1017,,4649,26,,,0
3019,'1186894',717,,4650,26,,,0
3019,'1187105',1217,,4651,26,,,0
3019,'1187174',1617,,4652,26,,,0
