105019,'1190616',2226,,9291,43,,,0
105019,'1190769',1416,,9292,43,,,0
105019,'1190825',1626,,9293,43,,,0
105019,'1190865',1816,,9294,43,,,0
105019,'1190975',1846,,9295,43,,,0
105019,'1190992',1809,,9296,43,,,0
105019,'1190998',1209,,9297,43,,,0
105019,'1191007',1716,,9298,43,,,0
105019,'1191038',1509,,9299,43,,,0
105019,'1191063',958,,9300,43,,,0
105019,'1191065',1316,,9301,43,,,0
105019,'1191145',654,,9302,43,,,0
105019,'1191217',2307,,9303,43,,,0
105019,'1191294',1409,,9304,43,,,0
105019,'1191329',907,,9305,43,,,0
105019,'1191413',1026,,9306,43,,,0
105019,'1191457',1309,,9307,43,,,0
105019,'1191557',858,,9308,43,,,0
105019,'1191709',758,,9309,43,,,0
105019,'1191750',2254,,9310,43,,,0
105019,'1191859',707,,9311,43,,,0
105019,'1191891',1746,,9312,43,,,0
105019,'1192052',1909,,9313,43,,,0
105019,'1192113',624,,9314,43,,,0
105019,'1192142',1609,,9315,43,,,0
105019,'1192176',826,,9316,43,,,0
105019,'1192218',2354,,9317,43,,,0
105019,'1192236',1426,,9318,43,,,0
105019,'1192248',2054,,9319,43,,,0
105019,'1192267',1709,,9320,43,,,0
105019,'1192318',1109,,9321,43,,,0
105019,'1192337',1631,,9322,43,,,0
105019,'1192353',1501,,9323,43,,,0
105019,'1192579',1201,,9324,43,,,0
105019,'1192586',1226,,9325,43,,,0
105019,'1192598',2026,,9326,43,,,0
105019,'1192614',728,,9327,43,,,0
105019,'1192661',2154,,9328,43,,,0
105019,'1192725',1531,,9329,43,,,0
105019,'1192735',1924,,9330,43,,,0
105019,'1192821',2107,,9331,43,,,0
105019,'1192836',1826,,9332,43,,,0
105019,'1192847',554,,9333,43,,,0
105019,'1192875',1601,,9334,43,,,0
105019,'1193045',828,,9335,43,,,0
105019,'1193298',1101,,9336,43,,,0
