12029,'1190603',1237,,7896,40,,,0
12029,'1190623',939,,7897,40,,,0
12029,'1190638',1839,,7898,40,,,0
12029,'1190684',2237,,7899,40,,,0
12029,'1190691',2109,,7900,40,,,0
12029,'1190731',1640,,7901,40,,,0
12029,'1190743',1939,,7902,40,,,0
12029,'1190753',2137,,7903,40,,,0
12029,'1190777',810,,7904,40,,,0
12029,'1190812',2309,,7905,40,,,0
12029,'1190880',2209,,7906,40,,,0
12029,'1190932',1437,,7907,40,,,0
12029,'1190940',1809,,7908,40,,,0
12029,'1191029',1410,,7909,40,,,0
12029,'1191043',1740,,7910,40,,,0
12029,'1191093',1710,,7911,40,,,0
12029,'1191133',1110,,7912,40,,,0
12029,'1191256',937,,7913,40,,,0
12029,'1191281',1140,,7914,40,,,0
12029,'1191303',840,,7915,40,,,0
12029,'1191335',1640,,7916,40,,,0
12029,'1191382',1110,,7917,40,,,0
12029,'1191410',1710,,7918,40,,,0
12029,'1191500',1210,,7919,40,,,0
12029,'1191501',2037,,7920,40,,,0
12029,'1191528',1440,,7921,40,,,0
12029,'1191555',2139,,7922,40,,,0
12029,'1191588',2414,,7923,40,,,0
12029,'1191595',1340,,7924,40,,,0
12029,'1191653',640,,7925,40,,,0
12029,'1191692',837,,7926,40,,,0
12029,'1191696',1937,,7927,40,,,0
12029,'1191708',2039,,7928,40,,,0
12029,'1191789',1537,,7929,40,,,0
12029,'1191811',1137,,7930,40,,,0
12029,'1191813',940,,7931,40,,,0
12029,'1191831',1037,,7932,40,,,0
12029,'1191874',1410,,7933,40,,,0
12029,'1191998',1740,,7934,40,,,0
12029,'1192059',2337,,7935,40,,,0
12029,'1192129',1837,,7936,40,,,0
12029,'1192133',1140,,7937,40,,,0
12029,'1192152',1610,,7938,40,,,0
12029,'1192260',910,,7939,40,,,0
12029,'1192279',1310,,7940,40,,,0
12029,'1192294',737,,7941,40,,,0
12029,'1192306',1010,,7942,40,,,0
12029,'1192361',1310,,7943,40,,,0
12029,'1192410',839,,7944,40,,,0
12029,'1192567',1240,,7945,40,,,0
12029,'1192578',1637,,7946,40,,,0
12029,'1192673',1210,,7947,40,,,0
12029,'1192741',1440,,7948,40,,,0
12029,'1192809',710,,7949,40,,,0
12029,'1192877',2339,,7950,40,,,0
12029,'1192898',1510,,7951,40,,,0
12029,'1192950',740,,7952,40,,,0
12029,'1193043',739,,7953,40,,,0
12029,'1193053',1040,,7954,40,,,0
12029,'1193054',2009,,7955,40,,,0
12029,'1193056',1610,,7956,40,,,0
12029,'1193058',1337,,7957,40,,,0
12029,'1193093',1737,,7958,40,,,0
12029,'1193102',1540,,7959,40,,,0
12029,'1193103',1510,,7960,40,,,0
12029,'1193156',1040,,7961,40,,,0
12029,'1193195',1340,,7962,40,,,0
12029,'1193220',1240,,7963,40,,,0
12029,'1193227',1909,,7964,40,,,0
12029,'1193272',1540,,7965,40,,,0
12029,'1193321',2239,,7966,40,,,0
