14019,'1190713',1354,,8090,21,,,0
14019,'1190728',1451,,8091,21,,,0
14019,'1190978',1654,,8092,21,,,0
14019,'1191058',2252,,8093,21,,,0
14019,'1191091',1651,,8094,21,,,0
14019,'1191115',753,,8095,21,,,0
14019,'1191156',1524,,8096,21,,,0
14019,'1191182',1251,,8097,21,,,0
14019,'1191216',1354,,8098,21,,,0
14019,'1191274',1351,,8099,21,,,0
14019,'1191284',2351,,8100,21,,,0
14019,'1191353',1851,,8101,21,,,0
14019,'1191434',952,,8102,21,,,0
14019,'1191451',953,,8103,21,,,0
14019,'1191488',1254,,8104,21,,,0
14019,'1191517',653,,8105,21,,,0
14019,'1191609',2323,,8106,21,,,0
14019,'1191614',1823,,8107,21,,,0
14019,'1191636',1754,,8108,21,,,0
14019,'1191714',1154,,8109,21,,,0
14019,'1191747',1454,,8110,21,,,0
14019,'1191757',923,,8111,21,,,0
14019,'1191841',752,,8112,21,,,0
14019,'1191852',1923,,8113,21,,,0
14019,'1191970',2152,,8114,21,,,0
14019,'1191991',2052,,8115,21,,,0
14019,'1191996',951,,8116,21,,,0
14019,'1192119',2223,,8117,21,,,0
14019,'1192156',1554,,8118,21,,,0
14019,'1192290',2251,,8119,21,,,0
14019,'1192324',2151,,8120,21,,,0
14019,'1192341',723,,8121,21,,,0
14019,'1192355',1751,,8122,21,,,0
14019,'1192458',851,,8123,21,,,0
14019,'1192538',1654,,8124,21,,,0
14019,'1192564',2352,,8125,21,,,0
14019,'1192566',1951,,8126,21,,,0
14019,'1192675',1151,,8127,21,,,0
14019,'1192682',1551,,8128,21,,,0
14019,'1192692',1051,,8129,21,,,0
14019,'1192713',1852,,8130,21,,,0
14019,'1192727',1254,,8131,21,,,0
14019,'1192788',1454,,8132,21,,,0
14019,'1192791',1154,,8133,21,,,0
14019,'1192803',823,,8134,21,,,0
14019,'1192827',2051,,8135,21,,,0
14019,'1192837',853,,8136,21,,,0
14019,'1192840',1624,,8137,21,,,0
14019,'1192863',2123,,8138,21,,,0
14019,'1192916',1952,,8139,21,,,0
14019,'1192927',852,,8140,21,,,0
14019,'1192946',2023,,8141,21,,,0
14019,'1192962',1054,,8142,21,,,0
14019,'1192987',1754,,8143,21,,,0
14019,'1193071',1054,,8144,21,,,0
14019,'1193088',1724,,8145,21,,,0
14019,'1193127',1554,,8146,21,,,0
14019,'1193190',652,,8147,21,,,0
14019,'1193242',751,,8148,21,,,0
