13029,'1184622',1456,,5183,10,,,0
13029,'1184639',1054,,5184,10,,,0
13029,'1184860',1754,,5185,10,,,0
13029,'1184887',1554,,5186,10,,,0
13029,'1184913',1156,,5187,10,,,0
13029,'1184970',1954,,5188,10,,,0
13029,'1184998',954,,5189,10,,,0
13029,'1185002',1254,,5190,10,,,0
13029,'1185007',1726,,5191,10,,,0
13029,'1185049',2124,,5192,10,,,0
13029,'1185060',2324,,5193,10,,,0
13029,'1185106',2354,,5194,10,,,0
13029,'1185152',2154,,5195,10,,,0
13029,'1185240',654,,5196,10,,,0
13029,'1185250',654,,5197,10,,,0
13029,'1185280',1454,,5198,10,,,0
13029,'1185334',754,,5199,10,,,0
13029,'1185377',1256,,5200,10,,,0
13029,'1185394',754,,5201,10,,,0
13029,'1185396',2054,,5202,10,,,0
13029,'1185484',925,,5203,10,,,0
13029,'1185577',2254,,5204,10,,,0
13029,'1185580',1756,,5205,10,,,0
13029,'1185812',2154,,5206,10,,,0
13029,'1185831',2354,,5207,10,,,0
13029,'1185869',1354,,5208,10,,,0
13029,'1185917',2254,,5209,10,,,0
13029,'1185937',1656,,5210,10,,,0
13029,'1185958',824,,5211,10,,,0
13029,'1185992',2224,,5212,10,,,0
13029,'1185993',854,,5213,10,,,0
13029,'1186136',1954,,5214,10,,,0
13029,'1186246',1655,,5215,10,,,0
13029,'1186268',1924,,5216,10,,,0
13029,'1186297',1455,,5217,10,,,0
13029,'1186340',2024,,5218,10,,,0
13029,'1186403',1024,,5219,10,,,0
13029,'1186434',1356,,5220,10,,,0
13029,'1186460',1255,,5221,10,,,0
13029,'1186504',724,,5222,10,,,0
13029,'1186525',1057,,5223,10,,,0
13029,'1186673',1824,,5224,10,,,0
13029,'1186687',624,,5225,10,,,0
13029,'1186776',1555,,5226,10,,,0
13029,'1186818',955,,5227,10,,,0
13029,'1186830',1527,,5228,11,,,0
13029,'1186833',1154,,5229,10,,,0
13029,'1186836',754,,5230,10,,,0
13029,'1186866',1854,,5231,10,,,0
13029,'1186888',1854,,5232,10,,,0
13029,'1186897',2054,,5233,10,,,0
13029,'1186901',1155,,5234,10,,,0
13029,'1186955',1556,,5235,10,,,0
13029,'1186976',855,,5236,10,,,0
13029,'1186982',854,,5237,10,,,0
13029,'1186992',1755,,5238,10,,,0
13029,'1187030',1626,,5239,10,,,0
13029,'1187120',954,,5240,10,,,0
13029,'1187142',1054,,5241,10,,,0
13029,'1187159',1654,,5242,10,,,0
13029,'1187173',1355,,5243,10,,,0
