3019,'1184522',1816,,4586,25,,,0
3019,'1184561',1131,,4587,25,,,0
3019,'1184608',2316,,4588,25,,,0
3019,'1184631',1146,,4589,25,,,0
3019,'1184649',1716,,4590,25,,,0
3019,'1184676',2405,,4591,25,,,0
3019,'1184760',1916,,4592,25,,,0
3019,'1184770',1516,,4593,25,,,0
3019,'1184856',1416,,4594,25,,,0
3019,'1184874',1246,,4595,25,,,0
3019,'1184909',846,,4596,25,,,0
3019,'1184934',2016,,4597,25,,,0
3019,'1185010',1816,,4598,25,,,0
3019,'1185056',1116,,4599,25,,,0
3019,'1185058',916,,4600,25,,,0
3019,'1185078',1531,,4601,25,,,0
3019,'1185117',716,,4602,25,,,0
3019,'1185259',2031,,4603,25,,,0
3019,'1185268',1831,,4604,25,,,0
3019,'1185374',1231,,4605,25,,,0
3019,'1185375',1716,,4606,25,,,0
3019,'1185395',1431,,4607,25,,,0
3019,'1185421',1746,,4608,25,,,0
3019,'1185443',1646,,4609,25,,,0
3019,'1185451',1931,,4610,25,,,0
3019,'1185561',1616,,4611,25,,,0
3019,'1185578',2016,,4612,25,,,0
3019,'1185590',1416,,4613,25,,,0
3019,'1185597',916,,4614,25,,,0
3019,'1185658',2315,,4615,25,,,0
3019,'1185673',931,,4616,25,,,0
3019,'1185706',1346,,4617,25,,,0
3019,'1185767',2116,,4618,25,,,0
3019,'1185843',946,,4619,25,,,0
3019,'1185867',1316,,4620,25,,,0
3019,'1185911',816,,4622,25,,,0
3019,'1185927',1446,,4623,25,,,0
3019,'1185935',2216,,4624,25,,,0
3019,'1185955',2416,,4625,25,,,0
3019,'1185979',1516,,4626,25,,,0
3019,'1186113',1046,,4627,25,,,0
3019,'1186177',646,,4628,25,,,0
3019,'1186216',1016,,4629,25,,,0
3019,'1186304',816,,4630,25,,,0
3019,'1186382',1731,,4631,25,,,0
3019,'1186397',1031,,4632,25,,,0
3019,'1186501',1546,,4633,25,,,0
3019,'1186510',1331,,4634,25,,,0
3019,'1186516',2116,,4635,25,,,0
3019,'1186518',746,,4636,25,,,0
3019,'1186571',2331,,4637,25,,,0
3019,'1186582',1631,,4638,25,,,0
3019,'1186631',2131,,4639,25,,,0
3019,'1186666',2216,,4640,25,,,0
3019,'1186700',831,,4641,25,,,0
3019,'1186762',1216,,4642,25,,,0
3019,'1186821',1116,,4644,25,,,0
3019,'1186832',2231,,4645,25,,,0
3019,'1186834',1916,,4646,25,,,0
3019,'1186857',1316,,4647,25,,,0
3019,'1186867',731,,4648,25,,,0
3019,'1186883',1016,,4649,25,,,0
3019,'1186894',716,,4650,25,,,0
3019,'1187105',1216,,4651,25,,,0
3019,'1187174',1616,,4652,25,,,0
190001019,'1184477',729,,6823,13,,,0
190001019,'1184482',1300,,6824,13,,,0
190001019,'1184538',1115,,6825,13,,,0
190001019,'1184546',1515,,6826,13,,,0
190001019,'1184623',714,,6827,13,,,0
190001019,'1184628',2328,,6828,13,,,0
190001019,'1184634',1115,,6829,13,,,0
190001019,'1184636',1200,,6830,13,,,0
190001019,'1184663',1030,,6831,13,,,0
190001019,'1184686',2158,,6832,13,,,0
190001019,'1184692',2258,,6833,13,,,0
190001019,'1184712',929,,6834,13,,,0
190001019,'1184722',659,,6835,13,,,0
190001019,'1184775',1230,,6836,13,,,0
190001019,'1184788',1815,,6837,13,,,0
190001019,'1184812',1400,,6838,13,,,0
190001019,'1184822',1315,,6839,13,,,0
190001019,'1184841',1959,,6840,13,,,0
190001019,'1184844',759,,6841,13,,,0
190001019,'1184867',1615,,6842,13,,,0
190001019,'1184871',858,,6843,13,,,0
190001019,'1184891',2028,,6844,13,,,0
190001019,'1184895',1445,,6845,13,,,0
190001019,'1184915',1537,,6846,13,,,0
190001019,'1184930',1437,,6847,13,,,0
190001019,'1185008',814,,6848,13,,,0
190001019,'1185018',2358,,6849,13,,,0
190001019,'1185052',1315,,6850,13,,,0
190001019,'1185064',1745,,6851,13,,,0
190001019,'1185066',1600,,6852,13,,,0
190001019,'1185077',2014,,6853,13,,,0
190001019,'1185090',844,,6854,13,,,0
190001019,'1185150',1752,,6855,13,,,0
190001019,'1185161',1737,,6856,13,,,0
190001019,'1185178',1929,,6857,13,,,0
190001019,'1185194',2358,,6858,13,,,0
190001019,'1185221',2059,,6859,13,,,0
190001019,'1185231',1652,,6860,13,,,0
190001019,'1185242',1800,,6861,13,,,0
190001019,'1185274',1730,,6862,13,,,0
190001019,'1185329',902,,6863,13,,,0
190001019,'1185343',1607,,6864,13,,,0
190001019,'1185352',1914,,6865,13,,,0
190001019,'1185368',2202,,6866,13,,,0
190001019,'1185392',944,,6867,13,,,0
190001019,'1185448',914,,6868,13,,,0
190001019,'1185479',1507,,6869,13,,,0
190001019,'1185506',2002,,6870,13,,,0
190001019,'1185515',1245,,6871,13,,,0
190001019,'1185532',959,,6872,13,,,0
190001019,'1185537',2418,,6873,13,,,0
190001019,'1185538',1202,,6874,13,,,0
190001019,'1185572',1637,,6875,13,,,0
190001019,'1185596',1630,,6876,13,,,0
190001019,'1185600',2328,,6877,13,,,0
190001019,'1185605',1722,,6878,13,,,0
190001019,'1185609',2029,,6879,13,,,0
190001019,'1185611',1045,,6880,13,,,0
190001019,'1185622',1330,,6881,13,,,0
190001019,'1185645',2143,,6882,13,,,0
190001019,'1185657',1802,,6883,13,,,0
190001019,'1185667',1200,,6884,13,,,0
190001019,'1185675',658,,6885,13,,,0
190001019,'1185709',1707,,6886,13,,,0
190001019,'1185730',1958,,6887,13,,,0
190001019,'1185739',1302,,6888,13,,,0
190001019,'1185759',1013,,6889,13,,,0
190001019,'1185760',1430,,6890,13,,,0
190001019,'1185796',1552,,6891,13,,,0
190001019,'1185810',1030,,6892,13,,,0
190001019,'1185821',2128,,6893,13,,,0
190001019,'1185844',1102,,6894,13,,,0
190001019,'1185883',644,,6895,13,,,0
190001019,'1185909',1828,,6896,13,,,0
190001019,'1185923',1215,,6897,13,,,0
190001019,'1185950',859,,6898,13,,,0
190001019,'1185966',1928,,6899,13,,,0
190001019,'1185995',802,,6900,13,,,0
190001019,'1186036',758,,6901,13,,,0
190001019,'1186040',1245,,6902,13,,,0
190001019,'1186058',2114,,6903,13,,,0
190001019,'1186059',1814,,6904,13,,,0
190001019,'1186089',2158,,6905,13,,,0
190001019,'1186104',1645,,6906,13,,,0
190001019,'1186110',1300,,6907,13,,,0
190001019,'1186115',1100,,6908,13,,,0
190001019,'1186128',1700,,6909,13,,,0
190001019,'1186133',1345,,6910,13,,,0
190001019,'1186141',1422,,6911,13,,,0
190001019,'1186145',1859,,6912,13,,,0
190001019,'1186149',1145,,6913,13,,,0
190001019,'1186152',628,,6914,13,,,0
190001019,'1186164',1702,,6915,13,,,0
190001019,'1186198',1902,,6916,13,,,0
190001019,'1186215',2402,,6917,13,,,0
190001019,'1186229',1130,,6918,13,,,0
190001019,'1186230',2302,,6919,13,,,0
190001019,'1186254',1230,,6920,13,,,0
190001019,'1186262',1715,,6921,13,,,0
190001019,'1186272',1944,,6922,13,,,0
190001019,'1186285',2044,,6923,13,,,0
190001019,'1186294',1622,,6924,13,,,0
190001019,'1186296',1002,,6925,13,,,0
190001019,'1186301',728,,6926,13,,,0
190001019,'1186318',1502,,6927,13,,,0
190001019,'1186369',1402,,6928,13,,,0
190001019,'1186371',829,,6929,13,,,0
190001019,'1186401',958,,6930,13,,,0
190001019,'1186413',2228,,6931,13,,,0
190001019,'1186456',1145,,6932,13,,,0
190001019,'1186474',1500,,6933,13,,,0
190001019,'1186503',828,,6934,13,,,0
190001019,'1186526',1400,,6935,13,,,0
190001019,'1186619',1844,,6936,13,,,0
190001019,'1186635',744,,6937,13,,,0
190001019,'1186646',1801,,6938,13,,,0
190001019,'1186716',1215,,6939,13,,,0
190001019,'1186726',1045,,6940,13,,,0
190001019,'1186728',1843,,6941,13,,,0
190001019,'1186751',1100,,6942,13,,,0
190001019,'1186788',2128,,6943,13,,,0
190001019,'1186822',1858,,6944,13,,,0
190001019,'1186846',2228,,6945,13,,,0
190001019,'1186873',1345,,6946,13,,,0
190001019,'1186889',1545,,6947,13,,,0
190001019,'1186969',1829,,6948,13,,,0
190001019,'1186979',1602,,6949,13,,,0
190001019,'1186993',1415,,6950,13,,,0
190001019,'1187001',1130,,6951,13,,,0
190001019,'1187019',1530,,6952,13,,,0
190001019,'1187056',2058,,6953,13,,,0
190001019,'1187081',1014,,6954,13,,,0
190001019,'1187092',1522,,6955,13,,,0
190001019,'1187147',2102,,6956,13,,,0
190001019,'1187150',2258,,6957,13,,,0
190001019,'1187160',928,,6958,13,,,0
190001019,'1187182',1452,,6959,13,,,0
190001019,'1187190',1330,,6960,13,,,0
190001029,'1184490',1652,,6961,9,,,0
190001029,'1184527',1153,,6962,9,,,0
190001029,'1184534',852,,6963,9,,,0
190001029,'1184609',637,,6964,9,,,0
190001029,'1184616',1038,,6965,9,,,0
190001029,'1184651',2037,,6966,9,,,0
190001029,'1184661',1623,,6967,9,,,0
190001029,'1184721',2337,,6968,9,,,0
190001029,'1184789',637,,6969,9,,,0
190001029,'1184791',2137,,6970,9,,,0
190001029,'1184794',1337,,6971,9,,,0
190001029,'1184799',1253,,6972,9,,,0
190001029,'1184802',2357,,6973,9,,,0
190001029,'1184839',822,,6974,9,,,0
190001029,'1184889',2207,,6975,9,,,0
190001029,'1184906',1238,,6976,9,,,0
190001029,'1184907',821,,6977,9,,,0
190001029,'1184944',1438,,6978,9,,,0
190001029,'1184952',921,,6979,9,,,0
190001029,'1184954',2021,,6980,9,,,0
190001029,'1184980',1952,,6981,9,,,0
190001029,'1184997',1453,,6982,9,,,0
190001029,'1185011',2221,,6983,9,,,0
190001029,'1185017',2137,,6984,9,,,0
190001029,'1185025',1352,,6985,9,,,0
190001029,'1185053',1223,,6986,9,,,0
190001029,'1185071',1653,,6987,9,,,0
190001029,'1185119',2237,,6988,9,,,0
190001029,'1185120',1622,,6989,9,,,0
190001029,'1185125',1108,,6990,9,,,0
190001029,'1185141',1221,,6991,9,,,0
190001029,'1185166',1052,,6992,9,,,0
190001029,'1185167',1752,,6993,9,,,0
190001029,'1185180',2037,,6994,9,,,0
190001029,'1185201',1822,,6995,9,,,0
190001029,'1185223',1737,,6996,9,,,0
190001029,'1185234',922,,6997,9,,,0
190001029,'1185246',707,,6998,9,,,0
190001029,'1185252',1008,,6999,9,,,0
190001029,'1185262',1252,,7000,9,,,0
190001029,'1185321',2007,,7001,9,,,0
190001029,'1185331',1922,,7002,9,,,0
190001029,'1185351',907,,7003,9,,,0
190001029,'1185355',1523,,7004,9,,,0
190001029,'1185367',907,,7005,9,,,0
190001029,'1185389',2107,,7006,9,,,0
190001029,'1185390',1807,,7007,9,,,0
190001029,'1185410',2307,,7008,9,,,0
190001029,'1185424',807,,7009,9,,,0
190001029,'1185432',737,,7010,9,,,0
190001029,'1185483',1123,,7011,9,,,0
190001029,'1185504',1608,,7012,9,,,0
190001029,'1185587',1507,,7013,9,,,0
190001029,'1185591',1323,,7014,9,,,0
190001029,'1185606',1553,,7015,9,,,0
190001029,'1185626',1837,,7016,9,,,0
190001029,'1185646',1222,,7017,9,,,0
190001029,'1185689',1508,,7018,9,,,0
190001029,'1185714',1138,,7019,9,,,0
190001029,'1185744',1353,,7020,9,,,0
190001029,'1185775',1537,,7021,9,,,0
190001029,'1185840',1821,,7022,9,,,0
190001029,'1185841',1421,,7023,9,,,0
190001029,'1185855',1407,,7024,9,,,0
190001029,'1185865',952,,7025,9,,,0
190001029,'1185898',1637,,7026,9,,,0
190001029,'1185905',1852,,7027,9,,,0
190001029,'1185932',1638,,7028,9,,,0
190001029,'1185953',721,,7029,9,,,0
190001029,'1185962',752,,7030,9,,,0
190001029,'1186000',1137,,7031,9,,,0
190001029,'1186001',722,,7032,9,,,0
190001029,'1186004',1207,,7033,9,,,0
190001029,'1186023',1237,,7034,9,,,0
190001029,'1186073',1452,,7035,9,,,0
190001029,'1186074',607,,7036,9,,,0
190001029,'1186081',937,,7037,9,,,0
190001029,'1186094',2052,,7038,9,,,0
190001029,'1186100',1722,,7039,9,,,0
190001029,'1186108',1152,,7040,9,,,0
190001029,'1186109',1707,,7041,9,,,0
190001029,'1186134',1308,,7042,9,,,0
190001029,'1186143',1408,,7043,9,,,0
190001029,'1186171',1752,,7044,9,,,0
190001029,'1186182',1022,,7045,9,,,0
190001029,'1186183',2022,,7046,9,,,0
190001029,'1186248',622,,7047,9,,,0
190001029,'1186250',1322,,7048,9,,,0
190001029,'1186255',1521,,7049,9,,,0
190001029,'1186307',1907,,7050,9,,,0
190001029,'1186324',2007,,7051,9,,,0
190001029,'1186336',652,,7052,9,,,0
190001029,'1186339',2121,,7053,9,,,0
190001029,'1186400',737,,7054,9,,,0
190001029,'1186407',1522,,7055,9,,,0
190001029,'1186448',1552,,7056,9,,,0
190001029,'1186464',1721,,7057,9,,,0
190001029,'1186468',1607,,7058,9,,,0
190001029,'1186469',1023,,7059,9,,,0
190001029,'1186472',1822,,7060,9,,,0
190001029,'1186480',1907,,7061,9,,,0
190001029,'1186542',1007,,7062,9,,,0
190001029,'1186570',837,,7063,9,,,0
190001029,'1186592',1723,,7064,9,,,0
190001029,'1186595',1921,,7065,9,,,0
190001029,'1186617',1437,,7066,9,,,0
190001029,'1186627',2122,,7067,9,,,0
190001029,'1186676',1621,,7068,9,,,0
190001029,'1186718',2307,,7069,9,,,0
190001029,'1186758',1037,,7070,9,,,0
190001029,'1186764',1107,,7071,9,,,0
190001029,'1186785',1121,,7072,9,,,0
190001029,'1186808',2237,,7073,9,,,0
190001029,'1186828',1338,,7074,9,,,0
190001029,'1186840',937,,7075,9,,,0
190001029,'1186842',1937,,7076,9,,,0
190001029,'1186847',2107,,7077,9,,,0
190001029,'1186858',1307,,7078,9,,,0
190001029,'1186862',952,,7079,9,,,0
190001029,'1186865',1422,,7080,9,,,0
190001029,'1186868',1937,,7081,9,,,0
190001029,'1186899',1807,,7082,9,,,0
190001029,'1186910',2207,,7083,9,,,0
190001029,'1186913',1321,,7084,9,,,0
190001029,'1186923',807,,7085,9,,,0
190001029,'1186934',1021,,7086,9,,,0
190001029,'1186947',707,,7087,9,,,0
190001029,'1186965',1538,,7088,9,,,0
190001029,'1186988',1053,,7089,9,,,0
190001029,'1186997',1122,,7090,9,,,0
190001029,'1187034',837,,7091,9,,,0
190001029,'1187095',2321,,7092,9,,,0
190001029,'1187119',1208,,7093,9,,,0
190001029,'1187129',1737,,7094,9,,,0
190001029,'1187140',2337,,7095,9,,,0
190001029,'1187146',1708,,7096,9,,,0
190001029,'1187167',1837,,7097,9,,,0
190001029,'1187176',1423,,7098,9,,,0
