13019,'1184500',1328,,5121,21,,,0
13019,'1184512',1229,,5122,21,,,0
13019,'1184520',2327,,5123,21,,,0
13019,'1184594',2257,,5124,21,,,0
13019,'1184597',627,,5125,21,,,0
13019,'1184656',2227,,5126,21,,,0
13019,'1184680',2027,,5127,21,,,0
13019,'1184707',1828,,5128,21,,,0
13019,'1184739',1027,,5129,21,,,0
13019,'1184763',657,,5130,21,,,0
13019,'1184782',1029,,5131,21,,,0
13019,'1184816',757,,5132,21,,,0
13019,'1184967',1529,,5133,21,,,0
13019,'1185101',1659,,5134,21,,,0
13019,'1185148',1757,,5135,21,,,0
13019,'1185153',927,,5136,21,,,0
13019,'1185203',828,,5137,21,,,0
13019,'1185275',1628,,5138,21,,,0
13019,'1185347',2228,,5139,21,,,0
13019,'1185433',1428,,5140,21,,,0
13019,'1185449',2402,,5141,21,,,0
13019,'1185488',727,,5142,21,,,0
13019,'1185552',827,,5143,21,,,0
13019,'1185574',857,,5144,21,,,0
13019,'1185586',1128,,5145,21,,,0
13019,'1185648',1728,,5146,21,,,0
13019,'1185683',2028,,5147,21,,,0
13019,'1185762',2328,,5148,21,,,0
13019,'1185839',1428,,5150,21,,,0
13019,'1185874',2127,,5151,21,,,0
13019,'1185879',1528,,5152,21,,,0
13019,'1185882',1429,,5153,21,,,0
13019,'1185890',1729,,5154,21,,,0
13019,'1185893',1628,,5155,21,,,0
13019,'1185903',927,,5156,21,,,0
13019,'1185910',1329,,5157,21,,,0
13019,'1185915',1827,,5158,21,,,0
13019,'1185942',728,,5159,21,,,0
13019,'1185952',2057,,5160,21,,,0
13019,'1186041',2128,,5161,21,,,0
13019,'1186117',1328,,5162,21,,,0
13019,'1186127',2157,,5163,21,,,0
13019,'1186197',1128,,5164,21,,,0
13019,'1186271',1957,,5165,21,,,0
13019,'1186295',727,,5166,21,,,0
13019,'1186341',1228,,5167,21,,,0
13019,'1186370',1129,,5168,21,,,0
13019,'1186393',1528,,5169,21,,,0
13019,'1186564',1927,,5170,21,,,0
13019,'1186586',1228,,5171,21,,,0
13019,'1186730',957,,5172,21,,,0
13019,'1186805',1857,,5173,21,,,0
13019,'1186809',928,,5174,21,,,0
13019,'1186845',827,,5175,21,,,0
13019,'1186852',1728,,5176,21,,,0
13019,'1187032',1928,,5178,21,,,0
13019,'1187103',1629,,5179,21,,,0
13019,'1187170',1559,,5180,21,,,0
13019,'1187172',1459,,5181,21,,,0
13019,'1187197',1028,,5182,21,,,0
