14019,'1190713',1342,,8090,1,,,0
14019,'1190728',1440,,8091,1,,,0
14019,'1190978',1642,,8092,1,,,0
14019,'1191058',2240,,8093,1,,,0
14019,'1191091',1640,,8094,1,,,0
14019,'1191115',741,,8095,1,,,0
14019,'1191156',1512,,8096,1,,,0
14019,'1191182',1240,,8097,1,,,0
14019,'1191216',1342,,8098,1,,,0
14019,'1191274',1340,,8099,1,,,0
14019,'1191284',2340,,8100,1,,,0
14019,'1191353',1840,,8101,1,,,0
14019,'1191434',940,,8102,1,,,0
14019,'1191451',941,,8103,1,,,0
14019,'1191488',1242,,8104,1,,,0
14019,'1191517',641,,8105,1,,,0
14019,'1191609',2311,,8106,1,,,0
14019,'1191614',1811,,8107,1,,,0
14019,'1191636',1742,,8108,1,,,0
14019,'1191714',1142,,8109,1,,,0
14019,'1191747',1442,,8110,1,,,0
14019,'1191757',911,,8111,1,,,0
14019,'1191841',740,,8112,1,,,0
14019,'1191852',1911,,8113,1,,,0
14019,'1191970',2140,,8114,1,,,0
14019,'1191991',2040,,8115,1,,,0
14019,'1191996',940,,8116,1,,,0
14019,'1192119',2211,,8117,1,,,0
14019,'1192156',1542,,8118,1,,,0
14019,'1192290',2240,,8119,1,,,0
14019,'1192324',2140,,8120,1,,,0
14019,'1192341',711,,8121,1,,,0
14019,'1192355',1740,,8122,1,,,0
14019,'1192458',840,,8123,1,,,0
14019,'1192538',1642,,8124,1,,,0
14019,'1192564',2340,,8125,1,,,0
14019,'1192566',1940,,8126,1,,,0
14019,'1192675',1140,,8127,1,,,0
14019,'1192682',1540,,8128,1,,,0
14019,'1192692',1040,,8129,1,,,0
14019,'1192713',1840,,8130,1,,,0
14019,'1192727',1242,,8131,1,,,0
14019,'1192788',1442,,8132,1,,,0
14019,'1192791',1142,,8133,1,,,0
14019,'1192803',811,,8134,1,,,0
14019,'1192827',2040,,8135,1,,,0
14019,'1192837',841,,8136,1,,,0
14019,'1192840',1612,,8137,1,,,0
14019,'1192863',2111,,8138,1,,,0
14019,'1192916',1940,,8139,1,,,0
14019,'1192927',840,,8140,1,,,0
14019,'1192946',2011,,8141,1,,,0
14019,'1192962',1042,,8142,1,,,0
14019,'1192987',1742,,8143,1,,,0
14019,'1193071',1042,,8144,1,,,0
14019,'1193088',1712,,8145,1,,,0
14019,'1193127',1542,,8146,1,,,0
14019,'1193190',640,,8147,1,,,0
14019,'1193242',740,,8148,1,,,0
14029,'1190709',1909,,8149,46,4,,0
14029,'1190764',1809,,8150,46,4,,0
14029,'1190906',709,,8151,46,4,,0
14029,'1190920',2337,,8152,46,4,,0
14029,'1190927',1640,,8153,46,4,,0
14029,'1190947',2137,,8154,46,4,,0
14029,'1191037',1510,,8155,46,4,,0
14029,'1191042',1139,,8156,46,4,,0
14029,'1191055',1037,,8157,46,4,,0
14029,'1191078',839,,8158,46,4,,0
14029,'1191085',737,,8159,46,4,,0
14029,'1191268',2037,,8160,46,4,,0
14029,'1191308',1439,,8161,46,4,,0
14029,'1191322',1040,,8162,46,4,,0
14029,'1191348',1240,,8163,46,4,,0
14029,'1191415',2239,,8164,46,4,,0
14029,'1191429',1839,,8165,46,4,,0
14029,'1191444',937,,8166,46,4,,0
14029,'1191520',1440,,8167,46,4,,0
14029,'1191547',1539,,8168,46,4,,0
14029,'1191620',1939,,8169,46,4,,0
14029,'1191630',939,,8170,46,4,,0
14029,'1191685',1137,,8171,46,4,,0
14029,'1191690',1537,,8172,46,4,,0
14029,'1191718',2339,,8173,46,4,,0
14029,'1191777',939,,8174,46,4,,0
14029,'1191810',739,,8175,46,4,,0
14029,'1191843',1437,,8176,46,4,,0
14029,'1191865',809,,8177,46,4,,0
14029,'1191921',909,,8178,46,4,,0
14029,'1191937',1237,,8179,46,4,,0
14029,'1191955',839,,8180,46,4,,0
14029,'1191980',2414,,8181,46,4,,0
14029,'1192001',2309,,8182,46,4,,0
14029,'1192032',837,,8183,46,4,,0
14029,'1192051',1710,,8184,46,4,,0
14029,'1192126',2237,,8185,46,4,,0
14029,'1192347',2209,,8186,46,4,,0
14029,'1192381',1837,,8187,46,4,,0
14029,'1192383',1337,,8188,46,4,,0
14029,'1192388',639,,8189,46,4,,0
14029,'1192435',1639,,8190,46,4,,0
14029,'1192473',2039,,8191,46,4,,0
14029,'1192489',1610,,8192,46,4,,0
14029,'1192580',2139,,8193,46,4,,0
14029,'1192589',1737,,8194,46,4,,0
14029,'1192627',1339,,8195,46,4,,0
14029,'1192632',1239,,8196,46,4,,0
14029,'1192674',1540,,8197,46,4,,0
14029,'1192744',1637,,8198,46,4,,0
14029,'1192787',1937,,8199,46,4,,0
14029,'1192957',1739,,8200,46,4,,0
14029,'1193009',1740,,8201,46,4,,0
14029,'1193016',2109,,8202,46,4,,0
14029,'1193023',2009,,8203,46,4,,0
14029,'1193040',1140,,8204,46,4,,0
14029,'1193048',739,,8205,46,4,,0
14029,'1193064',1039,,8206,46,4,,0
14029,'1193291',1340,,8207,46,4,,0
28019,'1190612',2005,,8811,1,,,0
28019,'1190648',1750,,8812,1,,,0
28019,'1190664',1505,,8813,1,,,0
28019,'1190675',2105,,8814,1,,,0
28019,'1190706',2305,,8815,1,,,0
28019,'1190722',1635,,8816,1,,,0
28019,'1190756',1005,,8817,1,,,0
28019,'1190827',1850,,8818,1,,,0
28019,'1190930',1705,,8819,1,,,0
28019,'1190951',2230,,8820,1,,,0
28019,'1190952',930,,8821,1,,,0
28019,'1190995',830,,8822,1,,,0
28019,'1191000',1430,,8823,1,,,0
28019,'1191056',1450,,8824,1,,,0
28019,'1191066',1050,,8825,1,,,0
28019,'1191068',805,,8826,1,,,0
28019,'1191147',1830,,8827,1,,,0
28019,'1191153',2150,,8828,1,,,0
28019,'1191391',1835,,8829,1,,,0
28019,'1191424',835,,8830,1,,,0
28019,'1191516',650,,8831,1,,,0
28019,'1191816',1150,,8832,1,,,0
28019,'1191883',905,,8833,1,,,0
28019,'1191952',1630,,8834,1,,,0
28019,'1191965',1550,,8835,1,,,0
28019,'1191975',2030,,8836,1,,,0
28019,'1192008',1905,,8837,1,,,0
28019,'1192010',1250,,8838,1,,,0
28019,'1192015',1805,,8839,1,,,0
28019,'1192021',850,,8840,1,,,0
28019,'1192050',1030,,8841,1,,,0
28019,'1192110',2350,,8842,1,,,0
28019,'1192173',2330,,8843,1,,,0
28019,'1192287',735,,8844,1,,,0
28019,'1192288',1735,,8845,1,,,0
28019,'1192309',1605,,8846,1,,,0
28019,'1192311',1405,,8847,1,,,0
28019,'1192315',1305,,8848,1,,,0
28019,'1192316',1105,,8849,1,,,0
28019,'1192431',605,,8850,1,,,0
28019,'1192485',1930,,8851,1,,,0
28019,'1192496',2050,,8852,1,,,0
28019,'1192602',2205,,8853,1,,,0
28019,'1192636',1650,,8854,1,,,0
28019,'1192669',750,,8855,1,,,0
28019,'1192693',1530,,8856,1,,,0
28019,'1192699',1230,,8857,1,,,0
28019,'1192734',730,,8858,1,,,0
28019,'1192750',1950,,8859,1,,,0
28019,'1192815',1130,,8860,1,,,0
28019,'1192830',635,,8861,1,,,0
28019,'1192835',2130,,8862,1,,,0
28019,'1192878',1350,,8863,1,,,0
28019,'1192900',2250,,8864,1,,,0
28019,'1193052',705,,8865,1,,,0
28019,'1193108',950,,8866,1,,,0
28019,'1193124',1730,,8867,1,,,0
28019,'1193283',1205,,8868,1,,,0
28019,'1193292',1330,,8869,1,,,0
28029,'1190634',753,,8870,12,4,,0
28029,'1190661',1653,,8871,12,4,,0
28029,'1190770',2313,,8872,12,4,,0
28029,'1190803',828,,8873,12,4,,0
28029,'1190860',658,,8874,12,4,,0
28029,'1190918',1253,,8875,12,4,,0
28029,'1190970',2413,,8876,12,4,,0
28029,'1191001',1153,,8877,12,4,,0
28029,'1191052',2213,,8878,12,4,,0
28029,'1191081',1128,,8879,12,4,,0
28029,'1191179',1953,,8880,12,4,,0
28029,'1191269',2228,,8881,12,4,,0
28029,'1191271',1658,,8882,12,4,,0
28029,'1191336',813,,8883,12,4,,0
28029,'1191340',1528,,8884,12,4,,0
28029,'1191354',1514,,8885,12,4,,0
28029,'1191361',1328,,8886,12,4,,0
28029,'1191396',2028,,8887,12,4,,0
28029,'1191399',1928,,8888,12,4,,0
28029,'1191469',1858,,8889,12,4,,0
28029,'1191538',1913,,8890,12,4,,0
28029,'1191558',628,,8891,12,4,,0
28029,'1191593',2053,,8892,12,4,,0
28029,'1191761',2113,,8893,12,4,,0
28029,'1191796',1013,,8894,12,4,,0
28029,'1191802',853,,8895,12,4,,0
28029,'1191849',913,,8896,12,4,,0
28029,'1191894',858,,8897,12,4,,0
28029,'1191915',2153,,8898,12,4,,0
28029,'1191989',1758,,8899,12,4,,0
28029,'1192005',953,,8900,12,4,,0
28029,'1192036',1414,,8901,12,4,,0
28029,'1192069',1853,,8902,12,4,,0
28029,'1192124',1453,,8903,12,4,,0
28029,'1192139',1728,,8904,12,4,,0
28029,'1192188',758,,8905,12,4,,0
28029,'1192295',1753,,8906,12,4,,0
28029,'1192302',1813,,8907,12,4,,0
28029,'1192370',2353,,8908,12,4,,0
28029,'1192378',2328,,8909,12,4,,0
28029,'1192387',713,,8910,12,4,,0
28029,'1192517',1028,,8911,12,4,,0
28029,'1192556',1628,,8912,12,4,,0
28029,'1192593',1828,,8913,12,4,,0
28029,'1192638',1113,,8914,12,4,,0
28029,'1192687',2013,,8915,12,4,,0
28029,'1192748',728,,8916,12,4,,0
28029,'1192752',1713,,8917,12,4,,0
28029,'1192786',1214,,8918,12,4,,0
28029,'1192789',928,,8919,12,4,,0
28029,'1192890',1432,,8920,12,4,,0
28029,'1192951',1314,,8921,12,4,,0
28029,'1193018',1614,,8922,12,4,,0
28029,'1193050',2253,,8923,12,4,,0
28029,'1193145',1053,,8924,12,4,,0
28029,'1193148',1553,,8925,12,4,,0
28029,'1193161',1228,,8926,12,4,,0
28029,'1193213',1353,,8927,12,4,,0
28029,'1193302',2128,,8928,12,4,,0
29019,'1190655',1220,,8929,1,,,0
29019,'1190658',2320,,8930,1,,,0
29019,'1190695',1335,,8931,1,,,0
29019,'1190921',1320,,8932,1,,,0
29019,'1190990',1435,,8933,1,,,0
29019,'1191402',920,,8934,1,,,0
29019,'1191425',2120,,8935,1,,,0
29019,'1191673',1520,,8936,1,,,0
29019,'1191834',1920,,8937,1,,,0
29019,'1192098',2220,,8938,1,,,0
29019,'1192125',935,,8939,1,,,0
29019,'1192367',820,,8940,1,,,0
29019,'1192396',1535,,8941,1,,,0
29019,'1192451',1135,,8942,1,,,0
29019,'1192468',1120,,8943,1,,,0
29019,'1192512',1035,,8944,1,,,0
29019,'1192534',2020,,8945,1,,,0
29019,'1192606',1820,,8946,1,,,0
29019,'1192704',720,,8947,1,,,0
29019,'1192724',1020,,8948,1,,,0
29019,'1193069',1720,,8949,1,,,0
29019,'1193082',1420,,8950,1,,,0
29019,'1193084',1235,,8951,1,,,0
29019,'1193185',1620,,8952,1,,,0
29029,'1190887',1300,,8953,15,4,,0
29029,'1191032',1545,,8954,15,4,,0
29029,'1191529',1245,,8955,15,4,,0
29029,'1191760',844,,8956,15,4,,0
29029,'1191762',744,,8957,15,4,,0
29029,'1192140',1745,,8958,15,4,,0
29029,'1192153',1500,,8959,15,4,,0
29029,'1192199',1145,,8960,15,4,,0
29029,'1192213',1045,,8961,15,4,,0
29029,'1192256',1100,,8962,15,4,,0
29029,'1192344',1345,,8963,15,4,,0
29029,'1192543',2044,,8964,15,4,,0
29029,'1192576',1200,,8965,15,4,,0
29029,'1192590',944,,8966,15,4,,0
29029,'1192605',2244,,8967,15,4,,0
29029,'1192667',1944,,8968,15,4,,0
29029,'1192696',2344,,8969,15,4,,0
29029,'1192723',2144,,8970,15,4,,0
29029,'1192731',1600,,8971,15,4,,0
29029,'1192838',1844,,8972,15,4,,0
29029,'1192841',1400,,8973,15,4,,0
29029,'1192851',1645,,8974,15,4,,0
29029,'1192881',1000,,8975,15,4,,0
29029,'1193079',1445,,8976,15,4,,0
190001019,'1190598',1750,,9669,1,,,0
190001019,'1190613',2150,,9670,1,,,0
190001019,'1190615',905,,9671,1,,,0
190001019,'1190624',1855,,9672,1,,,0
190001019,'1190632',1525,,9673,1,,,0
190001019,'1190653',1351,,9674,1,,,0
190001019,'1190666',1255,,9675,1,,,0
190001019,'1190680',2120,,9676,1,,,0
190001019,'1190692',1521,,9677,1,,,0
190001019,'1190714',1820,,9678,1,,,0
190001019,'1190729',1621,,9679,1,,,0
190001019,'1190735',2255,,9680,1,,,0
190001019,'1190745',2155,,9681,1,,,0
190001019,'1190783',650,,9682,1,,,0
190001019,'1190786',1706,,9683,1,,,0
190001019,'1190790',1455,,9684,1,,,0
190001019,'1190808',1440,,9685,1,,,0
190001019,'1190834',1406,,9686,1,,,0
190001019,'1190840',1350,,9687,1,,,0
190001019,'1190855',1120,,9688,1,,,0
190001019,'1190862',1651,,9689,1,,,0
190001019,'1190871',920,,9690,1,,,0
190001019,'1190886',1105,,9691,1,,,0
190001019,'1190903',950,,9692,1,,,0
190001019,'1190944',1005,,9693,1,,,0
190001019,'1190949',950,,9694,1,,,0
190001019,'1190964',1036,,9695,1,,,0
190001019,'1190983',1850,,9696,1,,,0
190001019,'1190984',1220,,9697,1,,,0
190001019,'1190988',2035,,9698,1,,,0
190001019,'1190993',1135,,9699,1,,,0
190001019,'1191036',1055,,9700,1,,,0
190001019,'1191044',2135,,9701,1,,,0
190001019,'1191070',1421,,9702,1,,,0
190001019,'1191112',1950,,9703,1,,,0
190001019,'1191119',2020,,9704,1,,,0
190001019,'1191129',620,,9705,1,,,0
190001019,'1191166',2320,,9706,1,,,0
190001019,'1191178',1606,,9707,1,,,0
190001019,'1191219',755,,9708,1,,,0
190001019,'1191250',935,,9709,1,,,0
190001019,'1191298',1655,,9710,1,,,0
190001019,'1191309',1020,,9711,1,,,0
190001019,'1191315',1355,,9712,1,,,0
190001019,'1191323',1955,,9713,1,,,0
190001019,'1191330',1121,,9714,1,,,0
190001019,'1191334',805,,9715,1,,,0
190001019,'1191371',1655,,9716,1,,,0
190001019,'1191372',650,,9717,1,,,0
190001019,'1191373',1451,,9718,1,,,0
190001019,'1191411',750,,9719,1,,,0
190001019,'1191412',1555,,9720,1,,,0
190001019,'1191437',1710,,9721,1,,,0
190001019,'1191442',1236,,9722,1,,,0
190001019,'1191490',1050,,9723,1,,,0
190001019,'1191493',1436,,9724,1,,,0
190001019,'1191506',2120,,9725,1,,,0
190001019,'1191521',820,,9726,1,,,0
190001019,'1191531',1506,,9727,1,,,0
190001019,'1191568',1835,,9728,1,,,0
190001019,'1191583',1320,,9729,1,,,0
190001019,'1191618',1721,,9730,1,,,0
190001019,'1191655',1806,,9731,1,,,0
190001019,'1191682',1640,,9732,1,,,0
190001019,'1191728',2055,,9733,1,,,0
190001019,'1191731',1136,,9734,1,,,0
190001019,'1191732',1805,,9735,1,,,0
190001019,'1191858',1636,,9736,1,,,0
190001019,'1191862',1551,,9737,1,,,0
190001019,'1191875',1536,,9738,1,,,0
190001019,'1191876',1950,,9739,1,,,0
190001019,'1191896',1510,,9740,1,,,0
190001019,'1191906',1221,,9741,1,,,0
190001019,'1191913',1155,,9742,1,,,0
190001019,'1191916',2150,,9743,1,,,0
190001019,'1191951',2220,,9744,1,,,0
190001019,'1191981',2250,,9745,1,,,0
190001019,'1192041',1455,,9746,1,,,0
190001019,'1192042',835,,9747,1,,,0
190001019,'1192048',2250,,9748,1,,,0
190001019,'1192068',1035,,9749,1,,,0
190001019,'1192122',1335,,9750,1,,,0
190001019,'1192149',2410,,9751,1,,,0
190001019,'1192170',1850,,9752,1,,,0
190001019,'1192174',1935,,9753,1,,,0
190001019,'1192178',850,,9754,1,,,0
190001019,'1192182',1736,,9755,1,,,0
190001019,'1192193',2005,,9756,1,,,0
190001019,'1192214',750,,9757,1,,,0
190001019,'1192221',1336,,9758,1,,,0
190001019,'1192232',735,,9759,1,,,0
190001019,'1192258',1625,,9760,1,,,0
190001019,'1192297',1205,,9761,1,,,0
190001019,'1192312',1835,,9762,1,,,0
190001019,'1192323',1005,,9763,1,,,0
190001019,'1192325',635,,9764,1,,,0
190001019,'1192328',1740,,9765,1,,,0
190001019,'1192331',2220,,9766,1,,,0
190001019,'1192342',1251,,9767,1,,,0
190001019,'1192373',720,,9768,1,,,0
190001019,'1192418',2320,,9769,1,,,0
190001019,'1192495',1150,,9770,1,,,0
190001019,'1192499',820,,9771,1,,,0
190001019,'1192504',1151,,9772,1,,,0
190001019,'1192510',1920,,9773,1,,,0
190001019,'1192549',1305,,9774,1,,,0
190001019,'1192555',1321,,9775,1,,,0
190001019,'1192562',1250,,9776,1,,,0
190001019,'1192597',2350,,9777,1,,,0
190001019,'1192623',920,,9778,1,,,0
190001019,'1192634',1555,,9779,1,,,0
190001019,'1192700',2050,,9780,1,,,0
190001019,'1192705',1920,,9781,1,,,0
190001019,'1192721',1725,,9782,1,,,0
190001019,'1192738',1610,,9783,1,,,0
190001019,'1192780',1410,,9784,1,,,0
190001019,'1192804',850,,9785,1,,,0
190001019,'1192819',2355,,9786,1,,,0
190001019,'1192850',1820,,9787,1,,,0
190001019,'1192871',1540,,9788,1,,,0
190001019,'1192899',1751,,9789,1,,,0
190001019,'1192937',1206,,9790,1,,,0
190001019,'1192956',1755,,9791,1,,,0
190001019,'1192985',720,,9792,1,,,0
190001019,'1193021',1106,,9793,1,,,0
190001019,'1193026',1905,,9794,1,,,0
190001019,'1193027',1021,,9795,1,,,0
190001019,'1193047',2105,,9796,1,,,0
190001019,'1193085',855,,9797,1,,,0
190001019,'1193107',1235,,9798,1,,,0
190001019,'1193134',2050,,9799,1,,,0
190001019,'1193154',2020,,9800,1,,,0
190001019,'1193155',1306,,9801,1,,,0
190001019,'1193192',955,,9802,1,,,0
190001019,'1193224',1051,,9803,1,,,0
190001019,'1193286',2350,,9804,1,,,0
190001019,'1193303',705,,9805,1,,,0
190001019,'1193314',1425,,9806,1,,,0
190001029,'1190604',1105,,9807,24,4,,0
190001029,'1190620',2118,,9808,24,4,,0
190001029,'1190635',1720,,9809,24,4,,0
190001029,'1190652',1218,,9810,24,4,,0
190001029,'1190699',2003,,9811,24,4,,0
190001029,'1190704',2218,,9812,24,4,,0
190001029,'1190726',1002,,9813,24,4,,0
190001029,'1190746',1318,,9814,24,4,,0
190001029,'1190747',1620,,9815,24,4,,0
190001029,'1190752',1033,,9816,24,4,,0
190001029,'1190800',1050,,9817,24,4,,0
190001029,'1190837',1705,,9818,24,4,,0
190001029,'1190876',2048,,9819,24,4,,0
190001029,'1190881',1535,,9820,24,4,,0
190001029,'1190882',2330,,9821,24,4,,0
190001029,'1190898',1830,,9822,24,4,,0
190001029,'1190900',1120,,9823,24,4,,0
190001029,'1190913',1433,,9824,24,4,,0
190001029,'1190939',1030,,9825,24,4,,0
190001029,'1191041',948,,9826,24,4,,0
190001029,'1191131',717,,9827,24,4,,0
190001029,'1191140',1420,,9828,24,4,,0
190001029,'1191151',1135,,9829,24,4,,0
190001029,'1191155',1118,,9830,24,4,,0
190001029,'1191175',1320,,9831,24,4,,0
190001029,'1191188',1718,,9832,24,4,,0
190001029,'1191192',847,,9833,24,4,,0
190001029,'1191210',1703,,9834,24,4,,0
190001029,'1191272',1403,,9835,24,4,,0
190001029,'1191286',1618,,9836,24,4,,0
190001029,'1191290',747,,9837,24,4,,0
190001029,'1191343',1748,,9838,24,4,,0
190001029,'1191359',1003,,9839,24,4,,0
190001029,'1191421',1917,,9840,24,4,,0
190001029,'1191463',2348,,9841,24,4,,0
190001029,'1191487',2117,,9842,24,4,,0
190001029,'1191580',1930,,9843,24,4,,0
190001029,'1191605',1020,,9844,24,4,,0
190001029,'1191633',1548,,9845,24,4,,0
190001029,'1191662',748,,9846,24,4,,0
190001029,'1191689',2018,,9847,24,4,,0
190001029,'1191715',2133,,9848,24,4,,0
190001029,'1191738',917,,9849,24,4,,0
190001029,'1191741',2130,,9850,24,4,,0
190001029,'1191763',1518,,9851,24,4,,0
190001029,'1191769',1948,,9852,24,4,,0
190001029,'1191772',1505,,9853,24,4,,0
190001029,'1191819',730,,9854,24,4,,0
190001029,'1191840',2318,,9855,24,4,,0
190001029,'1191845',1205,,9856,24,4,,0
190001029,'1191890',1035,,9857,24,4,,0
190001029,'1191949',1733,,9858,24,4,,0
190001029,'1191957',930,,9859,24,4,,0
190001029,'1191961',1933,,9860,24,4,,0
190001029,'1192025',1220,,9861,24,4,,0
190001029,'1192034',1633,,9862,24,4,,0
190001029,'1192074',817,,9863,24,4,,0
190001029,'1192078',2147,,9864,24,4,,0
190001029,'1192086',947,,9865,24,4,,0
190001029,'1192094',1832,,9866,24,4,,0
190001029,'1192100',1650,,9867,24,4,,0
190001029,'1192108',1250,,9868,24,4,,0
190001029,'1192115',2408,,9869,24,4,,0
190001029,'1192131',1533,,9870,24,4,,0
190001029,'1192167',1203,,9871,24,4,,0
190001029,'1192168',1605,,9872,24,4,,0
190001029,'1192196',918,,9873,24,4,,0
190001029,'1192215',1103,,9874,24,4,,0
190001029,'1192300',1603,,9875,24,4,,0
190001029,'1192307',1448,,9876,24,4,,0
190001029,'1192321',1730,,9877,24,4,,0
190001029,'1192327',1130,,9878,24,4,,0
190001029,'1192333',2317,,9879,24,4,,0
190001029,'1192357',2217,,9880,24,4,,0
190001029,'1192359',1235,,9881,24,4,,0
190001029,'1192363',1430,,9882,24,4,,0
190001029,'1192384',830,,9883,24,4,,0
190001029,'1192390',1918,,9884,24,4,,0
190001029,'1192392',1350,,9885,24,4,,0
190001029,'1192394',2017,,9886,24,4,,0
190001029,'1192400',1248,,9887,24,4,,0
190001029,'1192402',1333,,9888,24,4,,0
190001029,'1192405',1818,,9889,24,4,,0
190001029,'1192414',1903,,9890,24,4,,0
190001029,'1192419',1233,,9891,24,4,,0
190001029,'1192438',1748,,9892,24,4,,0
190001029,'1192439',1803,,9893,24,4,,0
190001029,'1192455',2033,,9894,24,4,,0
190001029,'1192476',903,,9895,24,4,,0
190001029,'1192483',647,,9896,24,4,,0
190001029,'1192502',1635,,9897,24,4,,0
190001029,'1192514',2347,,9898,24,4,,0
190001029,'1192552',2247,,9899,24,4,,0
190001029,'1192557',1833,,9900,24,4,,0
190001029,'1192563',1947,,9901,24,4,,0
190001029,'1192591',2148,,9902,24,4,,0
190001029,'1192595',617,,9903,24,4,,0
190001029,'1192601',1330,,9904,24,4,,0
190001029,'1192619',1803,,9905,24,4,,0
190001029,'1192629',1418,,9906,24,4,,0
190001029,'1192672',1230,,9907,24,4,,0
190001029,'1192689',2103,,9908,24,4,,0
190001029,'1192702',803,,9909,24,4,,0
190001029,'1192706',1435,,9910,24,4,,0
190001029,'1192712',718,,9911,24,4,,0
190001029,'1192759',1305,,9912,24,4,,0
190001029,'1192761',1148,,9913,24,4,,0
190001029,'1192765',703,,9914,24,4,,0
190001029,'1192818',1817,,9915,24,4,,0
190001029,'1192833',848,,9916,24,4,,0
190001029,'1192834',648,,9917,24,4,,0
190001029,'1192883',1405,,9918,24,4,,0
190001029,'1192908',1133,,9919,24,4,,0
190001029,'1192931',1048,,9920,24,4,,0
190001029,'1192934',833,,9921,24,4,,0
190001029,'1192949',1630,,9922,24,4,,0
190001029,'1192974',1303,,9923,24,4,,0
190001029,'1192979',2248,,9924,24,4,,0
190001029,'1192998',1648,,9925,24,4,,0
190001029,'1193024',2047,,9926,24,4,,0
190001029,'1193025',1550,,9927,24,4,,0
190001029,'1193033',1848,,9928,24,4,,0
190001029,'1193044',1520,,9929,24,4,,0
190001029,'1193133',818,,9930,24,4,,0
190001029,'1193135',1530,,9931,24,4,,0
190001029,'1193172',1348,,9932,24,4,,0
190001029,'1193204',2230,,9933,24,4,,0
190001029,'1193207',1018,,9934,24,4,,0
190001029,'1193228',1847,,9935,24,4,,0
190001029,'1193238',1450,,9936,24,4,,0
190001029,'1193246',1335,,9937,24,4,,0
190001029,'1193250',733,,9938,24,4,,0
190001029,'1193257',933,,9939,24,4,,0
190001029,'1193265',1735,,9940,24,4,,0
190001029,'1193266',1150,,9941,24,4,,0
190001029,'1193267',1503,,9942,24,4,,0
190001029,'1193270',2030,,9943,24,4,,0
190001029,'1193276',633,,9944,24,4,,0
