105019,'1184475',1854,,6445,56,,,0
105019,'1184709',1824,,6446,56,,,0
105019,'1184754',1116,,6447,56,,,0
105019,'1184819',806,,6448,56,,,0
105019,'1184825',2301,,6449,56,,,0
105019,'1184879',1509,,6450,56,,,0
105019,'1184888',1006,,6451,56,,,0
105019,'1184928',1216,,6452,56,,,0
105019,'1184969',2314,,6453,56,,,0
105019,'1185022',2114,,6454,56,,,0
105019,'1185176',702,,6455,56,,,0
105019,'1185212',632,,6456,56,,,0
105019,'1185354',1916,,6457,56,,,0
105019,'1185498',1931,,6458,56,,,0
105019,'1185528',2032,,6459,56,,,0
105019,'1185550',1416,,6460,56,,,0
105019,'1185555',2232,,6461,56,,,0
105019,'1185569',1754,,6462,56,,,0
105019,'1185641',906,,6463,56,,,0
105019,'1185643',1832,,6464,56,,,0
105019,'1185695',1324,,6465,56,,,0
105019,'1185708',2101,,6466,56,,,0
105019,'1185807',1632,,6467,56,,,0
105019,'1185822',1316,,6468,56,,,0
105019,'1185894',1209,,6469,56,,,0
105019,'1186015',1424,,6470,56,,,0
105019,'1186061',1609,,6471,56,,,0
105019,'1186284',1432,,6472,56,,,0
105019,'1186380',1109,,6473,56,,,0
105019,'1186411',1232,,6474,56,,,0
105019,'1186477',1639,,6475,56,,,0
105019,'1186479',1032,,6476,56,,,0
105019,'1186519',1716,,6477,56,,,0
105019,'1186601',1724,,6478,56,,,0
105019,'1186602',736,,6479,56,,,0
105019,'1186613',832,,6480,56,,,0
105019,'1186624',1616,,6481,56,,,0
105019,'1186706',1816,,6482,56,,,0
105019,'1186813',914,,6483,56,,,0
105019,'1186864',2401,,6484,56,,,0
105019,'1186870',602,,6485,56,,,0
105019,'1186896',836,,6486,56,,,0
105019,'1187008',714,,6487,56,,,0
105019,'1187009',2201,,6488,56,,,0
105019,'1187061',1539,,6489,56,,,0
105019,'1187069',1516,,6490,56,,,0
106029,'1184503',1010,,6543,7,,,0
106029,'1184668',1842,,6544,7,,,0
106029,'1185934',1727,,6545,7,,,0
106029,'1185946',1612,,6546,7,,,0
106029,'1186791',855,,6547,7,,,0
106029,'1186882',740,,6548,7,,,0
