20019,'1190619',651,,8208,26,4,,0
20019,'1190641',1723,,8209,26,4,,0
20019,'1190738',621,,8210,26,4,,0
20019,'1190758',1653,,8211,26,4,,0
20019,'1190774',1852,,8212,26,4,,0
20019,'1190805',1423,,8213,26,4,,0
20019,'1190807',1542,,8214,26,4,,0
20019,'1190842',942,,8215,26,4,,0
20019,'1190858',2351,,8216,26,4,,0
20019,'1190934',1742,,8217,26,4,,0
20019,'1190997',823,,8218,26,4,,0
20019,'1191053',851,,8219,26,4,,0
20019,'1191089',2152,,8220,26,4,,0
20019,'1191136',1923,,8221,26,4,,0
20019,'1191180',1351,,8222,26,4,,0
20019,'1191184',2242,,8223,26,4,,0
20019,'1191306',722,,8224,26,4,,0
20019,'1191365',2122,,8225,26,4,,0
20019,'1191367',2052,,8226,26,4,,0
20019,'1191384',1042,,8227,26,4,,0
20019,'1191430',1551,,8228,26,4,,0
20019,'1191441',1753,,8229,26,4,,0
20019,'1191475',1842,,8230,26,4,,0
20019,'1191503',951,,8231,26,4,,0
20019,'1191504',1942,,8232,26,4,,0
20019,'1191515',651,,8233,26,4,,0
20019,'1191641',1823,,8234,26,4,,0
20019,'1191710',2142,,8235,26,4,,0
20019,'1191735',1952,,8236,26,4,,0
20019,'1191765',1051,,8237,26,4,,0
20019,'1191794',842,,8238,26,4,,0
20019,'1191882',2252,,8239,26,4,,0
20019,'1191930',1651,,8240,26,4,,0
20019,'1191994',1123,,8241,26,4,,0
20019,'1192132',1323,,8242,26,4,,0
20019,'1192365',1751,,8243,26,4,,0
20019,'1192376',1223,,8244,26,4,,0
20019,'1192411',1342,,8245,26,4,,0
20019,'1192417',1442,,8246,26,4,,0
20019,'1192420',1242,,8247,26,4,,0
20019,'1192518',752,,8248,26,4,,0
20019,'1192652',2342,,8249,26,4,,0
20019,'1192666',2042,,8250,26,4,,0
20019,'1192708',742,,8251,26,4,,0
20019,'1192714',1151,,8252,26,4,,0
20019,'1192729',1023,,8253,26,4,,0
20019,'1192784',2222,,8254,26,4,,0
20019,'1192905',1623,,8255,26,4,,0
20019,'1192913',1142,,8256,26,4,,0
20019,'1192933',2023,,8257,26,4,,0
20019,'1193041',2322,,8258,26,4,,0
20019,'1193116',2422,,8259,26,4,,0
20019,'1193175',751,,8260,26,4,,0
20019,'1193197',923,,8261,26,4,,0
20019,'1193231',1251,,8262,26,4,,0
20019,'1193236',1451,,8263,26,4,,0
20019,'1193271',1642,,8264,26,4,,0
20019,'1193274',1524,,8265,26,4,,0
20029,'1190601',2052,,8266,1,,,0
20029,'1190617',1923,,8267,1,,,0
20029,'1190701',2152,,8268,1,,,0
20029,'1190776',951,,8269,1,,,0
20029,'1190792',1823,,8270,1,,,0
20029,'1190813',851,,8271,1,,,0
20029,'1190850',752,,8272,1,,,0
20029,'1190896',1223,,8273,1,,,0
20029,'1190928',1351,,8274,1,,,0
20029,'1190954',1551,,8275,1,,,0
20029,'1190972',742,,8276,1,,,0
20029,'1190985',2242,,8277,1,,,0
20029,'1191010',2342,,8278,1,,,0
20029,'1191028',751,,8279,1,,,0
20029,'1191030',923,,8280,1,,,0
20029,'1191193',1723,,8281,1,,,0
20029,'1191205',1653,,8282,1,,,0
20029,'1191242',1852,,8283,1,,,0
20029,'1191325',2351,,8284,1,,,0
20029,'1191388',1023,,8285,1,,,0
20029,'1191416',2222,,8286,1,,,0
20029,'1191462',722,,8287,1,,,0
20029,'1191465',1042,,8288,1,,,0
20029,'1191523',1451,,8289,1,,,0
20029,'1191554',1524,,8290,1,,,0
20029,'1191562',1442,,8291,1,,,0
20029,'1191581',1651,,8292,1,,,0
20029,'1191604',1051,,8293,1,,,0
20029,'1191631',2252,,8294,1,,,0
20029,'1191694',823,,8295,1,,,0
20029,'1191776',1952,,8296,1,,,0
20029,'1191795',1742,,8297,1,,,0
20029,'1191838',1142,,8298,1,,,0
20029,'1192020',1342,,8299,1,,,0
20029,'1192033',1123,,8300,1,,,0
20029,'1192043',1251,,8301,1,,,0
20029,'1192073',1753,,8302,1,,,0
20029,'1192116',1942,,8303,1,,,0
20029,'1192128',1542,,8304,1,,,0
20029,'1192169',651,,8305,1,,,0
20029,'1192195',1151,,8306,1,,,0
20029,'1192226',1423,,8307,1,,,0
20029,'1192516',2023,,8308,1,,,0
20029,'1192542',1751,,8309,1,,,0
20029,'1192679',2122,,8310,1,,,0
20029,'1192686',842,,8311,1,,,0
20029,'1192703',2042,,8312,1,,,0
20029,'1192826',1623,,8313,1,,,0
20029,'1192941',2142,,8314,1,,,0
20029,'1193004',942,,8315,1,,,0
20029,'1193037',2322,,8316,1,,,0
20029,'1193138',621,,8317,1,,,0
20029,'1193150',651,,8318,1,,,0
20029,'1193152',1323,,8319,1,,,0
20029,'1193218',1842,,8320,1,,,0
20029,'1193285',1642,,8321,1,,,0
20029,'1193304',1242,,8322,1,,,0
