105019,'1190616',2251,,9291,93,,,0
105019,'1190769',1447,,9292,93,,,0
105019,'1190825',1651,,9293,93,,,0
105019,'1190865',1847,,9294,93,,,0
105019,'1190975',1917,,9295,93,,,0
105019,'1190992',1836,,9296,93,,,0
105019,'1190998',1236,,9297,93,,,0
105019,'1191007',1747,,9298,93,,,0
105019,'1191038',1536,,9299,93,,,0
105019,'1191063',1029,,9300,93,,,0
105019,'1191065',1347,,9301,93,,,0
105019,'1191145',722,,9302,93,,,0
105019,'1191217',2335,,9303,93,,,0
105019,'1191294',1436,,9304,93,,,0
105019,'1191329',935,,9305,93,,,0
105019,'1191413',1051,,9306,93,,,0
105019,'1191457',1336,,9307,93,,,0
105019,'1191557',929,,9308,93,,,0
105019,'1191709',829,,9309,93,,,0
105019,'1191750',2321,,9310,93,,,0
105019,'1191859',735,,9311,93,,,0
105019,'1191891',1817,,9312,93,,,0
105019,'1192052',1936,,9313,93,,,0
105019,'1192113',652,,9314,93,,,0
105019,'1192142',1636,,9315,93,,,0
105019,'1192176',851,,9316,93,,,0
105019,'1192218',2421,,9317,93,,,0
105019,'1192236',1451,,9318,93,,,0
105019,'1192248',2121,,9319,93,,,0
105019,'1192267',1736,,9320,93,,,0
105019,'1192318',1136,,9321,93,,,0
105019,'1192337',1702,,9322,93,,,0
105019,'1192353',1532,,9323,93,,,0
105019,'1192579',1232,,9324,93,,,0
105019,'1192586',1251,,9325,93,,,0
105019,'1192598',2051,,9326,93,,,0
105019,'1192614',759,,9327,93,,,0
105019,'1192661',2221,,9328,93,,,0
105019,'1192725',1602,,9329,93,,,0
105019,'1192735',1951,,9330,93,,,0
105019,'1192821',2135,,9331,93,,,0
105019,'1192836',1851,,9332,93,,,0
105019,'1192847',622,,9333,93,,,0
105019,'1192875',1632,,9334,93,,,0
105019,'1193045',859,,9335,93,,,0
105019,'1193298',1132,,9336,93,,,0
106029,'1190782',747,,9389,24,,,0
106029,'1191556',1849,,9390,24,,,0
106029,'1191771',1619,,9391,24,,,0
106029,'1192044',1734,,9392,24,,,0
106029,'1192429',902,,9393,24,,,0
106029,'1193063',1017,,9394,24,,,0
