25019,'1184495',709,,5635,13,,,0
25019,'1184514',1838,,5636,13,,,0
25019,'1184552',2023,,5637,13,,,0
25019,'1184642',1138,,5638,13,,,0
25019,'1184757',1539,,5639,13,,,0
25019,'1184771',1709,,5640,13,,,0
25019,'1184811',638,,5641,13,,,0
25019,'1184903',2239,,5642,13,,,0
25019,'1184942',838,,5643,13,,,0
25019,'1184959',938,,5644,13,,,0
25019,'1184966',1023,,5645,13,,,0
25019,'1185039',1438,,5646,13,,,0
25019,'1185069',2123,,5647,13,,,0
25019,'1185100',1739,,5648,13,,,0
25019,'1185110',1639,,5649,13,,,0
25019,'1185173',939,,5650,13,,,0
25019,'1185179',2139,,5651,13,,,0
25019,'1185182',2338,,5652,13,,,0
25019,'1185200',823,,5653,13,,,0
25019,'1185244',739,,5654,13,,,0
25019,'1185338',909,,5655,13,,,0
25019,'1185386',1323,,5656,13,,,0
25019,'1185434',1109,,5657,13,,,0
25019,'1185476',1623,,5658,13,,,0
25019,'1185477',1423,,5659,13,,,0
25019,'1185566',2138,,5660,13,,,0
25019,'1185653',1009,,5661,13,,,0
25019,'1185682',1923,,5662,13,,,0
25019,'1185731',1209,,5663,13,,,0
25019,'1185735',723,,5664,13,,,0
25019,'1185741',2039,,5665,13,,,0
25019,'1185764',2238,,5666,13,,,0
25019,'1185802',1038,,5667,13,,,0
25019,'1185991',839,,5668,13,,,0
25019,'1186008',1638,,5669,13,,,0
25019,'1186131',1839,,5670,13,,,0
25019,'1186316',1123,,5671,13,,,0
25019,'1186381',1238,,5672,13,,,0
25019,'1186416',1723,,5673,13,,,0
25019,'1186473',1938,,5674,13,,,0
25019,'1186484',738,,5675,13,,,0
25019,'1186541',1338,,5676,13,,,0
25019,'1186625',1309,,5677,13,,,0
25019,'1186639',1823,,5678,13,,,0
25019,'1186641',1523,,5679,13,,,0
25019,'1186660',1223,,5680,13,,,0
25019,'1186779',923,,5681,13,,,0
25019,'1186803',639,,5682,13,,,0
25019,'1186831',2223,,5683,13,,,0
25019,'1186914',1439,,5684,13,,,0
25019,'1186957',809,,5685,13,,,0
25019,'1186981',2323,,5686,13,,,0
25019,'1186996',1409,,5687,13,,,0
25019,'1187059',1609,,5688,13,,,0
25019,'1187075',1738,,5689,13,,,0
25019,'1187077',1538,,5690,13,,,0
25019,'1187086',1509,,5691,13,,,0
25019,'1187122',2038,,5692,13,,,0
25019,'1187127',1939,,5693,13,,,0
25019,'1187154',2359,,5694,13,,,0
