26019,'1190663',1754,,8601,10,,,0
26019,'1190721',1708,,8602,10,,,0
26019,'1190773',2108,,8603,10,,,0
26019,'1190816',1054,,8604,10,,,0
26019,'1190845',2008,,8605,10,,,0
26019,'1190884',1108,,8606,10,,,0
26019,'1190966',1908,,8607,10,,,0
26019,'1190973',954,,8608,10,,,0
26019,'1191004',1654,,8609,10,,,0
26019,'1191025',1138,,8610,10,,,0
26019,'1191095',2208,,8611,10,,,0
26019,'1191169',754,,8612,10,,,0
26019,'1191218',1808,,8613,10,,,0
26019,'1191263',1608,,8614,10,,,0
26019,'1191344',608,,8615,10,,,0
26019,'1191406',1954,,8616,10,,,0
26019,'1191417',1908,,8617,10,,,0
26019,'1191428',1808,,8618,10,,,0
26019,'1191505',1408,,8619,10,,,0
26019,'1191534',2154,,8620,10,,,0
26019,'1191563',1254,,8621,10,,,0
26019,'1191610',1554,,8622,10,,,0
26019,'1191650',908,,8623,10,,,0
26019,'1191698',1608,,8624,10,,,0
26019,'1191711',1708,,8625,10,,,0
26019,'1191759',1308,,8626,10,,,0
26019,'1191851',2254,,8627,10,,,0
26019,'1191911',2208,,8628,10,,,0
26019,'1192083',708,,8629,10,,,0
26019,'1192096',608,,8630,10,,,0
26019,'1192137',1508,,8631,10,,,0
26019,'1192185',1338,,8632,10,,,0
26019,'1192319',2054,,8633,10,,,0
26019,'1192434',1438,,8634,10,,,0
26019,'1192436',1454,,8635,10,,,0
26019,'1192522',2308,,8636,10,,,0
26019,'1192547',1008,,8637,10,,,0
26019,'1192554',1154,,8638,10,,,0
26019,'1192558',1508,,8639,10,,,0
26019,'1192615',2308,,8640,10,,,0
26019,'1192663',1008,,8641,10,,,0
26019,'1192684',1354,,8642,10,,,0
26019,'1192817',1854,,8643,10,,,0
26019,'1192853',1208,,8644,10,,,0
26019,'1192866',1038,,8645,10,,,0
26019,'1192909',808,,8646,10,,,0
26019,'1192944',2008,,8647,10,,,0
26019,'1192988',908,,8648,10,,,0
26019,'1193013',1238,,8649,10,,,0
26019,'1193014',2108,,8650,10,,,0
26019,'1193129',708,,8651,10,,,0
26019,'1193182',808,,8652,10,,,0
26019,'1193318',854,,8653,10,,,0
