13029,'1184622',1500,,5183,17,,,0
13029,'1184639',1057,,5184,17,,,0
13029,'1184860',1758,,5185,17,,,0
13029,'1184887',1558,,5186,17,,,0
13029,'1184913',1200,,5187,17,,,0
13029,'1184970',1958,,5188,17,,,0
13029,'1184998',957,,5189,17,,,0
13029,'1185002',1258,,5190,17,,,0
13029,'1185007',1730,,5191,17,,,0
13029,'1185049',2128,,5192,17,,,0
13029,'1185060',2328,,5193,17,,,0
13029,'1185106',2358,,5194,17,,,0
13029,'1185152',2157,,5195,17,,,0
13029,'1185240',657,,5196,17,,,0
13029,'1185250',658,,5197,17,,,0
13029,'1185280',1458,,5198,17,,,0
13029,'1185334',758,,5199,17,,,0
13029,'1185377',1300,,5200,17,,,0
13029,'1185394',758,,5201,17,,,0
13029,'1185396',2057,,5202,17,,,0
13029,'1185484',929,,5203,17,,,0
13029,'1185577',2257,,5204,17,,,0
13029,'1185580',1800,,5205,17,,,0
13029,'1185812',2158,,5206,17,,,0
13029,'1185831',2357,,5207,17,,,0
13029,'1185869',1358,,5208,17,,,0
13029,'1185917',2258,,5209,17,,,0
13029,'1185937',1700,,5210,17,,,0
13029,'1185958',828,,5211,17,,,0
13029,'1185992',2228,,5212,17,,,0
13029,'1185993',857,,5213,17,,,0
13029,'1186136',1957,,5214,17,,,0
13029,'1186246',1658,,5215,17,,,0
13029,'1186268',1928,,5216,17,,,0
13029,'1186297',1458,,5217,17,,,0
13029,'1186340',2028,,5218,17,,,0
13029,'1186403',1028,,5219,17,,,0
13029,'1186434',1400,,5220,17,,,0
13029,'1186460',1258,,5221,17,,,0
13029,'1186504',728,,5222,17,,,0
13029,'1186525',1101,,5223,17,,,0
13029,'1186673',1828,,5224,17,,,0
13029,'1186687',628,,5225,17,,,0
13029,'1186776',1558,,5226,17,,,0
13029,'1186818',959,,5227,17,,,0
13029,'1186830',1531,,5228,18,,,0
13029,'1186833',1158,,5229,17,,,0
13029,'1186836',757,,5230,17,,,0
13029,'1186866',1858,,5231,17,,,0
13029,'1186888',1857,,5232,17,,,0
13029,'1186897',2058,,5233,17,,,0
13029,'1186901',1158,,5234,17,,,0
13029,'1186955',1600,,5235,17,,,0
13029,'1186976',859,,5236,17,,,0
13029,'1186982',858,,5237,17,,,0
13029,'1186992',1758,,5238,17,,,0
13029,'1187030',1630,,5239,17,,,0
13029,'1187120',958,,5240,17,,,0
13029,'1187142',1058,,5241,17,,,0
13029,'1187159',1658,,5242,17,,,0
13029,'1187173',1358,,5243,17,,,0
101019,'1184474',1350,,6131,50,,,0
101019,'1184498',2349,,6132,50,,,0
101019,'1184507',750,,6133,50,,,0
101019,'1184589',2150,,6134,50,,,0
101019,'1184591',1149,,6135,50,,,0
101019,'1184796',1912,,6136,50,,,0
101019,'1184902',1549,,6137,50,,,0
101019,'1184924',949,,6138,50,,,0
101019,'1184925',2111,,6139,50,,,0
101019,'1185023',1212,,6140,50,,,0
101019,'1185092',1814,,6141,50,,,0
101019,'1185544',749,,6142,50,,,0
101019,'1185571',1750,,6143,50,,,0
101019,'1185573',1550,,6144,50,,,0
101019,'1185625',1112,,6145,50,,,0
101019,'1185636',912,,6146,50,,,0
101019,'1185684',1949,,6147,50,,,0
101019,'1185751',1514,,6148,50,,,0
101019,'1185803',1012,,6149,50,,,0
101019,'1185998',1414,,6150,50,,,0
101019,'1186016',1150,,6151,50,,,0
101019,'1186053',950,,6152,50,,,0
101019,'1186087',2312,,6153,50,,,0
101019,'1186263',2149,,6154,50,,,0
101019,'1186308',1349,,6155,50,,,0
101019,'1186331',612,,6156,50,,,0
101019,'1186580',1614,,6157,50,,,0
101019,'1186587',1714,,6158,50,,,0
101019,'1186594',1749,,6159,50,,,0
101019,'1187104',1950,,6160,50,,,0
101019,'1187155',812,,6161,50,,,0
