10029,'1193433',1850,,10005,11,,,0
10029,'1193434',920,,10006,11,,,0
10029,'1193435',1950,,10007,11,,,0
10029,'1193438',820,,10008,11,,,0
10029,'1193440',1420,,10009,11,,,0
10029,'1193441',820,,10010,11,,,0
10029,'1193442',720,,10011,11,,,0
10029,'1193443',1320,,10012,11,,,0
10029,'1193444',1420,,10013,11,,,0
10029,'1193445',720,,10014,11,,,0
10029,'1193446',2050,,10015,11,,,0
10029,'1193448',1920,,10016,11,,,0
10029,'1193450',1820,,10017,11,,,0
10029,'1193453',1020,,10018,11,,,0
10029,'1193461',920,,10019,11,,,0
10029,'1193462',1220,,10020,11,,,0
10029,'1193463',1620,,10021,11,,,0
10029,'1193464',1820,,10022,11,,,0
10029,'1193466',1650,,10023,11,,,0
10029,'1193468',920,,10024,11,,,0
10029,'1193469',820,,10025,11,,,0
10029,'1193470',1220,,10026,11,,,0
10029,'1193471',2355,,10027,11,,,0
10029,'1193474',750,,10028,11,,,0
10029,'1193475',1020,,10029,11,,,0
10029,'1193476',1720,,10030,11,,,0
10029,'1193479',850,,10031,11,,,0
10029,'1193480',1620,,10032,11,,,0
10029,'1193481',1120,,10033,11,,,0
10029,'1193482',1720,,10034,11,,,0
10029,'1193483',1520,,10035,11,,,0
10029,'1193484',2220,,10036,11,,,0
10029,'1193487',2020,,10037,11,,,0
10029,'1193488',1450,,10038,11,,,0
10029,'1193491',1120,,10039,11,,,0
10029,'1193494',650,,10040,11,,,0
10029,'1193496',2150,,10041,11,,,0
10029,'1193497',2220,,10042,11,,,0
10029,'1193498',1550,,10043,11,,,0
10029,'1193499',2320,,10044,11,,,0
10029,'1193504',1520,,10045,11,,,0
10029,'1193505',1750,,10046,11,,,0
10029,'1193506',1520,,10047,11,,,0
10029,'1193509',1020,,10048,11,,,0
10029,'1193510',2120,,10049,11,,,0
10029,'1193514',2320,,10050,11,,,0
10029,'1193515',1120,,10051,11,,,0
10029,'1193520',620,,10052,11,,,0
10029,'1193521',1920,,10053,11,,,0
10029,'1193526',1320,,10054,11,,,0
10029,'1193528',1720,,10055,11,,,0
10029,'1193538',720,,10056,11,,,0
10029,'1193539',2250,,10057,11,,,0
10029,'1193542',1320,,10058,11,,,0
10029,'1193544',1220,,10059,11,,,0
10029,'1193546',1420,,10060,11,,,0
10029,'1193547',2120,,10061,11,,,0
10029,'1193548',1620,,10062,11,,,0
10029,'1193550',2020,,10063,11,,,0
