190001019,'1190598',1803,,9669,17,,,0
190001019,'1190613',2200,,9670,17,,,0
190001019,'1190615',916,,9671,17,,,0
190001019,'1190624',1904,,9672,17,,,0
190001019,'1190632',1539,,9673,17,,,0
190001019,'1190653',1402,,9674,17,,,0
190001019,'1190666',1304,,9675,17,,,0
190001019,'1190680',2130,,9676,17,,,0
190001019,'1190692',1532,,9677,17,,,0
190001019,'1190714',1831,,9678,17,,,0
190001019,'1190729',1632,,9679,17,,,0
190001019,'1190735',2304,,9680,17,,,0
190001019,'1190745',2204,,9681,17,,,0
190001019,'1190783',700,,9682,17,,,0
190001019,'1190786',1717,,9683,17,,,0
190001019,'1190790',1509,,9684,17,,,0
190001019,'1190808',1454,,9685,17,,,0
190001019,'1190834',1417,,9686,17,,,0
190001019,'1190840',1402,,9687,17,,,0
190001019,'1190855',1132,,9688,17,,,0
190001019,'1190862',1702,,9689,17,,,0
190001019,'1190871',930,,9690,17,,,0
190001019,'1190886',1117,,9691,17,,,0
190001019,'1190903',1001,,9692,17,,,0
190001019,'1190944',1015,,9693,17,,,0
190001019,'1190949',1000,,9694,17,,,0
190001019,'1190964',1047,,9695,17,,,0
190001019,'1190983',1901,,9696,17,,,0
190001019,'1190984',1232,,9697,17,,,0
190001019,'1190988',2046,,9698,17,,,0
190001019,'1190993',1147,,9699,17,,,0
190001019,'1191036',1104,,9700,17,,,0
190001019,'1191044',2145,,9701,17,,,0
190001019,'1191070',1432,,9702,17,,,0
190001019,'1191112',2000,,9703,17,,,0
190001019,'1191119',2030,,9704,17,,,0
190001019,'1191129',630,,9705,17,,,0
190001019,'1191166',2330,,9706,17,,,0
190001019,'1191178',1617,,9707,17,,,0
190001019,'1191219',804,,9708,17,,,0
190001019,'1191250',946,,9709,17,,,0
190001019,'1191298',1709,,9710,17,,,0
190001019,'1191309',1032,,9711,17,,,0
190001019,'1191315',1404,,9712,17,,,0
190001019,'1191323',2004,,9713,17,,,0
190001019,'1191330',1132,,9714,17,,,0
190001019,'1191334',816,,9715,17,,,0
190001019,'1191371',1704,,9716,17,,,0
190001019,'1191372',701,,9717,17,,,0
190001019,'1191373',1502,,9718,17,,,0
190001019,'1191411',801,,9719,17,,,0
190001019,'1191412',1609,,9720,17,,,0
190001019,'1191437',1724,,9721,17,,,0
190001019,'1191442',1247,,9722,17,,,0
190001019,'1191490',1102,,9723,17,,,0
190001019,'1191493',1447,,9724,17,,,0
190001019,'1191506',2130,,9725,17,,,0
190001019,'1191521',831,,9726,17,,,0
190001019,'1191531',1517,,9727,17,,,0
190001019,'1191568',1845,,9728,17,,,0
190001019,'1191583',1332,,9729,17,,,0
190001019,'1191618',1732,,9730,17,,,0
190001019,'1191655',1817,,9731,17,,,0
190001019,'1191682',1654,,9732,17,,,0
190001019,'1191728',2104,,9733,17,,,0
190001019,'1191731',1147,,9734,17,,,0
190001019,'1191732',1816,,9735,17,,,0
190001019,'1191858',1647,,9736,17,,,0
190001019,'1191862',1602,,9737,17,,,0
190001019,'1191875',1547,,9738,17,,,0
190001019,'1191876',2001,,9739,17,,,0
190001019,'1191896',1524,,9740,17,,,0
190001019,'1191906',1232,,9741,17,,,0
190001019,'1191913',1204,,9742,17,,,0
190001019,'1191916',2200,,9743,17,,,0
190001019,'1191951',2230,,9744,17,,,0
190001019,'1191981',2300,,9745,17,,,0
190001019,'1192041',1504,,9746,17,,,0
190001019,'1192042',846,,9747,17,,,0
190001019,'1192048',2300,,9748,17,,,0
190001019,'1192068',1047,,9749,17,,,0
190001019,'1192122',1347,,9750,17,,,0
190001019,'1192149',2420,,9751,17,,,0
190001019,'1192170',1900,,9752,17,,,0
190001019,'1192174',1946,,9753,17,,,0
190001019,'1192178',900,,9754,17,,,0
190001019,'1192182',1747,,9755,17,,,0
190001019,'1192193',2016,,9756,17,,,0
190001019,'1192214',800,,9757,17,,,0
190001019,'1192221',1347,,9758,17,,,0
190001019,'1192232',746,,9759,17,,,0
190001019,'1192258',1639,,9760,17,,,0
190001019,'1192297',1217,,9761,17,,,0
190001019,'1192312',1846,,9762,17,,,0
190001019,'1192323',1016,,9763,17,,,0
190001019,'1192325',646,,9764,17,,,0
190001019,'1192328',1754,,9765,17,,,0
190001019,'1192331',2230,,9766,17,,,0
190001019,'1192342',1302,,9767,17,,,0
190001019,'1192373',730,,9768,17,,,0
190001019,'1192418',2330,,9769,17,,,0
190001019,'1192495',1202,,9770,17,,,0
190001019,'1192499',830,,9771,17,,,0
190001019,'1192504',1202,,9772,17,,,0
190001019,'1192510',1931,,9773,17,,,0
190001019,'1192549',1317,,9774,17,,,0
190001019,'1192555',1332,,9775,17,,,0
190001019,'1192562',1302,,9776,17,,,0
190001019,'1192597',2400,,9777,17,,,0
190001019,'1192623',931,,9778,17,,,0
190001019,'1192634',1604,,9779,17,,,0
190001019,'1192700',2100,,9780,17,,,0
190001019,'1192705',1930,,9781,17,,,0
190001019,'1192721',1739,,9782,17,,,0
190001019,'1192738',1624,,9783,17,,,0
190001019,'1192780',1424,,9784,17,,,0
190001019,'1192804',901,,9785,17,,,0
190001019,'1192819',2404,,9786,17,,,0
190001019,'1192850',1830,,9787,17,,,0
190001019,'1192871',1554,,9788,17,,,0
190001019,'1192899',1802,,9789,17,,,0
190001019,'1192937',1217,,9790,17,,,0
190001019,'1192956',1804,,9791,17,,,0
190001019,'1192985',731,,9792,17,,,0
190001019,'1193021',1117,,9793,17,,,0
190001019,'1193026',1916,,9794,17,,,0
190001019,'1193027',1032,,9795,17,,,0
190001019,'1193047',2116,,9796,17,,,0
190001019,'1193085',904,,9797,17,,,0
190001019,'1193107',1247,,9798,17,,,0
190001019,'1193134',2101,,9799,17,,,0
190001019,'1193154',2031,,9800,17,,,0
190001019,'1193155',1317,,9801,17,,,0
190001019,'1193192',1004,,9802,17,,,0
190001019,'1193224',1102,,9803,17,,,0
190001019,'1193286',2400,,9804,17,,,0
190001019,'1193303',716,,9805,17,,,0
190001019,'1193314',1439,,9806,17,,,0
