24019,'1184560',2323,,5515,12,,,0
24019,'1184619',607,,5516,12,,,0
24019,'1184689',2307,,5517,12,,,0
24019,'1184697',807,,5518,12,,,0
24019,'1184701',1408,,5519,12,,,0
24019,'1184720',2237,,5520,12,,,0
24019,'1184783',1509,,5521,12,,,0
24019,'1184820',1023,,5522,12,,,0
24019,'1184838',1323,,5523,12,,,0
24019,'1184989',723,,5524,12,,,0
24019,'1185006',707,,5525,12,,,0
24019,'1185016',1709,,5526,12,,,0
24019,'1185028',1807,,5527,12,,,0
24019,'1185031',1609,,5528,12,,,0
24019,'1185105',1109,,5529,12,,,0
24019,'1185134',1539,,5530,12,,,0
24019,'1185220',2223,,5531,12,,,0
24019,'1185311',1308,,5532,12,,,0
24019,'1185652',707,,5533,12,,,0
24019,'1185680',907,,5534,12,,,0
24019,'1185686',2137,,5535,12,,,0
24019,'1185754',637,,5536,12,,,0
24019,'1185781',2107,,5537,12,,,0
24019,'1185861',837,,5538,12,,,0
24019,'1185884',1423,,5539,12,,,0
24019,'1186018',1639,,5540,12,,,0
24019,'1186037',1823,,5541,12,,,0
24019,'1186137',1223,,5542,12,,,0
24019,'1186166',1209,,5543,12,,,0
24019,'1186186',923,,5544,12,,,0
24019,'1186258',1623,,5545,12,,,0
24019,'1186359',2357,,5546,12,,,0
24019,'1186391',1309,,5547,12,,,0
24019,'1186431',1837,,5548,12,,,0
24019,'1186446',1439,,5549,12,,,0
24019,'1186476',1907,,5550,12,,,0
24019,'1186515',937,,5551,12,,,0
24019,'1186633',737,,5552,12,,,0
24019,'1186642',1923,,5553,12,,,0
24019,'1186693',2037,,5554,12,,,0
24019,'1186696',1508,,5555,12,,,0
24019,'1186725',1409,,5556,12,,,0
24019,'1186741',1123,,5557,12,,,0
24019,'1186817',1208,,5558,12,,,0
24019,'1186826',1523,,5559,12,,,0
24019,'1186904',1739,,5560,12,,,0
24019,'1186919',823,,5561,12,,,0
24019,'1186963',1108,,5562,12,,,0
24019,'1186974',1007,,5563,12,,,0
24019,'1186989',908,,5564,12,,,0
24019,'1187048',1008,,5565,12,,,0
24019,'1187054',2023,,5566,12,,,0
24019,'1187060',1723,,5567,12,,,0
24019,'1187065',2007,,5568,12,,,0
24019,'1187078',1937,,5569,12,,,0
24019,'1187091',2123,,5570,12,,,0
24019,'1187097',1607,,5571,12,,,0
24019,'1187111',1707,,5572,12,,,0
24019,'1187158',807,,5573,12,,,0
24019,'1187189',2207,,5574,12,,,0
