105019,'1190616',2205,,9291,2,,,0
105019,'1190769',1352,,9292,2,,,0
105019,'1190825',1605,,9293,2,,,0
105019,'1190865',1752,,9294,2,,,0
105019,'1190975',1822,,9295,2,,,0
105019,'1190992',1748,,9296,2,,,0
105019,'1190998',1148,,9297,2,,,0
105019,'1191007',1652,,9298,2,,,0
105019,'1191038',1448,,9299,2,,,0
105019,'1191063',934,,9300,2,,,0
105019,'1191065',1252,,9301,2,,,0
105019,'1191145',632,,9302,2,,,0
105019,'1191217',2246,,9303,2,,,0
105019,'1191294',1348,,9304,2,,,0
105019,'1191329',846,,9305,2,,,0
105019,'1191413',1005,,9306,2,,,0
105019,'1191457',1248,,9307,2,,,0
105019,'1191557',834,,9308,2,,,0
105019,'1191709',734,,9309,2,,,0
105019,'1191750',2232,,9310,2,,,0
105019,'1191859',646,,9311,2,,,0
105019,'1191891',1722,,9312,2,,,0
105019,'1192052',1848,,9313,2,,,0
105019,'1192113',602,,9314,2,,,0
105019,'1192142',1548,,9315,2,,,0
105019,'1192176',805,,9316,2,,,0
105019,'1192218',2332,,9317,2,,,0
105019,'1192236',1405,,9318,2,,,0
105019,'1192248',2032,,9319,2,,,0
105019,'1192267',1648,,9320,2,,,0
105019,'1192318',1048,,9321,2,,,0
105019,'1192337',1607,,9322,2,,,0
105019,'1192353',1437,,9323,2,,,0
105019,'1192579',1137,,9324,2,,,0
105019,'1192586',1205,,9325,2,,,0
105019,'1192598',2005,,9326,2,,,0
105019,'1192614',704,,9327,2,,,0
105019,'1192661',2132,,9328,2,,,0
105019,'1192725',1507,,9329,2,,,0
105019,'1192735',1902,,9330,2,,,0
105019,'1192821',2046,,9331,2,,,0
105019,'1192836',1805,,9332,2,,,0
105019,'1192847',532,,9333,2,,,0
105019,'1192875',1537,,9334,2,,,0
105019,'1193045',804,,9335,2,,,0
105019,'1193298',1037,,9336,2,,,0
