14029,'1184567',2038,,5303,45,,,0
14029,'1184744',738,,5304,45,,,0
14029,'1184813',1536,,5305,45,,,0
14029,'1184869',638,,5306,45,,,0
14029,'1184894',1638,,5307,45,,,0
14029,'1184948',2138,,5308,45,,,0
14029,'1184973',1736,,5309,45,,,0
14029,'1184981',1709,,5310,45,,,0
14029,'1184993',1739,,5311,45,,,0
14029,'1185190',2008,,5312,45,,,0
14029,'1185192',1636,,5313,45,,,0
14029,'1185265',838,,5314,45,,,0
14029,'1185266',2238,,5315,45,,,0
14029,'1185306',738,,5316,45,,,0
14029,'1185322',1439,,5317,45,,,0
14029,'1185345',1338,,5318,45,,,0
14029,'1185408',1509,,5319,45,,,0
14029,'1185466',2336,,5320,45,,,0
14029,'1185480',1238,,5321,45,,,0
14029,'1185491',1639,,5322,45,,,0
14029,'1185496',1838,,5323,45,,,0
14029,'1185512',1938,,5324,45,,,0
14029,'1185568',1539,,5325,45,,,0
14029,'1185647',1038,,5326,45,,,0
14029,'1185698',1336,,5327,45,,,0
14029,'1185828',2308,,5328,45,,,0
14029,'1185848',1436,,5329,45,,,0
14029,'1185866',2413,,5330,45,,,0
14029,'1185960',838,,5331,45,,,0
14029,'1185970',938,,5332,45,,,0
14029,'1186076',1738,,5333,45,,,0
14029,'1186118',708,,5334,45,,,0
14029,'1186154',938,,5335,45,,,0
14029,'1186312',2208,,5336,45,,,0
14029,'1186319',1609,,5337,45,,,0
14029,'1186327',1339,,5338,45,,,0
14029,'1186353',1936,,5339,45,,,0
14029,'1186377',1239,,5340,45,,,0
14029,'1186418',1039,,5341,45,,,0
14029,'1186536',1036,,5342,45,,,0
14029,'1186554',1538,,5343,45,,,0
14029,'1186577',2338,,5344,45,,,0
14029,'1186622',1236,,5345,45,,,0
14029,'1186746',1438,,5346,45,,,0
14029,'1186757',1138,,5347,45,,,0
14029,'1186771',808,,5348,45,,,0
14029,'1186789',1136,,5349,45,,,0
14029,'1186793',2136,,5350,45,,,0
14029,'1186798',736,,5351,45,,,0
14029,'1186876',1836,,5352,45,,,0
14029,'1186908',908,,5353,45,,,0
14029,'1186964',836,,5354,45,,,0
14029,'1186971',2108,,5355,45,,,0
14029,'1187011',2236,,5356,45,,,0
14029,'1187063',1808,,5357,45,,,0
14029,'1187088',2036,,5358,45,,,0
14029,'1187110',936,,5359,45,,,0
14029,'1187137',1908,,5360,45,,,0
14029,'1187192',1139,,5361,45,,,0
29029,'1184496',1942,,6107,14,,,0
29029,'1184548',2242,,6108,14,,,0
29029,'1184602',1058,,6109,14,,,0
29029,'1184681',942,,6110,14,,,0
29029,'1184958',2042,,6111,14,,,0
29029,'1185054',958,,6112,14,,,0
29029,'1185079',1243,,6113,14,,,0
29029,'1185411',1358,,6114,14,,,0
29029,'1185428',2342,,6115,14,,,0
29029,'1185454',1558,,6116,14,,,0
29029,'1185554',1043,,6117,14,,,0
29029,'1185817',1458,,6118,14,,,0
29029,'1185830',1343,,6119,14,,,0
29029,'1186029',1158,,6120,14,,,0
29029,'1186121',1258,,6121,14,,,0
29029,'1186538',1443,,6122,14,,,0
29029,'1186653',1743,,6123,14,,,0
29029,'1186838',1543,,6124,14,,,0
29029,'1186879',842,,6125,14,,,0
29029,'1186880',1143,,6126,14,,,0
29029,'1186895',1842,,6127,14,,,0
29029,'1186928',2142,,6128,14,,,0
29029,'1187082',1643,,6129,14,,,0
29029,'1187112',742,,6130,14,,,0
190001029,'1184490',1702,,6961,23,,,0
190001029,'1184527',1204,,6962,23,,,0
190001029,'1184534',902,,6963,23,,,0
190001029,'1184609',647,,6964,23,,,0
190001029,'1184616',1049,,6965,23,,,0
190001029,'1184651',2047,,6966,23,,,0
190001029,'1184661',1634,,6967,23,,,0
190001029,'1184721',2347,,6968,23,,,0
190001029,'1184789',646,,6969,23,,,0
190001029,'1184791',2147,,6970,23,,,0
190001029,'1184794',1347,,6971,23,,,0
190001029,'1184799',1304,,6972,23,,,0
190001029,'1184802',2407,,6973,23,,,0
190001029,'1184839',832,,6974,23,,,0
190001029,'1184889',2217,,6975,23,,,0
190001029,'1184906',1249,,6976,23,,,0
190001029,'1184907',828,,6977,23,,,0
190001029,'1184944',1449,,6978,23,,,0
190001029,'1184952',928,,6979,23,,,0
190001029,'1184954',2028,,6980,23,,,0
190001029,'1184980',2002,,6981,23,,,0
190001029,'1184997',1504,,6982,23,,,0
190001029,'1185011',2228,,6983,23,,,0
190001029,'1185017',2146,,6984,23,,,0
190001029,'1185025',1402,,6985,23,,,0
190001029,'1185053',1234,,6986,23,,,0
190001029,'1185071',1704,,6987,23,,,0
190001029,'1185119',2246,,6988,23,,,0
190001029,'1185120',1632,,6989,23,,,0
190001029,'1185125',1119,,6990,23,,,0
190001029,'1185141',1228,,6991,23,,,0
190001029,'1185166',1102,,6992,23,,,0
190001029,'1185167',1802,,6993,23,,,0
190001029,'1185180',2046,,6994,23,,,0
190001029,'1185201',1831,,6995,23,,,0
190001029,'1185223',1747,,6996,23,,,0
190001029,'1185234',932,,6997,23,,,0
190001029,'1185246',717,,6998,23,,,0
190001029,'1185252',1019,,6999,23,,,0
190001029,'1185262',1302,,7000,23,,,0
190001029,'1185321',2016,,7001,23,,,0
190001029,'1185331',1932,,7002,23,,,0
190001029,'1185351',916,,7003,23,,,0
190001029,'1185355',1534,,7004,23,,,0
190001029,'1185367',917,,7005,23,,,0
190001029,'1185389',2117,,7006,23,,,0
190001029,'1185390',1816,,7007,23,,,0
190001029,'1185410',2316,,7008,23,,,0
190001029,'1185424',816,,7009,23,,,0
190001029,'1185432',747,,7010,23,,,0
190001029,'1185483',1134,,7011,23,,,0
190001029,'1185504',1619,,7012,23,,,0
190001029,'1185587',1517,,7013,23,,,0
190001029,'1185591',1334,,7014,23,,,0
190001029,'1185606',1604,,7015,23,,,0
190001029,'1185626',1847,,7016,23,,,0
190001029,'1185646',1232,,7017,23,,,0
190001029,'1185689',1519,,7018,23,,,0
190001029,'1185714',1149,,7019,23,,,0
190001029,'1185744',1404,,7020,23,,,0
190001029,'1185775',1547,,7021,23,,,0
190001029,'1185840',1828,,7022,23,,,0
190001029,'1185841',1428,,7023,23,,,0
190001029,'1185855',1417,,7024,23,,,0
190001029,'1185865',1001,,7025,23,,,0
190001029,'1185898',1647,,7026,23,,,0
190001029,'1185905',1902,,7027,23,,,0
190001029,'1185932',1649,,7028,23,,,0
190001029,'1185953',728,,7029,23,,,0
190001029,'1185962',802,,7030,23,,,0
190001029,'1186000',1147,,7031,23,,,0
190001029,'1186001',732,,7032,23,,,0
190001029,'1186004',1217,,7033,23,,,0
190001029,'1186023',1247,,7034,23,,,0
190001029,'1186073',1502,,7035,23,,,0
190001029,'1186074',616,,7036,23,,,0
190001029,'1186081',946,,7037,23,,,0
190001029,'1186094',2102,,7038,23,,,0
190001029,'1186100',1732,,7039,23,,,0
190001029,'1186108',1202,,7040,23,,,0
190001029,'1186109',1717,,7041,23,,,0
190001029,'1186134',1319,,7042,23,,,0
190001029,'1186143',1419,,7043,23,,,0
190001029,'1186171',1802,,7044,23,,,0
190001029,'1186182',1032,,7045,23,,,0
190001029,'1186183',2032,,7046,23,,,0
190001029,'1186248',632,,7047,23,,,0
190001029,'1186250',1332,,7048,23,,,0
190001029,'1186255',1528,,7049,23,,,0
190001029,'1186307',1916,,7050,23,,,0
190001029,'1186324',2017,,7051,23,,,0
190001029,'1186336',702,,7052,23,,,0
190001029,'1186339',2128,,7053,23,,,0
190001029,'1186400',746,,7054,23,,,0
190001029,'1186407',1532,,7055,23,,,0
190001029,'1186448',1602,,7056,23,,,0
190001029,'1186464',1728,,7057,23,,,0
190001029,'1186468',1617,,7058,23,,,0
190001029,'1186469',1034,,7059,23,,,0
190001029,'1186472',1832,,7060,23,,,0
190001029,'1186480',1917,,7061,23,,,0
190001029,'1186542',1017,,7062,23,,,0
190001029,'1186570',846,,7063,23,,,0
190001029,'1186592',1734,,7064,23,,,0
190001029,'1186595',1928,,7065,23,,,0
190001029,'1186617',1447,,7066,23,,,0
190001029,'1186627',2132,,7067,23,,,0
190001029,'1186676',1628,,7068,23,,,0
190001029,'1186718',2317,,7069,23,,,0
190001029,'1186758',1047,,7070,23,,,0
190001029,'1186764',1117,,7071,23,,,0
190001029,'1186785',1128,,7072,23,,,0
190001029,'1186808',2247,,7073,23,,,0
190001029,'1186828',1349,,7074,23,,,0
190001029,'1186840',947,,7075,23,,,0
190001029,'1186842',1946,,7076,23,,,0
190001029,'1186847',2116,,7077,23,,,0
190001029,'1186858',1317,,7078,23,,,0
190001029,'1186862',1002,,7079,23,,,0
190001029,'1186865',1432,,7080,23,,,0
190001029,'1186868',1947,,7081,23,,,0
190001029,'1186899',1817,,7082,23,,,0
190001029,'1186910',2216,,7083,23,,,0
190001029,'1186913',1328,,7084,23,,,0
190001029,'1186923',817,,7085,23,,,0
190001029,'1186934',1028,,7086,23,,,0
190001029,'1186947',716,,7087,23,,,0
190001029,'1186965',1549,,7088,23,,,0
190001029,'1186988',1104,,7089,23,,,0
190001029,'1186997',1132,,7090,23,,,0
190001029,'1187034',847,,7091,23,,,0
190001029,'1187095',2328,,7092,23,,,0
190001029,'1187119',1219,,7093,23,,,0
190001029,'1187129',1747,,7094,23,,,0
190001029,'1187140',2346,,7095,23,,,0
190001029,'1187146',1719,,7096,23,,,0
190001029,'1187167',1846,,7097,23,,,0
190001029,'1187176',1434,,7098,23,,,0
