10019,'1193432',1053,,9945,14,,,0
10019,'1193436',1723,,9946,14,,,0
10019,'1193437',2223,,9947,14,,,0
10019,'1193439',1153,,9948,14,,,0
10019,'1193447',2353,,9949,14,,,0
10019,'1193449',1823,,9950,14,,,0
10019,'1193451',2153,,9951,14,,,0
10019,'1193452',1253,,9952,14,,,0
10019,'1193454',1453,,9953,14,,,0
10019,'1193455',1253,,9954,14,,,0
10019,'1193456',623,,9955,14,,,0
10019,'1193457',853,,9956,14,,,0
10019,'1193458',853,,9957,14,,,0
10019,'1193459',1753,,9958,14,,,0
10019,'1193460',753,,9959,14,,,0
10019,'1193465',1653,,9960,14,,,0
10019,'1193467',1453,,9961,14,,,0
10019,'1193472',653,,9962,14,,,0
10019,'1193473',2053,,9963,14,,,0
10019,'1193477',2323,,9964,14,,,0
10019,'1193478',1553,,9965,14,,,0
10019,'1193485',1153,,9966,14,,,0
10019,'1193486',1653,,9967,14,,,0
10019,'1193489',2153,,9968,14,,,0
10019,'1193490',1053,,9969,14,,,0
10019,'1193492',1053,,9970,14,,,0
10019,'1193493',1653,,9971,14,,,0
10019,'1193495',1353,,9972,14,,,0
10019,'1193500',953,,9973,14,,,0
10019,'1193501',1923,,9974,14,,,0
10019,'1193502',1623,,9975,14,,,0
10019,'1193503',2023,,9976,14,,,0
10019,'1193507',1853,,9977,14,,,0
10019,'1193508',753,,9978,14,,,0
10019,'1193511',1553,,9979,14,,,0
10019,'1193512',1153,,9980,14,,,0
10019,'1193513',753,,9981,14,,,0
10019,'1193516',1953,,9982,14,,,0
10019,'1193517',723,,9983,14,,,0
10019,'1193518',1953,,9984,14,,,0
10019,'1193519',2123,,9985,14,,,0
10019,'1193522',953,,9986,14,,,0
10019,'1193523',1753,,9987,14,,,0
10019,'1193524',923,,9988,14,,,0
10019,'1193525',653,,9989,14,,,0
10019,'1193527',953,,9990,14,,,0
10019,'1193529',2253,,9991,14,,,0
10019,'1193530',1753,,9992,14,,,0
10019,'1193531',1453,,9993,14,,,0
10019,'1193532',1523,,9994,14,,,0
10019,'1193533',1353,,9995,14,,,0
10019,'1193534',823,,9996,14,,,0
10019,'1193535',2053,,9997,14,,,0
10019,'1193536',1553,,9998,14,,,0
10019,'1193537',1253,,9999,14,,,0
10019,'1193540',2353,,10000,14,,,0
10019,'1193541',1353,,10001,14,,,0
10019,'1193543',2253,,10002,14,,,0
10019,'1193545',853,,10003,14,,,0
10019,'1193549',1853,,10004,14,,,0
12019,'1190645',1630,,7824,20,,,0
12019,'1190657',1758,,7825,20,,,0
12019,'1190716',659,,7826,20,,,0
12019,'1190720',1858,,7827,20,,,0
12019,'1190795',1658,,7828,20,,,0
12019,'1190815',1458,,7829,20,,,0
12019,'1190831',2158,,7830,20,,,0
12019,'1190872',859,,7831,20,,,0
12019,'1190904',2058,,7832,20,,,0
12019,'1190905',858,,7833,20,,,0
12019,'1190925',2028,,7834,20,,,0
12019,'1190938',1630,,7835,20,,,0
12019,'1191207',1800,,7836,20,,,0
12019,'1191227',1730,,7837,20,,,0
12019,'1191292',958,,7838,20,,,0
12019,'1191300',1530,,7839,20,,,0
12019,'1191320',2328,,7840,20,,,0
12019,'1191398',2158,,7841,20,,,0
12019,'1191414',1730,,7842,20,,,0
12019,'1191419',1500,,7843,20,,,0
12019,'1191420',2128,,7844,20,,,0
12019,'1191448',759,,7845,20,,,0
12019,'1191466',1700,,7846,20,,,0
12019,'1191470',1500,,7847,20,,,0
12019,'1191522',1100,,7848,20,,,0
12019,'1191559',1358,,7849,20,,,0
12019,'1191598',1200,,7850,20,,,0
12019,'1191639',1230,,7851,20,,,0
12019,'1191674',1130,,7852,20,,,0
12019,'1191686',1330,,7853,20,,,0
12019,'1191724',1558,,7854,20,,,0
12019,'1191785',1158,,7855,20,,,0
12019,'1191790',1058,,7856,20,,,0
12019,'1191803',1300,,7857,20,,,0
12019,'1191804',1600,,7858,20,,,0
12019,'1191818',1400,,7859,20,,,0
12019,'1191855',1858,,7860,20,,,0
12019,'1191973',1130,,7861,20,,,0
12019,'1191984',2358,,7862,20,,,0
12019,'1192006',1029,,7863,20,,,0
12019,'1192018',1300,,7864,20,,,0
12019,'1192022',1928,,7865,20,,,0
12019,'1192099',829,,7866,20,,,0
12019,'1192145',1400,,7867,20,,,0
12019,'1192151',758,,7868,20,,,0
12019,'1192194',729,,7869,20,,,0
12019,'1192261',1200,,7870,20,,,0
12019,'1192280',2228,,7871,20,,,0
12019,'1192281',1330,,7872,20,,,0
12019,'1192299',758,,7873,20,,,0
12019,'1192301',1230,,7874,20,,,0
12019,'1192340',1430,,7875,20,,,0
12019,'1192366',1828,,7876,20,,,0
12019,'1192412',929,,7877,20,,,0
12019,'1192428',858,,7878,20,,,0
12019,'1192530',1530,,7879,20,,,0
12019,'1192561',2358,,7880,20,,,0
12019,'1192582',1958,,7881,20,,,0
12019,'1192611',2258,,7882,20,,,0
12019,'1192642',629,,7883,20,,,0
12019,'1193003',1600,,7884,20,,,0
12019,'1193055',1700,,7885,20,,,0
12019,'1193068',958,,7886,20,,,0
12019,'1193119',2058,,7887,20,,,0
12019,'1193147',1100,,7888,20,,,0
12019,'1193167',1430,,7889,20,,,0
12019,'1193176',700,,7890,20,,,0
12019,'1193179',1958,,7891,20,,,0
12019,'1193229',1800,,7892,20,,,0
12019,'1193248',1258,,7893,20,,,0
12019,'1193280',2258,,7894,20,,,0
12019,'1193305',959,,7895,20,,,0
