28019,'1184531',1808,,5965,4,,,0
28019,'1184536',738,,5966,4,,,0
28019,'1184586',1933,,5967,4,,,0
28019,'1184590',838,,5968,4,,,0
28019,'1184806',1408,,5969,4,,,0
28019,'1184941',2133,,5970,4,,,0
28019,'1184960',753,,5971,4,,,0
28019,'1184962',1253,,5972,4,,,0
28019,'1185009',1738,,5973,4,,,0
28019,'1185083',1308,,5974,4,,,0
28019,'1185094',1033,,5975,4,,,0
28019,'1185095',1608,,5976,4,,,0
28019,'1185107',1753,,5977,4,,,0
28019,'1185217',1433,,5978,4,,,0
28019,'1185229',1008,,5979,4,,,0
28019,'1185235',733,,5980,4,,,0
28019,'1185263',2108,,5981,4,,,0
28019,'1185291',1633,,5982,4,,,0
28019,'1185463',2353,,5983,4,,,0
28019,'1185469',1908,,5984,4,,,0
28019,'1185546',2233,,5985,4,,,0
28019,'1185615',2208,,5986,4,,,0
28019,'1185718',1333,,5987,4,,,0
28019,'1185768',638,,5988,4,,,0
28019,'1185787',1508,,5989,4,,,0
28019,'1185832',1833,,5990,4,,,0
28019,'1185834',653,,5991,4,,,0
28019,'1185836',1853,,5992,4,,,0
28019,'1185880',2008,,5993,4,,,0
28019,'1185920',2308,,5994,4,,,0
28019,'1185987',1053,,5995,4,,,0
28019,'1186020',2153,,5996,4,,,0
28019,'1186085',1108,,5997,4,,,0
28019,'1186130',1208,,5998,4,,,0
28019,'1186196',1353,,5999,4,,,0
28019,'1186203',853,,6000,4,,,0
28019,'1186206',1453,,6001,4,,,0
28019,'1186293',808,,6002,4,,,0
28019,'1186426',1653,,6003,4,,,0
28019,'1186487',1533,,6004,4,,,0
28019,'1186488',2033,,6005,4,,,0
28019,'1186500',2253,,6006,4,,,0
28019,'1186547',2053,,6007,4,,,0
28019,'1186557',1233,,6008,4,,,0
28019,'1186574',608,,6009,4,,,0
28019,'1186585',1708,,6010,4,,,0
28019,'1186695',1133,,6011,4,,,0
28019,'1186743',1638,,6012,4,,,0
28019,'1186748',1733,,6013,4,,,0
28019,'1186749',833,,6014,4,,,0
28019,'1186761',1838,,6015,4,,,0
28019,'1186800',933,,6016,4,,,0
28019,'1186844',908,,6017,4,,,0
28019,'1186887',1953,,6018,4,,,0
28019,'1187015',953,,6019,4,,,0
28019,'1187017',708,,6020,4,,,0
28019,'1187021',1153,,6021,4,,,0
28019,'1187046',1553,,6022,4,,,0
28019,'1187163',2333,,6023,4,,,0
