2029,'1190626',1030,,7325,12,,,0
2029,'1190688',1800,,7326,12,,,0
2029,'1190708',2129,,7327,12,,,0
2029,'1190719',2359,,7328,12,,,0
2029,'1190781',746,,7329,12,,,0
2029,'1190788',731,,7330,12,,,0
2029,'1190794',916,,7331,12,,,0
2029,'1190810',1130,,7332,12,,,0
2029,'1190833',730,,7333,12,,,0
2029,'1190838',2115,,7334,12,,,0
2029,'1190875',1100,,7335,12,,,0
2029,'1190877',801,,7336,12,,,0
2029,'1190894',1846,,7337,12,,,0
2029,'1190915',1101,,7338,12,,,0
2029,'1190967',716,,7339,12,,,0
2029,'1191031',1601,,7340,12,,,0
2029,'1191050',1200,,7341,12,,,0
2029,'1191076',1616,,7342,12,,,0
2029,'1191116',901,,7343,12,,,0
2029,'1191190',2415,,7344,12,,,0
2029,'1191228',1546,,7345,12,,,0
2029,'1191232',1230,,7346,12,,,0
2029,'1191236',2046,,7347,12,,,0
2029,'1191243',2159,,7348,12,,,0
2029,'1191246',1530,,7349,12,,,0
2029,'1191282',2229,,7350,12,,,0
2029,'1191283',1801,,7351,12,,,0
2029,'1191345',1430,,7352,12,,,0
2029,'1191378',1431,,7353,12,,,0
2029,'1191445',1046,,7354,12,,,0
2029,'1191452',701,,7355,12,,,0
2029,'1191453',2329,,7356,12,,,0
2029,'1191464',1500,,7357,12,,,0
2029,'1191468',931,,7358,12,,,0
2029,'1191482',645,,7359,12,,,0
2029,'1191486',1716,,7360,12,,,0
2029,'1191507',1446,,7361,12,,,0
2029,'1191548',1700,,7362,12,,,0
2029,'1191564',1246,,7363,12,,,0
2029,'1191566',1316,,7364,12,,,0
2029,'1191577',2419,,7365,12,,,0
2029,'1191587',746,,7366,12,,,0
2029,'1191640',2000,,7367,12,,,0
2029,'1191649',1046,,7368,12,,,0
2029,'1191678',1631,,7369,12,,,0
2029,'1191684',1731,,7370,12,,,0
2029,'1191701',1945,,7371,12,,,0
2029,'1191721',1446,,7372,12,,,0
2029,'1191726',1900,,7373,12,,,0
2029,'1191736',2330,,7374,12,,,0
2029,'1191799',1830,,7375,12,,,0
2029,'1191815',946,,7376,12,,,0
2029,'1191824',1600,,7377,12,,,0
2029,'1191863',2030,,7378,12,,,0
2029,'1191887',1001,,7379,12,,,0
2029,'1191900',2246,,7380,12,,,0
2029,'1191908',1946,,7381,12,,,0
2029,'1191923',2245,,7382,12,,,0
2029,'1191934',1300,,7383,12,,,0
2029,'1191979',1131,,7384,12,,,0
2029,'1192014',846,,7385,12,,,0
2029,'1192038',1730,,7386,12,,,0
2029,'1192039',1116,,7387,12,,,0
2029,'1192049',2146,,7388,12,,,0
2029,'1192067',1231,,7389,12,,,0
2029,'1192095',1830,,7390,12,,,0
2029,'1192143',2346,,7391,12,,,0
2029,'1192161',1400,,7392,12,,,0
2029,'1192177',900,,7393,12,,,0
2029,'1192187',1331,,7394,12,,,0
2029,'1192206',1646,,7395,12,,,0
2029,'1192222',1816,,7396,12,,,0
2029,'1192235',1501,,7397,12,,,0
2029,'1192245',816,,7398,12,,,0
2029,'1192247',1330,,7399,12,,,0
2029,'1192371',1301,,7400,12,,,0
2029,'1192372',831,,7401,12,,,0
2029,'1192395',1031,,7402,12,,,0
2029,'1192415',2030,,7403,12,,,0
2029,'1192421',946,,7404,12,,,0
2029,'1192494',815,,7405,12,,,0
2029,'1192515',1646,,7406,12,,,0
2029,'1192587',1401,,7407,12,,,0
2029,'1192639',945,,7408,12,,,0
2029,'1192647',1416,,7409,12,,,0
2029,'1192656',1900,,7410,12,,,0
2029,'1192681',1146,,7411,12,,,0
2029,'1192709',1146,,7412,12,,,0
2029,'1192718',1531,,7413,12,,,0
2029,'1192745',1701,,7414,12,,,0
2029,'1192753',1246,,7415,12,,,0
2029,'1192778',1346,,7416,12,,,0
2029,'1192790',2100,,7417,12,,,0
2029,'1192793',2259,,7418,12,,,0
2029,'1192868',1216,,7419,12,,,0
2029,'1192872',646,,7420,12,,,0
2029,'1192912',1630,,7421,12,,,0
2029,'1192917',846,,7422,12,,,0
2029,'1192918',1346,,7423,12,,,0
2029,'1193030',1546,,7424,12,,,0
2029,'1193075',1930,,7425,12,,,0
2029,'1193081',1746,,7426,12,,,0
2029,'1193140',1016,,7427,12,,,0
2029,'1193168',2200,,7428,12,,,0
2029,'1193194',1201,,7429,12,,,0
2029,'1193219',1516,,7430,12,,,0
2029,'1193269',1746,,7431,12,,,0
