27019,'1190698',1915,,8707,6,,,0
27019,'1190710',1745,,8708,6,,,0
27019,'1190723',2244,,8709,6,,,0
27019,'1190917',2315,,8710,6,,,0
27019,'1190974',1659,,8711,6,,,0
27019,'1190996',744,,8712,6,,,0
27019,'1191047',1744,,8713,6,,,0
27019,'1191101',645,,8714,6,,,0
27019,'1191139',2215,,8715,6,,,0
27019,'1191143',1259,,8716,6,,,0
27019,'1191157',1459,,8717,6,,,0
27019,'1191209',1644,,8718,6,,,0
27019,'1191318',759,,8719,6,,,0
27019,'1191346',1145,,8720,6,,,0
27019,'1191460',1344,,8721,6,,,0
27019,'1191513',1444,,8722,6,,,0
27019,'1191616',944,,8723,6,,,0
27019,'1191713',1059,,8724,6,,,0
27019,'1191740',945,,8725,6,,,0
27019,'1191746',844,,8726,6,,,0
27019,'1191829',2015,,8727,6,,,0
27019,'1191871',1445,,8728,6,,,0
27019,'1191893',859,,8729,6,,,0
27019,'1191926',959,,8730,6,,,0
27019,'1191982',1959,,8731,6,,,0
27019,'1191990',2259,,8732,6,,,0
27019,'1192003',1859,,8733,6,,,0
27019,'1192181',2159,,8734,6,,,0
27019,'1192223',1044,,8735,6,,,0
27019,'1192272',1345,,8736,6,,,0
27019,'1192334',644,,8737,6,,,0
27019,'1192456',1244,,8738,6,,,0
27019,'1192470',1045,,8739,6,,,0
27019,'1192604',845,,8740,6,,,0
27019,'1192609',1545,,8741,6,,,0
27019,'1192670',2344,,8742,6,,,0
27019,'1192710',1245,,8743,6,,,0
27019,'1192777',1559,,8744,6,,,0
27019,'1192814',1944,,8745,6,,,0
27019,'1192867',1845,,8746,6,,,0
27019,'1192887',745,,8747,6,,,0
27019,'1192919',2144,,8748,6,,,0
27019,'1192945',1844,,8749,6,,,0
27019,'1192996',1759,,8750,6,,,0
27019,'1193065',2044,,8751,6,,,0
27019,'1193091',2059,,8752,6,,,0
27019,'1193100',1359,,8753,6,,,0
27019,'1193144',1544,,8754,6,,,0
27019,'1193173',1159,,8755,6,,,0
27019,'1193212',2115,,8756,6,,,0
27019,'1193249',1144,,8757,6,,,0
27019,'1193273',1645,,8758,6,,,0
