12019,'1184525',1323,,4978,10,,,0
12019,'1184575',752,,4979,10,,,0
12019,'1184629',1822,,4980,10,,,0
12019,'1184682',1653,,4981,10,,,0
12019,'1184756',1053,,4982,10,,,0
12019,'1184761',1653,,4983,10,,,0
12019,'1184784',2252,,4984,10,,,0
12019,'1184786',1253,,4985,10,,,0
12019,'1184787',1053,,4986,10,,,0
12019,'1184846',1523,,4987,10,,,0
12019,'1184885',1453,,4988,10,,,0
12019,'1184933',622,,4989,10,,,0
12019,'1185000',2052,,4990,10,,,0
12019,'1185003',822,,4991,10,,,0
12019,'1185020',654,,4992,10,,,0
12019,'1185027',952,,4993,10,,,0
12019,'1185033',1353,,4994,10,,,0
12019,'1185098',1922,,4995,10,,,0
12019,'1185121',722,,4996,10,,,0
12019,'1185187',852,,4997,10,,,0
12019,'1185218',1753,,4998,10,,,0
12019,'1185271',2222,,4999,10,,,0
12019,'1185305',1753,,5000,10,,,0
12019,'1185383',952,,5001,10,,,0
12019,'1185406',1252,,5002,10,,,0
12019,'1185445',1123,,5003,10,,,0
12019,'1185455',952,,5004,10,,,0
12019,'1185536',1352,,5005,10,,,0
12019,'1185548',1623,,5006,10,,,0
12019,'1185614',1723,,5007,10,,,0
12019,'1185634',1523,,5008,10,,,0
12019,'1185678',1022,,5009,10,,,0
12019,'1185724',1423,,5010,10,,,0
12019,'1185780',1423,,5011,10,,,0
12019,'1185785',2022,,5012,10,,,0
12019,'1185860',1623,,5013,10,,,0
12019,'1185945',2352,,5014,10,,,0
12019,'1185982',1353,,5015,10,,,0
12019,'1185985',1852,,5016,10,,,0
12019,'1186011',2152,,5017,10,,,0
12019,'1186032',2322,,5018,10,,,0
12019,'1186086',1652,,5019,10,,,0
12019,'1186204',1453,,5020,10,,,0
12019,'1186211',1752,,5021,10,,,0
12019,'1186227',1952,,5022,10,,,0
12019,'1186234',2152,,5023,10,,,0
12019,'1186235',1223,,5024,10,,,0
12019,'1186277',2052,,5025,10,,,0
12019,'1186330',1552,,5026,10,,,0
12019,'1186367',1553,,5027,10,,,0
12019,'1186399',852,,5028,10,,,0
12019,'1186412',1323,,5029,10,,,0
12019,'1186555',752,,5030,10,,,0
12019,'1186611',2122,,5031,10,,,0
12019,'1186615',1153,,5032,10,,,0
12019,'1186634',2252,,5033,10,,,0
12019,'1186663',1152,,5034,10,,,0
12019,'1186667',922,,5035,10,,,0
12019,'1186670',1253,,5036,10,,,0
12019,'1186679',1452,,5037,10,,,0
12019,'1186717',1852,,5038,10,,,0
12019,'1186735',1123,,5039,10,,,0
12019,'1186753',1553,,5040,10,,,0
12019,'1186849',752,,5041,10,,,0
12019,'1186892',1223,,5042,10,,,0
12019,'1186907',652,,5043,10,,,0
12019,'1186909',1952,,5044,10,,,0
12019,'1186938',1153,,5045,10,,,0
12019,'1187042',2352,,5046,10,,,0
12019,'1187123',852,,5047,10,,,0
12019,'1187125',1723,,5048,10,,,0
12019,'1187149',1052,,5049,10,,,0
