12029,'1184489',1738,,5050,37,,,0
12029,'1184508',908,,5051,37,,,0
12029,'1184603',1408,,5052,37,,,0
12029,'1184653',2337,,5053,37,,,0
12029,'1184672',2137,,5054,37,,,0
12029,'1184705',708,,5055,37,,,0
12029,'1184792',1907,,5056,37,,,0
12029,'1184793',1438,,5057,37,,,0
12029,'1184864',1608,,5058,37,,,0
12029,'1184919',1638,,5059,37,,,0
12029,'1184946',738,,5060,37,,,0
12029,'1184975',1038,,5061,37,,,0
12029,'1184990',1008,,5062,37,,,0
12029,'1185014',2412,,5063,37,,,0
12029,'1185085',1338,,5065,37,,,0
12029,'1185128',1208,,5066,37,,,0
12029,'1185239',1438,,5067,37,,,0
12029,'1185264',1738,,5068,37,,,0
12029,'1185324',1338,,5070,37,,,0
12029,'1185339',1138,,5071,37,,,0
12029,'1185471',2207,,5072,37,,,0
12029,'1185556',1238,,5074,37,,,0
12029,'1185612',1837,,5076,37,,,0
12029,'1185613',1038,,5077,37,,,0
12029,'1185757',1108,,5081,37,,,0
12029,'1185758',1708,,5082,37,,,0
12029,'1185875',2107,,5083,37,,,0
12029,'1185878',1508,,5084,37,,,0
12029,'1185933',1308,,5085,37,,,0
12029,'1185999',1508,,5087,37,,,0
12029,'1186050',838,,5088,37,,,0
12029,'1186139',638,,5089,37,,,0
12029,'1186210',1208,,5090,37,,,0
12029,'1186290',1538,,5091,37,,,0
12029,'1186423',1807,,5092,37,,,0
12029,'1186463',737,,5094,37,,,0
12029,'1186502',1708,,5096,37,,,0
12029,'1186551',1538,,5098,37,,,0
12029,'1186588',1408,,5099,37,,,0
12029,'1186638',1638,,5101,37,,,0
12029,'1186685',837,,5103,37,,,0
12029,'1186763',2037,,5105,37,,,0
12029,'1186814',1138,,5106,37,,,0
12029,'1186824',1238,,5107,37,,,0
12029,'1186878',2007,,5109,37,,,0
12029,'1186945',1308,,5110,37,,,0
12029,'1186973',2307,,5112,37,,,0
12029,'1187037',937,,5113,37,,,0
12029,'1187044',2237,,5114,37,,,0
12029,'1187072',1937,,5115,37,,,0
12029,'1187141',1108,,5116,37,,,0
12029,'1187166',1608,,5117,37,,,0
12029,'1187188',938,,5119,37,,,0
12029,'1187196',808,,5120,37,,,0
