10029,'1184529',1603,,4778,29,,,0
10029,'1184533',2233,,4779,29,,,0
10029,'1184556',1233,,4781,29,,,0
10029,'1184564',1633,,4782,29,,,0
10029,'1184573',1133,,4783,29,,,0
10029,'1184797',1033,,4786,29,,,0
10029,'1184859',1333,,4787,29,,,0
10029,'1184943',733,,4788,29,,,0
10029,'1185045',2333,,4792,29,,,0
10029,'1185131',1833,,4793,29,,,0
10029,'1185170',733,,4794,29,,,0
10029,'1185175',2003,,4795,29,,,0
10029,'1185177',933,,4796,29,,,0
10029,'1185497',833,,4798,29,,,0
10029,'1185531',1733,,4799,29,,,0
10029,'1185542',2408,,4800,29,,,0
10029,'1185576',1133,,4801,29,,,0
10029,'1185616',1703,,4802,29,,,0
10029,'1185656',903,,4803,29,,,0
10029,'1185755',1633,,4805,29,,,0
10029,'1185786',803,,4807,29,,,0
10029,'1185809',2303,,4808,29,,,0
10029,'1185856',633,,4809,29,,,0
10029,'1186049',1733,,4812,29,,,0
10029,'1186157',1503,,4814,29,,,0
10029,'1186205',1333,,4815,29,,,0
10029,'1186237',2033,,4816,29,,,0
10029,'1186261',1803,,4817,29,,,0
10029,'1186406',1933,,4818,29,,,0
10029,'1186450',1533,,4819,29,,,0
10029,'1186478',1033,,4820,29,,,0
10029,'1186481',1533,,4821,29,,,0
10029,'1186548',2103,,4822,29,,,0
10029,'1186573',1903,,4824,29,,,0
10029,'1186648',1433,,4826,29,,,0
10029,'1186649',933,,4827,29,,,0
10029,'1186655',1233,,4828,29,,,0
10029,'1186719',703,,4830,29,,,0
10029,'1186827',833,,4831,29,,,0
10029,'1186869',1433,,4832,29,,,0
10029,'1186902',2133,,4833,29,,,0
10029,'1187133',2203,,4836,29,,,0
