105019,'1150133',1007,,3356,58,,,0
105019,'1150519',1825,,3358,58,,,0
105019,'1150723',715,,3359,58,,,0
105019,'1150755',1510,,3360,58,,,0
105019,'1150957',907,,3364,58,,,0
105019,'1150991',1325,,3365,58,,,0
105019,'1151148',1117,,3367,58,,,0
105019,'1151174',1317,,3368,58,,,0
105019,'1151428',837,,3371,58,,,0
105019,'1151680',1855,,3374,58,,,0
105019,'1151743',807,,3375,58,,,0
105019,'1152002',2302,,3380,58,,,0
105019,'1152300',1417,,3381,58,,,0
105019,'1152360',703,,3382,58,,,0
105019,'1152386',737,,3383,58,,,0
105019,'1152506',1755,,3384,58,,,0
105019,'1152547',633,,3385,58,,,0
105019,'1152647',2202,,3386,58,,,0
105019,'1152697',2402,,3387,58,,,0
105019,'1153054',1517,,3390,58,,,0
105019,'1153337',1917,,3392,58,,,0
105019,'1153487',603,,3393,58,,,0
105019,'1153863',1217,,3395,58,,,0
105019,'1153895',1540,,3397,58,,,0
105019,'1154206',2102,,3398,58,,,0
105019,'1154598',1817,,3402,58,,,0
105019,'1154605',1717,,3403,58,,,0
105019,'1154691',1110,,3404,58,,,0
105019,'1154711',1617,,3406,58,,,0
105019,'1154821',1425,,3407,58,,,0
105019,'1154915',1932,,3409,58,,,0
105019,'1154933',1725,,3410,58,,,0
105019,'1155111',2315,,3412,58,,,0
105019,'1155143',1640,,3413,58,,,0
105019,'1155198',1210,,3415,58,,,0
105019,'1155339',1610,,3419,58,,,0
105019,'1155343',2115,,3420,58,,,0
105019,'1155497',915,,3421,58,,,0
106029,'1150415',741,,3497,9,,,0
106029,'1152319',1011,,3498,9,,,0
106029,'1153399',1728,,3499,9,,,0
106029,'1153977',1613,,3500,9,,,0
106029,'1155105',1843,,3501,9,,,0
106029,'1155380',856,,3502,9,,,0
