3019,'1184522',1814,,4586,21,,,0
3019,'1184631',1144,,4589,21,,,0
3019,'1184649',1714,,4590,21,,,0
3019,'1184676',2403,,4591,21,,,0
3019,'1184760',1914,,4592,21,,,0
3019,'1184874',1244,,4595,21,,,0
3019,'1184909',844,,4596,21,,,0
3019,'1185421',1744,,4608,21,,,0
3019,'1185443',1644,,4609,21,,,0
3019,'1185578',2014,,4612,21,,,0
3019,'1185590',1414,,4613,21,,,0
3019,'1185597',914,,4614,21,,,0
3019,'1185658',2313,,4615,21,,,0
3019,'1185706',1344,,4617,21,,,0
3019,'1185843',944,,4619,21,,,0
3019,'1185867',1314,,4620,21,,,0
3019,'1185927',1444,,4623,21,,,0
3019,'1185935',2214,,4624,21,,,0
3019,'1185979',1514,,4626,21,,,0
3019,'1186113',1044,,4627,21,,,0
3019,'1186177',644,,4628,21,,,0
3019,'1186216',1014,,4629,21,,,0
3019,'1186304',814,,4630,21,,,0
3019,'1186501',1544,,4633,21,,,0
3019,'1186516',2114,,4635,21,,,0
3019,'1186518',744,,4636,21,,,0
3019,'1186762',1214,,4642,21,,,0
3019,'1186821',1114,,4644,21,,,0
3019,'1186894',714,,4650,21,,,0
3019,'1187174',1614,,4652,21,,,0
