105029,'1190637',818,,9337,24,,,0
105029,'1190832',705,,9338,24,,,0
105029,'1190854',1506,,9339,24,,,0
105029,'1190856',1321,,9340,24,,,0
105029,'1190924',2410,,9341,24,,,0
105029,'1190926',1420,,9342,24,,,0
105029,'1190965',1436,,9343,24,,,0
105029,'1190981',635,,9344,24,,,0
105029,'1191222',2218,,9345,24,,,0
105029,'1191223',1651,,9346,24,,,0
105029,'1191285',2005,,9347,24,,,0
105029,'1191307',1536,,9348,24,,,0
105029,'1191404',1520,,9349,24,,,0
105029,'1191423',1406,,9350,24,,,0
105029,'1191572',1020,,9351,24,,,0
105029,'1191670',1735,,9352,24,,,0
105029,'1191739',1751,,9353,24,,,0
105029,'1191784',1320,,9354,24,,,0
105029,'1191846',1006,,9355,24,,,0
105029,'1191848',1221,,9356,24,,,0
105029,'1191910',2418,,9357,24,,,0
105029,'1191936',1535,,9358,24,,,0
105029,'1192016',735,,9359,24,,,0
105029,'1192019',1820,,9360,24,,,0
105029,'1192058',2335,,9361,24,,,0
105029,'1192150',735,,9362,24,,,0
105029,'1192180',1935,,9363,24,,,0
105029,'1192198',2305,,9364,24,,,0
105029,'1192205',618,,9365,24,,,0
105029,'1192224',1621,,9366,24,,,0
105029,'1192338',1835,,9367,24,,,0
105029,'1192379',2105,,9368,24,,,0
105029,'1192463',1335,,9369,24,,,0
105029,'1192488',1120,,9370,24,,,0
105029,'1192491',805,,9371,24,,,0
105029,'1192500',905,,9372,24,,,0
105029,'1192511',2018,,9373,24,,,0
105029,'1192662',1620,,9374,24,,,0
105029,'1192694',1106,,9375,24,,,0
105029,'1192728',2135,,9376,24,,,0
105029,'1193038',1220,,9377,24,,,0
105029,'1193130',1135,,9378,24,,,0
105029,'1193181',1720,,9379,24,,,0
105029,'1193225',1721,,9380,24,,,0
105029,'1193234',935,,9381,24,,,0
105029,'1193316',2205,,9382,24,,,0
