105019,'1184475',1845,,6445,41,,,0
105019,'1184709',1815,,6446,41,,,0
105019,'1184819',757,,6448,41,,,0
105019,'1184825',2253,,6449,41,,,0
105019,'1184879',1500,,6450,41,,,0
105019,'1184888',957,,6451,41,,,0
105019,'1185176',653,,6455,41,,,0
105019,'1185212',623,,6456,41,,,0
105019,'1185498',1923,,6458,41,,,0
105019,'1185569',1745,,6462,41,,,0
105019,'1185641',857,,6463,41,,,0
105019,'1185695',1315,,6465,41,,,0
105019,'1185708',2053,,6466,41,,,0
105019,'1185894',1200,,6469,41,,,0
105019,'1186015',1415,,6470,41,,,0
105019,'1186061',1600,,6471,41,,,0
105019,'1186380',1100,,6473,41,,,0
105019,'1186477',1630,,6475,41,,,0
105019,'1186601',1715,,6478,41,,,0
105019,'1186602',727,,6479,41,,,0
105019,'1186864',2353,,6484,41,,,0
105019,'1186870',553,,6485,41,,,0
105019,'1186896',827,,6486,41,,,0
105019,'1187009',2153,,6488,41,,,0
105019,'1187061',1530,,6489,41,,,0
