10029,'1193661',1545,,7624,49,,,0
10029,'1193662',1145,,7625,49,,,0
10029,'1193666',1345,,7627,49,,,0
10029,'1193670',1645,,7629,49,,,0
10029,'1193671',1545,,7630,49,,,0
10029,'1193674',1445,,7633,49,,,0
10029,'1193684',1745,,7637,49,,,0
10029,'1193685',1045,,7638,49,,,0
10029,'1193694',1345,,7644,49,,,0
10029,'1193702',1145,,7648,49,,,0
10029,'1193705',1345,,7649,49,,,0
10029,'1193712',1845,,7651,49,,,0
10029,'1193714',1745,,7653,49,,,0
10029,'1193719',1445,,7655,49,,,0
10029,'1193721',1045,,7656,49,,,0
10029,'1193722',1245,,7657,49,,,0
10029,'1193726',1745,,7659,49,,,0
10029,'1193746',1145,,7668,49,,,0
10029,'1193751',1045,,7671,49,,,0
10029,'1193753',1645,,7672,49,,,0
10029,'1193757',1245,,7673,49,,,0
10029,'1193758',1445,,7674,49,,,0
10029,'1193760',1245,,7675,49,,,0
10029,'1193762',1545,,7676,49,,,0
10029,'1193764',1845,,7678,49,,,0
10029,'1193777',1815,,7681,49,,,0
10029,'1193778',1645,,7682,49,,,0
