102029,'1184571',1645,,6236,14,,,0
102029,'1184618',1730,,6237,14,,,0
102029,'1184714',2415,,6239,14,,,0
102029,'1184773',2115,,6240,14,,,0
102029,'1184861',830,,6242,14,,,0
102029,'1184912',1945,,6243,14,,,0
102029,'1184978',1600,,6244,14,,,0
102029,'1184982',635,,6245,14,,,0
102029,'1185183',1315,,6246,14,,,0
102029,'1185285',2045,,6248,14,,,0
102029,'1185373',1045,,6250,14,,,0
102029,'1185401',715,,6252,14,,,0
102029,'1185461',745,,6253,14,,,0
102029,'1185534',2245,,6254,14,,,0
102029,'1185681',615,,6255,14,,,0
102029,'1185738',1515,,6256,14,,,0
102029,'1185941',1215,,6258,14,,,0
102029,'1186057',915,,6259,14,,,0
102029,'1186170',1345,,6260,14,,,0
102029,'1186432',1000,,6261,14,,,0
102029,'1186531',2345,,6263,14,,,0
102029,'1186607',1445,,6264,14,,,0
102029,'1186708',1430,,6265,14,,,0
102029,'1186709',1815,,6266,14,,,0
102029,'1186819',2215,,6268,14,,,0
102029,'1186863',1745,,6269,14,,,0
102029,'1186954',700,,6271,14,,,0
102029,'1186980',1145,,6272,14,,,0
102029,'1187053',1915,,6274,14,,,0
102029,'1187089',1015,,6275,14,,,0
102029,'1187099',1615,,6276,14,,,0
102029,'1187198',845,,6277,14,,,0
