105019,'1150133',1013,,3356,70,,,0
105019,'1150519',1831,,3358,70,,,0
105019,'1150723',720,,3359,70,,,0
105019,'1150755',1516,,3360,70,,,0
105019,'1150957',913,,3364,70,,,0
105019,'1150991',1331,,3365,70,,,0
105019,'1151148',1122,,3367,70,,,0
105019,'1151174',1322,,3368,70,,,0
105019,'1151428',843,,3371,70,,,0
105019,'1151680',1901,,3374,70,,,0
105019,'1151743',813,,3375,70,,,0
105019,'1152002',2307,,3380,70,,,0
105019,'1152300',1422,,3381,70,,,0
105019,'1152360',709,,3382,70,,,0
105019,'1152386',743,,3383,70,,,0
105019,'1152506',1801,,3384,70,,,0
105019,'1152547',639,,3385,70,,,0
105019,'1152647',2207,,3386,70,,,0
105019,'1152697',2407,,3387,70,,,0
105019,'1153054',1522,,3390,70,,,0
105019,'1153337',1922,,3392,70,,,0
105019,'1153487',609,,3393,70,,,0
105019,'1153863',1222,,3395,70,,,0
105019,'1153895',1546,,3397,70,,,0
105019,'1154206',2107,,3398,70,,,0
105019,'1154598',1822,,3402,70,,,0
105019,'1154605',1722,,3403,70,,,0
105019,'1154691',1116,,3404,70,,,0
105019,'1154711',1622,,3406,70,,,0
105019,'1154821',1431,,3407,70,,,0
105019,'1154915',1937,,3409,70,,,0
105019,'1154933',1731,,3410,70,,,0
105019,'1155111',2320,,3412,70,,,0
105019,'1155143',1646,,3413,70,,,0
105019,'1155198',1216,,3415,70,,,0
105019,'1155339',1616,,3419,70,,,0
105019,'1155343',2120,,3420,70,,,0
105019,'1155497',920,,3421,70,,,0
