13019,'1184512',1247,,5122,47,,,0
13019,'1184594',2315,,5124,47,,,0
13019,'1184597',645,,5125,47,,,0
13019,'1184763',715,,5130,47,,,0
13019,'1184782',1048,,5131,47,,,0
13019,'1184816',815,,5132,47,,,0
13019,'1184967',1547,,5133,47,,,0
13019,'1185101',1717,,5134,47,,,0
13019,'1185148',1815,,5135,47,,,0
13019,'1185153',946,,5136,47,,,0
13019,'1185449',2420,,5141,47,,,0
13019,'1185552',846,,5143,47,,,0
13019,'1185574',916,,5144,47,,,0
13019,'1185838',615,,5149,21,,,0
13019,'1185882',1447,,5153,47,,,0
13019,'1185890',1747,,5154,47,,,0
13019,'1185910',1347,,5157,47,,,0
13019,'1185952',2115,,5160,47,,,0
13019,'1186127',2215,,5163,47,,,0
13019,'1186271',2015,,5165,47,,,0
13019,'1186295',745,,5166,47,,,0
13019,'1186370',1147,,5168,47,,,0
13019,'1186730',1015,,5172,47,,,0
13019,'1186805',1915,,5173,47,,,0
13019,'1187103',1647,,5179,47,,,0
13019,'1187170',1617,,5180,47,,,0
13019,'1187172',1517,,5181,47,,,0
