104019,'1150219',2241,,3218,28,,,0
104019,'1150233',1600,,3219,28,,,0
104019,'1150270',1126,,3220,28,,,0
104019,'1150434',1741,,3222,28,,,0
104019,'1150608',2111,,3223,28,,,0
104019,'1151426',741,,3230,28,,,0
104019,'1151651',1645,,3233,28,,,0
104019,'1151672',1941,,3234,28,,,0
104019,'1151690',926,,3235,28,,,0
104019,'1151783',2011,,3237,28,,,0
104019,'1152092',1726,,3242,28,,,0
104019,'1152111',1856,,3243,28,,,0
104019,'1152610',2416,,3248,28,,,0
104019,'1152754',1011,,3249,28,,,0
104019,'1152794',856,,3251,28,,,0
104019,'1152800',2241,,3252,28,,,0
104019,'1152901',1356,,3253,28,,,0
104019,'1153030',1430,,3257,28,,,0
104019,'1153383',1011,,3259,28,,,0
104019,'1153572',656,,3261,28,,,0
104019,'1153574',1811,,3262,28,,,0
104019,'1153609',1130,,3263,28,,,0
104019,'1154064',1300,,3265,28,,,0
104019,'1154112',1215,,3267,28,,,0
104019,'1154354',741,,3268,28,,,0
104019,'1154530',2126,,3272,28,,,0
104019,'1154669',1345,,3273,28,,,0
104019,'1154762',1241,,3274,28,,,0
104019,'1155060',626,,3276,28,,,0
104019,'1155114',1515,,3277,28,,,0
104019,'1155175',2356,,3278,28,,,0
104019,'1155177',811,,3279,28,,,0
104019,'1155190',1511,,3280,28,,,0
104019,'1155233',856,,3284,28,,,0
104019,'1155306',1626,,3287,28,,,0
