105029,'1150199',2019,,3422,58,,,0
105029,'1150361',649,,3424,58,,,0
105029,'1150640',1237,,3425,58,,,0
105029,'1150831',1634,,3427,58,,,0
105029,'1150967',1734,,3428,58,,,0
105029,'1151263',1737,,3431,58,,,0
105029,'1151286',2219,,3432,58,,,0
105029,'1151500',1452,,3433,58,,,0
105029,'1151551',632,,3434,58,,,0
105029,'1151563',1849,,3435,58,,,0
105029,'1151643',1834,,3437,58,,,0
105029,'1151929',832,,3440,58,,,0
105029,'1152027',1337,,3442,58,,,0
105029,'1152064',1807,,3445,58,,,0
105029,'1152144',2424,,3447,58,,,0
105029,'1152244',2232,,3449,58,,,0
105029,'1152289',1034,,3450,58,,,0
105029,'1152606',1534,,3454,58,,,0
105029,'1152997',1334,,3457,58,,,0
105029,'1153205',2032,,3458,58,,,0
105029,'1153333',1434,,3459,58,,,0
105029,'1153409',1134,,3461,58,,,0
105029,'1153442',2319,,3464,58,,,0
105029,'1153503',1022,,3465,58,,,0
105029,'1153624',1422,,3467,58,,,0
105029,'1153688',1707,,3468,58,,,0
105029,'1154104',1552,,3474,58,,,0
105029,'1154267',819,,3476,58,,,0
105029,'1154372',2119,,3477,58,,,0
105029,'1154485',719,,3479,58,,,0
105029,'1154581',2432,,3481,58,,,0
105029,'1154663',1637,,3482,58,,,0
105029,'1154768',1522,,3486,58,,,0
105029,'1154987',1122,,3487,58,,,0
105029,'1155078',919,,3488,58,,,0
105029,'1155257',1234,,3489,58,,,0
105029,'1155338',749,,3490,58,,,0
