13029,'1184622',1456,,5183,11,,,0
13029,'1184639',1054,,5184,11,,,0
13029,'1184860',1755,,5185,11,,,0
13029,'1184887',1555,,5186,11,,,0
13029,'1184913',1156,,5187,11,,,0
13029,'1184970',1955,,5188,11,,,0
13029,'1184998',954,,5189,11,,,0
13029,'1185002',1255,,5190,11,,,0
13029,'1185007',1726,,5191,11,,,0
13029,'1185049',2124,,5192,11,,,0
13029,'1185060',2324,,5193,11,,,0
13029,'1185106',2355,,5194,11,,,0
13029,'1185152',2154,,5195,11,,,0
13029,'1185240',654,,5196,11,,,0
13029,'1185250',654,,5197,11,,,0
13029,'1185280',1455,,5198,11,,,0
13029,'1185334',755,,5199,11,,,0
13029,'1185377',1256,,5200,11,,,0
13029,'1185394',754,,5201,11,,,0
13029,'1185396',2054,,5202,11,,,0
13029,'1185484',925,,5203,11,,,0
13029,'1185577',2254,,5204,11,,,0
13029,'1185580',1756,,5205,11,,,0
13029,'1185812',2155,,5206,11,,,0
13029,'1185831',2354,,5207,11,,,0
13029,'1185869',1355,,5208,11,,,0
13029,'1185917',2255,,5209,11,,,0
13029,'1185937',1656,,5210,11,,,0
13029,'1185958',824,,5211,11,,,0
13029,'1185992',2224,,5212,11,,,0
13029,'1185993',854,,5213,11,,,0
13029,'1186136',1954,,5214,11,,,0
13029,'1186246',1655,,5215,11,,,0
13029,'1186268',1924,,5216,11,,,0
13029,'1186297',1455,,5217,11,,,0
13029,'1186340',2024,,5218,11,,,0
13029,'1186403',1024,,5219,11,,,0
13029,'1186434',1356,,5220,11,,,0
13029,'1186460',1255,,5221,11,,,0
13029,'1186504',724,,5222,11,,,0
13029,'1186525',1057,,5223,11,,,0
13029,'1186673',1824,,5224,11,,,0
13029,'1186687',624,,5225,11,,,0
13029,'1186776',1555,,5226,11,,,0
13029,'1186818',955,,5227,11,,,0
13029,'1186830',1527,,5228,12,,,0
13029,'1186833',1155,,5229,11,,,0
13029,'1186836',754,,5230,11,,,0
13029,'1186866',1855,,5231,11,,,0
13029,'1186888',1854,,5232,11,,,0
13029,'1186897',2055,,5233,11,,,0
13029,'1186901',1155,,5234,11,,,0
13029,'1186955',1556,,5235,11,,,0
13029,'1186976',855,,5236,11,,,0
13029,'1186982',855,,5237,11,,,0
13029,'1186992',1755,,5238,11,,,0
13029,'1187030',1626,,5239,11,,,0
13029,'1187120',955,,5240,11,,,0
13029,'1187142',1055,,5241,11,,,0
13029,'1187159',1655,,5242,11,,,0
13029,'1187173',1355,,5243,11,,,0
