105019,'1150133',935,,3356,5,,,0
105019,'1150519',1753,,3358,5,,,0
105019,'1150723',647,,3359,5,,,0
105019,'1150755',1438,,3360,5,,,0
105019,'1150957',835,,3364,5,,,0
105019,'1150991',1253,,3365,5,,,0
105019,'1151148',1049,,3367,5,,,0
105019,'1151174',1249,,3368,5,,,0
105019,'1151428',805,,3371,5,,,0
105019,'1151680',1823,,3374,5,,,0
105019,'1151743',735,,3375,5,,,0
105019,'1152002',2233,,3380,5,,,0
105019,'1152300',1349,,3381,5,,,0
105019,'1152360',633,,3382,5,,,0
105019,'1152386',705,,3383,5,,,0
105019,'1152506',1723,,3384,5,,,0
105019,'1152547',603,,3385,5,,,0
105019,'1152647',2133,,3386,5,,,0
105019,'1152697',2333,,3387,5,,,0
105019,'1153054',1449,,3390,5,,,0
105019,'1153337',1849,,3392,5,,,0
105019,'1153487',533,,3393,5,,,0
105019,'1153863',1149,,3395,5,,,0
105019,'1153895',1508,,3397,5,,,0
105019,'1154206',2033,,3398,5,,,0
105019,'1154598',1749,,3402,5,,,0
105019,'1154605',1649,,3403,5,,,0
105019,'1154691',1038,,3404,5,,,0
105019,'1154711',1549,,3406,5,,,0
105019,'1154821',1353,,3407,5,,,0
105019,'1154915',1903,,3409,5,,,0
105019,'1154933',1653,,3410,5,,,0
105019,'1155111',2247,,3412,5,,,0
105019,'1155143',1608,,3413,5,,,0
105019,'1155198',1138,,3415,5,,,0
105019,'1155339',1538,,3419,5,,,0
105019,'1155343',2047,,3420,5,,,0
105019,'1155497',847,,3421,5,,,0
