27029,'1184502',2306,,5913,10,,,0
27029,'1184539',1836,,5914,10,,,0
27029,'1184568',736,,5915,10,,,0
27029,'1184658',1536,,5917,10,,,0
27029,'1184823',1236,,5922,10,,,0
27029,'1184868',1436,,5925,10,,,0
27029,'1184983',936,,5926,10,,,0
27029,'1185115',1906,,5929,10,,,0
27029,'1185209',2106,,5932,10,,,0
27029,'1185560',2006,,5936,10,,,0
27029,'1185850',1036,,5939,10,,,0
27029,'1186114',1136,,5942,10,,,0
27029,'1186373',1336,,5950,10,,,0
27029,'1186534',636,,5951,10,,,0
27029,'1186707',1736,,5954,10,,,0
27029,'1186921',1636,,5958,10,,,0
27029,'1187028',2206,,5961,10,,,0
27029,'1187145',836,,5964,10,,,0
