26029,'1184587',1243,,5812,2,,,0
26029,'1184730',2013,,5815,2,,,0
26029,'1184884',913,,5817,2,,,0
26029,'1184890',813,,5818,2,,,0
26029,'1184923',1343,,5819,2,,,0
26029,'1185261',1713,,5825,2,,,0
26029,'1185279',1513,,5826,2,,,0
26029,'1185365',613,,5827,2,,,0
26029,'1185507',2313,,5831,2,,,0
26029,'1185525',1913,,5832,2,,,0
26029,'1185621',2113,,5835,2,,,0
26029,'1185697',1813,,5837,2,,,0
26029,'1185769',2213,,5838,2,,,0
26029,'1185849',713,,5841,2,,,0
26029,'1185956',1443,,5842,2,,,0
26029,'1186441',1614,,5848,2,,,0
26029,'1186684',1143,,5854,2,,,0
26029,'1186884',1043,,5856,2,,,0
26029,'1186941',1013,,5857,2,,,0
