104029,'1184515',1744,,6402,20,,,0
104029,'1184569',1455,,6403,20,,,0
104029,'1184607',944,,6404,20,,,0
104029,'1184753',1029,,6406,20,,,0
104029,'1184826',1414,,6407,20,,,0
104029,'1185072',1240,,6408,20,,,0
104029,'1185188',1529,,6409,20,,,0
104029,'1185189',759,,6410,20,,,0
104029,'1185283',914,,6412,20,,,0
104029,'1185308',1625,,6413,20,,,0
104029,'1185312',1759,,6414,20,,,0
104029,'1185376',714,,6417,20,,,0
104029,'1185608',759,,6418,20,,,0
104029,'1185660',1029,,6419,20,,,0
104029,'1185732',829,,6420,20,,,0
104029,'1185743',559,,6421,20,,,0
104029,'1185981',2029,,6423,20,,,0
104029,'1186069',914,,6424,20,,,0
104029,'1186088',2129,,6425,20,,,0
104029,'1186151',2259,,6426,20,,,0
104029,'1186178',2144,,6427,20,,,0
104029,'1186191',1325,,6428,20,,,0
104029,'1186192',1540,,6429,20,,,0
104029,'1186249',644,,6430,20,,,0
104029,'1186354',1710,,6432,20,,,0
104029,'1186398',644,,6433,20,,,0
104029,'1186583',2259,,6435,20,,,0
104029,'1186630',1259,,6436,20,,,0
104029,'1186806',1144,,6438,20,,,0
104029,'1186854',1410,,6439,20,,,0
104029,'1186944',1829,,6440,20,,,0
104029,'1187050',1914,,6441,20,,,0
104029,'1187100',1155,,6442,20,,,0
104029,'1187128',1959,,6443,20,,,0
104029,'1187180',1644,,6444,20,,,0
