104019,'1185617',2423,,6369,6,,,0
104029,'1184515',1733,,6402,6,,,0
104029,'1184569',1441,,6403,6,,,0
104029,'1184607',933,,6404,6,,,0
104029,'1184753',1018,,6406,6,,,0
104029,'1185072',1226,,6408,6,,,0
104029,'1185283',903,,6412,6,,,0
104029,'1185308',1611,,6413,6,,,0
104029,'1185376',703,,6417,6,,,0
104029,'1185608',748,,6418,6,,,0
104029,'1185732',818,,6420,6,,,0
104029,'1185743',548,,6421,6,,,0
104029,'1186088',2118,,6425,6,,,0
104029,'1186151',2248,,6426,6,,,0
104029,'1186191',1311,,6428,6,,,0
104029,'1186192',1526,,6429,6,,,0
104029,'1186354',1656,,6432,6,,,0
104029,'1186398',633,,6433,6,,,0
104029,'1186854',1356,,6439,6,,,0
104029,'1186944',1818,,6440,6,,,0
104029,'1187100',1141,,6442,6,,,0
104029,'1187128',1948,,6443,6,,,0
