105029,'1150199',2028,,3422,73,,,0
105029,'1150361',658,,3424,73,,,0
105029,'1150640',1246,,3425,73,,,0
105029,'1150831',1642,,3427,73,,,0
105029,'1150967',1742,,3428,73,,,0
105029,'1151263',1746,,3431,73,,,0
105029,'1151286',2228,,3432,73,,,0
105029,'1151500',1501,,3433,73,,,0
105029,'1151551',640,,3434,73,,,0
105029,'1151563',1858,,3435,73,,,0
105029,'1151643',1842,,3437,73,,,0
105029,'1151929',840,,3440,73,,,0
105029,'1152027',1346,,3442,73,,,0
105029,'1152064',1816,,3445,73,,,0
105029,'1152144',2433,,3447,73,,,0
105029,'1152244',2240,,3449,73,,,0
105029,'1152289',1042,,3450,73,,,0
105029,'1152606',1542,,3454,73,,,0
105029,'1152997',1342,,3457,73,,,0
105029,'1153205',2040,,3458,73,,,0
105029,'1153333',1442,,3459,73,,,0
105029,'1153409',1142,,3461,73,,,0
105029,'1153442',2328,,3464,73,,,0
105029,'1153503',1031,,3465,73,,,0
105029,'1153624',1431,,3467,73,,,0
105029,'1153688',1716,,3468,73,,,0
105029,'1154104',1601,,3474,73,,,0
105029,'1154267',828,,3476,73,,,0
105029,'1154372',2128,,3477,73,,,0
105029,'1154485',728,,3479,73,,,0
105029,'1154581',2440,,3481,73,,,0
105029,'1154663',1646,,3482,73,,,0
105029,'1154768',1531,,3486,73,,,0
105029,'1154987',1131,,3487,73,,,0
105029,'1155078',928,,3488,73,,,0
105029,'1155257',1242,,3489,73,,,0
105029,'1155338',758,,3490,73,,,0
