20019,'1184488',2008,,5362,3,,,0
20019,'1184554',1708,,5363,3,,,0
20019,'1184748',2138,,5366,3,,,0
20019,'1184821',1838,,5368,3,,,0
20019,'1184897',1008,,5370,3,,,0
20019,'1184938',1738,,5371,3,,,0
20019,'1184957',1208,,5373,3,,,0
20019,'1184972',1638,,5374,3,,,0
20019,'1184999',738,,5375,3,,,0
20019,'1185051',1138,,5377,3,,,0
20019,'1185144',1638,,5379,3,,,0
20019,'1185227',1808,,5380,3,,,0
20019,'1185251',1108,,5381,3,,,0
20019,'1185282',908,,5382,3,,,0
20019,'1185289',1038,,5383,3,,,0
20019,'1185337',637,,5384,3,,,0
20019,'1185458',808,,5386,3,,,0
20019,'1185518',1538,,5387,3,,,0
20019,'1185553',938,,5390,3,,,0
20019,'1185592',2108,,5391,3,,,0
20019,'1185700',2308,,5393,3,,,0
20019,'1185747',1308,,5394,3,,,0
20019,'1185774',1938,,5395,3,,,0
20019,'1185789',1508,,5396,3,,,0
20019,'1185888',607,,5397,3,,,0
20019,'1185929',1338,,5398,3,,,0
20019,'1185943',1738,,5399,3,,,0
20019,'1185949',838,,5400,3,,,0
20019,'1185968',2038,,5401,3,,,0
20019,'1186055',1438,,5402,3,,,0
20019,'1186063',2408,,5403,3,,,0
20019,'1186155',1608,,5404,3,,,0
20019,'1186449',638,,5409,3,,,0
20019,'1186680',708,,5411,3,,,0
20019,'1186692',2337,,5412,3,,,0
20019,'1186734',2208,,5413,3,,,0
20019,'1186752',1408,,5414,3,,,0
20019,'1186775',1908,,5415,3,,,0
20019,'1186893',1238,,5417,3,,,0
20019,'1186932',738,,5418,3,,,0
20019,'1187026',2238,,5419,3,,,0
102019,'1184544',1622,,6194,3,,,0
102019,'1184563',1722,,6195,3,,,0
102019,'1184592',2322,,6196,3,,,0
102019,'1184677',2152,,6199,3,,,0
102019,'1184703',1122,,6200,3,,,0
102019,'1184798',2222,,6201,3,,,0
102019,'1184845',937,,6202,3,,,0
102019,'1184904',2352,,6203,3,,,0
102019,'1184994',1552,,6204,3,,,0
102019,'1185093',1537,,6205,3,,,0
102019,'1185114',1752,,6206,3,,,0
102019,'1185228',1452,,6207,3,,,0
102019,'1185323',1152,,6209,3,,,0
102019,'1185453',552,,6210,3,,,0
102019,'1185639',1252,,6211,3,,,0
102019,'1185693',722,,6212,3,,,0
102019,'1185825',652,,6213,3,,,0
102019,'1185919',2022,,6215,3,,,0
102019,'1186030',952,,6217,3,,,0
102019,'1186046',1707,,6218,3,,,0
102019,'1186119',1407,,6219,3,,,0
102019,'1186150',807,,6220,3,,,0
102019,'1186325',1022,,6221,3,,,0
102019,'1186567',1922,,6225,3,,,0
102019,'1186658',1322,,6226,3,,,0
102019,'1186672',1852,,6227,3,,,0
102019,'1186705',1422,,6228,3,,,0
102019,'1186774',852,,6229,3,,,0
102019,'1186786',637,,6230,3,,,0
102019,'1186915',2052,,6232,3,,,0
102019,'1186949',822,,6233,3,,,0
