11019,'1150143',649,,880,7,,,0
11019,'1150149',1819,,881,7,,,0
11019,'1150435',1720,,887,7,,,0
11019,'1150556',1349,,889,7,,,0
11019,'1150629',1620,,890,7,,,0
11019,'1150657',819,,891,7,,,0
11019,'1150677',2019,,892,7,,,0
11019,'1150686',2354,,893,7,,,0
11019,'1150726',1550,,894,7,,,0
11019,'1150735',1435,,895,7,,,0
11019,'1150744',1605,,896,7,,,0
11019,'1150925',1449,,899,7,,,0
11019,'1150938',1319,,901,7,,,0
11019,'1151038',919,,902,7,,,0
11019,'1151140',1004,,905,7,,,0
11019,'1151144',2204,,906,7,,,0
11019,'1151191',1205,,908,7,,,0
11019,'1151326',1934,,910,7,,,0
11019,'1151442',834,,913,7,,,0
11019,'1151502',1519,,914,7,,,0
11019,'1151687',719,,917,7,,,0
11019,'1151694',1320,,918,7,,,0
11019,'1151697',1635,,919,7,,,0
11019,'1151715',704,,920,7,,,0
11019,'1151806',819,,923,7,,,0
11019,'1151889',1219,,925,7,,,0
11019,'1151897',1650,,926,7,,,0
11019,'1151910',804,,927,7,,,0
11019,'1152031',919,,929,7,,,0
11019,'1152198',949,,932,7,,,0
11019,'1152246',1149,,933,7,,,0
11019,'1152286',634,,934,7,,,0
11019,'1152347',2134,,936,7,,,0
11019,'1152358',1834,,937,7,,,0
11019,'1152422',2334,,939,7,,,0
11019,'1152449',1735,,940,7,,,0
11019,'1152484',1134,,941,7,,,0
11019,'1152597',1405,,943,7,,,0
11019,'1152670',1750,,944,7,,,0
11019,'1152706',1335,,945,7,,,0
11019,'1152810',1520,,947,7,,,0
11019,'1152872',1420,,948,7,,,0
11019,'1152996',904,,951,7,,,0
11019,'1153015',1249,,952,7,,,0
11019,'1153067',2219,,953,7,,,0
11019,'1153085',719,,955,7,,,0
11019,'1153098',1719,,956,7,,,0
11019,'1153395',1119,,962,7,,,0
11019,'1153405',1705,,963,7,,,0
11019,'1153484',2304,,965,7,,,0
11019,'1153506',1619,,967,7,,,0
11019,'1153527',934,,969,7,,,0
11019,'1153562',1250,,971,7,,,0
11019,'1153565',1450,,972,7,,,0
11019,'1153586',2234,,973,7,,,0
11019,'1153587',1305,,974,7,,,0
11019,'1153669',1649,,977,7,,,0
11019,'1153677',1019,,978,7,,,0
11019,'1153881',1235,,981,7,,,0
11019,'1153984',1505,,984,7,,,0
11019,'1154120',2004,,986,7,,,0
11019,'1154168',1350,,987,7,,,0
11019,'1154195',1019,,988,7,,,0
11019,'1154287',849,,989,7,,,0
11019,'1154314',1149,,990,7,,,0
11019,'1154475',1220,,991,7,,,0
11019,'1154577',2119,,993,7,,,0
11019,'1154613',1104,,994,7,,,0
11019,'1154616',749,,995,7,,,0
11019,'1154627',619,,996,7,,,0
11019,'1154690',1034,,998,7,,,0
11019,'1154863',1119,,1000,7,,,0
11019,'1154896',2104,,1001,7,,,0
11019,'1155038',1919,,1006,7,,,0
11019,'1155047',1535,,1007,7,,,0
11019,'1155187',2034,,1009,7,,,0
11019,'1155194',1549,,1010,7,,,0
11019,'1155204',1804,,1011,7,,,0
11019,'1155245',734,,1012,7,,,0
11019,'1155289',1419,,1013,7,,,0
11019,'1155293',1049,,1014,7,,,0
11019,'1155433',2319,,1016,7,,,0
11019,'1155512',1904,,1018,7,,,0
