28029,'1184593',822,,6026,3,,,0
28029,'1184613',1426,,6027,3,,,0
28029,'1184621',1922,,6028,3,,,0
28029,'1184645',652,,6030,3,,,0
28029,'1184899',722,,6033,3,,,0
28029,'1185061',2322,,6036,3,,,0
28029,'1185065',1752,,6037,3,,,0
28029,'1185197',1122,,6041,3,,,0
28029,'1185241',1722,,6042,3,,,0
28029,'1185319',1852,,6043,3,,,0
28029,'1185431',622,,6047,3,,,0
28029,'1185527',922,,6052,3,,,0
28029,'1185589',1652,,6054,3,,,0
28029,'1185868',852,,6060,3,,,0
28029,'1185872',2222,,6062,3,,,0
28029,'1185967',752,,6064,3,,,0
28029,'1186181',1822,,6067,3,,,0
28029,'1186351',1022,,6071,3,,,0
28029,'1186414',1222,,6072,3,,,0
28029,'1186495',1322,,6073,3,,,0
28029,'1186497',1622,,6074,3,,,0
28029,'1186662',2122,,6077,3,,,0
28029,'1186811',2022,,6078,3,,,0
28029,'1187107',1522,,6082,3,,,0
