3029,'1150202',2002,,417,3,,,0
3029,'1150338',1031,,419,3,,,0
3029,'1150614',631,,422,3,,,0
3029,'1150985',1032,,425,3,,,0
3029,'1151183',1832,,429,3,,,0
3029,'1151192',1631,,430,3,,,0
3029,'1151504',1632,,432,3,,,0
3029,'1151640',1731,,435,3,,,0
3029,'1151683',1501,,437,3,,,0
3029,'1151731',1932,,438,3,,,0
3029,'1151876',2032,,442,3,,,0
3029,'1151984',802,,445,3,,,0
3029,'1152000',1131,,447,3,,,0
3029,'1152164',2231,,450,3,,,0
3029,'1152335',732,,453,3,,,0
3029,'1152374',2232,,454,3,,,0
3029,'1152494',1301,,459,3,,,0
3029,'1152784',902,,463,3,,,0
3029,'1152803',1201,,464,3,,,0
3029,'1152828',1531,,465,3,,,0
3029,'1152863',1002,,466,3,,,0
3029,'1152936',1232,,467,3,,,0
3029,'1153075',1332,,470,3,,,0
3029,'1153143',1701,,473,3,,,0
3029,'1153218',831,,474,3,,,0
3029,'1153269',1801,,475,3,,,0
3029,'1153277',2131,,476,3,,,0
3029,'1153325',931,,477,3,,,0
3029,'1153346',1331,,478,3,,,0
3029,'1153473',1601,,480,3,,,0
3029,'1153476',702,,481,3,,,0
3029,'1153644',1231,,482,3,,,0
3029,'1153678',1831,,483,3,,,0
3029,'1153903',2331,,485,3,,,0
3029,'1153992',1902,,487,3,,,0
3029,'1154123',1931,,491,3,,,0
3029,'1154264',731,,495,3,,,0
3029,'1154368',1431,,497,3,,,0
3029,'1154445',832,,498,3,,,0
3029,'1154525',2031,,500,3,,,0
3029,'1154677',2102,,502,3,,,0
3029,'1154694',1132,,503,3,,,0
3029,'1154731',1102,,504,3,,,0
3029,'1154736',2202,,505,3,,,0
3029,'1154807',632,,506,3,,,0
3029,'1154840',2329,,508,3,,,0
3029,'1155071',1532,,511,3,,,0
3029,'1155137',1401,,512,3,,,0
3029,'1155140',1432,,513,3,,,0
3029,'1155180',932,,514,3,,,0
3029,'1155345',2132,,516,3,,,0
3029,'1155451',1732,,518,3,,,0
4029,'1150488',1426,,534,3,,,0
4029,'1150534',956,,535,3,,,0
4029,'1150809',826,,536,3,,,0
4029,'1150905',1526,,537,3,,,0
4029,'1151009',726,,538,3,,,0
4029,'1151572',856,,539,3,,,0
4029,'1151800',1456,,540,3,,,0
4029,'1152734',926,,541,3,,,0
4029,'1152848',1356,,542,3,,,0
4029,'1153740',1656,,543,3,,,0
4029,'1154197',1556,,544,3,,,0
4029,'1154409',756,,545,3,,,0
4029,'1154674',1626,,546,3,,,0
4029,'1155056',1756,,547,3,,,0
4029,'1155206',1726,,548,3,,,0
