103019,'1150581',907,,3099,17,,,0
103019,'1150650',1423,,3100,17,,,0
103019,'1150807',2123,,3102,17,,,0
103019,'1151036',1508,,3105,17,,,0
103019,'1151535',952,,3109,17,,,0
103019,'1151614',1253,,3112,17,,,0
103019,'1151765',2152,,3115,17,,,0
103019,'1151829',1852,,3116,17,,,0
103019,'1152005',822,,3120,17,,,0
103019,'1152137',922,,3121,17,,,0
103019,'1152317',2322,,3124,17,,,0
103019,'1152724',1953,,3126,17,,,0
103019,'1152808',2253,,3128,17,,,0
103019,'1153162',1723,,3130,17,,,0
103019,'1153376',1654,,3132,17,,,0
103019,'1153872',1123,,3136,17,,,0
103019,'1153926',1223,,3137,17,,,0
103019,'1154277',1354,,3140,17,,,0
103019,'1154296',737,,3141,17,,,0
103019,'1154523',2022,,3142,17,,,0
103019,'1154594',1638,,3143,17,,,0
103019,'1154619',1553,,3144,17,,,0
103019,'1154654',752,,3145,17,,,0
103019,'1154776',652,,3146,17,,,0
103019,'1154794',1823,,3148,17,,,0
103019,'1154815',622,,3149,4,,,0
103019,'1154837',1524,,3150,17,,,0
103019,'1154924',1052,,3152,17,,,0
