11029,'1184506',1351,,4908,9,,,0
11029,'1184513',821,,4909,9,,,0
11029,'1184541',621,,4910,9,,,0
11029,'1184766',1721,,4912,9,,,0
11029,'1184779',1551,,4913,9,,,0
11029,'1184878',2151,,4917,9,,,0
11029,'1184880',1321,,4918,9,,,0
11029,'1185127',1421,,4924,9,,,0
11029,'1185286',721,,4927,9,,,0
11029,'1185293',951,,4929,9,,,0
11029,'1185336',2356,,4930,9,,,0
11029,'1185344',1951,,4931,9,,,0
11029,'1185436',1451,,4932,9,,,0
11029,'1185494',1051,,4934,9,,,0
11029,'1185677',651,,4938,9,,,0
11029,'1185922',1651,,4941,9,,,0
11029,'1185961',751,,4944,9,,,0
11029,'1186219',1021,,4949,9,,,0
11029,'1186286',1121,,4950,9,,,0
11029,'1186409',921,,4953,9,,,0
11029,'1186424',2251,,4955,9,,,0
11029,'1186506',2051,,4957,9,,,0
11029,'1186509',1251,,4958,9,,,0
11029,'1186544',851,,4960,9,,,0
11029,'1186737',1521,,4966,9,,,0
11029,'1186756',1221,,4967,9,,,0
11029,'1186773',1751,,4968,9,,,0
11029,'1186855',1851,,4972,9,,,0
11029,'1186937',1621,,4975,9,,,0
11029,'1187113',1151,,4977,9,,,0
