105019,'1190616',2226,,9291,44,,,0
105019,'1190769',1417,,9292,44,,,0
105019,'1190825',1626,,9293,44,,,0
105019,'1190865',1817,,9294,44,,,0
105019,'1190975',1847,,9295,44,,,0
105019,'1190992',1810,,9296,44,,,0
105019,'1190998',1210,,9297,44,,,0
105019,'1191007',1717,,9298,44,,,0
105019,'1191038',1510,,9299,44,,,0
105019,'1191063',959,,9300,44,,,0
105019,'1191065',1317,,9301,44,,,0
105019,'1191145',655,,9302,44,,,0
105019,'1191217',2308,,9303,44,,,0
105019,'1191294',1410,,9304,44,,,0
105019,'1191329',908,,9305,44,,,0
105019,'1191413',1026,,9306,44,,,0
105019,'1191457',1310,,9307,44,,,0
105019,'1191557',859,,9308,44,,,0
105019,'1191709',759,,9309,44,,,0
105019,'1191750',2255,,9310,44,,,0
105019,'1191859',708,,9311,44,,,0
105019,'1191891',1747,,9312,44,,,0
105019,'1192052',1910,,9313,44,,,0
105019,'1192113',625,,9314,44,,,0
105019,'1192142',1610,,9315,44,,,0
105019,'1192176',826,,9316,44,,,0
105019,'1192218',2355,,9317,44,,,0
105019,'1192236',1426,,9318,44,,,0
105019,'1192248',2055,,9319,44,,,0
105019,'1192267',1710,,9320,44,,,0
105019,'1192318',1110,,9321,44,,,0
105019,'1192337',1632,,9322,44,,,0
105019,'1192353',1502,,9323,44,,,0
105019,'1192579',1202,,9324,44,,,0
105019,'1192586',1226,,9325,44,,,0
105019,'1192598',2026,,9326,44,,,0
105019,'1192614',729,,9327,44,,,0
105019,'1192661',2155,,9328,44,,,0
105019,'1192725',1532,,9329,44,,,0
105019,'1192735',1925,,9330,44,,,0
105019,'1192821',2108,,9331,44,,,0
105019,'1192836',1826,,9332,44,,,0
105019,'1192847',555,,9333,44,,,0
105019,'1192875',1602,,9334,44,,,0
105019,'1193045',829,,9335,44,,,0
105019,'1193298',1102,,9336,44,,,0
