25019,'1190672',2245,,8481,24,,,0
25019,'1190682',928,,8482,24,,,0
25019,'1190694',745,,8483,24,,,0
25019,'1190780',2343,,8484,24,,,0
25019,'1190819',715,,8485,24,,,0
25019,'1190912',1845,,8486,24,,,0
25019,'1191039',1728,,8487,24,,,0
25019,'1191069',1944,,8488,24,,,0
25019,'1191124',2044,,8489,24,,,0
25019,'1191161',1644,,8490,24,,,0
25019,'1191291',828,,8491,24,,,0
25019,'1191327',1415,,8492,24,,,0
25019,'1191338',1044,,8493,24,,,0
25019,'1191351',1945,,8494,24,,,0
25019,'1191352',1445,,8495,24,,,0
25019,'1191409',944,,8496,24,,,0
25019,'1191435',1228,,8497,24,,,0
25019,'1191471',2128,,8498,24,,,0
25019,'1191478',2244,,8499,24,,,0
25019,'1191511',1745,,8500,24,,,0
25019,'1191525',1444,,8501,24,,,0
25019,'1191551',643,,8502,24,,,0
25019,'1191579',844,,8503,24,,,0
25019,'1191591',2328,,8504,24,,,0
25019,'1191596',2145,,8505,24,,,0
25019,'1191642',815,,8506,24,,,0
25019,'1191659',1628,,8507,24,,,0
25019,'1191842',1844,,8508,24,,,0
25019,'1191928',2045,,8509,24,,,0
25019,'1191935',845,,8510,24,,,0
25019,'1191950',1244,,8511,24,,,0
25019,'1191964',1544,,8512,24,,,0
25019,'1192103',2144,,8513,24,,,0
25019,'1192106',1215,,8514,24,,,0
25019,'1192141',2228,,8515,24,,,0
25019,'1192147',1328,,8516,24,,,0
25019,'1192241',2028,,8517,24,,,0
25019,'1192259',1344,,8518,24,,,0
25019,'1192277',1744,,8519,24,,,0
25019,'1192343',1115,,8520,24,,,0
25019,'1192356',1545,,8521,24,,,0
25019,'1192389',1428,,8522,24,,,0
25019,'1192432',1615,,8523,24,,,0
25019,'1192459',1028,,8524,24,,,0
25019,'1192477',2405,,8525,24,,,0
25019,'1192541',728,,8526,24,,,0
25019,'1192596',1515,,8527,24,,,0
25019,'1192742',1015,,8528,24,,,0
25019,'1192751',1144,,8529,24,,,0
25019,'1192774',1715,,8530,24,,,0
25019,'1192796',1315,,8531,24,,,0
25019,'1192828',1928,,8532,24,,,0
25019,'1192849',945,,8533,24,,,0
25019,'1192959',645,,8534,24,,,0
25019,'1193109',1645,,8535,24,,,0
25019,'1193121',743,,8536,24,,,0
25019,'1193125',1828,,8537,24,,,0
25019,'1193301',1128,,8538,24,,,0
25019,'1193312',1528,,8539,24,,,0
25019,'1193315',915,,8540,24,,,0
