105019,'1150133',934,,3356,2,,,0
105019,'1150519',1752,,3358,2,,,0
105019,'1150723',646,,3359,2,,,0
105019,'1150755',1437,,3360,2,,,0
105019,'1150957',834,,3364,2,,,0
105019,'1150991',1252,,3365,2,,,0
105019,'1151148',1048,,3367,2,,,0
105019,'1151174',1248,,3368,2,,,0
105019,'1151428',804,,3371,2,,,0
105019,'1151680',1822,,3374,2,,,0
105019,'1151743',734,,3375,2,,,0
105019,'1152002',2232,,3380,2,,,0
105019,'1152300',1348,,3381,2,,,0
105019,'1152360',632,,3382,2,,,0
105019,'1152386',704,,3383,2,,,0
105019,'1152506',1722,,3384,2,,,0
105019,'1152547',602,,3385,2,,,0
105019,'1152647',2132,,3386,2,,,0
105019,'1152697',2332,,3387,2,,,0
105019,'1153054',1448,,3390,2,,,0
105019,'1153337',1848,,3392,2,,,0
105019,'1153487',532,,3393,2,,,0
105019,'1153863',1148,,3395,2,,,0
105019,'1153895',1507,,3397,2,,,0
105019,'1154206',2032,,3398,2,,,0
105019,'1154598',1748,,3402,2,,,0
105019,'1154605',1648,,3403,2,,,0
105019,'1154691',1037,,3404,2,,,0
105019,'1154711',1548,,3406,2,,,0
105019,'1154821',1352,,3407,2,,,0
105019,'1154915',1902,,3409,2,,,0
105019,'1154933',1652,,3410,2,,,0
105019,'1155111',2246,,3412,2,,,0
105019,'1155143',1607,,3413,2,,,0
105019,'1155198',1137,,3415,2,,,0
105019,'1155339',1537,,3419,2,,,0
105019,'1155343',2046,,3420,2,,,0
105019,'1155497',846,,3421,2,,,0
