101019,'1150144',1512,,2867,6,,,0
101019,'1150380',1032,,2869,6,,,0
101019,'1150746',1912,,2873,6,,,0
101019,'1150862',2112,,2874,6,,,0
101019,'1150954',532,,2875,6,,,0
101019,'1150998',1335,,2876,6,,,0
101019,'1151001',712,,2877,6,,,0
101019,'1151295',1735,,2880,6,,,0
101019,'1151359',732,,2881,6,,,0
101019,'1151610',1132,,2883,6,,,0
101019,'1151994',1712,,2886,6,,,0
101019,'1152080',1635,,2887,6,,,0
101019,'1152371',1535,,2888,6,,,0
101019,'1152676',832,,2890,6,,,0
101019,'1152765',2031,,2891,6,,,0
101019,'1152944',2312,,2893,6,,,0
101019,'1153556',2232,,2899,6,,,0
101019,'1153641',1112,,2900,6,,,0
101019,'1153864',1312,,2903,6,,,0
101019,'1154431',1435,,2908,6,,,0
101019,'1154552',1832,,2909,6,,,0
101019,'1155432',912,,2913,6,,,0
101019,'1155460',932,,2914,6,,,0
