14019,'1150200',951,,1440,16,,,0
14019,'1150262',651,,1441,16,,,0
14019,'1150337',851,,1443,16,,,0
14019,'1150348',1151,,1444,16,,,0
14019,'1150379',721,,1445,16,,,0
14019,'1150712',2051,,1451,16,,,0
14019,'1151030',1352,,1452,16,,,0
14019,'1151165',2251,,1455,16,,,0
14019,'1151250',1751,,1456,16,,,0
14019,'1151355',2121,,1458,16,,,0
14019,'1151402',2321,,1459,16,,,0
14019,'1151531',751,,1462,16,,,0
14019,'1151546',2221,,1464,16,,,0
14019,'1151663',1522,,1466,16,,,0
14019,'1151708',1722,,1468,16,,,0
14019,'1151821',1252,,1470,16,,,0
14019,'1152024',951,,1471,16,,,0
14019,'1152219',1651,,1473,16,,,0
14019,'1152241',1251,,1474,16,,,0
14019,'1152242',1752,,1475,16,,,0
14019,'1152324',2021,,1479,16,,,0
14019,'1152363',851,,1481,16,,,0
14019,'1152413',1652,,1482,16,,,0
14019,'1152541',921,,1485,16,,,0
14019,'1152725',1552,,1488,16,,,0
14019,'1152770',1622,,1490,16,,,0
14019,'1152772',1921,,1491,16,,,0
14019,'1152885',1351,,1493,16,,,0
14019,'1153060',2151,,1494,16,,,0
14019,'1153371',651,,1499,16,,,0
14019,'1153493',751,,1502,16,,,0
14019,'1153692',1452,,1505,16,,,0
14019,'1153780',1052,,1506,16,,,0
14019,'1153908',1152,,1508,16,,,0
14019,'1154077',1821,,1510,16,,,0
14019,'1154090',1551,,1511,16,,,0
14019,'1154211',1951,,1514,16,,,0
14019,'1154339',1051,,1517,16,,,0
14019,'1154509',1851,,1520,16,,,0
14019,'1154513',1451,,1521,16,,,0
14019,'1154567',821,,1522,16,,,0
14019,'1155390',2351,,1531,16,,,0
