24029,'1150189',847,,1970,4,,,0
24029,'1150273',1419,,1971,4,,,0
24029,'1150702',2117,,1975,4,,,0
24029,'1150782',1218,,1976,4,,,0
24029,'1150828',2147,,1978,4,,,0
24029,'1150842',1519,,1979,4,,,0
24029,'1151093',1418,,1983,4,,,0
24029,'1151627',1518,,1991,4,,,0
24029,'1151815',817,,1992,4,,,0
24029,'1151853',817,,1993,4,,,0
24029,'1151861',2247,,1994,4,,,0
24029,'1151934',717,,1995,4,,,0
24029,'1151953',716,,1996,4,,,0
24029,'1151997',1649,,1998,4,,,0
24029,'1152062',1617,,1999,4,,,0
24029,'1152072',2407,,2000,4,,,0
24029,'1152228',1119,,2001,4,,,0
24029,'1152271',1219,,2002,4,,,0
24029,'1152346',1318,,2003,4,,,0
24029,'1152617',647,,2006,4,,,0
24029,'1152880',616,,2007,4,,,0
24029,'1153025',1719,,2008,4,,,0
24029,'1153113',747,,2009,4,,,0
24029,'1153402',1817,,2016,4,,,0
24029,'1153439',918,,2018,4,,,0
24029,'1153502',1319,,2019,4,,,0
24029,'1153621',2217,,2020,4,,,0
24029,'1153961',1947,,2027,4,,,0
24029,'1154014',1749,,2028,4,,,0
24029,'1154023',2317,,2029,4,,,0
24029,'1154055',1118,,2031,4,,,0
24029,'1154317',1847,,2036,4,,,0
24029,'1154514',1018,,2040,4,,,0
24029,'1154712',917,,2043,4,,,0
24029,'1154730',2047,,2044,4,,,0
24029,'1154757',1917,,2045,4,,,0
24029,'1154843',1717,,2048,4,,,0
24029,'1154905',1017,,2049,4,,,0
24029,'1155045',1549,,2051,4,,,0
24029,'1155093',2017,,2052,4,,,0
24029,'1155099',1449,,2053,4,,,0
24029,'1155144',947,,2054,4,,,0
24029,'1155453',1619,,2060,4,,,0
105019,'1150133',1042,,3356,106,,,0
105019,'1150519',1900,,3358,106,,,0
105019,'1150723',746,,3359,106,,,0
105019,'1150755',1545,,3360,106,,,0
105019,'1150957',942,,3364,106,,,0
105019,'1150991',1400,,3365,106,,,0
105019,'1151148',1148,,3367,106,,,0
105019,'1151174',1348,,3368,106,,,0
105019,'1151428',912,,3371,106,,,0
105019,'1151680',1930,,3374,106,,,0
105019,'1151743',842,,3375,106,,,0
105019,'1152002',2334,,3380,106,,,0
105019,'1152300',1448,,3381,106,,,0
105019,'1152360',734,,3382,106,,,0
105019,'1152386',812,,3383,106,,,0
105019,'1152506',1830,,3384,106,,,0
105019,'1152547',704,,3385,106,,,0
105019,'1152647',2234,,3386,106,,,0
105019,'1152697',2434,,3387,106,,,0
105019,'1153054',1548,,3390,106,,,0
105019,'1153337',1948,,3392,106,,,0
105019,'1153487',634,,3393,106,,,0
105019,'1153863',1248,,3395,106,,,0
105019,'1153895',1615,,3397,106,,,0
105019,'1154206',2134,,3398,106,,,0
105019,'1154598',1848,,3402,106,,,0
105019,'1154605',1748,,3403,106,,,0
105019,'1154691',1145,,3404,106,,,0
105019,'1154711',1648,,3406,106,,,0
105019,'1154821',1500,,3407,106,,,0
105019,'1154915',2004,,3409,106,,,0
105019,'1154933',1800,,3410,106,,,0
105019,'1155111',2346,,3412,106,,,0
105019,'1155143',1715,,3413,106,,,0
105019,'1155198',1245,,3415,106,,,0
105019,'1155339',1645,,3419,106,,,0
105019,'1155343',2146,,3420,106,,,0
105019,'1155497',946,,3421,106,,,0
106029,'1150415',800,,3497,37,,,0
106029,'1152319',1030,,3498,37,,,0
106029,'1153399',1747,,3499,37,,,0
106029,'1153977',1632,,3500,37,,,0
106029,'1155105',1902,,3501,37,,,0
106029,'1155380',915,,3502,37,,,0
140001019,'1150287',647,,3510,16,,,0
140001019,'1150304',2147,,3511,16,,,0
140001019,'1150384',1733,,3513,16,,,0
140001019,'1150451',1002,,3517,16,,,0
140001019,'1150506',2342,,3518,16,,,0
140001019,'1150536',1818,,3519,16,,,0
140001019,'1150598',1817,,3521,16,,,0
140001019,'1150609',902,,3522,16,,,0
140001019,'1150610',1525,,3523,16,,,0
140001019,'1150664',1017,,3524,16,,,0
140001019,'1150692',2215,,3525,16,,,0
140001019,'1150716',702,,3526,16,,,0
140001019,'1150784',1947,,3527,16,,,0
140001019,'1150853',1847,,3528,16,,,0
140001019,'1150869',1832,,3529,16,,,0
140001019,'1150882',1533,,3530,16,,,0
140001019,'1151105',1203,,3536,16,,,0
140001019,'1151119',1248,,3537,16,,,0
140001019,'1151195',1433,,3538,16,,,0
140001019,'1151208',817,,3539,16,,,0
140001019,'1151216',2047,,3541,16,,,0
140001019,'1151218',1917,,3542,16,,,0
140001019,'1151225',1603,,3543,16,,,0
140001019,'1151265',2032,,3544,16,,,0
140001019,'1151361',817,,3548,16,,,0
140001019,'1151371',1748,,3549,16,,,0
140001019,'1151441',2047,,3550,16,,,0
140001019,'1151470',1203,,3551,16,,,0
140001019,'1151474',2245,,3553,16,,,0
140001019,'1151528',1033,,3554,16,,,0
140001019,'1151558',747,,3555,16,,,0
140001019,'1151606',1403,,3559,16,,,0
140001019,'1151654',1403,,3562,16,,,0
140001019,'1151658',2102,,3563,16,,,0
140001019,'1151695',1902,,3565,16,,,0
140001019,'1151710',1233,,3567,16,,,0
140001019,'1151751',717,,3571,16,,,0
140001019,'1151754',732,,3572,16,,,0
140001019,'1151804',1640,,3573,16,,,0
140001019,'1151901',1703,,3576,16,,,0
140001019,'1152066',2415,,3579,16,,,0
140001019,'1152068',2017,,3580,16,,,0
140001019,'1152104',1832,,3581,16,,,0
140001019,'1152107',1740,,3582,16,,,0
140001019,'1152123',647,,3583,16,,,0
140001019,'1152165',1032,,3584,16,,,0
140001019,'1152232',1548,,3585,16,,,0
140001019,'1152240',2145,,3586,16,,,0
140001019,'1152423',1303,,3590,16,,,0
140001019,'1152471',1803,,3592,16,,,0
140001019,'1152480',1017,,3593,16,,,0
140001019,'1152565',1047,,3597,16,,,0
140001019,'1152674',917,,3600,16,,,0
140001019,'1152758',1218,,3604,16,,,0
140001019,'1152773',947,,3605,16,,,0
140001019,'1152818',1625,,3606,16,,,0
140001019,'1152831',2217,,3607,16,,,0
140001019,'1152874',1333,,3608,16,,,0
140001019,'1152907',1117,,3610,16,,,0
140001019,'1152920',1503,,3611,16,,,0
140001019,'1152942',1348,,3614,16,,,0
140001019,'1152950',1233,,3615,16,,,0
140001019,'1152961',1648,,3616,16,,,0
140001019,'1152981',1348,,3618,16,,,0
140001019,'1152999',2247,,3619,16,,,0
140001019,'1153096',1133,,3620,16,,,0
140001019,'1153139',1002,,3622,16,,,0
140001019,'1153145',2315,,3623,16,,,0
140001019,'1153153',847,,3624,16,,,0
140001019,'1153208',1718,,3626,16,,,0
140001019,'1153252',1633,,3628,16,,,0
140001019,'1153294',1917,,3629,16,,,0
140001019,'1153322',1318,,3631,16,,,0
140001019,'1153327',847,,3632,16,,,0
140001019,'1153380',1518,,3635,16,,,0
140001019,'1153393',1947,,3637,16,,,0
140001019,'1153607',717,,3642,16,,,0
140001019,'1153629',1118,,3644,16,,,0
140001019,'1153737',1555,,3645,16,,,0
140001019,'1153742',2417,,3646,16,,,0
140001019,'1153757',1102,,3647,16,,,0
140001019,'1153879',2117,,3648,16,,,0
140001019,'1153928',1618,,3649,16,,,0
140001019,'1153949',1510,,3651,16,,,0
140001019,'1153978',1440,,3653,16,,,0
140001019,'1154051',2345,,3655,16,,,0
140001019,'1154078',1455,,3656,16,,,0
140001019,'1154230',1425,,3662,16,,,0
140001019,'1154259',1448,,3663,16,,,0
140001019,'1154323',1133,,3665,16,,,0
140001019,'1154329',2317,,3667,16,,,0
140001019,'1154451',1932,,3670,16,,,0
140001019,'1154489',1755,,3671,16,,,0
140001019,'1154490',1418,,3672,16,,,0
140001019,'1154529',1725,,3673,16,,,0
140001019,'1154538',832,,3674,16,,,0
140001019,'1154628',1710,,3676,16,,,0
140001019,'1154634',932,,3677,16,,,0
140001019,'1154642',1148,,3678,16,,,0
140001019,'1154758',1048,,3681,16,,,0
140001019,'1154789',2002,,3682,16,,,0
140001019,'1154820',802,,3683,16,,,0
140001019,'1154851',747,,3684,16,,,0
140001019,'1154866',1248,,3685,16,,,0
140001019,'1154965',1318,,3687,16,,,0
140001019,'1154991',917,,3689,16,,,0
140001019,'1154994',1847,,3690,16,,,0
140001019,'1155094',1303,,3691,16,,,0
140001019,'1155108',947,,3692,16,,,0
140001019,'1155222',2117,,3698,16,,,0
140001019,'1155223',1540,,3699,16,,,0
140001019,'1155228',1218,,3700,16,,,0
140001019,'1155236',1333,,3702,16,,,0
140001019,'1155259',2017,,3703,16,,,0
140001019,'1155279',1803,,3704,16,,,0
140001019,'1155314',1902,,3705,16,,,0
140001019,'1155327',1148,,3707,16,,,0
140001019,'1155399',1103,,3709,16,,,0
140001019,'1155422',1610,,3710,16,,,0
140001019,'1155482',1655,,3711,16,,,0
