12029,'1184508',854,,5051,16,,,0
12029,'1184705',654,,5055,16,,,0
12029,'1184792',1854,,5056,16,,,0
12029,'1184793',1424,,5057,16,,,0
12029,'1184946',724,,5060,16,,,0
12029,'1184990',954,,5062,16,,,0
12029,'1185014',2359,,5063,16,,,0
12029,'1185264',1724,,5068,16,,,0
12029,'1185324',1324,,5070,16,,,0
12029,'1185471',2154,,5072,16,,,0
12029,'1185613',1024,,5077,16,,,0
12029,'1185758',1654,,5082,16,,,0
12029,'1185875',2054,,5083,16,,,0
12029,'1185933',1254,,5085,16,,,0
12029,'1185999',1454,,5087,16,,,0
12029,'1186050',824,,5088,16,,,0
12029,'1186139',624,,5089,16,,,0
12029,'1186210',1154,,5090,16,,,0
12029,'1186423',1754,,5092,16,,,0
12029,'1186551',1524,,5098,16,,,0
12029,'1186588',1354,,5099,16,,,0
12029,'1186638',1624,,5101,16,,,0
12029,'1186814',1124,,5106,16,,,0
12029,'1186824',1224,,5107,16,,,0
12029,'1186878',1954,,5109,16,,,0
12029,'1186973',2254,,5112,16,,,0
12029,'1187141',1054,,5116,16,,,0
12029,'1187166',1554,,5117,16,,,0
12029,'1187188',924,,5119,16,,,0
12029,'1187196',754,,5120,16,,,0
