11019,'1150143',706,,880,24,,,0
11019,'1150149',1835,,881,24,,,0
11019,'1150435',1737,,887,24,,,0
11019,'1150556',1405,,889,24,,,0
11019,'1150629',1637,,890,24,,,0
11019,'1150657',835,,891,24,,,0
11019,'1150677',2035,,892,24,,,0
11019,'1150686',2411,,893,24,,,0
11019,'1150726',1607,,894,24,,,0
11019,'1150735',1452,,895,24,,,0
11019,'1150744',1622,,896,24,,,0
11019,'1150925',1505,,899,24,,,0
11019,'1150938',1335,,901,24,,,0
11019,'1151038',936,,902,24,,,0
11019,'1151140',1021,,905,24,,,0
11019,'1151144',2221,,906,24,,,0
11019,'1151191',1222,,908,24,,,0
11019,'1151326',1951,,910,24,,,0
11019,'1151442',851,,913,24,,,0
11019,'1151502',1535,,914,24,,,0
11019,'1151687',736,,917,24,,,0
11019,'1151694',1337,,918,24,,,0
11019,'1151697',1652,,919,24,,,0
11019,'1151715',721,,920,24,,,0
11019,'1151806',836,,923,24,,,0
11019,'1151889',1235,,925,24,,,0
11019,'1151897',1707,,926,24,,,0
11019,'1151910',821,,927,24,,,0
11019,'1152031',935,,929,24,,,0
11019,'1152198',1006,,932,24,,,0
11019,'1152246',1205,,933,24,,,0
11019,'1152286',651,,934,24,,,0
11019,'1152347',2151,,936,24,,,0
11019,'1152358',1851,,937,24,,,0
11019,'1152422',2351,,939,24,,,0
11019,'1152449',1752,,940,24,,,0
11019,'1152484',1151,,941,24,,,0
11019,'1152597',1422,,943,24,,,0
11019,'1152670',1807,,944,24,,,0
11019,'1152706',1352,,945,24,,,0
11019,'1152810',1537,,947,24,,,0
11019,'1152872',1437,,948,24,,,0
11019,'1152996',921,,951,24,,,0
11019,'1153015',1305,,952,24,,,0
11019,'1153067',2235,,953,24,,,0
11019,'1153085',735,,955,24,,,0
11019,'1153098',1735,,956,24,,,0
11019,'1153395',1136,,962,24,,,0
11019,'1153405',1722,,963,24,,,0
11019,'1153484',2321,,965,24,,,0
11019,'1153506',1635,,967,24,,,0
11019,'1153527',951,,969,24,,,0
11019,'1153562',1307,,971,24,,,0
11019,'1153565',1507,,972,24,,,0
11019,'1153586',2251,,973,24,,,0
11019,'1153587',1322,,974,24,,,0
11019,'1153669',1705,,977,24,,,0
11019,'1153677',1035,,978,24,,,0
11019,'1153881',1252,,981,24,,,0
11019,'1153984',1522,,984,24,,,0
11019,'1154120',2021,,986,24,,,0
11019,'1154168',1407,,987,24,,,0
11019,'1154195',1036,,988,24,,,0
11019,'1154287',906,,989,24,,,0
11019,'1154314',1206,,990,24,,,0
11019,'1154475',1237,,991,24,,,0
11019,'1154577',2135,,993,24,,,0
11019,'1154613',1121,,994,24,,,0
11019,'1154616',806,,995,24,,,0
11019,'1154627',636,,996,24,,,0
11019,'1154690',1051,,998,24,,,0
11019,'1154863',1135,,1000,24,,,0
11019,'1154896',2121,,1001,24,,,0
11019,'1155038',1935,,1006,24,,,0
11019,'1155047',1552,,1007,24,,,0
11019,'1155187',2051,,1009,24,,,0
11019,'1155194',1605,,1010,24,,,0
11019,'1155204',1821,,1011,24,,,0
11019,'1155245',751,,1012,24,,,0
11019,'1155289',1435,,1013,24,,,0
11019,'1155293',1106,,1014,24,,,0
11019,'1155433',2335,,1016,24,,,0
11019,'1155512',1921,,1018,24,,,0
22029,'1150220',1023,,1827,3,,,0
22029,'1150933',1253,,1828,3,,,0
22029,'1150935',823,,1829,3,,,0
22029,'1151147',853,,1830,3,,,0
22029,'1151839',1053,,1832,3,,,0
22029,'1152014',1423,,1833,3,,,0
22029,'1152171',1623,,1834,3,,,0
22029,'1153526',1453,,1837,3,,,0
22029,'1154636',1823,,1840,3,,,0
22029,'1154908',1223,,1841,3,,,0
140001029,'1150107',726,,3712,17,,,0
140001029,'1150153',1627,,3714,17,,,0
140001029,'1150285',1344,,3718,17,,,0
140001029,'1150345',2401,,3720,17,,,0
140001029,'1150377',1159,,3722,17,,,0
140001029,'1150391',1826,,3725,17,,,0
140001029,'1150407',1415,,3726,17,,,0
140001029,'1150453',1642,,3727,17,,,0
140001029,'1150462',1144,,3728,17,,,0
140001029,'1150529',1858,,3730,17,,,0
140001029,'1150555',1044,,3732,17,,,0
140001029,'1150559',1114,,3733,17,,,0
140001029,'1150603',1259,,3734,17,,,0
140001029,'1150660',2013,,3736,17,,,0
140001029,'1150758',956,,3738,17,,,0
140001029,'1150812',1956,,3742,17,,,0
140001029,'1150969',1615,,3746,17,,,0
140001029,'1151075',1515,,3747,17,,,0
140001029,'1151083',1157,,3748,17,,,0
140001029,'1151132',1545,,3749,17,,,0
140001029,'1151187',1342,,3753,17,,,0
140001029,'1151190',1142,,3754,17,,,0
140001029,'1151211',957,,3755,17,,,0
140001029,'1151220',1244,,3756,17,,,0
140001029,'1151255',1958,,3758,17,,,0
140001029,'1151297',1127,,3759,17,,,0
140001029,'1151376',1828,,3763,17,,,0
140001029,'1151388',941,,3765,17,,,0
140001029,'1151430',656,,3767,17,,,0
140001029,'1151583',1712,,3772,17,,,0
140001029,'1151585',1757,,3773,17,,,0
140001029,'1151597',1557,,3774,17,,,0
140001029,'1151676',1813,,3776,17,,,0
140001029,'1151682',1314,,3777,17,,,0
140001029,'1151698',1214,,3778,17,,,0
140001029,'1151726',1730,,3781,17,,,0
140001029,'1151760',641,,3783,17,,,0
140001029,'1151781',626,,3784,17,,,0
140001029,'1151793',1657,,3786,17,,,0
140001029,'1151812',1445,,3787,17,,,0
140001029,'1151837',1227,,3790,17,,,0
140001029,'1151882',2226,,3791,17,,,0
140001029,'1151969',1430,,3792,17,,,0
140001029,'1152073',1057,,3795,17,,,0
140001029,'1152090',2126,,3796,17,,,0
140001029,'1152101',727,,3798,17,,,0
140001029,'1152157',1928,,3800,17,,,0
140001029,'1152234',1412,,3802,17,,,0
140001029,'1152255',1212,,3803,17,,,0
140001029,'1152278',1645,,3805,17,,,0
140001029,'1152287',1112,,3806,17,,,0
140001029,'1152299',711,,3807,17,,,0
140001029,'1152375',1715,,3808,17,,,0
140001029,'1152383',1059,,3809,17,,,0
140001029,'1152402',741,,3810,17,,,0
140001029,'1152437',1811,,3811,17,,,0
140001029,'1152493',1913,,3814,17,,,0
140001029,'1152528',1400,,3818,17,,,0
140001029,'1152530',2058,,3819,17,,,0
140001029,'1152532',627,,3820,17,,,0
140001029,'1152635',1029,,3824,17,,,0
140001029,'1152653',757,,3825,17,,,0
140001029,'1152735',1427,,3826,17,,,0
140001029,'1152747',2226,,3827,17,,,0
140001029,'1152751',1542,,3828,17,,,0
140001029,'1152759',826,,3829,17,,,0
140001029,'1152783',1500,,3830,17,,,0
140001029,'1152811',1327,,3833,17,,,0
140001029,'1152854',657,,3834,17,,,0
140001029,'1152865',1512,,3835,17,,,0
140001029,'1152945',1012,,3836,17,,,0
140001029,'1152973',1457,,3837,17,,,0
140001029,'1152983',2043,,3838,17,,,0
140001029,'1153104',856,,3839,17,,,0
140001029,'1153197',1926,,3841,17,,,0
140001029,'1153253',1843,,3843,17,,,0
140001029,'1153265',857,,3844,17,,,0
140001029,'1153267',1357,,3845,17,,,0
140001029,'1153287',841,,3846,17,,,0
140001029,'1153315',1758,,3847,17,,,0
140001029,'1153339',1700,,3848,17,,,0
140001029,'1153342',2028,,3850,17,,,0
140001029,'1153372',1027,,3852,17,,,0
140001029,'1153465',811,,3853,17,,,0
140001029,'1153475',1014,,3854,17,,,0
140001029,'1153486',1742,,3856,17,,,0
140001029,'1153536',2356,,3857,17,,,0
140001029,'1153567',2156,,3858,17,,,0
140001029,'1153584',2256,,3860,17,,,0
140001029,'1153592',1312,,3861,17,,,0
140001029,'1153654',1745,,3862,17,,,0
140001029,'1153683',1229,,3864,17,,,0
140001029,'1153820',1856,,3866,17,,,0
140001029,'1154107',927,,3873,17,,,0
140001029,'1154113',911,,3874,17,,,0
140001029,'1154137',1943,,3876,17,,,0
140001029,'1154215',942,,3878,17,,,0
140001029,'1154249',1329,,3879,17,,,0
140001029,'1154385',2126,,3881,17,,,0
140001029,'1154399',1841,,3882,17,,,0
140001029,'1154474',1042,,3884,17,,,0
140001029,'1154555',1530,,3886,17,,,0
140001029,'1154579',1242,,3887,17,,,0
140001029,'1154703',1442,,3890,17,,,0
140001029,'1154716',1129,,3891,17,,,0
140001029,'1154813',756,,3893,17,,,0
140001029,'1154814',2326,,3894,17,,,0
140001029,'1154828',2256,,3895,17,,,0
140001029,'1154875',2156,,3897,17,,,0
140001029,'1155029',1257,,3903,17,,,0
140001029,'1155046',1600,,3904,17,,,0
140001029,'1155054',1612,,3905,17,,,0
140001029,'1155081',926,,3906,17,,,0
140001029,'1155141',1727,,3909,17,,,0
140001029,'1155189',1630,,3911,17,,,0
140001029,'1155197',1527,,3912,17,,,0
140001029,'1155294',2056,,3915,17,,,0
140001029,'1155302',827,,3916,17,,,0
140001029,'1155305',2026,,3917,17,,,0
140001029,'1155377',2326,,3918,17,,,0
