101029,'1150355',848,,2916,27,,,0
101029,'1150535',948,,2919,27,,,0
101029,'1150632',1433,,2920,27,,,0
101029,'1151005',1033,,2922,27,,,0
101029,'1151171',1748,,2924,27,,,0
101029,'1151294',748,,2925,27,,,0
101029,'1151635',2148,,2927,27,,,0
101029,'1151840',648,,2929,27,,,0
101029,'1152316',1833,,2930,27,,,0
101029,'1152666',1048,,2933,27,,,0
101029,'1152802',1650,,2934,27,,,0
101029,'1153001',1948,,2938,27,,,0
101029,'1153050',1250,,2939,27,,,0
101029,'1153195',633,,2941,27,,,0
101029,'1153306',1633,,2942,27,,,0
101029,'1153598',2233,,2945,27,,,0
101029,'1153935',1550,,2949,27,,,0
101029,'1154557',2033,,2953,27,,,0
101029,'1154632',2408,,2954,27,,,0
101029,'1154742',1350,,2955,27,,,0
101029,'1154771',833,,2956,27,,,0
101029,'1154943',1233,,2958,27,,,0
101029,'1155502',1450,,2962,27,,,0
