2019,'1190609',1607,,7220,11,,,0
2019,'1190673',1222,,7221,11,,,0
2019,'1190685',1207,,7222,11,,,0
2019,'1190689',1937,,7223,11,,,0
2019,'1190717',1707,,7224,11,,,0
2019,'1190761',1422,,7225,11,,,0
2019,'1190765',1237,,7226,11,,,0
2019,'1190771',1322,,7227,11,,,0
2019,'1190817',1307,,7228,11,,,0
2019,'1190891',2122,,7229,11,,,0
2019,'1190941',1522,,7230,11,,,0
2019,'1190953',807,,7231,11,,,0
2019,'1190999',1707,,7232,11,,,0
2019,'1191046',1737,,7233,11,,,0
2019,'1191054',2356,,7234,11,,,0
2019,'1191067',852,,7235,11,,,0
2019,'1191084',1422,,7236,11,,,0
2019,'1191125',1722,,7237,11,,,0
2019,'1191149',722,,7238,11,,,0
2019,'1191199',837,,7239,11,,,0
2019,'1191211',1552,,7240,11,,,0
2019,'1191224',1152,,7241,11,,,0
2019,'1191233',2221,,7242,11,,,0
2019,'1191252',2351,,7243,11,,,0
2019,'1191275',722,,7244,11,,,0
2019,'1191287',1322,,7245,11,,,0
2019,'1191383',1806,,7246,11,,,0
2019,'1191405',822,,7247,11,,,0
2019,'1191408',1252,,7248,11,,,0
2019,'1191447',1437,,7249,11,,,0
2019,'1191485',2106,,7250,11,,,0
2019,'1191495',1622,,7251,11,,,0
2019,'1191512',1307,,7252,11,,,0
2019,'1191527',922,,7253,11,,,0
2019,'1191539',1337,,7254,11,,,0
2019,'1191561',1737,,7255,11,,,0
2019,'1191615',2037,,7256,11,,,0
2019,'1191644',1007,,7257,11,,,0
2019,'1191646',1022,,7258,11,,,0
2019,'1191661',1637,,7259,11,,,0
2019,'1191691',1752,,7260,11,,,0
2019,'1191768',922,,7261,11,,,0
2019,'1191793',707,,7262,11,,,0
2019,'1191820',1022,,7263,11,,,0
2019,'1191850',737,,7264,11,,,0
2019,'1191864',1607,,7265,11,,,0
2019,'1191867',2222,,7266,11,,,0
2019,'1191873',1522,,7267,11,,,0
2019,'1191904',952,,7268,11,,,0
2019,'1191918',1921,,7269,11,,,0
2019,'1191932',2206,,7270,11,,,0
2019,'1191992',2336,,7271,11,,,0
2019,'1192029',1052,,7272,11,,,0
2019,'1192053',2136,,7273,11,,,0
2019,'1192089',1537,,7274,11,,,0
2019,'1192091',1207,,7275,11,,,0
2019,'1192130',1037,,7276,11,,,0
2019,'1192210',1822,,7277,11,,,0
2019,'1192225',1836,,7278,11,,,0
2019,'1192227',1652,,7279,11,,,0
2019,'1192252',2006,,7280,11,,,0
2019,'1192285',637,,7281,11,,,0
2019,'1192330',1007,,7282,11,,,0
2019,'1192352',1122,,7283,11,,,0
2019,'1192380',1237,,7284,11,,,0
2019,'1192437',752,,7285,11,,,0
2019,'1192442',1137,,7286,11,,,0
2019,'1192449',1222,,7287,11,,,0
2019,'1192523',1537,,7288,11,,,0
2019,'1192531',1507,,7289,11,,,0
2019,'1192546',1137,,7290,11,,,0
2019,'1192565',2022,,7291,11,,,0
2019,'1192577',2236,,7292,11,,,0
2019,'1192650',1922,,7293,11,,,0
2019,'1192668',1107,,7294,11,,,0
2019,'1192678',1437,,7295,11,,,0
2019,'1192698',822,,7296,11,,,0
2019,'1192722',1637,,7297,11,,,0
2019,'1192754',837,,7298,11,,,0
2019,'1192756',922,,7299,11,,,0
2019,'1192760',1622,,7300,11,,,0
2019,'1192800',1837,,7301,11,,,0
2019,'1192812',2322,,7302,11,,,0
2019,'1192865',1452,,7303,11,,,0
2019,'1192869',937,,7304,11,,,0
2019,'1192915',1407,,7305,11,,,0
2019,'1192923',1037,,7306,11,,,0
2019,'1192928',2007,,7307,11,,,0
2019,'1192930',1907,,7308,11,,,0
2019,'1192936',707,,7309,11,,,0
2019,'1192939',652,,7310,11,,,0
2019,'1192940',907,,7311,11,,,0
2019,'1192992',1352,,7312,11,,,0
2019,'1192994',1407,,7313,11,,,0
2019,'1193012',1722,,7314,11,,,0
2019,'1193057',1337,,7315,11,,,0
2019,'1193080',2051,,7316,11,,,0
2019,'1193128',752,,7317,11,,,0
2019,'1193163',1122,,7318,11,,,0
2019,'1193170',1107,,7319,11,,,0
2019,'1193177',2136,,7320,11,,,0
2019,'1193178',2306,,7321,11,,,0
2019,'1193210',1507,,7322,11,,,0
2019,'1193284',1807,,7323,11,,,0
2019,'1193308',2306,,7324,11,,,0
