105029,'1184521',1759,,6491,42,,,0
105029,'1184537',1329,,6492,42,,,0
105029,'1184580',912,,6493,42,,,0
105029,'1184670',1544,,6494,42,,,0
105029,'1184808',2312,,6496,42,,,0
105029,'1184833',1014,,6497,42,,,0
105029,'1184834',2417,,6498,42,,,0
105029,'1184863',1229,,6499,42,,,0
105029,'1185135',712,,6501,42,,,0
105029,'1185332',1842,,6505,42,,,0
105029,'1185350',2012,,6506,42,,,0
105029,'1185359',2212,,6507,42,,,0
105029,'1185440',1629,,6510,42,,,0
105029,'1185668',742,,6513,42,,,0
105029,'1185827',2112,,6515,42,,,0
105029,'1185938',1444,,6516,42,,,0
105029,'1186005',1659,,6517,42,,,0
105029,'1186279',1514,,6519,42,,,0
105029,'1186282',1414,,6520,42,,,0
105029,'1186470',1114,,6525,42,,,0
105029,'1186861',642,,6531,42,,,0
105029,'1186874',1729,,6532,42,,,0
105029,'1187005',812,,6534,42,,,0
