105029,'1184521',1818,,6491,77,,,0
105029,'1184537',1348,,6492,77,,,0
105029,'1184580',930,,6493,77,,,0
105029,'1184670',1603,,6494,77,,,0
105029,'1184808',2330,,6496,77,,,0
105029,'1184833',1033,,6497,77,,,0
105029,'1184834',2435,,6498,77,,,0
105029,'1184863',1248,,6499,77,,,0
105029,'1185135',730,,6501,77,,,0
105029,'1185332',1900,,6505,77,,,0
105029,'1185350',2030,,6506,77,,,0
105029,'1185359',2230,,6507,77,,,0
105029,'1185440',1648,,6510,77,,,0
105029,'1185668',800,,6513,77,,,0
105029,'1185827',2130,,6515,77,,,0
105029,'1185938',1503,,6516,77,,,0
105029,'1186005',1718,,6517,77,,,0
105029,'1186279',1533,,6519,77,,,0
105029,'1186282',1433,,6520,77,,,0
105029,'1186470',1133,,6525,77,,,0
105029,'1186861',700,,6531,77,,,0
105029,'1186874',1748,,6532,77,,,0
105029,'1187005',830,,6534,77,,,0
