23029,'1184815',1557,,5506,14,,,0
23029,'1185599',954,,5509,14,,,0
23029,'1185835',1156,,5512,14,,,0
23029,'1185916',1356,,5513,14,,,0
102029,'1184571',1651,,6236,21,,,0
102029,'1184618',1736,,6237,21,,,0
102029,'1184714',2421,,6239,21,,,0
102029,'1184773',2121,,6240,21,,,0
102029,'1184861',836,,6242,21,,,0
102029,'1184912',1951,,6243,21,,,0
102029,'1184978',1606,,6244,21,,,0
102029,'1185373',1051,,6250,21,,,0
102029,'1185461',751,,6253,21,,,0
102029,'1185534',2251,,6254,21,,,0
102029,'1185681',621,,6255,21,,,0
102029,'1185738',1521,,6256,21,,,0
102029,'1185941',1221,,6258,21,,,0
102029,'1186057',921,,6259,21,,,0
102029,'1186170',1351,,6260,21,,,0
102029,'1186432',1006,,6261,21,,,0
102029,'1186708',1436,,6265,21,,,0
102029,'1186709',1821,,6266,21,,,0
102029,'1186954',706,,6271,21,,,0
