28019,'1184531',1812,,5965,10,,,0
28019,'1184536',742,,5966,10,,,0
28019,'1184586',1937,,5967,10,,,0
28019,'1184590',842,,5968,10,,,0
28019,'1184806',1412,,5969,10,,,0
28019,'1184941',2137,,5970,10,,,0
28019,'1184960',757,,5971,10,,,0
28019,'1184962',1257,,5972,10,,,0
28019,'1185009',1742,,5973,10,,,0
28019,'1185083',1312,,5974,10,,,0
28019,'1185094',1037,,5975,10,,,0
28019,'1185095',1612,,5976,10,,,0
28019,'1185107',1757,,5977,10,,,0
28019,'1185217',1437,,5978,10,,,0
28019,'1185229',1012,,5979,10,,,0
28019,'1185235',737,,5980,10,,,0
28019,'1185263',2112,,5981,10,,,0
28019,'1185291',1637,,5982,10,,,0
28019,'1185463',2357,,5983,10,,,0
28019,'1185469',1912,,5984,10,,,0
28019,'1185546',2237,,5985,10,,,0
28019,'1185615',2212,,5986,10,,,0
28019,'1185718',1337,,5987,10,,,0
28019,'1185768',642,,5988,10,,,0
28019,'1185787',1512,,5989,10,,,0
28019,'1185832',1837,,5990,10,,,0
28019,'1185834',657,,5991,10,,,0
28019,'1185836',1857,,5992,10,,,0
28019,'1185880',2012,,5993,10,,,0
28019,'1185920',2312,,5994,10,,,0
28019,'1185987',1057,,5995,10,,,0
28019,'1186020',2157,,5996,10,,,0
28019,'1186085',1112,,5997,10,,,0
28019,'1186130',1212,,5998,10,,,0
28019,'1186196',1357,,5999,10,,,0
28019,'1186203',857,,6000,10,,,0
28019,'1186206',1457,,6001,10,,,0
28019,'1186293',812,,6002,10,,,0
28019,'1186426',1657,,6003,10,,,0
28019,'1186487',1537,,6004,10,,,0
28019,'1186488',2037,,6005,10,,,0
28019,'1186500',2257,,6006,10,,,0
28019,'1186547',2057,,6007,10,,,0
28019,'1186557',1237,,6008,10,,,0
28019,'1186574',612,,6009,10,,,0
28019,'1186585',1712,,6010,10,,,0
28019,'1186695',1137,,6011,10,,,0
28019,'1186743',1642,,6012,10,,,0
28019,'1186748',1737,,6013,10,,,0
28019,'1186749',837,,6014,10,,,0
28019,'1186761',1842,,6015,10,,,0
28019,'1186800',937,,6016,10,,,0
28019,'1186844',912,,6017,10,,,0
28019,'1186887',1957,,6018,10,,,0
28019,'1187015',957,,6019,10,,,0
28019,'1187017',712,,6020,10,,,0
28019,'1187021',1157,,6021,10,,,0
28019,'1187046',1557,,6022,10,,,0
28019,'1187163',2337,,6023,10,,,0
