13019,'1184512',1221,,5122,6,,,0
13019,'1184594',2250,,5124,6,,,0
13019,'1184597',620,,5125,6,,,0
13019,'1184763',650,,5130,6,,,0
13019,'1184782',1021,,5131,6,,,0
13019,'1184816',750,,5132,6,,,0
13019,'1184967',1521,,5133,6,,,0
13019,'1185101',1651,,5134,6,,,0
13019,'1185148',1750,,5135,6,,,0
13019,'1185153',920,,5136,6,,,0
13019,'1185449',2355,,5141,6,,,0
13019,'1185552',820,,5143,6,,,0
13019,'1185574',850,,5144,6,,,0
13019,'1185882',1421,,5153,6,,,0
13019,'1185890',1721,,5154,6,,,0
13019,'1185910',1321,,5157,6,,,0
13019,'1185952',2050,,5160,6,,,0
13019,'1186127',2150,,5163,6,,,0
13019,'1186271',1950,,5165,6,,,0
13019,'1186295',720,,5166,6,,,0
13019,'1186370',1121,,5168,6,,,0
13019,'1186730',950,,5172,6,,,0
13019,'1186805',1850,,5173,6,,,0
13019,'1187103',1621,,5179,6,,,0
13019,'1187170',1551,,5180,6,,,0
13019,'1187172',1451,,5181,6,,,0
101029,'1184516',2355,,6162,6,,,0
101029,'1184684',1735,,6164,6,,,0
101029,'1184724',935,,6165,6,,,0
101029,'1184785',1436,,6166,6,,,0
101029,'1185015',735,,6169,6,,,0
101029,'1185619',1035,,6174,6,,,0
101029,'1186082',1636,,6180,6,,,0
101029,'1186135',635,,6182,6,,,0
101029,'1186184',835,,6184,6,,,0
101029,'1186356',2135,,6185,6,,,0
101029,'1186597',1536,,6187,6,,,0
101029,'1186784',1935,,6189,6,,,0
101029,'1186815',1336,,6191,6,,,0
101029,'1187194',1236,,6192,6,,,0
