11029,'1150094',1603,,737,28,,,0
11029,'1150136',1905,,738,28,,,0
11029,'1150251',2005,,740,28,,,0
11029,'1150257',2145,,741,28,,,0
11029,'1150260',2432,,742,28,,,0
11029,'1150315',1433,,743,28,,,0
11029,'1150362',816,,744,28,,,0
11029,'1150395',1818,,746,28,,,0
11029,'1150398',801,,747,28,,,0
11029,'1150408',1648,,748,28,,,0
11029,'1150418',916,,750,28,,,0
11029,'1150503',731,,751,28,,,0
11029,'1150565',1001,,752,28,,,0
11029,'1150594',1403,,753,28,,,0
11029,'1150694',1548,,755,28,,,0
11029,'1150946',1031,,761,28,,,0
11029,'1150979',1518,,762,28,,,0
11029,'1151013',1845,,763,28,,,0
11029,'1151028',1647,,764,28,,,0
11029,'1151212',1201,,767,28,,,0
11029,'1151228',831,,768,28,,,0
11029,'1151266',901,,770,28,,,0
11029,'1151288',1005,,772,28,,,0
11029,'1151317',846,,773,28,,,0
11029,'1151379',1703,,775,28,,,0
11029,'1151495',1945,,776,28,,,0
11029,'1151501',1533,,777,28,,,0
11029,'1151570',1717,,778,28,,,0
11029,'1151605',1317,,780,28,,,0
11029,'1151662',1231,,781,28,,,0
11029,'1151677',1618,,782,28,,,0
11029,'1151681',1205,,783,28,,,0
11029,'1151696',1448,,784,28,,,0
11029,'1151854',1216,,786,28,,,0
11029,'1151888',2205,,787,28,,,0
11029,'1152006',2412,,792,28,,,0
11029,'1152021',2105,,794,28,,,0
11029,'1152139',1105,,796,28,,,0
11029,'1152148',1617,,797,28,,,0
11029,'1152172',1733,,798,28,,,0
11029,'1152323',1016,,800,28,,,0
11029,'1152476',1347,,803,28,,,0
11029,'1152508',1146,,805,28,,,0
11029,'1152540',905,,807,28,,,0
11029,'1152655',2405,,810,28,,,0
11029,'1152678',2245,,811,28,,,0
11029,'1152705',2215,,814,28,,,0
11029,'1152829',931,,815,28,,,0
11029,'1152889',2315,,817,28,,,0
11029,'1152890',2015,,818,28,,,0
11029,'1152893',1046,,819,28,,,0
11029,'1152955',1248,,821,28,,,0
11029,'1153079',1817,,824,28,,,0
11029,'1153114',1348,,825,28,,,0
11029,'1153126',1417,,827,28,,,0
11029,'1153213',716,,830,28,,,0
11029,'1153336',705,,834,28,,,0
11029,'1153651',1748,,837,28,,,0
11029,'1153681',1447,,838,28,,,0
11029,'1153694',1101,,839,28,,,0
11029,'1153712',1517,,840,28,,,0
11029,'1153871',1303,,841,28,,,0
11029,'1153888',2342,,842,28,,,0
11029,'1153932',1633,,843,28,,,0
11029,'1154011',631,,844,28,,,0
11029,'1154028',2115,,845,28,,,0
11029,'1154067',1915,,846,28,,,0
11029,'1154075',1547,,847,28,,,0
11029,'1154129',1245,,849,28,,,0
11029,'1154218',2045,,851,28,,,0
11029,'1154331',1418,,854,28,,,0
11029,'1154388',1318,,855,28,,,0
11029,'1154440',1131,,856,28,,,0
11029,'1154442',1333,,857,28,,,0
11029,'1154675',1503,,861,28,,,0
11029,'1154748',946,,862,28,,,0
11029,'1154769',701,,864,28,,,0
11029,'1154884',1116,,867,28,,,0
11029,'1154901',2305,,868,28,,,0
11029,'1154909',1747,,869,28,,,0
11029,'1155052',1833,,871,28,,,0
11029,'1155138',805,,872,28,,,0
11029,'1155227',746,,874,28,,,0
11029,'1155231',1803,,875,28,,,0
11029,'1155469',1718,,878,28,,,0
