12029,'1184508',910,,5051,39,,,0
12029,'1184705',710,,5055,39,,,0
12029,'1184792',1909,,5056,39,,,0
12029,'1184793',1440,,5057,39,,,0
12029,'1184946',740,,5060,39,,,0
12029,'1184990',1010,,5062,39,,,0
12029,'1185014',2414,,5063,39,,,0
12029,'1185264',1740,,5068,39,,,0
12029,'1185324',1340,,5070,39,,,0
12029,'1185471',2209,,5072,39,,,0
12029,'1185613',1040,,5077,39,,,0
12029,'1185758',1710,,5082,39,,,0
12029,'1185875',2109,,5083,39,,,0
12029,'1185933',1310,,5085,39,,,0
12029,'1185999',1510,,5087,39,,,0
12029,'1186050',840,,5088,39,,,0
12029,'1186139',640,,5089,39,,,0
12029,'1186210',1210,,5090,39,,,0
12029,'1186423',1809,,5092,39,,,0
12029,'1186551',1540,,5098,39,,,0
12029,'1186588',1410,,5099,39,,,0
12029,'1186638',1640,,5101,39,,,0
12029,'1186814',1140,,5106,39,,,0
12029,'1186824',1240,,5107,39,,,0
12029,'1186878',2009,,5109,39,,,0
12029,'1186973',2309,,5112,39,,,0
12029,'1187141',1110,,5116,39,,,0
12029,'1187166',1610,,5117,39,,,0
12029,'1187188',940,,5119,39,,,0
12029,'1187196',810,,5120,39,,,0
