13029,'1150166',1102,,1343,25,,,0
13029,'1150192',702,,1344,25,,,0
13029,'1150236',1403,,1345,25,,,0
13029,'1150280',2302,,1346,25,,,0
13029,'1150428',2102,,1348,25,,,0
13029,'1150802',1206,,1354,25,,,0
13029,'1150970',905,,1357,25,,,0
13029,'1151261',2033,,1361,25,,,0
13029,'1151608',1806,,1365,25,,,0
13029,'1151634',1606,,1366,25,,,0
13029,'1151678',804,,1369,25,,,0
13029,'1151825',704,,1371,25,,,0
13029,'1152154',1203,,1377,25,,,0
13029,'1152196',1706,,1378,25,,,0
13029,'1152291',2233,,1379,25,,,0
13029,'1152631',2133,,1381,25,,,0
13029,'1152685',1538,,1382,26,,,0
13029,'1152832',802,,1384,25,,,0
13029,'1152857',1034,,1385,25,,,0
13029,'1152875',1933,,1386,25,,,0
13029,'1153017',1503,,1387,25,,,0
13029,'1153018',1833,,1388,25,,,0
13029,'1153194',1306,,1392,25,,,0
13029,'1153367',1506,,1395,25,,,0
13029,'1153482',1902,,1396,25,,,0
13029,'1153582',2202,,1398,25,,,0
13029,'1153914',2333,,1402,25,,,0
13029,'1153951',1736,,1403,25,,,0
13029,'1154032',1005,,1406,25,,,0
13029,'1154045',1107,,1407,25,,,0
13029,'1154050',634,,1408,25,,,0
13029,'1154418',2402,,1414,25,,,0
13029,'1154462',1803,,1416,25,,,0
13029,'1154559',1303,,1419,25,,,0
13029,'1154667',1703,,1421,25,,,0
13029,'1154705',1002,,1423,25,,,0
13029,'1154900',734,,1426,25,,,0
13029,'1154948',902,,1427,25,,,0
13029,'1155079',1636,,1428,25,,,0
13029,'1155165',2002,,1429,25,,,0
13029,'1155317',1406,,1433,25,,,0
13029,'1155427',1603,,1436,25,,,0
13029,'1155442',834,,1437,25,,,0
13029,'1155494',935,,1438,25,,,0
25029,'1150098',851,,2156,9,,,0
25029,'1150151',650,,2157,9,,,0
25029,'1150498',1622,,2158,9,,,0
25029,'1150759',1752,,2162,9,,,0
25029,'1150775',2051,,2164,9,,,0
25029,'1150917',2251,,2165,9,,,0
25029,'1151077',2251,,2170,9,,,0
25029,'1151239',1652,,2173,9,,,0
25029,'1151248',1152,,2174,9,,,0
25029,'1151251',1522,,2175,9,,,0
25029,'1151253',822,,2176,9,,,0
25029,'1151398',1452,,2178,9,,,0
25029,'1151422',722,,2179,9,,,0
25029,'1151517',1951,,2181,9,,,0
25029,'1151881',1751,,2184,9,,,0
25029,'1152003',1222,,2187,9,,,0
25029,'1152065',2350,,2189,9,,,0
25029,'1152448',1022,,2193,9,,,0
25029,'1152495',750,,2194,9,,,0
25029,'1152593',2151,,2195,9,,,0
25029,'1152738',1422,,2198,9,,,0
25029,'1152975',2411,,2204,9,,,0
25029,'1153012',1352,,2205,9,,,0
25029,'1153020',952,,2206,9,,,0
25029,'1153090',1851,,2207,9,,,0
25029,'1153136',1951,,2208,9,,,0
25029,'1153318',852,,2211,9,,,0
25029,'1153599',1122,,2214,9,,,0
25029,'1153605',2151,,2215,9,,,0
25029,'1153798',952,,2218,9,,,0
25029,'1154201',1722,,2226,9,,,0
25029,'1154378',1851,,2227,9,,,0
25029,'1154534',2051,,2229,9,,,0
25029,'1154602',1552,,2230,9,,,0
25029,'1154749',922,,2232,9,,,0
25029,'1154753',1252,,2233,9,,,0
25029,'1154917',1322,,2237,9,,,0
25029,'1155119',1652,,2240,9,,,0
25029,'1155205',1052,,2242,9,,,0
25029,'1155264',752,,2244,9,,,0
25029,'1155316',652,,2245,9,,,0
25029,'1155410',1452,,2246,9,,,0
25029,'1155414',1552,,2247,9,,,0
26029,'1150100',1422,,2338,18,,,0
26029,'1150123',1452,,2339,18,,,0
26029,'1150271',1522,,2342,18,,,0
26029,'1150324',1322,,2343,18,,,0
26029,'1150367',2221,,2344,18,,,0
26029,'1150583',1522,,2346,18,,,0
26029,'1150914',1052,,2351,18,,,0
26029,'1151447',621,,2358,18,,,0
26029,'1151768',1022,,2361,18,,,0
26029,'1152227',1822,,2368,18,,,0
26029,'1152563',2022,,2373,18,,,0
26029,'1152589',1222,,2374,18,,,0
26029,'1152694',1622,,2376,18,,,0
26029,'1152967',1352,,2379,18,,,0
26029,'1153010',2022,,2381,18,,,0
26029,'1153161',2322,,2383,18,,,0
26029,'1153226',722,,2385,18,,,0
26029,'1153388',1623,,2386,18,,,0
26029,'1153444',721,,2388,18,,,0
26029,'1153679',1022,,2393,18,,,0
26029,'1153836',2222,,2397,18,,,0
26029,'1153996',1252,,2399,18,,,0
26029,'1154146',622,,2401,18,,,0
26029,'1154204',2122,,2402,18,,,0
26029,'1154235',1922,,2404,18,,,0
26029,'1154258',1822,,2405,18,,,0
26029,'1154345',821,,2407,18,,,0
26029,'1154397',1922,,2409,18,,,0
26029,'1154512',1122,,2410,18,,,0
26029,'1154536',1152,,2411,18,,,0
26029,'1154620',922,,2413,18,,,0
26029,'1154679',2122,,2414,18,,,0
26029,'1154682',921,,2415,18,,,0
26029,'1154861',1722,,2416,18,,,0
26029,'1155188',1722,,2420,18,,,0
26029,'1155234',822,,2421,18,,,0
26029,'1155304',2321,,2423,18,,,0
101019,'1150144',1554,,2867,58,,,0
101019,'1150380',1117,,2869,58,,,0
101019,'1150746',1954,,2873,58,,,0
101019,'1150862',2154,,2874,58,,,0
101019,'1150954',617,,2875,58,,,0
101019,'1150998',1419,,2876,58,,,0
101019,'1151001',754,,2877,58,,,0
101019,'1151295',1819,,2880,58,,,0
101019,'1151359',817,,2881,58,,,0
101019,'1151610',1217,,2883,58,,,0
101019,'1151994',1754,,2886,58,,,0
101019,'1152080',1719,,2887,58,,,0
101019,'1152371',1619,,2888,58,,,0
101019,'1152676',917,,2890,58,,,0
101019,'1152765',2116,,2891,58,,,0
101019,'1152944',2354,,2893,58,,,0
101019,'1153556',2317,,2899,58,,,0
101019,'1153641',1154,,2900,58,,,0
101019,'1153864',1354,,2903,58,,,0
101019,'1154431',1519,,2908,58,,,0
101019,'1154552',1917,,2909,58,,,0
101019,'1155432',954,,2913,58,,,0
101019,'1155460',1017,,2914,58,,,0
104029,'1150508',1807,,3292,44,,,0
104029,'1150833',1304,,3301,44,,,0
104029,'1150856',2321,,3302,44,,,0
104029,'1151008',1519,,3304,44,,,0
104029,'1151097',2151,,3305,44,,,0
104029,'1151285',1219,,3310,44,,,0
104029,'1151623',821,,3312,44,,,0
104029,'1151632',1649,,3313,44,,,0
104029,'1151639',1051,,3314,44,,,0
104029,'1151734',936,,3316,44,,,0
104029,'1151896',706,,3319,44,,,0
104029,'1152059',621,,3322,44,,,0
104029,'1152405',736,,3325,44,,,0
104029,'1152789',1604,,3333,44,,,0
104029,'1153825',2021,,3339,44,,,0
104029,'1154373',851,,3341,44,,,0
104029,'1154842',1006,,3344,44,,,0
104029,'1154990',1734,,3347,44,,,0
104029,'1155225',1851,,3350,44,,,0
104029,'1155342',1434,,3352,44,,,0
104029,'1155435',1349,,3353,44,,,0
104029,'1174582',1051,,4339,44,,,0
104029,'1174742',1706,,4340,44,,,0
104029,'1174783',2051,,4341,44,,,0
104029,'1174936',821,,4342,44,,,0
104029,'1175045',706,,4343,44,,,0
104029,'1175446',1821,,4344,44,,,0
104029,'1175466',1551,,4345,44,,,0
104029,'1175637',936,,4346,44,,,0
104029,'1175833',1436,,4347,44,,,0
104029,'1175995',1321,,4348,44,,,0
104029,'1176420',1936,,4349,44,,,0
104029,'1176424',1206,,4350,44,,,0
104029,'1176552',2321,,4351,44,,,0
104029,'1177233',2206,,4352,44,,,0
104029,'1181155',1434,,4353,45,,,0
104029,'1181212',1219,,4354,45,,,0
104029,'1181411',1519,,4355,45,,,0
104029,'1181445',1304,,4356,45,,,0
104029,'1181463',821,,4357,45,,,0
104029,'1181465',1051,,4358,45,,,0
104029,'1181610',1807,,4359,45,,,0
104029,'1181818',2151,,4360,45,,,0
104029,'1181976',1006,,4361,45,,,0
104029,'1181990',621,,4362,45,,,0
104029,'1182344',1349,,4363,45,,,0
104029,'1182649',936,,4364,45,,,0
104029,'1182756',2321,,4365,45,,,0
104029,'1182765',1851,,4366,45,,,0
104029,'1183191',1734,,4367,45,,,0
104029,'1183225',736,,4368,45,,,0
104029,'1183615',851,,4369,45,,,0
104029,'1183699',2021,,4370,45,,,0
104029,'1183734',1649,,4371,45,,,0
104029,'1184115',1604,,4372,45,,,0
104029,'1184200',706,,4373,45,,,0
