105019,'1184475',1904,,6445,75,,,0
105019,'1184709',1834,,6446,75,,,0
105019,'1184754',1125,,6447,75,,,0
105019,'1184819',816,,6448,75,,,0
105019,'1184825',2310,,6449,75,,,0
105019,'1184879',1519,,6450,75,,,0
105019,'1184888',1016,,6451,75,,,0
105019,'1184928',1225,,6452,75,,,0
105019,'1184969',2323,,6453,75,,,0
105019,'1185022',2123,,6454,75,,,0
105019,'1185176',712,,6455,75,,,0
105019,'1185212',642,,6456,75,,,0
105019,'1185354',1925,,6457,75,,,0
105019,'1185498',1940,,6458,75,,,0
105019,'1185550',1425,,6460,75,,,0
105019,'1185569',1804,,6462,75,,,0
105019,'1185641',916,,6463,75,,,0
105019,'1185695',1334,,6465,75,,,0
105019,'1185708',2110,,6466,75,,,0
105019,'1185822',1325,,6468,75,,,0
105019,'1185894',1219,,6469,75,,,0
105019,'1186015',1434,,6470,75,,,0
105019,'1186061',1619,,6471,75,,,0
105019,'1186380',1119,,6473,75,,,0
105019,'1186477',1649,,6475,75,,,0
105019,'1186519',1725,,6477,75,,,0
105019,'1186601',1734,,6478,75,,,0
105019,'1186602',746,,6479,75,,,0
105019,'1186624',1625,,6481,75,,,0
105019,'1186706',1825,,6482,75,,,0
105019,'1186813',923,,6483,75,,,0
105019,'1186864',2410,,6484,75,,,0
105019,'1186870',612,,6485,75,,,0
105019,'1186896',846,,6486,75,,,0
105019,'1187008',723,,6487,75,,,0
105019,'1187009',2210,,6488,75,,,0
105019,'1187061',1549,,6489,75,,,0
105019,'1187069',1525,,6490,75,,,0
