11029,'1150094',1551,,737,17,,,0
11029,'1150136',1854,,738,17,,,0
11029,'1150251',1954,,740,17,,,0
11029,'1150257',2133,,741,17,,,0
11029,'1150260',2420,,742,17,,,0
11029,'1150315',1421,,743,17,,,0
11029,'1150362',804,,744,17,,,0
11029,'1150395',1806,,746,17,,,0
11029,'1150398',749,,747,17,,,0
11029,'1150408',1636,,748,17,,,0
11029,'1150418',904,,750,17,,,0
11029,'1150503',719,,751,17,,,0
11029,'1150565',949,,752,17,,,0
11029,'1150594',1351,,753,17,,,0
11029,'1150694',1536,,755,17,,,0
11029,'1150946',1019,,761,17,,,0
11029,'1150979',1506,,762,17,,,0
11029,'1151013',1833,,763,17,,,0
11029,'1151028',1635,,764,17,,,0
11029,'1151212',1149,,767,17,,,0
11029,'1151228',819,,768,17,,,0
11029,'1151266',849,,770,17,,,0
11029,'1151288',954,,772,17,,,0
11029,'1151317',834,,773,17,,,0
11029,'1151379',1651,,775,17,,,0
11029,'1151495',1933,,776,17,,,0
11029,'1151501',1521,,777,17,,,0
11029,'1151570',1705,,778,17,,,0
11029,'1151605',1305,,780,17,,,0
11029,'1151662',1219,,781,17,,,0
11029,'1151677',1606,,782,17,,,0
11029,'1151681',1154,,783,17,,,0
11029,'1151696',1436,,784,17,,,0
11029,'1151854',1204,,786,17,,,0
11029,'1151888',2154,,787,17,,,0
11029,'1152006',2400,,792,17,,,0
11029,'1152021',2054,,794,17,,,0
11029,'1152139',1054,,796,17,,,0
11029,'1152148',1605,,797,17,,,0
11029,'1152172',1721,,798,17,,,0
11029,'1152323',1004,,800,17,,,0
11029,'1152476',1335,,803,17,,,0
11029,'1152508',1134,,805,17,,,0
11029,'1152540',854,,807,17,,,0
11029,'1152655',2354,,810,17,,,0
11029,'1152678',2233,,811,17,,,0
11029,'1152705',2203,,814,17,,,0
11029,'1152829',919,,815,17,,,0
11029,'1152889',2303,,817,17,,,0
11029,'1152890',2003,,818,17,,,0
11029,'1152893',1034,,819,17,,,0
11029,'1152955',1236,,821,17,,,0
11029,'1153079',1805,,824,17,,,0
11029,'1153114',1336,,825,17,,,0
11029,'1153126',1405,,827,17,,,0
11029,'1153213',704,,830,17,,,0
11029,'1153336',654,,834,17,,,0
11029,'1153651',1736,,837,17,,,0
11029,'1153681',1435,,838,17,,,0
11029,'1153694',1049,,839,17,,,0
11029,'1153712',1505,,840,17,,,0
11029,'1153871',1251,,841,17,,,0
11029,'1153888',2330,,842,17,,,0
11029,'1153932',1621,,843,17,,,0
11029,'1154011',619,,844,17,,,0
11029,'1154028',2103,,845,17,,,0
11029,'1154067',1903,,846,17,,,0
11029,'1154075',1535,,847,17,,,0
11029,'1154129',1234,,849,17,,,0
11029,'1154218',2033,,851,17,,,0
11029,'1154331',1406,,854,17,,,0
11029,'1154388',1306,,855,17,,,0
11029,'1154440',1119,,856,17,,,0
11029,'1154442',1321,,857,17,,,0
11029,'1154675',1451,,861,17,,,0
11029,'1154748',934,,862,17,,,0
11029,'1154769',649,,864,17,,,0
11029,'1154884',1104,,867,17,,,0
11029,'1154901',2254,,868,17,,,0
11029,'1154909',1735,,869,17,,,0
11029,'1155052',1821,,871,17,,,0
11029,'1155138',754,,872,17,,,0
11029,'1155227',734,,874,17,,,0
11029,'1155231',1751,,875,17,,,0
11029,'1155469',1706,,878,17,,,0
