105029,'1190637',831,,9337,56,,,0
105029,'1190832',718,,9338,56,,,0
105029,'1190854',1521,,9339,56,,,0
105029,'1190856',1336,,9340,56,,,0
105029,'1190924',2423,,9341,56,,,0
105029,'1190926',1433,,9342,56,,,0
105029,'1190965',1451,,9343,56,,,0
105029,'1190981',648,,9344,56,,,0
105029,'1191222',2231,,9345,56,,,0
105029,'1191223',1706,,9346,56,,,0
105029,'1191285',2018,,9347,56,,,0
105029,'1191307',1551,,9348,56,,,0
105029,'1191404',1533,,9349,56,,,0
105029,'1191423',1421,,9350,56,,,0
105029,'1191572',1033,,9351,56,,,0
105029,'1191670',1749,,9352,56,,,0
105029,'1191739',1806,,9353,56,,,0
105029,'1191784',1333,,9354,56,,,0
105029,'1191846',1021,,9355,56,,,0
105029,'1191848',1236,,9356,56,,,0
105029,'1191910',2431,,9357,56,,,0
105029,'1191936',1549,,9358,56,,,0
105029,'1192016',748,,9359,56,,,0
105029,'1192019',1833,,9360,56,,,0
105029,'1192058',2349,,9361,56,,,0
105029,'1192150',749,,9362,56,,,0
105029,'1192180',1949,,9363,56,,,0
105029,'1192198',2318,,9364,56,,,0
105029,'1192205',631,,9365,56,,,0
105029,'1192224',1636,,9366,56,,,0
105029,'1192338',1848,,9367,56,,,0
105029,'1192379',2118,,9368,56,,,0
105029,'1192463',1349,,9369,56,,,0
105029,'1192488',1133,,9370,56,,,0
105029,'1192491',818,,9371,56,,,0
105029,'1192500',918,,9372,56,,,0
105029,'1192511',2031,,9373,56,,,0
105029,'1192662',1633,,9374,56,,,0
105029,'1192694',1121,,9375,56,,,0
105029,'1192728',2149,,9376,56,,,0
105029,'1193038',1233,,9377,56,,,0
105029,'1193130',1149,,9378,56,,,0
105029,'1193181',1733,,9379,56,,,0
105029,'1193225',1736,,9380,56,,,0
105029,'1193234',949,,9381,56,,,0
105029,'1193316',2218,,9382,56,,,0
