104019,'1150219',2240,,3218,25,,,0
104019,'1150233',1559,,3219,25,,,0
104019,'1150270',1125,,3220,25,,,0
104019,'1150434',1740,,3222,25,,,0
104019,'1150608',2110,,3223,25,,,0
104019,'1151426',740,,3230,25,,,0
104019,'1151651',1644,,3233,25,,,0
104019,'1151672',1940,,3234,25,,,0
104019,'1151690',925,,3235,25,,,0
104019,'1151783',2010,,3237,25,,,0
104019,'1152092',1725,,3242,25,,,0
104019,'1152111',1855,,3243,25,,,0
104019,'1152610',2415,,3248,25,,,0
104019,'1152754',1010,,3249,25,,,0
104019,'1152794',855,,3251,25,,,0
104019,'1152800',2240,,3252,25,,,0
104019,'1152901',1355,,3253,25,,,0
104019,'1153030',1429,,3257,25,,,0
104019,'1153383',1010,,3259,25,,,0
104019,'1153572',655,,3261,25,,,0
104019,'1153574',1810,,3262,25,,,0
104019,'1153609',1129,,3263,25,,,0
104019,'1154064',1259,,3265,25,,,0
104019,'1154112',1214,,3267,25,,,0
104019,'1154354',740,,3268,25,,,0
104019,'1154530',2125,,3272,25,,,0
104019,'1154669',1344,,3273,25,,,0
104019,'1154762',1240,,3274,25,,,0
104019,'1155060',625,,3276,25,,,0
104019,'1155114',1514,,3277,25,,,0
104019,'1155175',2355,,3278,25,,,0
104019,'1155177',810,,3279,25,,,0
104019,'1155190',1510,,3280,25,,,0
104019,'1155233',855,,3284,25,,,0
104019,'1155306',1625,,3287,25,,,0
