20019,'1184488',2009,,5362,5,,,0
20019,'1184554',1709,,5363,5,,,0
20019,'1184748',2139,,5366,5,,,0
20019,'1184821',1839,,5368,5,,,0
20019,'1184897',1009,,5370,5,,,0
20019,'1184938',1739,,5371,5,,,0
20019,'1184957',1209,,5373,5,,,0
20019,'1184972',1639,,5374,5,,,0
20019,'1184999',739,,5375,5,,,0
20019,'1185051',1139,,5377,5,,,0
20019,'1185144',1639,,5379,5,,,0
20019,'1185227',1809,,5380,5,,,0
20019,'1185251',1109,,5381,5,,,0
20019,'1185282',909,,5382,5,,,0
20019,'1185289',1039,,5383,5,,,0
20019,'1185337',638,,5384,5,,,0
20019,'1185458',809,,5386,5,,,0
20019,'1185518',1539,,5387,5,,,0
20019,'1185553',939,,5390,5,,,0
20019,'1185592',2109,,5391,5,,,0
20019,'1185700',2309,,5393,5,,,0
20019,'1185747',1309,,5394,5,,,0
20019,'1185774',1939,,5395,5,,,0
20019,'1185789',1509,,5396,5,,,0
20019,'1185888',608,,5397,5,,,0
20019,'1185929',1339,,5398,5,,,0
20019,'1185943',1739,,5399,5,,,0
20019,'1185949',839,,5400,5,,,0
20019,'1185968',2039,,5401,5,,,0
20019,'1186055',1439,,5402,5,,,0
20019,'1186063',2409,,5403,5,,,0
20019,'1186155',1609,,5404,5,,,0
20019,'1186449',639,,5409,5,,,0
20019,'1186680',709,,5411,5,,,0
20019,'1186692',2338,,5412,5,,,0
20019,'1186734',2209,,5413,5,,,0
20019,'1186752',1409,,5414,5,,,0
20019,'1186775',1909,,5415,5,,,0
20019,'1186893',1239,,5417,5,,,0
20019,'1186932',739,,5418,5,,,0
20019,'1187026',2239,,5419,5,,,0
102019,'1184544',1623,,6194,5,,,0
102019,'1184563',1723,,6195,5,,,0
102019,'1184592',2323,,6196,5,,,0
102019,'1184677',2153,,6199,5,,,0
102019,'1184703',1123,,6200,5,,,0
102019,'1184798',2223,,6201,5,,,0
102019,'1184845',938,,6202,5,,,0
102019,'1184904',2353,,6203,5,,,0
102019,'1184994',1553,,6204,5,,,0
102019,'1185093',1538,,6205,5,,,0
102019,'1185114',1753,,6206,5,,,0
102019,'1185228',1453,,6207,5,,,0
102019,'1185323',1153,,6209,5,,,0
102019,'1185453',553,,6210,5,,,0
102019,'1185639',1253,,6211,5,,,0
102019,'1185693',723,,6212,5,,,0
102019,'1185825',653,,6213,5,,,0
102019,'1185919',2023,,6215,5,,,0
102019,'1186030',953,,6217,5,,,0
102019,'1186046',1708,,6218,5,,,0
102019,'1186119',1408,,6219,5,,,0
102019,'1186150',808,,6220,5,,,0
102019,'1186325',1023,,6221,5,,,0
102019,'1186567',1923,,6225,5,,,0
102019,'1186658',1323,,6226,5,,,0
102019,'1186672',1853,,6227,5,,,0
102019,'1186705',1423,,6228,5,,,0
102019,'1186774',853,,6229,5,,,0
102019,'1186786',638,,6230,5,,,0
102019,'1186915',2053,,6232,5,,,0
102019,'1186949',823,,6233,5,,,0
