14019,'1184716',1558,,5245,27,,,0
14019,'1184729',1258,,5246,27,,,0
14019,'1184750',1528,,5248,27,,,0
14019,'1184836',2026,,5249,27,,,0
14019,'1184848',1658,,5250,27,,,0
14019,'1184987',1658,,5251,27,,,0
14019,'1185080',1558,,5252,27,,,0
14019,'1185130',1058,,5253,27,,,0
14019,'1185168',1758,,5255,27,,,0
14019,'1185211',926,,5256,27,,,0
14019,'1185255',856,,5257,27,,,0
14019,'1185335',2326,,5260,27,,,0
14019,'1185474',2155,,5261,27,,,0
14019,'1185505',656,,5262,27,,,0
14019,'1185610',655,,5264,27,,,0
14019,'1185620',1955,,5265,27,,,0
14019,'1185624',1158,,5266,27,,,0
14019,'1185659',855,,5267,27,,,0
14019,'1185808',1826,,5269,27,,,0
14019,'1185845',726,,5270,27,,,0
14019,'1185852',1458,,5271,27,,,0
14019,'1186014',1628,,5273,27,,,0
14019,'1186071',1855,,5275,27,,,0
14019,'1186156',1358,,5277,27,,,0
14019,'1186165',1358,,5278,27,,,0
14019,'1186173',1926,,5279,27,,,0
14019,'1186180',2355,,5280,27,,,0
14019,'1186195',2055,,5281,27,,,0
14019,'1186256',755,,5284,27,,,0
14019,'1186333',1158,,5285,27,,,0
14019,'1186421',756,,5288,27,,,0
14019,'1186443',2126,,5289,27,,,0
14019,'1186444',1758,,5290,27,,,0
14019,'1186532',826,,5292,27,,,0
14019,'1186537',1458,,5293,27,,,0
14019,'1186609',1728,,5295,27,,,0
14019,'1186632',1058,,5296,27,,,0
14019,'1186657',955,,5297,27,,,0
14019,'1186671',2226,,5298,27,,,0
14019,'1186767',1258,,5299,27,,,0
14019,'1187071',956,,5301,27,,,0
14019,'1187144',2255,,5302,27,,,0
