2019,'1184478',942,,4374,17,,,0
2019,'1184493',1657,,4376,17,,,0
2019,'1184635',2012,,4379,17,,,0
2019,'1184644',1127,,4381,17,,,0
2019,'1184673',1842,,4383,17,,,0
2019,'1184695',1712,,4384,17,,,0
2019,'1184777',1542,,4386,17,,,0
2019,'1184873',1312,,4388,17,,,0
2019,'1184875',2141,,4389,17,,,0
2019,'1185034',827,,4391,17,,,0
2019,'1185067',957,,4392,17,,,0
2019,'1185089',1727,,4393,17,,,0
2019,'1185138',1012,,4395,17,,,0
2019,'1185159',2211,,4396,17,,,0
2019,'1185185',1157,,4397,17,,,0
2019,'1185186',1612,,4398,17,,,0
2019,'1185210',1027,,4400,17,,,0
2019,'1185302',1812,,4401,17,,,0
2019,'1185349',1242,,4403,17,,,0
2019,'1185380',1427,,4404,17,,,0
2019,'1185475',757,,4410,17,,,0
2019,'1185486',1627,,4411,17,,,0
2019,'1185503',1227,,4412,17,,,0
2019,'1185530',1527,,4413,17,,,0
2019,'1185629',2401,,4417,17,,,0
2019,'1185712',1342,,4420,17,,,0
2019,'1185783',2111,,4422,17,,,0
2019,'1185790',1442,,4423,17,,,0
2019,'1185864',2311,,4426,17,,,0
2019,'1185870',2241,,4427,17,,,0
2019,'1185887',1757,,4428,17,,,0
2019,'1185891',642,,4429,17,,,0
2019,'1185901',1212,,4430,17,,,0
2019,'1185914',857,,4431,17,,,0
2019,'1185947',2042,,4432,17,,,0
2019,'1186079',712,,4435,17,,,0
2019,'1186092',1257,,4436,17,,,0
2019,'1186200',1457,,4437,17,,,0
2019,'1186232',1357,,4439,17,,,0
2019,'1186306',1642,,4442,17,,,0
2019,'1186352',927,,4444,17,,,0
2019,'1186385',727,,4446,17,,,0
2019,'1186389',1042,,4447,17,,,0
2019,'1186533',2341,,4451,17,,,0
2019,'1186546',742,,4452,17,,,0
2019,'1186563',812,,4453,17,,,0
2019,'1186697',842,,4456,17,,,0
2019,'1186701',1557,,4457,17,,,0
2019,'1186724',1327,,4458,17,,,0
2019,'1186755',1412,,4460,17,,,0
2019,'1186766',1512,,4461,17,,,0
2019,'1186795',1057,,4463,17,,,0
2019,'1186802',1142,,4464,17,,,0
2019,'1186918',912,,4466,17,,,0
2019,'1186929',1112,,4467,17,,,0
2019,'1186952',657,,4468,17,,,0
2019,'1187031',1912,,4471,17,,,0
2019,'1187083',1742,,4473,17,,,0
2019,'1187179',1942,,4477,17,,,0
103029,'1184553',1913,,6317,30,,,0
103029,'1184582',1444,,6318,30,,,0
103029,'1184852',1744,,6321,30,,,0
103029,'1184872',1659,,6322,30,,,0
103029,'1185063',2213,,6324,30,,,0
103029,'1185363',1529,,6330,30,,,0
103029,'1185419',1013,,6333,30,,,0
103029,'1185520',1314,,6334,30,,,0
103029,'1185558',758,,6335,30,,,0
103029,'1185765',1144,,6337,30,,,0
103029,'1185899',1614,,6338,30,,,0
103029,'1185963',2043,,6339,30,,,0
103029,'1186147',928,,6342,30,,,0
103029,'1186270',2343,,6343,30,,,0
103029,'1186405',843,,6349,30,,,0
103029,'1186699',713,,6350,30,,,0
