13019,'1184512',1244,,5122,42,,,0
13019,'1184520',2342,,5123,42,,,0
13019,'1184594',2312,,5124,42,,,0
13019,'1184597',642,,5125,42,,,0
13019,'1184656',2242,,5126,42,,,0
13019,'1184680',2042,,5127,42,,,0
13019,'1184739',1042,,5129,42,,,0
13019,'1184763',712,,5130,42,,,0
13019,'1184782',1045,,5131,42,,,0
13019,'1184816',812,,5132,42,,,0
13019,'1184967',1544,,5133,42,,,0
13019,'1185101',1714,,5134,42,,,0
13019,'1185148',1812,,5135,42,,,0
13019,'1185153',943,,5136,42,,,0
13019,'1185433',1443,,5140,42,,,0
13019,'1185449',2417,,5141,42,,,0
13019,'1185488',742,,5142,42,,,0
13019,'1185552',843,,5143,42,,,0
13019,'1185574',913,,5144,42,,,0
13019,'1185648',1743,,5146,42,,,0
13019,'1185838',612,,5149,16,,,0
13019,'1185874',2142,,5151,42,,,0
13019,'1185882',1444,,5153,42,,,0
13019,'1185890',1744,,5154,42,,,0
13019,'1185893',1643,,5155,42,,,0
13019,'1185903',942,,5156,42,,,0
13019,'1185910',1344,,5157,42,,,0
13019,'1185915',1842,,5158,42,,,0
13019,'1185952',2112,,5160,42,,,0
13019,'1186117',1343,,5162,42,,,0
13019,'1186127',2212,,5163,42,,,0
13019,'1186197',1143,,5164,42,,,0
13019,'1186271',2012,,5165,42,,,0
13019,'1186295',742,,5166,42,,,0
13019,'1186370',1144,,5168,42,,,0
13019,'1186393',1543,,5169,42,,,0
13019,'1186564',1942,,5170,42,,,0
13019,'1186586',1243,,5171,42,,,0
13019,'1186730',1012,,5172,42,,,0
13019,'1186805',1912,,5173,42,,,0
13019,'1186845',842,,5175,42,,,0
13019,'1186961',642,,5177,16,,,0
13019,'1187103',1644,,5179,42,,,0
13019,'1187170',1614,,5180,42,,,0
13019,'1187172',1514,,5181,42,,,0
101029,'1184516',2406,,6162,23,,,0
101029,'1184584',1231,,6163,23,,,0
101029,'1184684',1746,,6164,23,,,0
101029,'1184724',946,,6165,23,,,0
101029,'1184785',1448,,6166,23,,,0
101029,'1184855',1431,,6167,23,,,0
101029,'1185015',746,,6169,23,,,0
101029,'1185143',2031,,6171,23,,,0
101029,'1185400',1631,,6173,23,,,0
101029,'1185619',1046,,6174,23,,,0
101029,'1185854',1831,,6178,23,,,0
101029,'1186045',831,,6179,23,,,0
101029,'1186082',1648,,6180,23,,,0
101029,'1186107',631,,6181,23,,,0
101029,'1186135',646,,6182,23,,,0
101029,'1186184',846,,6184,23,,,0
101029,'1186356',2146,,6185,23,,,0
101029,'1186597',1548,,6187,23,,,0
101029,'1186712',2231,,6188,23,,,0
101029,'1186784',1946,,6189,23,,,0
101029,'1186801',1031,,6190,23,,,0
101029,'1186815',1348,,6191,23,,,0
101029,'1187194',1248,,6192,23,,,0
