104019,'1184559',735,,6357,21,,,0
104019,'1184877',1508,,6361,21,,,0
104019,'1184922',805,,6362,21,,,0
104019,'1184979',1720,,6363,21,,,0
104019,'1185193',1005,,6365,21,,,0
104019,'1185307',2105,,6367,21,,,0
104019,'1185701',850,,6372,21,,,0
104019,'1185733',1805,,6374,21,,,0
104019,'1186067',1253,,6376,21,,,0
104019,'1186077',650,,6377,21,,,0
104019,'1186167',1553,,6381,21,,,0
104019,'1186273',1638,,6382,21,,,0
104019,'1186364',1208,,6384,21,,,0
104019,'1186429',1123,,6385,21,,,0
104019,'1186457',2235,,6386,21,,,0
104019,'1186711',920,,6392,21,,,0
104019,'1187029',1338,,6395,21,,,0
104019,'1187094',1423,,6398,21,,,0
104019,'1187116',2410,,6399,21,,,0
104019,'1187157',1935,,6400,21,,,0
