20019,'1184488',2010,,5362,6,,,0
20019,'1184554',1710,,5363,6,,,0
20019,'1184897',1010,,5370,6,,,0
20019,'1184938',1740,,5371,6,,,0
20019,'1184957',1210,,5373,6,,,0
20019,'1184999',740,,5375,6,,,0
20019,'1185144',1640,,5379,6,,,0
20019,'1185227',1810,,5380,6,,,0
20019,'1185251',1110,,5381,6,,,0
20019,'1185282',910,,5382,6,,,0
20019,'1185337',639,,5384,6,,,0
20019,'1185458',810,,5386,6,,,0
20019,'1185592',2110,,5391,6,,,0
20019,'1185700',2310,,5393,6,,,0
20019,'1185747',1310,,5394,6,,,0
20019,'1185789',1510,,5396,6,,,0
20019,'1185888',609,,5397,6,,,0
20019,'1186063',2410,,5403,6,,,0
20019,'1186155',1610,,5404,6,,,0
20019,'1186680',710,,5411,6,,,0
20019,'1186734',2210,,5413,6,,,0
20019,'1186752',1410,,5414,6,,,0
20019,'1186775',1910,,5415,6,,,0
102019,'1184544',1624,,6194,6,,,0
102019,'1184798',2224,,6201,6,,,0
102019,'1184845',939,,6202,6,,,0
102019,'1184904',2354,,6203,6,,,0
102019,'1185093',1539,,6205,6,,,0
102019,'1185114',1754,,6206,6,,,0
102019,'1185228',1454,,6207,6,,,0
102019,'1185323',1154,,6209,6,,,0
102019,'1185453',554,,6210,6,,,0
102019,'1185693',724,,6212,6,,,0
102019,'1186046',1709,,6218,6,,,0
102019,'1186119',1409,,6219,6,,,0
102019,'1186150',809,,6220,6,,,0
102019,'1186325',1024,,6221,6,,,0
102019,'1186567',1924,,6225,6,,,0
102019,'1186658',1324,,6226,6,,,0
102019,'1186774',854,,6229,6,,,0
102019,'1186786',639,,6230,6,,,0
102019,'1186915',2054,,6232,6,,,0
