105019,'1184475',1838,,6445,30,,,0
105019,'1184709',1808,,6446,30,,,0
105019,'1184754',1102,,6447,30,,,0
105019,'1184819',750,,6448,30,,,0
105019,'1184825',2247,,6449,30,,,0
105019,'1184879',1453,,6450,30,,,0
105019,'1184888',950,,6451,30,,,0
105019,'1184928',1202,,6452,30,,,0
105019,'1184969',2300,,6453,30,,,0
105019,'1185022',2100,,6454,30,,,0
105019,'1185176',647,,6455,30,,,0
105019,'1185212',617,,6456,30,,,0
105019,'1185354',1902,,6457,30,,,0
105019,'1185498',1917,,6458,30,,,0
105019,'1185550',1402,,6460,30,,,0
105019,'1185569',1738,,6462,30,,,0
105019,'1185641',850,,6463,30,,,0
105019,'1185695',1308,,6465,30,,,0
105019,'1185708',2047,,6466,30,,,0
105019,'1185822',1302,,6468,30,,,0
105019,'1185894',1153,,6469,30,,,0
105019,'1186015',1408,,6470,30,,,0
105019,'1186061',1553,,6471,30,,,0
105019,'1186380',1053,,6473,30,,,0
105019,'1186477',1623,,6475,30,,,0
105019,'1186519',1702,,6477,30,,,0
105019,'1186601',1708,,6478,30,,,0
105019,'1186602',720,,6479,30,,,0
105019,'1186624',1602,,6481,30,,,0
105019,'1186706',1802,,6482,30,,,0
105019,'1186813',900,,6483,30,,,0
105019,'1186864',2347,,6484,30,,,0
105019,'1186870',547,,6485,30,,,0
105019,'1186896',820,,6486,30,,,0
105019,'1187008',700,,6487,30,,,0
105019,'1187009',2147,,6488,30,,,0
105019,'1187061',1523,,6489,30,,,0
105019,'1187069',1502,,6490,30,,,0
