105019,'1150133',937,,3356,13,,,0
105019,'1150519',1755,,3358,13,,,0
105019,'1150723',648,,3359,13,,,0
105019,'1150755',1440,,3360,13,,,0
105019,'1150957',837,,3364,13,,,0
105019,'1150991',1255,,3365,13,,,0
105019,'1151148',1050,,3367,13,,,0
105019,'1151174',1250,,3368,13,,,0
105019,'1151428',807,,3371,13,,,0
105019,'1151680',1825,,3374,13,,,0
105019,'1151743',737,,3375,13,,,0
105019,'1152002',2235,,3380,13,,,0
105019,'1152300',1350,,3381,13,,,0
105019,'1152360',635,,3382,13,,,0
105019,'1152386',707,,3383,13,,,0
105019,'1152506',1725,,3384,13,,,0
105019,'1152547',605,,3385,13,,,0
105019,'1152647',2135,,3386,13,,,0
105019,'1152697',2335,,3387,13,,,0
105019,'1153054',1450,,3390,13,,,0
105019,'1153337',1850,,3392,13,,,0
105019,'1153487',535,,3393,13,,,0
105019,'1153863',1150,,3395,13,,,0
105019,'1153895',1510,,3397,13,,,0
105019,'1154206',2035,,3398,13,,,0
105019,'1154598',1750,,3402,13,,,0
105019,'1154605',1650,,3403,13,,,0
105019,'1154691',1040,,3404,13,,,0
105019,'1154711',1550,,3406,13,,,0
105019,'1154821',1355,,3407,13,,,0
105019,'1154915',1905,,3409,13,,,0
105019,'1154933',1655,,3410,13,,,0
105019,'1155111',2248,,3412,13,,,0
105019,'1155143',1610,,3413,13,,,0
105019,'1155198',1140,,3415,13,,,0
105019,'1155339',1540,,3419,13,,,0
105019,'1155343',2048,,3420,13,,,0
105019,'1155497',848,,3421,13,,,0
