13019,'1150115',633,,1246,3,,,0
13019,'1150207',835,,1247,29,,,0
13019,'1150227',935,,1248,29,,,0
13019,'1150493',934,,1249,29,,,0
13019,'1150585',1804,,1251,29,,,0
13019,'1150628',1506,,1253,29,,,0
13019,'1150643',2234,,1254,29,,,0
13019,'1150645',1706,,1255,29,,,0
13019,'1150729',1634,,1256,29,,,0
13019,'1150851',1736,,1257,29,,,0
13019,'1151123',1236,,1265,29,,,0
13019,'1151365',804,,1267,29,,,0
13019,'1151417',1037,,1269,29,,,0
13019,'1151524',1534,,1273,29,,,0
13019,'1151771',1636,,1275,29,,,0
13019,'1151796',905,,1276,29,,,0
13019,'1151799',2304,,1277,29,,,0
13019,'1151808',2104,,1278,29,,,0
13019,'1152195',1134,,1281,29,,,0
13019,'1152254',2204,,1283,29,,,0
13019,'1152429',734,,1285,29,,,0
13019,'1152560',1834,,1288,29,,,0
13019,'1152603',1334,,1289,29,,,0
13019,'1152985',1336,,1296,29,,,0
13019,'1153202',2134,,1297,29,,,0
13019,'1153301',1136,,1300,29,,,0
13019,'1153469',1734,,1303,29,,,0
13019,'1153618',834,,1306,29,,,0
13019,'1153699',1536,,1310,29,,,0
13019,'1154058',1034,,1314,29,,,0
13019,'1154251',634,,1316,29,,,0
13019,'1154276',1004,,1317,29,,,0
13019,'1154383',1436,,1319,29,,,0
13019,'1154424',2034,,1320,29,,,0
13019,'1154456',1234,,1321,29,,,0
13019,'1154547',2004,,1324,29,,,0
13019,'1154651',704,,1325,29,,,0
13019,'1154956',1606,,1327,29,,,0
13019,'1155135',734,,1331,29,,,0
13019,'1155249',1434,,1333,29,,,0
13019,'1155251',2409,,1334,29,,,0
13019,'1155283',1904,,1336,29,,,0
13019,'1155329',1934,,1337,29,,,0
13019,'1155371',2334,,1339,29,,,0
13019,'1155396',604,,1340,3,,,0
101029,'1150355',845,,2916,20,,,0
101029,'1150535',945,,2919,20,,,0
101029,'1150632',1430,,2920,20,,,0
101029,'1151005',1030,,2922,20,,,0
101029,'1151171',1745,,2924,20,,,0
101029,'1151294',745,,2925,20,,,0
101029,'1151635',2145,,2927,20,,,0
101029,'1151840',645,,2929,20,,,0
101029,'1152316',1830,,2930,20,,,0
101029,'1152666',1045,,2933,20,,,0
101029,'1152802',1647,,2934,20,,,0
101029,'1153001',1945,,2938,20,,,0
101029,'1153050',1247,,2939,20,,,0
101029,'1153195',630,,2941,20,,,0
101029,'1153306',1630,,2942,20,,,0
101029,'1153598',2230,,2945,20,,,0
101029,'1153935',1547,,2949,20,,,0
101029,'1154557',2030,,2953,20,,,0
101029,'1154632',2405,,2954,20,,,0
101029,'1154742',1347,,2955,20,,,0
101029,'1154771',830,,2956,20,,,0
101029,'1154943',1230,,2958,20,,,0
101029,'1155502',1447,,2962,20,,,0
