105029,'1184521',1819,,6491,80,,,0
105029,'1184537',1349,,6492,80,,,0
105029,'1184580',931,,6493,80,,,0
105029,'1184670',1604,,6494,80,,,0
105029,'1184808',2331,,6496,80,,,0
105029,'1184833',1034,,6497,80,,,0
105029,'1184834',2436,,6498,80,,,0
105029,'1184863',1249,,6499,80,,,0
105029,'1185135',731,,6501,80,,,0
105029,'1185332',1901,,6505,80,,,0
105029,'1185350',2031,,6506,80,,,0
105029,'1185359',2231,,6507,80,,,0
105029,'1185440',1649,,6510,80,,,0
105029,'1185668',801,,6513,80,,,0
105029,'1185827',2131,,6515,80,,,0
105029,'1185938',1504,,6516,80,,,0
105029,'1186005',1719,,6517,80,,,0
105029,'1186279',1534,,6519,80,,,0
105029,'1186282',1434,,6520,80,,,0
105029,'1186470',1134,,6525,80,,,0
105029,'1186861',701,,6531,80,,,0
105029,'1186874',1749,,6532,80,,,0
105029,'1187005',831,,6534,80,,,0
