105019,'1190616',2250,,9291,91,,,0
105019,'1190769',1446,,9292,91,,,0
105019,'1190825',1650,,9293,91,,,0
105019,'1190865',1846,,9294,91,,,0
105019,'1190975',1916,,9295,91,,,0
105019,'1190992',1835,,9296,91,,,0
105019,'1190998',1235,,9297,91,,,0
105019,'1191007',1746,,9298,91,,,0
105019,'1191038',1535,,9299,91,,,0
105019,'1191063',1028,,9300,91,,,0
105019,'1191065',1346,,9301,91,,,0
105019,'1191145',721,,9302,91,,,0
105019,'1191217',2334,,9303,91,,,0
105019,'1191294',1435,,9304,91,,,0
105019,'1191329',934,,9305,91,,,0
105019,'1191413',1050,,9306,91,,,0
105019,'1191457',1335,,9307,91,,,0
105019,'1191557',928,,9308,91,,,0
105019,'1191709',828,,9309,91,,,0
105019,'1191750',2321,,9310,91,,,0
105019,'1191859',734,,9311,91,,,0
105019,'1191891',1816,,9312,91,,,0
105019,'1192052',1935,,9313,91,,,0
105019,'1192113',651,,9314,91,,,0
105019,'1192142',1635,,9315,91,,,0
105019,'1192176',850,,9316,91,,,0
105019,'1192218',2421,,9317,91,,,0
105019,'1192236',1450,,9318,91,,,0
105019,'1192248',2121,,9319,91,,,0
105019,'1192267',1735,,9320,91,,,0
105019,'1192318',1135,,9321,91,,,0
105019,'1192337',1701,,9322,91,,,0
105019,'1192353',1531,,9323,91,,,0
105019,'1192579',1231,,9324,91,,,0
105019,'1192586',1250,,9325,91,,,0
105019,'1192598',2050,,9326,91,,,0
105019,'1192614',758,,9327,91,,,0
105019,'1192661',2221,,9328,91,,,0
105019,'1192725',1601,,9329,91,,,0
105019,'1192735',1951,,9330,91,,,0
105019,'1192821',2134,,9331,91,,,0
105019,'1192836',1850,,9332,91,,,0
105019,'1192847',621,,9333,91,,,0
105019,'1192875',1631,,9334,91,,,0
105019,'1193045',858,,9335,91,,,0
105019,'1193298',1131,,9336,91,,,0
106029,'1190782',747,,9389,22,,,0
106029,'1191556',1849,,9390,22,,,0
106029,'1191771',1619,,9391,22,,,0
106029,'1192044',1734,,9392,22,,,0
106029,'1192429',902,,9393,22,,,0
106029,'1193063',1017,,9394,22,,,0
