13029,'1184622',1454,,5183,6,,,0
13029,'1184913',1154,,5187,6,,,0
13029,'1185007',1724,,5191,6,,,0
13029,'1185049',2122,,5192,6,,,0
13029,'1185060',2322,,5193,6,,,0
13029,'1185250',652,,5197,6,,,0
13029,'1185377',1254,,5200,6,,,0
13029,'1185394',752,,5201,6,,,0
13029,'1185484',923,,5203,6,,,0
13029,'1185580',1754,,5205,6,,,0
13029,'1185937',1654,,5210,6,,,0
13029,'1185958',822,,5211,6,,,0
13029,'1185992',2222,,5212,6,,,0
13029,'1186268',1922,,5216,6,,,0
13029,'1186340',2022,,5218,6,,,0
13029,'1186403',1022,,5219,6,,,0
13029,'1186434',1354,,5220,6,,,0
13029,'1186504',722,,5222,6,,,0
13029,'1186525',1055,,5223,6,,,0
13029,'1186673',1822,,5224,6,,,0
13029,'1186687',622,,5225,6,,,0
13029,'1186818',953,,5227,6,,,0
13029,'1186830',1525,,5228,7,,,0
13029,'1186955',1554,,5235,6,,,0
13029,'1186976',853,,5236,6,,,0
13029,'1187030',1624,,5239,6,,,0
