105019,'1150133',939,,3356,17,,,0
105019,'1150519',1757,,3358,17,,,0
105019,'1150723',650,,3359,17,,,0
105019,'1150755',1442,,3360,17,,,0
105019,'1150957',839,,3364,17,,,0
105019,'1150991',1257,,3365,17,,,0
105019,'1151148',1052,,3367,17,,,0
105019,'1151174',1252,,3368,17,,,0
105019,'1151428',809,,3371,17,,,0
105019,'1151680',1827,,3374,17,,,0
105019,'1151743',739,,3375,17,,,0
105019,'1152002',2236,,3380,17,,,0
105019,'1152300',1352,,3381,17,,,0
105019,'1152360',636,,3382,17,,,0
105019,'1152386',709,,3383,17,,,0
105019,'1152506',1727,,3384,17,,,0
105019,'1152547',606,,3385,17,,,0
105019,'1152647',2136,,3386,17,,,0
105019,'1152697',2336,,3387,17,,,0
105019,'1153054',1452,,3390,17,,,0
105019,'1153337',1852,,3392,17,,,0
105019,'1153487',536,,3393,17,,,0
105019,'1153863',1152,,3395,17,,,0
105019,'1153895',1512,,3397,17,,,0
105019,'1154206',2036,,3398,17,,,0
105019,'1154598',1752,,3402,17,,,0
105019,'1154605',1652,,3403,17,,,0
105019,'1154691',1042,,3404,17,,,0
105019,'1154711',1552,,3406,17,,,0
105019,'1154821',1357,,3407,17,,,0
105019,'1154915',1906,,3409,17,,,0
105019,'1154933',1657,,3410,17,,,0
105019,'1155111',2250,,3412,17,,,0
105019,'1155143',1612,,3413,17,,,0
105019,'1155198',1142,,3415,17,,,0
105019,'1155339',1542,,3419,17,,,0
105019,'1155343',2050,,3420,17,,,0
105019,'1155497',850,,3421,17,,,0
