12029,'1184508',911,,5051,41,,,0
12029,'1184705',711,,5055,41,,,0
12029,'1184792',1910,,5056,41,,,0
12029,'1184793',1441,,5057,41,,,0
12029,'1184946',741,,5060,41,,,0
12029,'1184990',1011,,5062,41,,,0
12029,'1185014',2415,,5063,41,,,0
12029,'1185264',1741,,5068,41,,,0
12029,'1185324',1341,,5070,41,,,0
12029,'1185471',2210,,5072,41,,,0
12029,'1185613',1041,,5077,41,,,0
12029,'1185758',1711,,5082,41,,,0
12029,'1185875',2110,,5083,41,,,0
12029,'1185933',1311,,5085,41,,,0
12029,'1185999',1511,,5087,41,,,0
12029,'1186050',841,,5088,41,,,0
12029,'1186139',641,,5089,41,,,0
12029,'1186210',1211,,5090,41,,,0
12029,'1186423',1810,,5092,41,,,0
12029,'1186551',1541,,5098,41,,,0
12029,'1186588',1411,,5099,41,,,0
12029,'1186638',1641,,5101,41,,,0
12029,'1186814',1141,,5106,41,,,0
12029,'1186824',1241,,5107,41,,,0
12029,'1186878',2010,,5109,41,,,0
12029,'1186973',2310,,5112,41,,,0
12029,'1187141',1111,,5116,41,,,0
12029,'1187166',1611,,5117,41,,,0
12029,'1187188',941,,5119,41,,,0
12029,'1187196',811,,5120,41,,,0
