104029,'1150508',1746,,3292,21,,,0
104029,'1150833',1241,,3301,21,,,0
104029,'1150856',2300,,3302,21,,,0
104029,'1151008',1456,,3304,21,,,0
104029,'1151097',2130,,3305,21,,,0
104029,'1151285',1156,,3310,21,,,0
104029,'1151623',800,,3312,21,,,0
104029,'1151632',1626,,3313,21,,,0
104029,'1151639',1030,,3314,21,,,0
104029,'1151734',915,,3316,21,,,0
104029,'1151896',645,,3319,21,,,0
104029,'1152059',600,,3322,21,,,0
104029,'1152405',715,,3325,21,,,0
104029,'1152789',1541,,3333,21,,,0
104029,'1153825',2000,,3339,21,,,0
104029,'1154373',830,,3341,21,,,0
104029,'1154842',945,,3344,21,,,0
104029,'1154990',1711,,3347,21,,,0
104029,'1155225',1830,,3350,21,,,0
104029,'1155342',1411,,3352,21,,,0
104029,'1155435',1326,,3353,21,,,0
104029,'1174582',1030,,4339,21,,,0
104029,'1174742',1645,,4340,21,,,0
104029,'1174783',2030,,4341,21,,,0
104029,'1174936',800,,4342,21,,,0
104029,'1175045',645,,4343,21,,,0
104029,'1175446',1800,,4344,21,,,0
104029,'1175466',1530,,4345,21,,,0
104029,'1175637',915,,4346,21,,,0
104029,'1175833',1415,,4347,21,,,0
104029,'1175995',1300,,4348,21,,,0
104029,'1176420',1915,,4349,21,,,0
104029,'1176424',1145,,4350,21,,,0
104029,'1176552',2300,,4351,21,,,0
104029,'1177233',2145,,4352,21,,,0
104029,'1181155',1411,,4353,21,,,0
104029,'1181212',1156,,4354,21,,,0
104029,'1181411',1456,,4355,21,,,0
104029,'1181445',1241,,4356,21,,,0
104029,'1181463',800,,4357,21,,,0
104029,'1181465',1030,,4358,21,,,0
104029,'1181610',1746,,4359,21,,,0
104029,'1181818',2130,,4360,21,,,0
104029,'1181976',945,,4361,21,,,0
104029,'1181990',600,,4362,21,,,0
104029,'1182344',1326,,4363,21,,,0
104029,'1182649',915,,4364,21,,,0
104029,'1182756',2300,,4365,21,,,0
104029,'1182765',1830,,4366,21,,,0
104029,'1183191',1711,,4367,21,,,0
104029,'1183225',715,,4368,21,,,0
104029,'1183615',830,,4369,21,,,0
104029,'1183699',2000,,4370,21,,,0
104029,'1183734',1626,,4371,21,,,0
104029,'1184115',1541,,4372,21,,,0
104029,'1184200',645,,4373,21,,,0
