3029,'1150202',2010,,417,12,,,0
3029,'1150338',1040,,419,12,,,0
3029,'1150614',640,,422,12,,,0
3029,'1150985',1040,,425,12,,,0
3029,'1151183',1840,,429,12,,,0
3029,'1151192',1641,,430,12,,,0
3029,'1151504',1641,,432,12,,,0
3029,'1151640',1741,,435,12,,,0
3029,'1151683',1511,,437,12,,,0
3029,'1151731',1940,,438,12,,,0
3029,'1151876',2040,,442,12,,,0
3029,'1151984',810,,445,12,,,0
3029,'1152000',1141,,447,12,,,0
3029,'1152164',2240,,450,12,,,0
3029,'1152335',740,,453,12,,,0
3029,'1152374',2240,,454,12,,,0
3029,'1152494',1311,,459,12,,,0
3029,'1152784',910,,463,12,,,0
3029,'1152803',1211,,464,12,,,0
3029,'1152828',1541,,465,12,,,0
3029,'1152863',1010,,466,12,,,0
3029,'1152936',1241,,467,12,,,0
3029,'1153075',1341,,470,12,,,0
3029,'1153143',1711,,473,12,,,0
3029,'1153218',840,,474,12,,,0
3029,'1153269',1811,,475,12,,,0
3029,'1153277',2140,,476,12,,,0
3029,'1153325',940,,477,12,,,0
3029,'1153346',1341,,478,12,,,0
3029,'1153473',1611,,480,12,,,0
3029,'1153476',710,,481,12,,,0
3029,'1153644',1241,,482,12,,,0
3029,'1153678',1840,,483,12,,,0
3029,'1153903',2340,,485,12,,,0
3029,'1153992',1910,,487,12,,,0
3029,'1154123',1940,,491,12,,,0
3029,'1154264',740,,495,12,,,0
3029,'1154368',1441,,497,12,,,0
3029,'1154445',840,,498,12,,,0
3029,'1154525',2040,,500,12,,,0
3029,'1154677',2110,,502,12,,,0
3029,'1154694',1141,,503,12,,,0
3029,'1154731',1110,,504,12,,,0
3029,'1154736',2210,,505,12,,,0
3029,'1154807',640,,506,12,,,0
3029,'1154840',2337,,508,12,,,0
3029,'1155071',1541,,511,12,,,0
3029,'1155137',1411,,512,12,,,0
3029,'1155140',1441,,513,12,,,0
3029,'1155180',940,,514,12,,,0
3029,'1155345',2140,,516,12,,,0
3029,'1155451',1741,,518,12,,,0
29019,'1150216',1447,,2785,15,,,0
29019,'1150542',1532,,2787,15,,,0
29019,'1150663',931,,2788,15,,,0
29019,'1150707',1332,,2789,15,,,0
29019,'1150798',1032,,2790,15,,,0
29019,'1150837',2131,,2791,15,,,0
29019,'1150850',1232,,2792,15,,,0
29019,'1151243',947,,2794,15,,,0
29019,'1151749',1347,,2797,15,,,0
29019,'1151947',1732,,2798,15,,,0
29019,'1152147',1247,,2799,15,,,0
29019,'1152178',2331,,2801,15,,,0
29019,'1152251',831,,2802,15,,,0
29019,'1152782',2031,,2804,15,,,0
29019,'1152790',1432,,2805,15,,,0
29019,'1152913',1831,,2806,15,,,0
29019,'1153101',1632,,2808,15,,,0
29019,'1153250',2231,,2809,15,,,0
29019,'1153364',731,,2810,15,,,0
29019,'1153817',1132,,2814,15,,,0
29019,'1153846',1931,,2815,15,,,0
29019,'1154151',1547,,2816,15,,,0
29019,'1154660',1147,,2819,15,,,0
29019,'1155273',1047,,2824,15,,,0
