190001019,'1184477',734,,6823,20,,,0
190001019,'1184482',1305,,6824,20,,,0
190001019,'1184538',1121,,6825,20,,,0
190001019,'1184546',1520,,6826,20,,,0
190001019,'1184623',719,,6827,20,,,0
190001019,'1184628',2333,,6828,20,,,0
190001019,'1184634',1120,,6829,20,,,0
190001019,'1184636',1205,,6830,20,,,0
190001019,'1184663',1035,,6831,20,,,0
190001019,'1184686',2203,,6832,20,,,0
190001019,'1184692',2303,,6833,20,,,0
190001019,'1184712',934,,6834,20,,,0
190001019,'1184722',704,,6835,20,,,0
190001019,'1184775',1236,,6836,20,,,0
190001019,'1184788',1820,,6837,20,,,0
190001019,'1184812',1406,,6838,20,,,0
190001019,'1184822',1320,,6839,20,,,0
190001019,'1184841',2004,,6840,20,,,0
190001019,'1184844',804,,6841,20,,,0
190001019,'1184867',1620,,6842,20,,,0
190001019,'1184871',903,,6843,20,,,0
190001019,'1184891',2033,,6844,20,,,0
190001019,'1184895',1450,,6845,20,,,0
190001019,'1184915',1543,,6846,20,,,0
190001019,'1184930',1443,,6847,20,,,0
190001019,'1185008',819,,6848,20,,,0
190001019,'1185018',2403,,6849,20,,,0
190001019,'1185052',1321,,6850,20,,,0
190001019,'1185064',1750,,6851,20,,,0
190001019,'1185066',1605,,6852,20,,,0
190001019,'1185077',2019,,6853,20,,,0
190001019,'1185090',849,,6854,20,,,0
190001019,'1185150',1758,,6855,20,,,0
190001019,'1185161',1743,,6856,20,,,0
190001019,'1185178',1934,,6857,20,,,0
190001019,'1185194',2403,,6858,20,,,0
190001019,'1185221',2104,,6859,20,,,0
190001019,'1185231',1658,,6860,20,,,0
190001019,'1185242',1805,,6861,20,,,0
190001019,'1185274',1735,,6862,20,,,0
190001019,'1185343',1613,,6864,20,,,0
190001019,'1185352',1919,,6865,20,,,0
190001019,'1185392',949,,6867,20,,,0
190001019,'1185448',919,,6868,20,,,0
190001019,'1185479',1513,,6869,20,,,0
190001019,'1185515',1250,,6871,20,,,0
190001019,'1185532',1004,,6872,20,,,0
190001019,'1185537',2423,,6873,20,,,0
190001019,'1185572',1643,,6875,20,,,0
190001019,'1185596',1635,,6876,20,,,0
190001019,'1185600',2333,,6877,20,,,0
190001019,'1185605',1728,,6878,20,,,0
190001019,'1185609',2034,,6879,20,,,0
190001019,'1185611',1050,,6880,20,,,0
190001019,'1185622',1335,,6881,20,,,0
190001019,'1185645',2148,,6882,20,,,0
190001019,'1185667',1206,,6884,20,,,0
190001019,'1185675',703,,6885,20,,,0
190001019,'1185709',1713,,6886,20,,,0
190001019,'1185730',2003,,6887,20,,,0
190001019,'1185759',1018,,6889,20,,,0
190001019,'1185760',1435,,6890,20,,,0
190001019,'1185796',1558,,6891,20,,,0
190001019,'1185810',1036,,6892,20,,,0
190001019,'1185821',2133,,6893,20,,,0
190001019,'1185883',649,,6895,20,,,0
190001019,'1185909',1833,,6896,20,,,0
190001019,'1185923',1220,,6897,20,,,0
190001019,'1185950',904,,6898,20,,,0
190001019,'1185966',1933,,6899,20,,,0
190001019,'1186036',803,,6901,20,,,0
190001019,'1186040',1251,,6902,20,,,0
190001019,'1186058',2119,,6903,20,,,0
190001019,'1186059',1819,,6904,20,,,0
190001019,'1186089',2203,,6905,20,,,0
190001019,'1186104',1650,,6906,20,,,0
190001019,'1186110',1306,,6907,20,,,0
190001019,'1186115',1106,,6908,20,,,0
190001019,'1186128',1705,,6909,20,,,0
190001019,'1186133',1350,,6910,20,,,0
190001019,'1186141',1428,,6911,20,,,0
190001019,'1186145',1904,,6912,20,,,0
190001019,'1186149',1151,,6913,20,,,0
190001019,'1186152',633,,6914,20,,,0
190001019,'1186229',1136,,6918,20,,,0
190001019,'1186254',1235,,6920,20,,,0
190001019,'1186262',1720,,6921,20,,,0
190001019,'1186272',1949,,6922,20,,,0
190001019,'1186285',2049,,6923,20,,,0
190001019,'1186294',1628,,6924,20,,,0
190001019,'1186301',733,,6926,20,,,0
190001019,'1186371',834,,6929,20,,,0
190001019,'1186401',1003,,6930,20,,,0
190001019,'1186413',2233,,6931,20,,,0
190001019,'1186456',1150,,6932,20,,,0
190001019,'1186474',1505,,6933,20,,,0
190001019,'1186503',833,,6934,20,,,0
190001019,'1186526',1405,,6935,20,,,0
190001019,'1186619',1849,,6936,20,,,0
190001019,'1186635',749,,6937,20,,,0
190001019,'1186646',1807,,6938,20,,,0
190001019,'1186716',1221,,6939,20,,,0
190001019,'1186726',1051,,6940,20,,,0
190001019,'1186728',1848,,6941,20,,,0
190001019,'1186751',1105,,6942,20,,,0
190001019,'1186788',2133,,6943,20,,,0
190001019,'1186822',1903,,6944,20,,,0
190001019,'1186846',2233,,6945,20,,,0
190001019,'1186873',1351,,6946,20,,,0
190001019,'1186889',1550,,6947,20,,,0
190001019,'1186969',1834,,6948,20,,,0
190001019,'1186993',1420,,6950,20,,,0
190001019,'1187001',1135,,6951,20,,,0
190001019,'1187019',1535,,6952,20,,,0
190001019,'1187056',2103,,6953,20,,,0
190001019,'1187081',1019,,6954,20,,,0
190001019,'1187092',1528,,6955,20,,,0
190001019,'1187150',2303,,6957,20,,,0
190001019,'1187160',933,,6958,20,,,0
190001019,'1187182',1458,,6959,20,,,0
190001019,'1187190',1336,,6960,20,,,0
