14019,'1184716',1544,,5245,3,,,0
14019,'1184750',1514,,5248,3,,,0
14019,'1184836',2013,,5249,3,,,0
14019,'1184987',1644,,5251,3,,,0
14019,'1185168',1744,,5255,3,,,0
14019,'1185211',913,,5256,3,,,0
14019,'1185255',843,,5257,3,,,0
14019,'1185335',2313,,5260,3,,,0
14019,'1185505',643,,5262,3,,,0
14019,'1185624',1144,,5266,3,,,0
14019,'1185808',1813,,5269,3,,,0
14019,'1185845',713,,5270,3,,,0
14019,'1185852',1444,,5271,3,,,0
14019,'1186014',1614,,5273,3,,,0
14019,'1186156',1344,,5277,3,,,0
14019,'1186173',1913,,5279,3,,,0
14019,'1186421',743,,5288,3,,,0
14019,'1186443',2113,,5289,3,,,0
14019,'1186532',813,,5292,3,,,0
14019,'1186609',1714,,5295,3,,,0
14019,'1186632',1044,,5296,3,,,0
14019,'1186671',2213,,5298,3,,,0
14019,'1186767',1244,,5299,3,,,0
14019,'1187071',943,,5301,3,,,0
29019,'1184481',1337,,6083,3,,,0
29019,'1185521',1237,,6091,3,,,0
29019,'1186091',1137,,6097,3,,,0
29019,'1186733',937,,6101,3,,,0
29019,'1186835',1437,,6102,3,,,0
29019,'1186911',1037,,6103,3,,,0
29019,'1187090',1537,,6105,3,,,0
190001019,'1184477',723,,6823,3,,,0
190001019,'1184538',1108,,6825,3,,,0
190001019,'1184623',708,,6827,3,,,0
190001019,'1184686',2152,,6832,3,,,0
190001019,'1184712',923,,6834,3,,,0
190001019,'1184722',653,,6835,3,,,0
190001019,'1184775',1223,,6836,3,,,0
190001019,'1184812',1353,,6838,3,,,0
190001019,'1184841',1952,,6840,3,,,0
190001019,'1184844',753,,6841,3,,,0
190001019,'1184915',1528,,6846,3,,,0
190001019,'1184930',1428,,6847,3,,,0
190001019,'1185008',808,,6848,3,,,0
190001019,'1185052',1308,,6850,3,,,0
190001019,'1185077',2007,,6853,3,,,0
190001019,'1185090',838,,6854,3,,,0
190001019,'1185150',1743,,6855,3,,,0
190001019,'1185161',1728,,6856,3,,,0
190001019,'1185178',1922,,6857,3,,,0
190001019,'1185194',2352,,6858,3,,,0
190001019,'1185221',2052,,6859,3,,,0
190001019,'1185231',1643,,6860,3,,,0
190001019,'1185343',1558,,6864,3,,,0
190001019,'1185352',1907,,6865,3,,,0
190001019,'1185392',938,,6867,3,,,0
190001019,'1185448',908,,6868,3,,,0
190001019,'1185479',1458,,6869,3,,,0
190001019,'1185532',953,,6872,3,,,0
190001019,'1185537',2412,,6873,3,,,0
190001019,'1185572',1628,,6875,3,,,0
190001019,'1185600',2322,,6877,3,,,0
190001019,'1185605',1713,,6878,3,,,0
190001019,'1185609',2022,,6879,3,,,0
190001019,'1185645',2137,,6882,3,,,0
190001019,'1185667',1153,,6884,3,,,0
190001019,'1185709',1658,,6886,3,,,0
190001019,'1185796',1543,,6891,3,,,0
190001019,'1185810',1023,,6892,3,,,0
190001019,'1185883',638,,6895,3,,,0
190001019,'1185950',853,,6898,3,,,0
190001019,'1186040',1238,,6902,3,,,0
190001019,'1186058',2107,,6903,3,,,0
190001019,'1186059',1807,,6904,3,,,0
190001019,'1186110',1253,,6907,3,,,0
190001019,'1186115',1053,,6908,3,,,0
190001019,'1186141',1413,,6911,3,,,0
190001019,'1186145',1852,,6912,3,,,0
190001019,'1186149',1138,,6913,3,,,0
190001019,'1186229',1123,,6918,3,,,0
190001019,'1186272',1937,,6922,3,,,0
190001019,'1186285',2037,,6923,3,,,0
190001019,'1186294',1613,,6924,3,,,0
190001019,'1186371',823,,6929,3,,,0
190001019,'1186413',2222,,6931,3,,,0
190001019,'1186619',1837,,6936,3,,,0
190001019,'1186635',738,,6937,3,,,0
190001019,'1186646',1753,,6938,3,,,0
190001019,'1186716',1208,,6939,3,,,0
190001019,'1186726',1038,,6940,3,,,0
190001019,'1186788',2122,,6943,3,,,0
190001019,'1186873',1338,,6946,3,,,0
190001019,'1186969',1822,,6948,3,,,0
190001019,'1187081',1008,,6954,3,,,0
190001019,'1187092',1513,,6955,3,,,0
190001019,'1187150',2252,,6957,3,,,0
190001019,'1187182',1443,,6959,3,,,0
190001019,'1187190',1323,,6960,3,,,0
