10029,'1184529',1548,,4778,6,,,0
10029,'1184533',2218,,4779,6,,,0
10029,'1184556',1218,,4781,6,,,0
10029,'1184564',1618,,4782,6,,,0
10029,'1184573',1118,,4783,6,,,0
10029,'1184797',1018,,4786,6,,,0
10029,'1184859',1318,,4787,6,,,0
10029,'1184943',718,,4788,6,,,0
10029,'1185045',2318,,4792,6,,,0
10029,'1185131',1818,,4793,6,,,0
10029,'1185170',718,,4794,6,,,0
10029,'1185175',1948,,4795,6,,,0
10029,'1185177',918,,4796,6,,,0
10029,'1185497',818,,4798,6,,,0
10029,'1185531',1718,,4799,6,,,0
10029,'1185542',2353,,4800,6,,,0
10029,'1185576',1118,,4801,6,,,0
10029,'1185616',1648,,4802,6,,,0
10029,'1185656',848,,4803,6,,,0
10029,'1185755',1618,,4805,6,,,0
10029,'1185786',748,,4807,6,,,0
10029,'1185809',2248,,4808,6,,,0
10029,'1185856',618,,4809,6,,,0
10029,'1186049',1718,,4812,6,,,0
10029,'1186157',1448,,4814,6,,,0
10029,'1186205',1318,,4815,6,,,0
10029,'1186237',2018,,4816,6,,,0
10029,'1186261',1748,,4817,6,,,0
10029,'1186406',1918,,4818,6,,,0
10029,'1186450',1518,,4819,6,,,0
10029,'1186478',1018,,4820,6,,,0
10029,'1186481',1518,,4821,6,,,0
10029,'1186548',2048,,4822,6,,,0
10029,'1186573',1848,,4824,6,,,0
10029,'1186648',1418,,4826,6,,,0
10029,'1186649',918,,4827,6,,,0
10029,'1186655',1218,,4828,6,,,0
10029,'1186719',648,,4830,6,,,0
10029,'1186827',818,,4831,6,,,0
10029,'1186869',1418,,4832,6,,,0
10029,'1186902',2118,,4833,6,,,0
10029,'1187133',2148,,4836,6,,,0
