12029,'1184489',1737,,5050,36,,,0
12029,'1184508',907,,5051,36,,,0
12029,'1184603',1407,,5052,36,,,0
12029,'1184653',2336,,5053,36,,,0
12029,'1184672',2136,,5054,36,,,0
12029,'1184705',707,,5055,36,,,0
12029,'1184792',1906,,5056,36,,,0
12029,'1184793',1437,,5057,36,,,0
12029,'1184864',1607,,5058,36,,,0
12029,'1184919',1637,,5059,36,,,0
12029,'1184946',737,,5060,36,,,0
12029,'1184975',1037,,5061,36,,,0
12029,'1184990',1007,,5062,36,,,0
12029,'1185014',2411,,5063,36,,,0
12029,'1185037',2235,,5064,36,,,0
12029,'1185085',1337,,5065,36,,,0
12029,'1185128',1207,,5066,36,,,0
12029,'1185239',1437,,5067,36,,,0
12029,'1185264',1737,,5068,36,,,0
12029,'1185309',935,,5069,36,,,0
12029,'1185324',1337,,5070,36,,,0
12029,'1185339',1137,,5071,36,,,0
12029,'1185471',2206,,5072,36,,,0
12029,'1185511',1635,,5073,36,,,0
12029,'1185556',1237,,5074,36,,,0
12029,'1185604',1935,,5075,36,,,0
12029,'1185612',1836,,5076,36,,,0
12029,'1185613',1037,,5077,36,,,0
12029,'1185638',1835,,5078,36,,,0
12029,'1185640',1435,,5079,36,,,0
12029,'1185721',1235,,5080,36,,,0
12029,'1185757',1107,,5081,36,,,0
12029,'1185758',1707,,5082,36,,,0
12029,'1185875',2106,,5083,36,,,0
12029,'1185878',1507,,5084,36,,,0
12029,'1185933',1307,,5085,36,,,0
12029,'1185994',2035,,5086,36,,,0
12029,'1185999',1507,,5087,36,,,0
12029,'1186050',837,,5088,36,,,0
12029,'1186139',637,,5089,36,,,0
12029,'1186210',1207,,5090,36,,,0
12029,'1186290',1537,,5091,36,,,0
12029,'1186423',1806,,5092,36,,,0
12029,'1186445',1335,,5093,36,,,0
12029,'1186463',736,,5094,36,,,0
12029,'1186483',1135,,5095,36,,,0
12029,'1186502',1707,,5096,36,,,0
12029,'1186549',1035,,5097,36,,,0
12029,'1186551',1537,,5098,36,,,0
12029,'1186588',1407,,5099,36,,,0
12029,'1186603',2135,,5100,36,,,0
12029,'1186638',1637,,5101,36,,,0
12029,'1186651',1535,,5102,36,,,0
12029,'1186685',836,,5103,36,,,0
12029,'1186747',835,,5104,36,,,0
12029,'1186763',2036,,5105,36,,,0
12029,'1186814',1137,,5106,36,,,0
12029,'1186824',1237,,5107,36,,,0
12029,'1186841',2335,,5108,36,,,0
12029,'1186878',2006,,5109,36,,,0
12029,'1186945',1307,,5110,36,,,0
12029,'1186966',1735,,5111,36,,,0
12029,'1186973',2306,,5112,36,,,0
12029,'1187037',936,,5113,36,,,0
12029,'1187044',2236,,5114,36,,,0
12029,'1187072',1936,,5115,36,,,0
12029,'1187141',1107,,5116,36,,,0
12029,'1187166',1607,,5117,36,,,0
12029,'1187183',735,,5118,36,,,0
12029,'1187188',937,,5119,36,,,0
12029,'1187196',807,,5120,36,,,0
