105019,'1184475',1838,,6445,31,,,0
105019,'1184709',1808,,6446,31,,,0
105019,'1184754',1102,,6447,31,,,0
105019,'1184819',750,,6448,31,,,0
105019,'1184825',2247,,6449,31,,,0
105019,'1184879',1453,,6450,31,,,0
105019,'1184888',950,,6451,31,,,0
105019,'1184928',1202,,6452,31,,,0
105019,'1184969',2300,,6453,31,,,0
105019,'1185022',2100,,6454,31,,,0
105019,'1185176',647,,6455,31,,,0
105019,'1185212',617,,6456,31,,,0
105019,'1185354',1902,,6457,31,,,0
105019,'1185498',1917,,6458,31,,,0
105019,'1185528',2020,,6459,31,,,0
105019,'1185550',1402,,6460,31,,,0
105019,'1185555',2220,,6461,31,,,0
105019,'1185569',1738,,6462,31,,,0
105019,'1185641',850,,6463,31,,,0
105019,'1185643',1820,,6464,31,,,0
105019,'1185695',1308,,6465,31,,,0
105019,'1185708',2047,,6466,31,,,0
105019,'1185807',1620,,6467,31,,,0
105019,'1185822',1302,,6468,31,,,0
105019,'1185894',1153,,6469,31,,,0
105019,'1186015',1408,,6470,31,,,0
105019,'1186061',1553,,6471,31,,,0
105019,'1186284',1420,,6472,31,,,0
105019,'1186380',1053,,6473,31,,,0
105019,'1186411',1220,,6474,31,,,0
105019,'1186477',1623,,6475,31,,,0
105019,'1186479',1020,,6476,31,,,0
105019,'1186519',1702,,6477,31,,,0
105019,'1186601',1708,,6478,31,,,0
105019,'1186602',720,,6479,31,,,0
105019,'1186613',820,,6480,31,,,0
105019,'1186624',1602,,6481,31,,,0
105019,'1186706',1802,,6482,31,,,0
105019,'1186813',900,,6483,31,,,0
105019,'1186864',2347,,6484,31,,,0
105019,'1186870',547,,6485,31,,,0
105019,'1186896',820,,6486,31,,,0
105019,'1187008',700,,6487,31,,,0
105019,'1187009',2147,,6488,31,,,0
105019,'1187061',1523,,6489,31,,,0
105019,'1187069',1502,,6490,31,,,0
