13019,'1150207',817,,1247,3,,,0
13019,'1150227',917,,1248,3,,,0
13019,'1150493',917,,1249,3,,,0
13019,'1150585',1747,,1251,3,,,0
13019,'1150628',1448,,1253,3,,,0
13019,'1150643',2217,,1254,3,,,0
13019,'1150645',1648,,1255,3,,,0
13019,'1150729',1617,,1256,3,,,0
13019,'1150851',1718,,1257,3,,,0
13019,'1151123',1218,,1265,3,,,0
13019,'1151365',747,,1267,3,,,0
13019,'1151417',1018,,1269,3,,,0
13019,'1151524',1517,,1273,3,,,0
13019,'1151771',1618,,1275,3,,,0
13019,'1151796',847,,1276,3,,,0
13019,'1151799',2247,,1277,3,,,0
13019,'1151808',2047,,1278,3,,,0
13019,'1152195',1117,,1281,3,,,0
13019,'1152254',2147,,1283,3,,,0
13019,'1152429',717,,1285,3,,,0
13019,'1152560',1817,,1288,3,,,0
13019,'1152603',1317,,1289,3,,,0
13019,'1152985',1318,,1296,3,,,0
13019,'1153202',2117,,1297,3,,,0
13019,'1153301',1118,,1300,3,,,0
13019,'1153469',1717,,1303,3,,,0
13019,'1153618',817,,1306,3,,,0
13019,'1153699',1518,,1310,3,,,0
13019,'1154058',1017,,1314,3,,,0
13019,'1154251',617,,1316,3,,,0
13019,'1154276',947,,1317,3,,,0
13019,'1154383',1418,,1319,3,,,0
13019,'1154424',2017,,1320,3,,,0
13019,'1154456',1217,,1321,3,,,0
13019,'1154547',1947,,1324,3,,,0
13019,'1154651',647,,1325,3,,,0
13019,'1154956',1548,,1327,3,,,0
13019,'1155135',717,,1331,3,,,0
13019,'1155249',1417,,1333,3,,,0
13019,'1155251',2352,,1334,3,,,0
13019,'1155283',1847,,1336,3,,,0
13019,'1155329',1917,,1337,3,,,0
13019,'1155371',2317,,1339,3,,,0
25019,'1150209',1702,,2062,3,,,0
25019,'1150247',832,,2063,3,,,0
25019,'1150329',1202,,2064,3,,,0
25019,'1150363',1232,,2065,3,,,0
25019,'1150425',2032,,2066,3,,,0
25019,'1150527',1532,,2069,3,,,0
25019,'1150689',702,,2071,3,,,0
25019,'1150696',1732,,2072,3,,,0
25019,'1150730',2332,,2074,3,,,0
25019,'1150988',1432,,2075,3,,,0
25019,'1151062',2132,,2076,3,,,0
25019,'1151067',932,,2077,3,,,0
25019,'1151104',932,,2078,3,,,0
25019,'1151242',2232,,2079,3,,,0
25019,'1151384',1102,,2082,3,,,0
25019,'1151534',1332,,2085,3,,,0
25019,'1151656',2032,,2086,3,,,0
25019,'1151791',1432,,2088,3,,,0
25019,'1151809',2232,,2089,3,,,0
25019,'1151820',802,,2090,3,,,0
25019,'1151857',1832,,2091,3,,,0
25019,'1151998',832,,2093,3,,,0
25019,'1152331',1002,,2098,3,,,0
25019,'1152372',1602,,2100,3,,,0
25019,'1152581',1032,,2104,3,,,0
25019,'1152998',632,,2110,3,,,0
25019,'1153199',1932,,2114,3,,,0
25019,'1153262',1632,,2115,3,,,0
25019,'1153285',1502,,2118,3,,,0
25019,'1153297',1132,,2119,3,,,0
25019,'1153352',732,,2121,3,,,0
25019,'1153432',1532,,2123,3,,,0
25019,'1153859',2352,,2126,3,,,0
25019,'1154166',1632,,2128,3,,,0
25019,'1154390',1402,,2131,3,,,0
25019,'1154610',1832,,2135,3,,,0
25019,'1154641',902,,2136,3,,,0
25019,'1154763',1302,,2140,3,,,0
25019,'1154910',732,,2145,3,,,0
25019,'1154988',2132,,2148,3,,,0
25019,'1155012',1932,,2149,3,,,0
25019,'1155109',632,,2150,3,,,0
25019,'1155210',1732,,2151,3,,,0
101029,'1150355',832,,2916,3,,,0
101029,'1150535',932,,2919,3,,,0
101029,'1150632',1417,,2920,3,,,0
101029,'1151005',1017,,2922,3,,,0
101029,'1151171',1732,,2924,3,,,0
101029,'1151294',732,,2925,3,,,0
101029,'1151635',2132,,2927,3,,,0
101029,'1151840',632,,2929,3,,,0
101029,'1152316',1817,,2930,3,,,0
101029,'1152666',1032,,2933,3,,,0
101029,'1152802',1633,,2934,3,,,0
101029,'1153001',1932,,2938,3,,,0
101029,'1153050',1233,,2939,3,,,0
101029,'1153195',617,,2941,3,,,0
101029,'1153306',1617,,2942,3,,,0
101029,'1153598',2217,,2945,3,,,0
101029,'1153935',1533,,2949,3,,,0
101029,'1154557',2017,,2953,3,,,0
101029,'1154632',2352,,2954,3,,,0
101029,'1154742',1333,,2955,3,,,0
101029,'1154771',817,,2956,3,,,0
101029,'1154943',1217,,2958,3,,,0
101029,'1155502',1433,,2962,3,,,0
104019,'1150219',2217,,3218,2,,,0
104019,'1150233',1533,,3219,2,,,0
104019,'1150270',1102,,3220,2,,,0
104019,'1150434',1717,,3222,2,,,0
104019,'1150608',2047,,3223,2,,,0
104019,'1151426',717,,3230,2,,,0
104019,'1151651',1618,,3233,2,,,0
104019,'1151672',1917,,3234,2,,,0
104019,'1151690',902,,3235,2,,,0
104019,'1151783',1947,,3237,2,,,0
104019,'1152092',1702,,3242,2,,,0
104019,'1152111',1832,,3243,2,,,0
104019,'1152610',2352,,3248,2,,,0
104019,'1152754',947,,3249,2,,,0
104019,'1152794',832,,3251,2,,,0
104019,'1152800',2217,,3252,2,,,0
104019,'1152901',1332,,3253,2,,,0
104019,'1153030',1403,,3257,2,,,0
104019,'1153383',947,,3259,2,,,0
104019,'1153572',632,,3261,2,,,0
104019,'1153574',1747,,3262,2,,,0
104019,'1153609',1103,,3263,2,,,0
104019,'1154064',1233,,3265,2,,,0
104019,'1154112',1148,,3267,2,,,0
104019,'1154354',717,,3268,2,,,0
104019,'1154530',2102,,3272,2,,,0
104019,'1154669',1318,,3273,2,,,0
104019,'1154762',1217,,3274,2,,,0
104019,'1155060',602,,3276,2,,,0
104019,'1155114',1448,,3277,2,,,0
104019,'1155175',2332,,3278,2,,,0
104019,'1155177',747,,3279,2,,,0
104019,'1155190',1447,,3280,2,,,0
104019,'1155233',832,,3284,2,,,0
104019,'1155306',1602,,3287,2,,,0
