101029,'1150355',855,,2916,30,,,0
101029,'1150535',955,,2919,30,,,0
101029,'1150632',1439,,2920,30,,,0
101029,'1151005',1039,,2922,30,,,0
101029,'1151171',1755,,2924,30,,,0
101029,'1151294',755,,2925,30,,,0
101029,'1151635',2155,,2927,30,,,0
101029,'1151840',655,,2929,30,,,0
101029,'1152316',1839,,2930,30,,,0
101029,'1152666',1055,,2933,30,,,0
101029,'1152802',1657,,2934,30,,,0
101029,'1153001',1955,,2938,30,,,0
101029,'1153050',1257,,2939,30,,,0
101029,'1153195',639,,2941,30,,,0
101029,'1153306',1639,,2942,30,,,0
101029,'1153598',2239,,2945,30,,,0
101029,'1153935',1557,,2949,30,,,0
101029,'1154557',2039,,2953,30,,,0
101029,'1154632',2415,,2954,30,,,0
101029,'1154742',1357,,2955,30,,,0
101029,'1154771',839,,2956,30,,,0
101029,'1154943',1239,,2958,30,,,0
101029,'1155502',1457,,2962,30,,,0
