10019,'1193663',2223,,7564,24,,,0
10019,'1193665',1758,,7565,24,,,0
10019,'1193667',624,,7566,24,,,0
10019,'1193668',953,,7567,24,,,0
10019,'1193675',2253,,7568,24,,,0
10019,'1193678',2153,,7569,24,,,0
10019,'1193679',1828,,7570,24,,,0
10019,'1193680',753,,7571,24,,,0
10019,'1193681',1558,,7572,24,,,0
10019,'1193682',653,,7573,24,,,0
10019,'1193686',1058,,7574,24,,,0
10019,'1193687',1058,,7575,24,,,0
10019,'1193691',1758,,7576,24,,,0
10019,'1193697',1858,,7577,24,,,0
10019,'1193698',1923,,7578,24,,,0
10019,'1193700',2053,,7579,24,,,0
10019,'1193701',853,,7580,24,,,0
10019,'1193703',1458,,7581,24,,,0
10019,'1193704',753,,7582,24,,,0
10019,'1193707',953,,7583,24,,,0
10019,'1193708',853,,7584,24,,,0
10019,'1193709',953,,7585,24,,,0
10019,'1193710',1258,,7586,24,,,0
10019,'1193711',1258,,7587,24,,,0
10019,'1193715',1258,,7588,24,,,0
10019,'1193717',2123,,7589,24,,,0
10019,'1193718',1358,,7590,24,,,0
10019,'1193720',1623,,7591,24,,,0
10019,'1193724',1458,,7592,24,,,0
10019,'1193725',2023,,7593,24,,,0
10019,'1193730',1953,,7594,24,,,0
10019,'1193731',1458,,7595,24,,,0
10019,'1193732',2323,,7596,24,,,0
10019,'1193733',1758,,7597,24,,,0
10019,'1193734',1158,,7598,24,,,0
10019,'1193735',1158,,7599,24,,,0
10019,'1193737',1058,,7600,24,,,0
10019,'1193738',1158,,7601,24,,,0
10019,'1193739',2253,,7602,24,,,0
10019,'1193740',1658,,7603,24,,,0
10019,'1193743',1523,,7604,24,,,0
10019,'1193747',2353,,7605,24,,,0
10019,'1193749',1953,,7606,24,,,0
10019,'1193752',723,,7607,24,,,0
10019,'1193754',1723,,7608,24,,,0
10019,'1193755',1558,,7609,24,,,0
10019,'1193756',1858,,7610,24,,,0
10019,'1193759',1358,,7611,24,,,0
10019,'1193761',1658,,7612,24,,,0
10019,'1193765',654,,7613,24,,,0
10019,'1193766',2053,,7614,24,,,0
10019,'1193767',823,,7615,24,,,0
10019,'1193768',923,,7616,24,,,0
10019,'1193769',2353,,7617,24,,,0
10019,'1193770',1358,,7618,24,,,0
10019,'1193771',753,,7619,24,,,0
10019,'1193772',1558,,7620,24,,,0
10019,'1193773',2153,,7621,24,,,0
10019,'1193774',1658,,7622,24,,,0
10019,'1193779',853,,7623,24,,,0
