101019,'1184474',1317,,6131,15,,,0
101019,'1184498',2318,,6132,15,,,0
101019,'1184507',717,,6133,15,,,0
101019,'1184589',2117,,6134,15,,,0
101019,'1184591',1118,,6135,15,,,0
101019,'1184796',1839,,6136,15,,,0
101019,'1184902',1518,,6137,15,,,0
101019,'1184924',918,,6138,15,,,0
101019,'1184925',2038,,6139,15,,,0
101019,'1185023',1139,,6140,15,,,0
101019,'1185092',1741,,6141,15,,,0
101019,'1185544',718,,6142,15,,,0
101019,'1185571',1717,,6143,15,,,0
101019,'1185573',1517,,6144,15,,,0
101019,'1185625',1039,,6145,15,,,0
101019,'1185636',839,,6146,15,,,0
101019,'1185684',1918,,6147,15,,,0
101019,'1185751',1441,,6148,15,,,0
101019,'1185803',939,,6149,15,,,0
101019,'1185998',1341,,6150,15,,,0
101019,'1186016',1117,,6151,15,,,0
101019,'1186053',917,,6152,15,,,0
101019,'1186087',2239,,6153,15,,,0
101019,'1186263',2118,,6154,15,,,0
101019,'1186308',1318,,6155,15,,,0
101019,'1186331',539,,6156,15,,,0
101019,'1186580',1541,,6157,15,,,0
101019,'1186587',1641,,6158,15,,,0
101019,'1186594',1718,,6159,15,,,0
101019,'1187104',1917,,6160,15,,,0
101019,'1187155',739,,6161,15,,,0
101029,'1184516',2425,,6162,44,,,0
101029,'1184584',1249,,6163,44,,,0
101029,'1184684',1805,,6164,44,,,0
101029,'1184724',1005,,6165,44,,,0
101029,'1184785',1507,,6166,44,,,0
101029,'1184855',1449,,6167,44,,,0
101029,'1184926',1848,,6168,44,,,0
101029,'1185015',805,,6169,44,,,0
101029,'1185081',2248,,6170,44,,,0
101029,'1185143',2049,,6171,44,,,0
101029,'1185204',1048,,6172,44,,,0
101029,'1185400',1649,,6173,44,,,0
101029,'1185619',1105,,6174,44,,,0
101029,'1185726',2048,,6175,44,,,0
101029,'1185794',1248,,6176,44,,,0
101029,'1185824',1448,,6177,44,,,0
101029,'1185854',1849,,6178,44,,,0
101029,'1186045',849,,6179,44,,,0
101029,'1186082',1707,,6180,44,,,0
101029,'1186107',649,,6181,44,,,0
101029,'1186135',705,,6182,44,,,0
101029,'1186138',1648,,6183,44,,,0
101029,'1186184',905,,6184,44,,,0
101029,'1186356',2205,,6185,44,,,0
101029,'1186395',848,,6186,44,,,0
101029,'1186597',1607,,6187,44,,,0
101029,'1186712',2249,,6188,44,,,0
101029,'1186784',2005,,6189,44,,,0
101029,'1186801',1049,,6190,44,,,0
101029,'1186815',1407,,6191,44,,,0
101029,'1187194',1307,,6192,44,,,0
