20029,'1184486',1528,,5421,8,,,0
20029,'1184501',2126,,5422,8,,,0
20029,'1184581',625,,5426,8,,,0
20029,'1184725',1427,,5430,8,,,0
20029,'1184817',756,,5434,8,,,0
20029,'1184971',655,,5436,8,,,0
20029,'1185019',1757,,5438,8,,,0
20029,'1185075',2326,,5439,8,,,0
20029,'1185595',1627,,5448,8,,,0
20029,'1185644',1327,,5450,8,,,0
20029,'1185951',1727,,5454,8,,,0
20029,'1185978',2226,,5455,8,,,0
20029,'1186009',827,,5457,8,,,0
20029,'1186060',1927,,5459,8,,,0
20029,'1186122',927,,5460,8,,,0
20029,'1186358',1827,,5464,8,,,0
20029,'1186614',1657,,5465,8,,,0
20029,'1186645',2027,,5466,8,,,0
20029,'1186654',1027,,5468,8,,,0
20029,'1186787',1227,,5470,8,,,0
20029,'1186985',1127,,5474,8,,,0
20029,'1187148',726,,5475,8,,,0
