104019,'1184559',744,,6357,33,,,0
104019,'1184877',1519,,6361,33,,,0
104019,'1184922',814,,6362,33,,,0
104019,'1184979',1729,,6363,33,,,0
104019,'1185193',1014,,6365,33,,,0
104019,'1185307',2114,,6367,33,,,0
104019,'1185701',859,,6372,33,,,0
104019,'1185733',1814,,6374,33,,,0
104019,'1186067',1304,,6376,33,,,0
104019,'1186077',659,,6377,33,,,0
104019,'1186167',1604,,6381,33,,,0
104019,'1186273',1649,,6382,33,,,0
104019,'1186364',1219,,6384,33,,,0
104019,'1186429',1134,,6385,33,,,0
104019,'1186457',2244,,6386,33,,,0
104019,'1186711',929,,6392,33,,,0
104019,'1187029',1349,,6395,33,,,0
104019,'1187094',1434,,6398,33,,,0
104019,'1187116',2419,,6399,33,,,0
104019,'1187157',1944,,6400,33,,,0
