105019,'1190616',2221,,9291,36,,,0
105019,'1190769',1411,,9292,36,,,0
105019,'1190825',1621,,9293,36,,,0
105019,'1190865',1811,,9294,36,,,0
105019,'1190975',1841,,9295,36,,,0
105019,'1190992',1804,,9296,36,,,0
105019,'1190998',1204,,9297,36,,,0
105019,'1191007',1711,,9298,36,,,0
105019,'1191038',1504,,9299,36,,,0
105019,'1191063',953,,9300,36,,,0
105019,'1191065',1311,,9301,36,,,0
105019,'1191145',649,,9302,36,,,0
105019,'1191217',2302,,9303,36,,,0
105019,'1191294',1404,,9304,36,,,0
105019,'1191329',902,,9305,36,,,0
105019,'1191413',1021,,9306,36,,,0
105019,'1191457',1304,,9307,36,,,0
105019,'1191557',853,,9308,36,,,0
105019,'1191709',753,,9309,36,,,0
105019,'1191750',2249,,9310,36,,,0
105019,'1191859',702,,9311,36,,,0
105019,'1191891',1741,,9312,36,,,0
105019,'1192052',1904,,9313,36,,,0
105019,'1192113',619,,9314,36,,,0
105019,'1192142',1604,,9315,36,,,0
105019,'1192176',821,,9316,36,,,0
105019,'1192218',2349,,9317,36,,,0
105019,'1192236',1421,,9318,36,,,0
105019,'1192248',2049,,9319,36,,,0
105019,'1192267',1704,,9320,36,,,0
105019,'1192318',1104,,9321,36,,,0
105019,'1192337',1626,,9322,36,,,0
105019,'1192353',1456,,9323,36,,,0
105019,'1192579',1156,,9324,36,,,0
105019,'1192586',1221,,9325,36,,,0
105019,'1192598',2021,,9326,36,,,0
105019,'1192614',723,,9327,36,,,0
105019,'1192661',2149,,9328,36,,,0
105019,'1192725',1526,,9329,36,,,0
105019,'1192735',1919,,9330,36,,,0
105019,'1192821',2102,,9331,36,,,0
105019,'1192836',1821,,9332,36,,,0
105019,'1192847',549,,9333,36,,,0
105019,'1192875',1556,,9334,36,,,0
105019,'1193045',823,,9335,36,,,0
105019,'1193298',1056,,9336,36,,,0
