2029,'1190626',1036,,7325,23,,,0
2029,'1190688',1808,,7326,23,,,0
2029,'1190708',2135,,7327,23,,,0
2029,'1190719',2405,,7328,23,,,0
2029,'1190781',754,,7329,23,,,0
2029,'1190788',737,,7330,23,,,0
2029,'1190794',922,,7331,23,,,0
2029,'1190810',1138,,7332,23,,,0
2029,'1190833',736,,7333,23,,,0
2029,'1190838',2121,,7334,23,,,0
2029,'1190875',1106,,7335,23,,,0
2029,'1190877',807,,7336,23,,,0
2029,'1190894',1854,,7337,23,,,0
2029,'1190915',1107,,7338,23,,,0
2029,'1190967',722,,7339,23,,,0
2029,'1191031',1608,,7340,23,,,0
2029,'1191050',1208,,7341,23,,,0
2029,'1191076',1623,,7342,23,,,0
2029,'1191116',907,,7343,23,,,0
2029,'1191190',2421,,7344,23,,,0
2029,'1191228',1554,,7345,23,,,0
2029,'1191232',1238,,7346,23,,,0
2029,'1191236',2054,,7347,23,,,0
2029,'1191243',2205,,7348,23,,,0
2029,'1191246',1538,,7349,23,,,0
2029,'1191282',2235,,7350,23,,,0
2029,'1191283',1808,,7351,23,,,0
2029,'1191345',1438,,7352,23,,,0
2029,'1191378',1438,,7353,23,,,0
2029,'1191445',1052,,7354,23,,,0
2029,'1191452',707,,7355,23,,,0
2029,'1191453',2335,,7356,23,,,0
2029,'1191464',1508,,7357,23,,,0
2029,'1191468',937,,7358,23,,,0
2029,'1191482',651,,7359,23,,,0
2029,'1191486',1723,,7360,23,,,0
2029,'1191507',1453,,7361,23,,,0
2029,'1191548',1708,,7362,23,,,0
2029,'1191564',1253,,7363,23,,,0
2029,'1191566',1323,,7364,23,,,0
2029,'1191577',2425,,7365,23,,,0
2029,'1191587',752,,7366,23,,,0
2029,'1191640',2006,,7367,23,,,0
2029,'1191649',1054,,7368,23,,,0
2029,'1191678',1638,,7369,23,,,0
2029,'1191684',1738,,7370,23,,,0
2029,'1191701',1951,,7371,23,,,0
2029,'1191721',1454,,7372,23,,,0
2029,'1191726',1906,,7373,23,,,0
2029,'1191736',2336,,7374,23,,,0
2029,'1191799',1836,,7375,23,,,0
2029,'1191815',954,,7376,23,,,0
2029,'1191824',1608,,7377,23,,,0
2029,'1191863',2036,,7378,23,,,0
2029,'1191887',1007,,7379,23,,,0
2029,'1191900',2254,,7380,23,,,0
2029,'1191908',1954,,7381,23,,,0
2029,'1191923',2251,,7382,23,,,0
2029,'1191934',1308,,7383,23,,,0
2029,'1191979',1138,,7384,23,,,0
2029,'1192014',852,,7385,23,,,0
2029,'1192038',1738,,7386,23,,,0
2029,'1192039',1122,,7387,23,,,0
2029,'1192049',2154,,7388,23,,,0
2029,'1192067',1238,,7389,23,,,0
2029,'1192095',1836,,7390,23,,,0
2029,'1192143',2354,,7391,23,,,0
2029,'1192161',1408,,7392,23,,,0
2029,'1192177',906,,7393,23,,,0
2029,'1192187',1338,,7394,23,,,0
2029,'1192206',1654,,7395,23,,,0
2029,'1192222',1823,,7396,23,,,0
2029,'1192235',1508,,7397,23,,,0
2029,'1192245',822,,7398,23,,,0
2029,'1192247',1338,,7399,23,,,0
2029,'1192371',1308,,7400,23,,,0
2029,'1192372',837,,7401,23,,,0
2029,'1192395',1037,,7402,23,,,0
2029,'1192415',2036,,7403,23,,,0
2029,'1192421',952,,7404,23,,,0
2029,'1192494',821,,7405,23,,,0
2029,'1192515',1653,,7406,23,,,0
2029,'1192587',1408,,7407,23,,,0
2029,'1192639',951,,7408,23,,,0
2029,'1192647',1423,,7409,23,,,0
2029,'1192656',1906,,7410,23,,,0
2029,'1192681',1153,,7411,23,,,0
2029,'1192709',1154,,7412,23,,,0
2029,'1192718',1538,,7413,23,,,0
2029,'1192745',1708,,7414,23,,,0
2029,'1192753',1254,,7415,23,,,0
2029,'1192778',1354,,7416,23,,,0
2029,'1192790',2106,,7417,23,,,0
2029,'1192793',2305,,7418,23,,,0
2029,'1192868',1223,,7419,23,,,0
2029,'1192872',652,,7420,23,,,0
2029,'1192912',1638,,7421,23,,,0
2029,'1192917',854,,7422,23,,,0
2029,'1192918',1353,,7423,23,,,0
2029,'1193030',1553,,7424,23,,,0
2029,'1193075',1936,,7425,23,,,0
2029,'1193081',1753,,7426,23,,,0
2029,'1193140',1022,,7427,23,,,0
2029,'1193168',2206,,7428,23,,,0
2029,'1193194',1208,,7429,23,,,0
2029,'1193219',1523,,7430,23,,,0
2029,'1193269',1754,,7431,23,,,0
12019,'1190645',1639,,7824,38,,,0
12019,'1190657',1809,,7825,38,,,0
12019,'1190716',708,,7826,38,,,0
12019,'1190720',1909,,7827,38,,,0
12019,'1190795',1709,,7828,38,,,0
12019,'1190815',1509,,7829,38,,,0
12019,'1190831',2207,,7830,38,,,0
12019,'1190872',908,,7831,38,,,0
12019,'1190904',2109,,7832,38,,,0
12019,'1190905',907,,7833,38,,,0
12019,'1190925',2037,,7834,38,,,0
12019,'1190938',1639,,7835,38,,,0
12019,'1191207',1809,,7836,38,,,0
12019,'1191227',1739,,7837,38,,,0
12019,'1191292',1009,,7838,38,,,0
12019,'1191300',1539,,7839,38,,,0
12019,'1191320',2337,,7840,38,,,0
12019,'1191398',2209,,7841,38,,,0
12019,'1191414',1739,,7842,38,,,0
12019,'1191419',1509,,7843,38,,,0
12019,'1191420',2137,,7844,38,,,0
12019,'1191448',808,,7845,38,,,0
12019,'1191466',1709,,7846,38,,,0
12019,'1191470',1509,,7847,38,,,0
12019,'1191522',1109,,7848,38,,,0
12019,'1191559',1409,,7849,38,,,0
12019,'1191598',1209,,7850,38,,,0
12019,'1191639',1239,,7851,38,,,0
12019,'1191674',1139,,7852,38,,,0
12019,'1191686',1339,,7853,38,,,0
12019,'1191724',1609,,7854,38,,,0
12019,'1191785',1209,,7855,38,,,0
12019,'1191790',1109,,7856,38,,,0
12019,'1191803',1309,,7857,38,,,0
12019,'1191804',1609,,7858,38,,,0
12019,'1191818',1409,,7859,38,,,0
12019,'1191855',1907,,7860,38,,,0
12019,'1191973',1139,,7861,38,,,0
12019,'1191984',2409,,7862,38,,,0
12019,'1192006',1038,,7863,38,,,0
12019,'1192018',1309,,7864,38,,,0
12019,'1192022',1937,,7865,38,,,0
12019,'1192099',838,,7866,38,,,0
12019,'1192145',1409,,7867,38,,,0
12019,'1192151',807,,7868,38,,,0
12019,'1192194',738,,7869,38,,,0
12019,'1192261',1209,,7870,38,,,0
12019,'1192280',2237,,7871,38,,,0
12019,'1192281',1339,,7872,38,,,0
12019,'1192299',809,,7873,38,,,0
12019,'1192301',1239,,7874,38,,,0
12019,'1192340',1439,,7875,38,,,0
12019,'1192366',1837,,7876,38,,,0
12019,'1192412',938,,7877,38,,,0
12019,'1192428',909,,7878,38,,,0
12019,'1192530',1539,,7879,38,,,0
12019,'1192561',2407,,7880,38,,,0
12019,'1192582',2007,,7881,38,,,0
12019,'1192611',2307,,7882,38,,,0
12019,'1192642',638,,7883,38,,,0
12019,'1193003',1609,,7884,38,,,0
12019,'1193055',1709,,7885,38,,,0
12019,'1193068',1007,,7886,38,,,0
12019,'1193119',2107,,7887,38,,,0
12019,'1193147',1109,,7888,38,,,0
12019,'1193167',1439,,7889,38,,,0
12019,'1193176',709,,7890,38,,,0
12019,'1193179',2009,,7891,38,,,0
12019,'1193229',1809,,7892,38,,,0
12019,'1193248',1309,,7893,38,,,0
12019,'1193280',2309,,7894,38,,,0
12019,'1193305',1008,,7895,38,,,0
