102019,'1184544',1631,,6194,14,,,0
102019,'1184798',2231,,6201,14,,,0
102019,'1184845',946,,6202,14,,,0
102019,'1184904',2401,,6203,14,,,0
102019,'1185093',1546,,6205,14,,,0
102019,'1185114',1801,,6206,14,,,0
102019,'1185228',1501,,6207,14,,,0
102019,'1185323',1201,,6209,14,,,0
102019,'1185453',601,,6210,14,,,0
102019,'1185693',731,,6212,14,,,0
102019,'1186046',1716,,6218,14,,,0
102019,'1186119',1416,,6219,14,,,0
102019,'1186150',816,,6220,14,,,0
102019,'1186325',1031,,6221,14,,,0
102019,'1186567',1931,,6225,14,,,0
102019,'1186658',1331,,6226,14,,,0
102019,'1186774',901,,6229,14,,,0
102019,'1186786',646,,6230,14,,,0
102019,'1186915',2101,,6232,14,,,0
