3019,'1150305',816,,311,24,,,0
3019,'1150481',1217,,313,24,,,0
3019,'1150563',817,,315,24,,,0
3019,'1150811',1816,,317,24,,,0
3019,'1150889',1117,,319,24,,,0
3019,'1151035',1417,,321,24,,,0
3019,'1151203',947,,325,24,,,0
3019,'1151213',1517,,326,24,,,0
3019,'1151256',2316,,328,24,,,0
3019,'1151321',917,,329,24,,,0
3019,'1151393',2046,,330,24,,,0
3019,'1151400',647,,331,24,,,0
3019,'1151491',1217,,332,24,,,0
3019,'1151513',1717,,334,24,,,0
3019,'1151779',1047,,339,24,,,0
3019,'1151871',2016,,343,24,,,0
3019,'1151922',2316,,344,24,,,0
3019,'1152057',1717,,347,24,,,0
3019,'1152063',1517,,348,24,,,0
3019,'1152202',2146,,350,24,,,0
3019,'1152231',1447,,351,24,,,0
3019,'1152571',847,,352,24,,,0
3019,'1152669',1816,,354,24,,,0
3019,'1153248',1946,,365,24,,,0
3019,'1153272',716,,366,24,,,0
3019,'1153282',2016,,367,24,,,0
3019,'1153300',1317,,368,24,,,0
3019,'1153438',1647,,373,24,,,0
3019,'1153604',1747,,375,24,,,0
3019,'1153670',1016,,377,24,,,0
3019,'1153676',2216,,378,24,,,0
3019,'1153785',1347,,380,24,,,0
3019,'1153853',1617,,381,24,,,0
3019,'1154020',1117,,384,24,,,0
3019,'1154065',2416,,386,24,,,0
3019,'1154163',1916,,387,24,,,0
3019,'1154275',1247,,388,24,,,0
3019,'1154394',2116,,390,24,,,0
3019,'1154423',747,,391,24,,,0
3019,'1154499',2116,,394,24,,,0
3019,'1154600',1017,,395,24,,,0
3019,'1154623',1846,,397,24,,,0
3019,'1154659',1617,,398,24,,,0
3019,'1154779',2406,,399,24,,,0
3019,'1154791',916,,400,24,,,0
3019,'1154895',1317,,402,24,,,0
3019,'1154981',1147,,403,24,,,0
3019,'1155129',1547,,404,24,,,0
3019,'1155147',717,,405,24,,,0
3019,'1155272',1916,,407,24,,,0
3019,'1155323',1417,,408,24,,,0
3019,'1155504',2216,,412,24,,,0
4019,'1150173',1408,,519,12,,,0
4019,'1150739',739,,520,12,,,0
4019,'1150908',1738,,521,12,,,0
4019,'1150956',1608,,522,12,,,0
4019,'1151139',1538,,523,12,,,0
4019,'1151875',838,,524,12,,,0
4019,'1152822',708,,525,12,,,0
4019,'1153216',1638,,526,12,,,0
4019,'1153770',1708,,527,12,,,0
4019,'1154133',808,,528,12,,,0
4019,'1154229',1338,,529,12,,,0
4019,'1154526',908,,530,12,,,0
4019,'1154911',1508,,531,12,,,0
4019,'1155331',938,,532,12,,,0
4019,'1155513',1438,,533,12,,,0
190001019,'1150167',1422,,3927,12,,,0
190001019,'1150378',1507,,3940,12,,,0
190001019,'1150412',2059,,3943,12,,,0
190001019,'1150432',1145,,3944,12,,,0
190001019,'1150455',1522,,3945,12,,,0
190001019,'1150496',1452,,3950,12,,,0
190001019,'1150557',1430,,3955,12,,,0
190001019,'1150567',1707,,3956,12,,,0
190001019,'1150623',1500,,3964,12,,,0
190001019,'1150669',2114,,3965,12,,,0
190001019,'1150671',1730,,3966,12,,,0
190001019,'1150695',1300,,3969,12,,,0
190001019,'1150743',2143,,3972,12,,,0
190001019,'1150792',728,,3977,12,,,0
190001019,'1150857',844,,3981,12,,,0
190001019,'1150903',1815,,3986,12,,,0
190001019,'1150953',814,,3989,12,,,0
190001019,'1150955',1115,,3990,12,,,0
190001019,'1150978',1400,,3991,12,,,0
190001019,'1150995',759,,3992,12,,,0
190001019,'1151072',1828,,4000,12,,,0
190001019,'1151099',2358,,4002,12,,,0
190001019,'1151128',928,,4004,12,,,0
190001019,'1151153',1552,,4008,12,,,0
190001019,'1151340',1814,,4014,12,,,0
190001019,'1151382',1030,,4016,12,,,0
190001019,'1151419',1914,,4020,12,,,0
190001019,'1151431',2258,,4021,12,,,0
190001019,'1151438',628,,4022,12,,,0
190001019,'1151519',1600,,4028,12,,,0
190001019,'1151569',1944,,4031,12,,,0
190001019,'1151650',1030,,4036,12,,,0
190001019,'1151674',1858,,4038,12,,,0
190001019,'1151688',1230,,4039,12,,,0
190001019,'1151700',1415,,4040,12,,,0
190001019,'1151776',1115,,4043,12,,,0
190001019,'1151790',1958,,4047,12,,,0
190001019,'1151826',2158,,4051,12,,,0
190001019,'1151848',1100,,4054,12,,,0
190001019,'1151893',1300,,4058,12,,,0
190001019,'1151946',2128,,4060,12,,,0
190001019,'1151966',744,,4061,12,,,0
190001019,'1151973',1145,,4062,12,,,0
190001019,'1152132',1200,,4072,12,,,0
190001019,'1152136',1315,,4073,12,,,0
190001019,'1152230',1215,,4077,12,,,0
190001019,'1152295',1615,,4084,12,,,0
190001019,'1152305',2028,,4085,12,,,0
190001019,'1152312',829,,4086,12,,,0
190001019,'1152361',2014,,4087,12,,,0
190001019,'1152368',828,,4088,12,,,0
190001019,'1152486',1652,,4094,12,,,0
190001019,'1152529',1100,,4095,12,,,0
190001019,'1152673',858,,4102,12,,,0
190001019,'1152703',1045,,4103,12,,,0
190001019,'1152726',1200,,4104,12,,,0
190001019,'1152753',658,,4106,12,,,0
190001019,'1152787',1737,,4107,12,,,0
190001019,'1152813',1844,,4109,12,,,0
190001019,'1152879',1345,,4119,12,,,0
190001019,'1152958',1722,,4126,12,,,0
190001019,'1152980',644,,4131,12,,,0
190001019,'1152987',1800,,4132,12,,,0
190001019,'1153002',1752,,4134,12,,,0
190001019,'1153044',758,,4138,12,,,0
190001019,'1153081',959,,4143,12,,,0
190001019,'1153116',1045,,4148,12,,,0
190001019,'1153184',1607,,4153,12,,,0
190001019,'1153224',2228,,4155,12,,,0
190001019,'1153249',2044,,4156,12,,,0
190001019,'1153258',1929,,4157,12,,,0
190001019,'1153260',1315,,4159,12,,,0
190001019,'1153314',659,,4164,12,,,0
190001019,'1153317',1230,,4165,12,,,0
190001019,'1153361',1959,,4167,12,,,0
190001019,'1153398',1622,,4169,12,,,0
190001019,'1153481',1715,,4173,12,,,0
190001019,'1153496',1515,,4175,12,,,0
190001019,'1153611',2258,,4181,12,,,0
190001019,'1153722',1537,,4189,12,,,0
190001019,'1153725',1245,,4190,12,,,0
190001019,'1153756',1215,,4193,12,,,0
190001019,'1153781',1437,,4199,12,,,0
190001019,'1153816',1645,,4204,12,,,0
190001019,'1153882',2058,,4206,12,,,0
190001019,'1153969',1345,,4209,12,,,0
190001019,'1154141',729,,4220,12,,,0
190001019,'1154159',1800,,4223,12,,,0
190001019,'1154180',1445,,4224,12,,,0
190001019,'1154219',2029,,4229,12,,,0
190001019,'1154273',929,,4234,12,,,0
190001019,'1154358',1013,,4243,12,,,0
190001019,'1154413',1530,,4248,12,,,0
190001019,'1154439',2328,,4250,12,,,0
190001019,'1154452',958,,4252,12,,,0
190001019,'1154708',1859,,4270,12,,,0
190001019,'1154720',2358,,4271,12,,,0
190001019,'1154801',1630,,4274,12,,,0
190001019,'1154809',714,,4275,12,,,0
190001019,'1154826',859,,4279,12,,,0
190001019,'1154831',2418,,4280,12,,,0
190001019,'1154832',1545,,4281,12,,,0
190001019,'1154885',1400,,4283,12,,,0
190001019,'1154918',914,,4285,12,,,0
190001019,'1154962',1330,,4287,12,,,0
190001019,'1154986',1637,,4293,12,,,0
190001019,'1155003',1829,,4295,12,,,0
190001019,'1155067',2228,,4299,12,,,0
190001019,'1155074',1928,,4301,12,,,0
190001019,'1155158',1130,,4310,12,,,0
190001019,'1155163',1245,,4312,12,,,0
190001019,'1155181',1745,,4313,12,,,0
190001019,'1155208',2158,,4314,12,,,0
190001019,'1155242',1330,,4316,12,,,0
190001019,'1155284',2128,,4318,12,,,0
190001019,'1155351',944,,4325,12,,,0
190001019,'1155362',1700,,4328,12,,,0
190001019,'1155407',2328,,4330,12,,,0
190001019,'1155492',1843,,4334,12,,,0
190001019,'1155509',1130,,4336,12,,,0
190001019,'1155522',1014,,4337,12,,,0
190001029,'1150129',1522,,3923,8,,,0
190001029,'1150221',1608,,3928,8,,,0
190001029,'1150261',652,,3932,8,,,0
190001029,'1150317',1822,,3934,8,,,0
190001029,'1150323',1037,,3936,8,,,0
190001029,'1150326',1322,,3937,8,,,0
190001029,'1150371',1637,,3939,8,,,0
190001029,'1150463',1907,,3946,8,,,0
190001029,'1150467',2307,,3948,8,,,0
190001029,'1150530',1937,,3951,8,,,0
190001029,'1150605',822,,3959,8,,,0
190001029,'1150700',1437,,3970,8,,,0
190001029,'1150770',1007,,3975,8,,,0
190001029,'1150865',2307,,3982,8,,,0
190001029,'1150887',1353,,3984,8,,,0
190001029,'1150891',1722,,3985,8,,,0
190001029,'1150910',2337,,3987,8,,,0
190001029,'1151015',622,,3994,8,,,0
190001029,'1151019',1638,,3995,8,,,0
190001029,'1151022',2337,,3996,8,,,0
190001029,'1151146',707,,4006,8,,,0
190001029,'1151308',1922,,4012,8,,,0
190001029,'1151334',1438,,4013,8,,,0
190001029,'1151383',2137,,4017,8,,,0
190001029,'1151399',1138,,4018,8,,,0
190001029,'1151410',1407,,4019,8,,,0
190001029,'1151450',807,,4024,8,,,0
190001029,'1151461',952,,4025,8,,,0
190001029,'1151471',1107,,4026,8,,,0
190001029,'1151532',2137,,4029,8,,,0
190001029,'1151622',1222,,4033,8,,,0
190001029,'1151649',1137,,4035,8,,,0
190001029,'1151652',1623,,4037,8,,,0
190001029,'1151755',1807,,4042,8,,,0
190001029,'1151778',837,,4044,8,,,0
190001029,'1151835',922,,4053,8,,,0
190001029,'1151851',1752,,4055,8,,,0
190001029,'1151867',1023,,4057,8,,,0
190001029,'1151941',1337,,4059,8,,,0
190001029,'1152013',2207,,4063,8,,,0
190001029,'1152049',1223,,4067,8,,,0
190001029,'1152277',1553,,4081,8,,,0
190001029,'1152292',1238,,4083,8,,,0
190001029,'1152433',1523,,4091,8,,,0
190001029,'1152611',1737,,4096,8,,,0
190001029,'1152619',952,,4098,8,,,0
190001029,'1152641',1323,,4099,8,,,0
190001029,'1152642',1422,,4100,8,,,0
190001029,'1152671',1837,,4101,8,,,0
190001029,'1152729',637,,4105,8,,,0
190001029,'1152816',752,,4110,8,,,0
190001029,'1152836',1307,,4112,8,,,0
190001029,'1152897',1308,,4120,8,,,0
190001029,'1152898',1707,,4121,8,,,0
190001029,'1152903',1453,,4122,8,,,0
190001029,'1152933',937,,4123,8,,,0
190001029,'1152946',1852,,4124,8,,,0
190001029,'1152957',1708,,4125,8,,,0
190001029,'1152979',637,,4130,8,,,0
190001029,'1153028',907,,4137,8,,,0
190001029,'1153063',1053,,4140,8,,,0
190001029,'1153069',1737,,4142,8,,,0
190001029,'1153087',1122,,4144,8,,,0
190001029,'1153094',1207,,4145,8,,,0
190001029,'1153180',2237,,4151,8,,,0
190001029,'1153259',1907,,4158,8,,,0
190001029,'1153305',1008,,4162,8,,,0
190001029,'1153328',1653,,4166,8,,,0
190001029,'1153379',2052,,4168,8,,,0
190001029,'1153468',1807,,4170,8,,,0
190001029,'1153471',1408,,4172,8,,,0
190001029,'1153535',2037,,4178,8,,,0
190001029,'1153710',1423,,4185,8,,,0
190001029,'1153717',1537,,4188,8,,,0
190001029,'1153754',2107,,4192,8,,,0
190001029,'1153759',707,,4195,8,,,0
190001029,'1153779',1052,,4198,8,,,0
190001029,'1153791',1607,,4201,8,,,0
190001029,'1153796',1038,,4203,8,,,0
190001029,'1154047',1452,,4216,8,,,0
190001029,'1154056',722,,4217,8,,,0
190001029,'1154092',1108,,4219,8,,,0
190001029,'1154144',2007,,4221,8,,,0
190001029,'1154192',2007,,4226,8,,,0
190001029,'1154194',1952,,4227,8,,,0
190001029,'1154283',852,,4236,8,,,0
190001029,'1154294',907,,4237,8,,,0
190001029,'1154319',737,,4239,8,,,0
190001029,'1154363',1252,,4244,8,,,0
190001029,'1154387',837,,4245,8,,,0
190001029,'1154428',1752,,4249,8,,,0
190001029,'1154446',1822,,4251,8,,,0
190001029,'1154457',607,,4253,8,,,0
190001029,'1154476',2207,,4255,8,,,0
190001029,'1154483',1622,,4256,8,,,0
190001029,'1154606',1123,,4259,8,,,0
190001029,'1154631',2107,,4262,8,,,0
190001029,'1154666',1152,,4267,8,,,0
190001029,'1154698',1153,,4268,8,,,0
190001029,'1154735',2122,,4272,8,,,0
190001029,'1154819',1538,,4277,8,,,0
190001029,'1154825',1022,,4278,8,,,0
190001029,'1154967',1253,,4289,8,,,0
190001029,'1154974',2357,,4291,8,,,0
190001029,'1154982',1937,,4292,8,,,0
190001029,'1155035',1723,,4297,8,,,0
190001029,'1155059',2237,,4298,8,,,0
190001029,'1155085',1208,,4302,8,,,0
190001029,'1155117',1837,,4303,8,,,0
190001029,'1155121',1652,,4304,8,,,0
190001029,'1155122',807,,4305,8,,,0
190001029,'1155134',1508,,4307,8,,,0
190001029,'1155216',1237,,4315,8,,,0
190001029,'1155287',2022,,4319,8,,,0
190001029,'1155299',1352,,4322,8,,,0
190001029,'1155348',2037,,4324,8,,,0
190001029,'1155357',1338,,4326,8,,,0
190001029,'1155358',1552,,4327,8,,,0
190001029,'1155429',937,,4332,8,,,0
190001029,'1155491',737,,4333,8,,,0
190001029,'1155499',1507,,4335,8,,,0
