101029,'1150355',915,,2916,56,,,0
101029,'1150535',1015,,2919,56,,,0
101029,'1150632',1458,,2920,56,,,0
101029,'1151005',1058,,2922,56,,,0
101029,'1151171',1815,,2924,56,,,0
101029,'1151294',815,,2925,56,,,0
101029,'1151635',2215,,2927,56,,,0
101029,'1151840',715,,2929,56,,,0
101029,'1152316',1858,,2930,56,,,0
101029,'1152666',1115,,2933,56,,,0
101029,'1152802',1718,,2934,56,,,0
101029,'1153001',2015,,2938,56,,,0
101029,'1153050',1318,,2939,56,,,0
101029,'1153195',658,,2941,56,,,0
101029,'1153306',1658,,2942,56,,,0
101029,'1153598',2258,,2945,56,,,0
101029,'1153935',1618,,2949,56,,,0
101029,'1154557',2058,,2953,56,,,0
101029,'1154632',2435,,2954,56,,,0
101029,'1154742',1418,,2955,56,,,0
101029,'1154771',858,,2956,56,,,0
101029,'1154943',1258,,2958,56,,,0
101029,'1155502',1518,,2962,56,,,0
