13019,'1184500',1325,,5121,15,,,0
13019,'1184512',1225,,5122,15,,,0
13019,'1184520',2324,,5123,15,,,0
13019,'1184594',2254,,5124,15,,,0
13019,'1184597',624,,5125,15,,,0
13019,'1184656',2224,,5126,15,,,0
13019,'1184680',2024,,5127,15,,,0
13019,'1184707',1825,,5128,15,,,0
13019,'1184739',1024,,5129,15,,,0
13019,'1184763',654,,5130,15,,,0
13019,'1184782',1025,,5131,15,,,0
13019,'1184816',754,,5132,15,,,0
13019,'1184967',1525,,5133,15,,,0
13019,'1185101',1655,,5134,15,,,0
13019,'1185148',1754,,5135,15,,,0
13019,'1185153',924,,5136,15,,,0
13019,'1185203',825,,5137,15,,,0
13019,'1185275',1625,,5138,15,,,0
13019,'1185347',2225,,5139,15,,,0
13019,'1185433',1424,,5140,15,,,0
13019,'1185449',2359,,5141,15,,,0
13019,'1185488',724,,5142,15,,,0
13019,'1185552',824,,5143,15,,,0
13019,'1185574',854,,5144,15,,,0
13019,'1185586',1125,,5145,15,,,0
13019,'1185648',1724,,5146,15,,,0
13019,'1185683',2025,,5147,15,,,0
13019,'1185762',2325,,5148,15,,,0
13019,'1185839',1425,,5150,15,,,0
13019,'1185874',2124,,5151,15,,,0
13019,'1185879',1525,,5152,15,,,0
13019,'1185882',1425,,5153,15,,,0
13019,'1185890',1725,,5154,15,,,0
13019,'1185893',1624,,5155,15,,,0
13019,'1185903',924,,5156,15,,,0
13019,'1185910',1325,,5157,15,,,0
13019,'1185915',1824,,5158,15,,,0
13019,'1185942',725,,5159,15,,,0
13019,'1185952',2054,,5160,15,,,0
13019,'1186041',2125,,5161,15,,,0
13019,'1186117',1324,,5162,15,,,0
13019,'1186127',2154,,5163,15,,,0
13019,'1186197',1124,,5164,15,,,0
13019,'1186271',1954,,5165,15,,,0
13019,'1186295',724,,5166,15,,,0
13019,'1186341',1225,,5167,15,,,0
13019,'1186370',1125,,5168,15,,,0
13019,'1186393',1524,,5169,15,,,0
13019,'1186564',1924,,5170,15,,,0
13019,'1186586',1224,,5171,15,,,0
13019,'1186730',954,,5172,15,,,0
13019,'1186805',1854,,5173,15,,,0
13019,'1186809',925,,5174,15,,,0
13019,'1186845',824,,5175,15,,,0
13019,'1186852',1725,,5176,15,,,0
13019,'1187032',1925,,5178,15,,,0
13019,'1187103',1625,,5179,15,,,0
13019,'1187170',1555,,5180,15,,,0
13019,'1187172',1455,,5181,15,,,0
13019,'1187197',1025,,5182,15,,,0
