11019,'1184526',2213,,4837,4,,,0
11019,'1184558',1113,,4838,4,,,0
11019,'1184570',843,,4839,4,,,0
11019,'1184627',1343,,4840,4,,,0
11019,'1184646',2243,,4841,4,,,0
11019,'1184679',2313,,4842,4,,,0
11019,'1184687',1713,,4843,4,,,0
11019,'1184719',1913,,4844,4,,,0
11019,'1184732',943,,4845,4,,,0
11019,'1184752',747,,4846,4,,,0
11019,'1184759',1643,,4847,4,,,0
11019,'1184769',713,,4848,4,,,0
11019,'1184814',1513,,4849,4,,,0
11019,'1184824',643,,4850,4,,,0
11019,'1184835',643,,4851,4,,,0
11019,'1184858',1043,,4852,4,,,0
11019,'1184883',1347,,4853,4,,,0
11019,'1184974',2147,,4854,4,,,0
11019,'1185068',1813,,4855,4,,,0
11019,'1185073',1213,,4856,4,,,0
11019,'1185206',1543,,4857,4,,,0
11019,'1185216',2047,,4858,4,,,0
11019,'1185225',2113,,4859,4,,,0
11019,'1185298',1643,,4860,4,,,0
11019,'1185313',1047,,4861,4,,,0
11019,'1185369',1143,,4862,4,,,0
11019,'1185409',2143,,4863,4,,,0
11019,'1185422',1043,,4864,4,,,0
11019,'1185501',1747,,4865,4,,,0
11019,'1185545',743,,4866,4,,,0
11019,'1185559',913,,4867,4,,,0
11019,'1185588',847,,4868,4,,,0
11019,'1185593',947,,4869,4,,,0
11019,'1185662',1443,,4870,4,,,0
11019,'1185690',1447,,4871,4,,,0
11019,'1185710',2343,,4872,4,,,0
11019,'1185761',1847,,4873,4,,,0
11019,'1185776',1013,,4874,4,,,0
11019,'1185795',1513,,4875,4,,,0
11019,'1185877',1147,,4876,4,,,0
11019,'1185900',1213,,4877,4,,,0
11019,'1185913',2247,,4878,4,,,0
11019,'1186010',1547,,4879,4,,,0
11019,'1186027',1243,,4880,4,,,0
11019,'1186051',843,,4881,4,,,0
11019,'1186120',1543,,4882,4,,,0
11019,'1186124',743,,4883,4,,,0
11019,'1186241',2043,,4884,4,,,0
11019,'1186252',1713,,4885,4,,,0
11019,'1186257',1443,,4886,4,,,0
11019,'1186291',943,,4887,4,,,0
11019,'1186326',1613,,4888,4,,,0
11019,'1186347',1313,,4889,4,,,0
11019,'1186375',1947,,4890,4,,,0
11019,'1186394',1247,,4891,4,,,0
11019,'1186419',1613,,4892,4,,,0
11019,'1186475',813,,4893,4,,,0
11019,'1186499',2013,,4894,4,,,0
11019,'1186523',1313,,4895,4,,,0
11019,'1186528',1843,,4896,4,,,0
11019,'1186543',1243,,4897,4,,,0
11019,'1186565',613,,4898,4,,,0
11019,'1186593',1943,,4899,4,,,0
11019,'1186600',1647,,4900,4,,,0
11019,'1186722',1343,,4901,4,,,0
11019,'1186872',1743,,4902,4,,,0
11019,'1186939',1143,,4903,4,,,0
11019,'1186960',1413,,4904,4,,,0
11019,'1187079',1743,,4905,4,,,0
11019,'1187084',2347,,4906,4,,,0
11019,'1187164',1413,,4907,4,,,0
140001019,'1184509',2208,,6549,4,,,0
140001019,'1184540',1938,,6550,4,,,0
140001019,'1184562',1628,,6551,4,,,0
140001019,'1184578',1613,,6552,4,,,0
140001019,'1184595',1558,,6553,4,,,0
140001019,'1184599',2238,,6554,4,,,0
140001019,'1184612',1838,,6555,4,,,0
140001019,'1184630',1823,,6556,4,,,0
140001019,'1184632',1157,,6557,4,,,0
140001019,'1184647',1008,,6558,4,,,0
140001019,'1184675',2108,,6559,4,,,0
140001019,'1184702',1808,,6560,4,,,0
140001019,'1184718',1108,,6561,4,,,0
140001019,'1184734',1738,,6562,4,,,0
140001019,'1184738',1153,,6563,4,,,0
140001019,'1184745',2208,,6564,4,,,0
140001019,'1184747',1957,,6565,4,,,0
140001019,'1184778',938,,6566,4,,,0
140001019,'1184790',638,,6567,4,,,0
140001019,'1184803',1353,,6568,4,,,0
140001019,'1184853',1908,,6569,4,,,0
140001019,'1184914',808,,6570,4,,,0
140001019,'1184921',723,,6571,4,,,0
140001019,'1184937',1513,,6572,4,,,0
140001019,'1184963',1138,,6573,4,,,0
140001019,'1185024',1557,,6574,4,,,0
140001019,'1185036',1338,,6575,4,,,0
140001019,'1185057',1853,,6576,4,,,0
140001019,'1185129',1743,,6577,4,,,0
140001019,'1185140',1208,,6578,4,,,0
140001019,'1185142',1553,,6579,4,,,0
140001019,'1185160',2038,,6580,4,,,0
140001019,'1185207',1823,,6581,4,,,0
140001019,'1185222',1338,,6582,4,,,0
140001019,'1185243',1053,,6583,4,,,0
140001019,'1185258',1538,,6584,4,,,0
140001019,'1185272',2357,,6585,4,,,0
140001019,'1185294',1923,,6586,4,,,0
140001019,'1185295',1453,,6587,4,,,0
140001019,'1185300',1543,,6588,4,,,0
140001019,'1185340',1257,,6589,4,,,0
140001019,'1185361',1323,,6590,4,,,0
140001019,'1185372',2008,,6591,4,,,0
140001019,'1185417',1443,,6592,4,,,0
140001019,'1185437',1523,,6593,4,,,0
140001019,'1185447',2053,,6594,4,,,0
140001019,'1185481',2108,,6595,4,,,0
140001019,'1185482',1528,,6596,4,,,0
140001019,'1185489',738,,6597,4,,,0
140001019,'1185490',653,,6598,4,,,0
140001019,'1185517',1753,,6599,4,,,0
140001019,'1185524',1808,,6600,4,,,0
140001019,'1185526',808,,6601,4,,,0
140001019,'1185529',838,,6602,4,,,0
140001019,'1185583',1023,,6603,4,,,0
140001019,'1185602',908,,6604,4,,,0
140001019,'1185685',1653,,6605,4,,,0
140001019,'1185691',2057,,6606,4,,,0
140001019,'1185692',2138,,6607,4,,,0
140001019,'1185707',1108,,6608,4,,,0
140001019,'1185713',1938,,6609,4,,,0
140001019,'1185792',1038,,6610,4,,,0
140001019,'1185801',1223,,6611,4,,,0
140001019,'1185823',2257,,6612,4,,,0
140001019,'1185833',1053,,6613,4,,,0
140001019,'1185847',953,,6614,4,,,0
140001019,'1185859',1728,,6615,4,,,0
140001019,'1185906',1708,,6616,4,,,0
140001019,'1185973',738,,6617,4,,,0
140001019,'1185983',1638,,6618,4,,,0
140001019,'1185989',1253,,6619,4,,,0
140001019,'1186033',2338,,6620,4,,,0
140001019,'1186044',1253,,6621,4,,,0
140001019,'1186064',1657,,6622,4,,,0
140001019,'1186068',708,,6623,4,,,0
140001019,'1186078',1308,,6624,4,,,0
140001019,'1186080',2308,,6625,4,,,0
140001019,'1186083',1508,,6626,4,,,0
140001019,'1186095',753,,6627,4,,,0
140001019,'1186125',2157,,6628,4,,,0
140001019,'1186144',908,,6629,4,,,0
140001019,'1186163',838,,6630,4,,,0
140001019,'1186172',1123,,6631,4,,,0
140001019,'1186175',957,,6632,4,,,0
140001019,'1186199',2408,,6633,4,,,0
140001019,'1186209',1413,,6634,4,,,0
140001019,'1186213',1238,,6635,4,,,0
140001019,'1186220',1457,,6636,4,,,0
140001019,'1186245',1308,,6637,4,,,0
140001019,'1186275',1208,,6638,4,,,0
140001019,'1186281',1623,,6639,4,,,0
140001019,'1186287',1423,,6640,4,,,0
140001019,'1186309',2023,,6641,4,,,0
140001019,'1186322',1123,,6642,4,,,0
140001019,'1186357',2238,,6643,4,,,0
140001019,'1186365',1643,,6644,4,,,0
140001019,'1186383',1057,,6645,4,,,0
140001019,'1186390',953,,6646,4,,,0
140001019,'1186402',708,,6647,4,,,0
140001019,'1186436',1023,,6648,4,,,0
140001019,'1186451',2138,,6649,4,,,0
140001019,'1186459',1238,,6650,4,,,0
140001019,'1186490',1908,,6651,4,,,0
140001019,'1186521',923,,6652,4,,,0
140001019,'1186591',1458,,6653,4,,,0
140001019,'1186644',1138,,6654,4,,,0
140001019,'1186710',638,,6655,4,,,0
140001019,'1186778',1323,,6656,4,,,0
140001019,'1186796',938,,6657,4,,,0
140001019,'1186812',1853,,6658,4,,,0
140001019,'1186825',1723,,6659,4,,,0
140001019,'1186860',857,,6660,4,,,0
140001019,'1186877',2008,,6661,4,,,0
140001019,'1186946',1038,,6662,4,,,0
140001019,'1186987',853,,6663,4,,,0
140001019,'1186991',1608,,6664,4,,,0
140001019,'1186995',1428,,6665,4,,,0
140001019,'1187006',2408,,6666,4,,,0
140001019,'1187023',1008,,6667,4,,,0
140001019,'1187024',1408,,6668,4,,,0
140001019,'1187027',1658,,6669,4,,,0
140001019,'1187043',2038,,6670,4,,,0
140001019,'1187049',2333,,6671,4,,,0
140001019,'1187052',1353,,6672,4,,,0
140001019,'1187055',1713,,6673,4,,,0
140001019,'1187062',1357,,6674,4,,,0
140001019,'1187067',757,,6675,4,,,0
140001019,'1187073',2308,,6676,4,,,0
140001019,'1187080',1953,,6677,4,,,0
140001019,'1187087',1757,,6678,4,,,0
140001019,'1187102',1223,,6679,4,,,0
140001019,'1187152',1857,,6680,4,,,0
140001019,'1187156',1438,,6681,4,,,0
140001019,'1187161',1757,,6682,4,,,0
140001019,'1187178',1838,,6683,4,,,0
140001019,'1187181',823,,6684,4,,,0
140001019,'1187193',1153,,6685,4,,,0
