3019,'1184522',1801,,4586,2,,,0
3019,'1184631',1131,,4589,2,,,0
3019,'1184649',1701,,4590,2,,,0
3019,'1184676',2351,,4591,2,,,0
3019,'1184760',1901,,4592,2,,,0
3019,'1184874',1231,,4595,2,,,0
3019,'1184909',831,,4596,2,,,0
3019,'1185421',1731,,4608,2,,,0
3019,'1185443',1631,,4609,2,,,0
3019,'1185578',2001,,4612,2,,,0
3019,'1185590',1401,,4613,2,,,0
3019,'1185597',901,,4614,2,,,0
3019,'1185658',2301,,4615,2,,,0
3019,'1185706',1331,,4617,2,,,0
3019,'1185843',931,,4619,2,,,0
3019,'1185867',1301,,4620,2,,,0
3019,'1185927',1431,,4623,2,,,0
3019,'1185935',2201,,4624,2,,,0
3019,'1185979',1501,,4626,2,,,0
3019,'1186113',1031,,4627,2,,,0
3019,'1186177',631,,4628,2,,,0
3019,'1186216',1001,,4629,2,,,0
3019,'1186304',801,,4630,2,,,0
3019,'1186501',1531,,4633,2,,,0
3019,'1186516',2101,,4635,2,,,0
3019,'1186518',731,,4636,2,,,0
3019,'1186762',1201,,4642,2,,,0
3019,'1186821',1101,,4644,2,,,0
3019,'1186894',701,,4650,2,,,0
3019,'1187174',1601,,4652,2,,,0
3029,'1184601',2150,,4654,30,,,0
3029,'1184610',1424,,4655,30,,,0
3029,'1184694',752,,4658,30,,,0
3029,'1184700',1022,,4659,30,,,0
3029,'1184950',1724,,4665,30,,,0
3029,'1185088',1052,,4669,30,,,0
3029,'1185097',1950,,4670,30,,,0
3029,'1185208',922,,4672,30,,,0
3029,'1185267',1154,,4676,30,,,0
3029,'1185635',822,,4682,30,,,0
3029,'1185703',652,,4683,30,,,0
3029,'1185734',2346,,4684,30,,,0
3029,'1185742',2250,,4685,30,,,0
3029,'1185753',722,,4686,30,,,0
3029,'1185782',1624,,4687,30,,,0
3029,'1186038',1654,,4689,30,,,0
3029,'1186084',1122,,4691,30,,,0
3029,'1186099',1454,,4692,30,,,0
3029,'1186101',1524,,4693,30,,,0
3029,'1186260',952,,4699,30,,,0
3029,'1186437',1554,,4702,30,,,0
3029,'1186578',1824,,4705,30,,,0
3029,'1186659',1850,,4708,30,,,0
3029,'1186686',1324,,4709,30,,,0
3029,'1186714',1254,,4710,30,,,0
3029,'1186807',1224,,4713,30,,,0
3029,'1186848',2050,,4714,30,,,0
3029,'1186943',852,,4715,30,,,0
3029,'1187014',1754,,4716,30,,,0
3029,'1187130',1354,,4717,30,,,0
10019,'1184691',1403,,4721,38,,,0
10019,'1184710',2131,,4722,38,,,0
10019,'1184932',1303,,4726,38,,,0
10019,'1185103',2231,,4729,38,,,0
10019,'1185108',1103,,4730,38,,,0
10019,'1185124',1931,,4731,38,,,0
10019,'1185169',1831,,4734,38,,,0
10019,'1185191',1601,,4735,38,,,0
10019,'1185284',832,,4737,38,,,0
10019,'1185473',1532,,4740,38,,,0
10019,'1185618',1701,,4745,38,,,0
10019,'1185672',702,,4747,38,,,0
10019,'1185811',1631,,4751,38,,,0
10019,'1185902',1503,,4753,38,,,0
10019,'1186039',902,,4754,38,,,0
10019,'1186042',1731,,4755,38,,,0
10019,'1186096',2031,,4757,38,,,0
10019,'1186123',1002,,4758,38,,,0
10019,'1186300',732,,4763,38,,,0
10019,'1186511',932,,4766,38,,,0
10019,'1186560',1801,,4768,38,,,0
10019,'1186575',632,,4769,38,,,0
10019,'1186626',2331,,4770,38,,,0
10019,'1186729',1203,,4772,38,,,0
10019,'1187036',802,,4775,38,,,0
13029,'1184622',1508,,5183,27,,,0
13029,'1184913',1208,,5187,27,,,0
13029,'1185007',1738,,5191,27,,,0
13029,'1185049',2135,,5192,27,,,0
13029,'1185060',2335,,5193,27,,,0
13029,'1185250',705,,5197,27,,,0
13029,'1185377',1308,,5200,27,,,0
13029,'1185394',805,,5201,27,,,0
13029,'1185484',936,,5203,27,,,0
13029,'1185580',1808,,5205,27,,,0
13029,'1185937',1708,,5210,27,,,0
13029,'1185958',835,,5211,27,,,0
13029,'1185992',2235,,5212,27,,,0
13029,'1186268',1935,,5216,27,,,0
13029,'1186340',2035,,5218,27,,,0
13029,'1186403',1035,,5219,27,,,0
13029,'1186434',1408,,5220,27,,,0
13029,'1186504',735,,5222,27,,,0
13029,'1186525',1109,,5223,27,,,0
13029,'1186673',1835,,5224,27,,,0
13029,'1186687',635,,5225,27,,,0
13029,'1186818',1006,,5227,27,,,0
13029,'1186830',1539,,5228,28,,,0
13029,'1186955',1608,,5235,27,,,0
13029,'1186976',906,,5236,27,,,0
13029,'1187030',1638,,5239,27,,,0
14019,'1184716',1609,,5245,47,,,0
14019,'1184750',1539,,5248,47,,,0
14019,'1184836',2037,,5249,47,,,0
14019,'1184987',1709,,5251,47,,,0
14019,'1185168',1809,,5255,47,,,0
14019,'1185211',937,,5256,47,,,0
14019,'1185255',907,,5257,47,,,0
14019,'1185335',2337,,5260,47,,,0
14019,'1185505',707,,5262,47,,,0
14019,'1185624',1209,,5266,47,,,0
14019,'1185808',1837,,5269,47,,,0
14019,'1185845',737,,5270,47,,,0
14019,'1185852',1509,,5271,47,,,0
14019,'1186014',1639,,5273,47,,,0
14019,'1186156',1409,,5277,47,,,0
14019,'1186173',1937,,5279,47,,,0
14019,'1186421',807,,5288,47,,,0
14019,'1186443',2137,,5289,47,,,0
14019,'1186532',837,,5292,47,,,0
14019,'1186609',1739,,5295,47,,,0
14019,'1186632',1109,,5296,47,,,0
14019,'1186671',2237,,5298,47,,,0
14019,'1186767',1309,,5299,47,,,0
14019,'1187071',1007,,5301,47,,,0
14029,'1184744',716,,5304,2,,,0
14029,'1184869',616,,5306,2,,,0
14029,'1184981',1646,,5310,2,,,0
14029,'1184993',1716,,5311,2,,,0
14029,'1185190',1946,,5312,2,,,0
14029,'1185265',816,,5314,2,,,0
14029,'1185322',1416,,5317,2,,,0
14029,'1185408',1446,,5319,2,,,0
14029,'1185491',1616,,5322,2,,,0
14029,'1185568',1516,,5325,2,,,0
14029,'1185828',2246,,5328,2,,,0
14029,'1185866',2351,,5330,2,,,0
14029,'1186118',646,,5334,2,,,0
14029,'1186154',916,,5335,2,,,0
14029,'1186312',2146,,5336,2,,,0
14029,'1186319',1546,,5337,2,,,0
14029,'1186327',1316,,5338,2,,,0
14029,'1186377',1216,,5340,2,,,0
14029,'1186418',1016,,5341,2,,,0
14029,'1186771',746,,5348,2,,,0
14029,'1186908',846,,5353,2,,,0
14029,'1186971',2046,,5355,2,,,0
14029,'1187063',1746,,5357,2,,,0
14029,'1187137',1846,,5360,2,,,0
14029,'1187192',1116,,5361,2,,,0
26029,'1184587',1255,,5812,20,,,0
26029,'1184730',2024,,5815,20,,,0
26029,'1184884',925,,5817,20,,,0
26029,'1184890',825,,5818,20,,,0
26029,'1184923',1355,,5819,20,,,0
26029,'1185261',1725,,5825,20,,,0
26029,'1185279',1525,,5826,20,,,0
26029,'1185365',625,,5827,20,,,0
26029,'1185507',2324,,5831,20,,,0
26029,'1185525',1924,,5832,20,,,0
26029,'1185621',2124,,5835,20,,,0
26029,'1185697',1825,,5837,20,,,0
26029,'1185769',2224,,5838,20,,,0
26029,'1185849',725,,5841,20,,,0
26029,'1185956',1455,,5842,20,,,0
26029,'1186441',1626,,5848,20,,,0
26029,'1186684',1155,,5854,20,,,0
26029,'1186884',1055,,5856,20,,,0
26029,'1186941',1025,,5857,20,,,0
