3029,'1150202',2017,,417,24,,,0
3029,'1150338',1048,,419,24,,,0
3029,'1150614',648,,422,24,,,0
3029,'1150985',1049,,425,24,,,0
3029,'1151183',1847,,429,24,,,0
3029,'1151192',1650,,430,24,,,0
3029,'1151504',1650,,432,24,,,0
3029,'1151640',1750,,435,24,,,0
3029,'1151683',1520,,437,24,,,0
3029,'1151731',1947,,438,24,,,0
3029,'1151876',2047,,442,24,,,0
3029,'1151984',819,,445,24,,,0
3029,'1152000',1150,,447,24,,,0
3029,'1152164',2248,,450,24,,,0
3029,'1152335',749,,453,24,,,0
3029,'1152374',2247,,454,24,,,0
3029,'1152494',1320,,459,24,,,0
3029,'1152784',919,,463,24,,,0
3029,'1152803',1220,,464,24,,,0
3029,'1152828',1550,,465,24,,,0
3029,'1152863',1019,,466,24,,,0
3029,'1152936',1250,,467,24,,,0
3029,'1153075',1350,,470,24,,,0
3029,'1153143',1720,,473,24,,,0
3029,'1153218',848,,474,24,,,0
3029,'1153269',1820,,475,24,,,0
3029,'1153277',2148,,476,24,,,0
3029,'1153325',948,,477,24,,,0
3029,'1153346',1350,,478,24,,,0
3029,'1153473',1620,,480,24,,,0
3029,'1153476',719,,481,24,,,0
3029,'1153644',1250,,482,24,,,0
3029,'1153678',1848,,483,24,,,0
3029,'1153903',2348,,485,24,,,0
3029,'1153992',1917,,487,24,,,0
3029,'1154123',1948,,491,24,,,0
3029,'1154264',748,,495,24,,,0
3029,'1154368',1450,,497,24,,,0
3029,'1154445',849,,498,24,,,0
3029,'1154525',2048,,500,24,,,0
3029,'1154677',2117,,502,24,,,0
3029,'1154694',1150,,503,24,,,0
3029,'1154731',1119,,504,24,,,0
3029,'1154736',2217,,505,24,,,0
3029,'1154807',649,,506,24,,,0
3029,'1154840',2344,,508,24,,,0
3029,'1155071',1550,,511,24,,,0
3029,'1155137',1420,,512,24,,,0
3029,'1155140',1450,,513,24,,,0
3029,'1155180',949,,514,24,,,0
3029,'1155345',2147,,516,24,,,0
3029,'1155451',1750,,518,24,,,0
