190001019,'1184477',727,,6823,9,,,0
190001019,'1184538',1112,,6825,9,,,0
190001019,'1184623',712,,6827,9,,,0
190001019,'1184686',2156,,6832,9,,,0
190001019,'1184712',927,,6834,9,,,0
190001019,'1184722',657,,6835,9,,,0
190001019,'1184775',1227,,6836,9,,,0
190001019,'1184812',1357,,6838,9,,,0
190001019,'1184841',1956,,6840,9,,,0
190001019,'1184844',757,,6841,9,,,0
190001019,'1184915',1533,,6846,9,,,0
190001019,'1184930',1433,,6847,9,,,0
190001019,'1185008',812,,6848,9,,,0
190001019,'1185052',1312,,6850,9,,,0
190001019,'1185077',2011,,6853,9,,,0
190001019,'1185090',842,,6854,9,,,0
190001019,'1185150',1748,,6855,9,,,0
190001019,'1185161',1733,,6856,9,,,0
190001019,'1185178',1926,,6857,9,,,0
190001019,'1185194',2356,,6858,9,,,0
190001019,'1185221',2056,,6859,9,,,0
190001019,'1185231',1648,,6860,9,,,0
190001019,'1185343',1603,,6864,9,,,0
190001019,'1185352',1911,,6865,9,,,0
190001019,'1185392',942,,6867,9,,,0
190001019,'1185448',912,,6868,9,,,0
190001019,'1185479',1503,,6869,9,,,0
190001019,'1185532',957,,6872,9,,,0
190001019,'1185537',2416,,6873,9,,,0
190001019,'1185572',1633,,6875,9,,,0
190001019,'1185600',2326,,6877,9,,,0
190001019,'1185605',1718,,6878,9,,,0
190001019,'1185609',2026,,6879,9,,,0
190001019,'1185645',2141,,6882,9,,,0
190001019,'1185667',1157,,6884,9,,,0
190001019,'1185709',1703,,6886,9,,,0
190001019,'1185796',1548,,6891,9,,,0
190001019,'1185810',1027,,6892,9,,,0
190001019,'1185883',642,,6895,9,,,0
190001019,'1185950',857,,6898,9,,,0
190001019,'1186040',1242,,6902,9,,,0
190001019,'1186058',2111,,6903,9,,,0
190001019,'1186059',1811,,6904,9,,,0
190001019,'1186110',1257,,6907,9,,,0
190001019,'1186115',1057,,6908,9,,,0
190001019,'1186141',1418,,6911,9,,,0
190001019,'1186145',1856,,6912,9,,,0
190001019,'1186149',1142,,6913,9,,,0
190001019,'1186229',1127,,6918,9,,,0
190001019,'1186272',1941,,6922,9,,,0
190001019,'1186285',2041,,6923,9,,,0
190001019,'1186294',1618,,6924,9,,,0
190001019,'1186371',827,,6929,9,,,0
190001019,'1186413',2226,,6931,9,,,0
190001019,'1186619',1841,,6936,9,,,0
190001019,'1186635',742,,6937,9,,,0
190001019,'1186646',1757,,6938,9,,,0
190001019,'1186716',1212,,6939,9,,,0
190001019,'1186726',1042,,6940,9,,,0
190001019,'1186788',2126,,6943,9,,,0
190001019,'1186873',1342,,6946,9,,,0
190001019,'1186969',1826,,6948,9,,,0
190001019,'1187081',1012,,6954,9,,,0
190001019,'1187092',1518,,6955,9,,,0
190001019,'1187150',2256,,6957,9,,,0
190001019,'1187182',1448,,6959,9,,,0
190001019,'1187190',1327,,6960,9,,,0
