14019,'1184716',1550,,5245,13,,,0
14019,'1184729',1250,,5246,13,,,0
14019,'1184750',1520,,5248,13,,,0
14019,'1184836',2019,,5249,13,,,0
14019,'1184848',1650,,5250,13,,,0
14019,'1184987',1650,,5251,13,,,0
14019,'1185080',1550,,5252,13,,,0
14019,'1185130',1050,,5253,13,,,0
14019,'1185168',1750,,5255,13,,,0
14019,'1185211',919,,5256,13,,,0
14019,'1185255',849,,5257,13,,,0
14019,'1185335',2319,,5260,13,,,0
14019,'1185474',2148,,5261,13,,,0
14019,'1185505',649,,5262,13,,,0
14019,'1185610',648,,5264,13,,,0
14019,'1185620',1948,,5265,13,,,0
14019,'1185624',1150,,5266,13,,,0
14019,'1185659',848,,5267,13,,,0
14019,'1185808',1819,,5269,13,,,0
14019,'1185845',719,,5270,13,,,0
14019,'1185852',1450,,5271,13,,,0
14019,'1186014',1620,,5273,13,,,0
14019,'1186071',1848,,5275,13,,,0
14019,'1186156',1350,,5277,13,,,0
14019,'1186165',1350,,5278,13,,,0
14019,'1186173',1919,,5279,13,,,0
14019,'1186180',2348,,5280,13,,,0
14019,'1186195',2048,,5281,13,,,0
14019,'1186256',748,,5284,13,,,0
14019,'1186333',1150,,5285,13,,,0
14019,'1186421',749,,5288,13,,,0
14019,'1186443',2119,,5289,13,,,0
14019,'1186444',1750,,5290,13,,,0
14019,'1186532',819,,5292,13,,,0
14019,'1186537',1450,,5293,13,,,0
14019,'1186609',1720,,5295,13,,,0
14019,'1186632',1050,,5296,13,,,0
14019,'1186657',948,,5297,13,,,0
14019,'1186671',2219,,5298,13,,,0
14019,'1186767',1250,,5299,13,,,0
14019,'1187071',949,,5301,13,,,0
14019,'1187144',2248,,5302,13,,,0
