22019,'1150441',1418,,1811,19,,,0
22019,'1150800',1018,,1812,19,,,0
22019,'1151346',1248,,1813,19,,,0
22019,'1152264',1818,,1814,19,,,0
22019,'1152425',1448,,1815,19,,,0
22019,'1152695',1818,,1816,19,,,0
22019,'1152712',1618,,1817,19,,,0
22019,'1152891',1048,,1818,19,,,0
22019,'1153159',1618,,1819,19,,,0
22019,'1153570',1218,,1820,19,,,0
22019,'1154152',1218,,1821,19,,,0
22019,'1154488',818,,1822,19,,,0
22019,'1154626',848,,1823,19,,,0
22019,'1154882',818,,1824,19,,,0
22019,'1155378',1018,,1825,19,,,0
22019,'1155508',1418,,1826,19,,,0
