101019,'1150144',1520,,2867,18,,,0
101019,'1150380',1042,,2869,18,,,0
101019,'1150746',1920,,2873,18,,,0
101019,'1150862',2120,,2874,18,,,0
101019,'1150954',542,,2875,18,,,0
101019,'1150998',1344,,2876,18,,,0
101019,'1151001',720,,2877,18,,,0
101019,'1151295',1744,,2880,18,,,0
101019,'1151359',742,,2881,18,,,0
101019,'1151610',1142,,2883,18,,,0
101019,'1151994',1720,,2886,18,,,0
101019,'1152080',1644,,2887,18,,,0
101019,'1152371',1544,,2888,18,,,0
101019,'1152676',842,,2890,18,,,0
101019,'1152765',2041,,2891,18,,,0
101019,'1152944',2320,,2893,18,,,0
101019,'1153556',2242,,2899,18,,,0
101019,'1153641',1120,,2900,18,,,0
101019,'1153864',1320,,2903,18,,,0
101019,'1154431',1444,,2908,18,,,0
101019,'1154552',1842,,2909,18,,,0
101019,'1155432',920,,2913,18,,,0
101019,'1155460',942,,2914,18,,,0
101029,'1150355',908,,2916,47,,,0
101029,'1150535',1008,,2919,47,,,0
101029,'1150632',1451,,2920,47,,,0
101029,'1151005',1051,,2922,47,,,0
101029,'1151171',1808,,2924,47,,,0
101029,'1151294',808,,2925,47,,,0
101029,'1151635',2208,,2927,47,,,0
101029,'1151840',708,,2929,47,,,0
101029,'1152316',1851,,2930,47,,,0
101029,'1152666',1108,,2933,47,,,0
101029,'1152802',1710,,2934,47,,,0
101029,'1153001',2008,,2938,47,,,0
101029,'1153050',1310,,2939,47,,,0
101029,'1153195',651,,2941,47,,,0
101029,'1153306',1651,,2942,47,,,0
101029,'1153598',2251,,2945,47,,,0
101029,'1153935',1610,,2949,47,,,0
101029,'1154557',2051,,2953,47,,,0
101029,'1154632',2428,,2954,47,,,0
101029,'1154742',1410,,2955,47,,,0
101029,'1154771',851,,2956,47,,,0
101029,'1154943',1251,,2958,47,,,0
101029,'1155502',1510,,2962,47,,,0
