105029,'1184521',1813,,6491,66,,,0
105029,'1184537',1343,,6492,66,,,0
105029,'1184580',925,,6493,66,,,0
105029,'1184670',1558,,6494,66,,,0
105029,'1184808',2325,,6496,66,,,0
105029,'1184833',1028,,6497,66,,,0
105029,'1184834',2430,,6498,66,,,0
105029,'1184863',1243,,6499,66,,,0
105029,'1185104',1740,,6500,66,,,0
105029,'1185135',725,,6501,66,,,0
105029,'1185184',1340,,6502,66,,,0
105029,'1185215',1640,,6503,66,,,0
105029,'1185332',1855,,6505,66,,,0
105029,'1185350',2025,,6506,66,,,0
105029,'1185359',2225,,6507,66,,,0
105029,'1185398',1040,,6508,66,,,0
105029,'1185412',838,,6509,66,,,0
105029,'1185440',1643,,6510,66,,,0
105029,'1185523',1440,,6511,66,,,0
105029,'1185668',755,,6513,66,,,0
105029,'1185827',2125,,6515,66,,,0
105029,'1185938',1458,,6516,66,,,0
105029,'1186005',1713,,6517,66,,,0
105029,'1186007',638,,6518,66,,,0
105029,'1186279',1528,,6519,66,,,0
105029,'1186282',1428,,6520,66,,,0
105029,'1186299',1540,,6521,66,,,0
105029,'1186335',2438,,6522,66,,,0
105029,'1186387',1140,,6524,66,,,0
105029,'1186470',1128,,6525,66,,,0
105029,'1186485',2238,,6526,66,,,0
105029,'1186740',1240,,6530,66,,,0
105029,'1186861',655,,6531,66,,,0
105029,'1186874',1743,,6532,66,,,0
105029,'1186924',1840,,6533,66,,,0
105029,'1187005',825,,6534,66,,,0
105029,'1187132',2038,,6536,66,,,0
