10019,'1184691',1358,,4721,33,,,0
10019,'1184710',2127,,4722,33,,,0
10019,'1184932',1258,,4726,33,,,0
10019,'1185103',2227,,4729,33,,,0
10019,'1185108',1058,,4730,33,,,0
10019,'1185124',1927,,4731,33,,,0
10019,'1185169',1827,,4734,33,,,0
10019,'1185191',1557,,4735,33,,,0
10019,'1185284',827,,4737,33,,,0
10019,'1185473',1528,,4740,33,,,0
10019,'1185618',1657,,4745,33,,,0
10019,'1185672',658,,4747,33,,,0
10019,'1185811',1627,,4751,33,,,0
10019,'1185902',1458,,4753,33,,,0
10019,'1186039',857,,4754,33,,,0
10019,'1186042',1727,,4755,33,,,0
10019,'1186096',2027,,4757,33,,,0
10019,'1186123',957,,4758,33,,,0
10019,'1186300',727,,4763,33,,,0
10019,'1186511',927,,4766,33,,,0
10019,'1186560',1757,,4768,33,,,0
10019,'1186575',628,,4769,33,,,0
10019,'1186626',2327,,4770,33,,,0
10019,'1186729',1158,,4772,33,,,0
10019,'1187036',757,,4775,33,,,0
