28019,'1184531',1814,,5965,14,,,0
28019,'1184536',744,,5966,14,,,0
28019,'1184590',844,,5968,14,,,0
28019,'1184806',1414,,5969,14,,,0
28019,'1185009',1744,,5973,14,,,0
28019,'1185083',1314,,5974,14,,,0
28019,'1185095',1614,,5976,14,,,0
28019,'1185229',1014,,5979,14,,,0
28019,'1185263',2114,,5981,14,,,0
28019,'1185469',1914,,5984,14,,,0
28019,'1185615',2214,,5986,14,,,0
28019,'1185768',644,,5988,14,,,0
28019,'1185787',1514,,5989,14,,,0
28019,'1185880',2014,,5993,14,,,0
28019,'1185920',2314,,5994,14,,,0
28019,'1186085',1114,,5997,14,,,0
28019,'1186130',1214,,5998,14,,,0
28019,'1186293',814,,6002,14,,,0
28019,'1186574',614,,6009,14,,,0
28019,'1186585',1714,,6010,14,,,0
28019,'1186743',1644,,6012,14,,,0
28019,'1186761',1844,,6015,14,,,0
28019,'1186844',914,,6017,14,,,0
28019,'1187017',714,,6020,14,,,0
