29029,'1190887',1256,,8953,12,,,0
29029,'1191032',1541,,8954,12,,,0
29029,'1191529',1241,,8955,12,,,0
29029,'1191760',840,,8956,12,,,0
29029,'1191762',740,,8957,12,,,0
29029,'1192140',1741,,8958,12,,,0
29029,'1192153',1456,,8959,12,,,0
29029,'1192199',1141,,8960,12,,,0
29029,'1192213',1041,,8961,12,,,0
29029,'1192256',1056,,8962,12,,,0
29029,'1192344',1341,,8963,12,,,0
29029,'1192543',2040,,8964,12,,,0
29029,'1192576',1156,,8965,12,,,0
29029,'1192590',940,,8966,12,,,0
29029,'1192605',2240,,8967,12,,,0
29029,'1192667',1940,,8968,12,,,0
29029,'1192696',2340,,8969,12,,,0
29029,'1192723',2140,,8970,12,,,0
29029,'1192731',1556,,8971,12,,,0
29029,'1192838',1840,,8972,12,,,0
29029,'1192841',1356,,8973,12,,,0
29029,'1192851',1641,,8974,12,,,0
29029,'1192881',956,,8975,12,,,0
29029,'1193079',1441,,8976,12,,,0
