14019,'1184480',1955,,5244,30,,,0
14019,'1184716',1559,,5245,30,,,0
14019,'1184729',1259,,5246,30,,,0
14019,'1184749',2055,,5247,30,,,0
14019,'1184750',1529,,5248,30,,,0
14019,'1184836',2027,,5249,30,,,0
14019,'1184848',1659,,5250,30,,,0
14019,'1184987',1659,,5251,30,,,0
14019,'1185080',1559,,5252,30,,,0
14019,'1185130',1059,,5253,30,,,0
14019,'1185154',2355,,5254,30,,,0
14019,'1185168',1759,,5255,30,,,0
14019,'1185211',927,,5256,30,,,0
14019,'1185255',857,,5257,30,,,0
14019,'1185270',1255,,5258,30,,,0
14019,'1185290',1155,,5259,30,,,0
14019,'1185335',2327,,5260,30,,,0
14019,'1185474',2156,,5261,30,,,0
14019,'1185505',657,,5262,30,,,0
14019,'1185557',755,,5263,30,,,0
14019,'1185610',656,,5264,30,,,0
14019,'1185620',1956,,5265,30,,,0
14019,'1185624',1159,,5266,30,,,0
14019,'1185659',856,,5267,30,,,0
14019,'1185779',955,,5268,30,,,0
14019,'1185808',1827,,5269,30,,,0
14019,'1185845',727,,5270,30,,,0
14019,'1185852',1459,,5271,30,,,0
14019,'1186003',1355,,5272,30,,,0
14019,'1186014',1629,,5273,30,,,0
14019,'1186066',1055,,5274,30,,,0
14019,'1186071',1856,,5275,30,,,0
14019,'1186097',2255,,5276,30,,,0
14019,'1186156',1359,,5277,30,,,0
14019,'1186165',1359,,5278,30,,,0
14019,'1186173',1927,,5279,30,,,0
14019,'1186180',2356,,5280,30,,,0
14019,'1186195',2056,,5281,30,,,0
14019,'1186226',1855,,5282,30,,,0
14019,'1186243',1755,,5283,30,,,0
14019,'1186256',756,,5284,30,,,0
14019,'1186333',1159,,5285,30,,,0
14019,'1186334',855,,5286,30,,,0
14019,'1186410',1455,,5287,30,,,0
14019,'1186421',757,,5288,30,,,0
14019,'1186443',2127,,5289,30,,,0
14019,'1186444',1759,,5290,30,,,0
14019,'1186462',1655,,5291,30,,,0
14019,'1186532',827,,5292,30,,,0
14019,'1186537',1459,,5293,30,,,0
14019,'1186584',2155,,5294,30,,,0
14019,'1186609',1729,,5295,30,,,0
14019,'1186632',1059,,5296,30,,,0
14019,'1186657',956,,5297,30,,,0
14019,'1186671',2227,,5298,30,,,0
14019,'1186767',1259,,5299,30,,,0
14019,'1187058',1555,,5300,30,,,0
14019,'1187071',957,,5301,30,,,0
14019,'1187144',2256,,5302,30,,,0
