10029,'1184529',1611,,4778,46,,,0
10029,'1184533',2241,,4779,46,,,0
10029,'1184556',1241,,4781,46,,,0
10029,'1184564',1641,,4782,46,,,0
10029,'1184573',1141,,4783,46,,,0
10029,'1184797',1041,,4786,46,,,0
10029,'1184859',1341,,4787,46,,,0
10029,'1184943',741,,4788,46,,,0
10029,'1185045',2341,,4792,46,,,0
10029,'1185131',1841,,4793,46,,,0
10029,'1185170',741,,4794,46,,,0
10029,'1185175',2011,,4795,46,,,0
10029,'1185177',941,,4796,46,,,0
10029,'1185497',841,,4798,46,,,0
10029,'1185531',1741,,4799,46,,,0
10029,'1185542',2416,,4800,46,,,0
10029,'1185576',1141,,4801,46,,,0
10029,'1185616',1711,,4802,46,,,0
10029,'1185656',911,,4803,46,,,0
10029,'1185755',1641,,4805,46,,,0
10029,'1185786',811,,4807,46,,,0
10029,'1185809',2311,,4808,46,,,0
10029,'1185856',641,,4809,46,,,0
10029,'1186049',1741,,4812,46,,,0
10029,'1186157',1511,,4814,46,,,0
10029,'1186205',1341,,4815,46,,,0
10029,'1186237',2041,,4816,46,,,0
10029,'1186261',1811,,4817,46,,,0
10029,'1186406',1941,,4818,46,,,0
10029,'1186450',1541,,4819,46,,,0
10029,'1186478',1041,,4820,46,,,0
10029,'1186481',1541,,4821,46,,,0
10029,'1186548',2111,,4822,46,,,0
10029,'1186573',1911,,4824,46,,,0
10029,'1186648',1441,,4826,46,,,0
10029,'1186649',941,,4827,46,,,0
10029,'1186655',1241,,4828,46,,,0
10029,'1186719',711,,4830,46,,,0
10029,'1186827',841,,4831,46,,,0
10029,'1186869',1441,,4832,46,,,0
10029,'1186902',2141,,4833,46,,,0
10029,'1187133',2211,,4836,46,,,0
