22019,'1150441',1420,,1811,22,,,0
22019,'1150800',1020,,1812,22,,,0
22019,'1151346',1250,,1813,22,,,0
22019,'1152264',1820,,1814,22,,,0
22019,'1152425',1450,,1815,22,,,0
22019,'1152695',1820,,1816,22,,,0
22019,'1152712',1620,,1817,22,,,0
22019,'1152891',1050,,1818,22,,,0
22019,'1153159',1620,,1819,22,,,0
22019,'1153570',1220,,1820,22,,,0
22019,'1154152',1220,,1821,22,,,0
22019,'1154488',820,,1822,22,,,0
22019,'1154626',850,,1823,22,,,0
22019,'1154882',820,,1824,22,,,0
22019,'1155378',1020,,1825,22,,,0
22019,'1155508',1420,,1826,22,,,0
