24019,'1150105',814,,1871,19,,,0
24019,'1150252',1316,,1872,19,,,0
24019,'1150297',1714,,1873,19,,,0
24019,'1150370',1746,,1876,19,,,0
24019,'1150419',1814,,1877,19,,,0
24019,'1150426',1216,,1878,19,,,0
24019,'1150718',2244,,1885,19,,,0
24019,'1150819',2044,,1887,19,,,0
24019,'1151157',2314,,1890,19,,,0
24019,'1151201',1844,,1891,19,,,0
24019,'1151268',1315,,1893,19,,,0
24019,'1151299',1914,,1894,19,,,0
24019,'1151600',1014,,1897,19,,,0
24019,'1151675',1115,,1898,19,,,0
24019,'1151788',2014,,1901,19,,,0
24019,'1151937',1546,,1903,19,,,0
24019,'1152096',2114,,1907,19,,,0
24019,'1152175',1646,,1908,19,,,0
24019,'1152438',713,,1911,19,,,0
24019,'1152463',1516,,1913,19,,,0
24019,'1152569',1515,,1915,19,,,0
24019,'1152830',814,,1917,19,,,0
24019,'1153165',1415,,1922,19,,,0
24019,'1153232',1716,,1924,19,,,0
24019,'1153313',644,,1926,19,,,0
24019,'1153329',1416,,1927,19,,,0
24019,'1153504',1215,,1929,19,,,0
24019,'1153783',744,,1934,19,,,0
24019,'1153981',2144,,1941,19,,,0
24019,'1154057',2214,,1943,19,,,0
24019,'1154255',944,,1944,19,,,0
24019,'1154332',613,,1945,19,,,0
24019,'1154432',1446,,1946,19,,,0
24019,'1154504',1015,,1947,19,,,0
24019,'1154528',914,,1949,19,,,0
24019,'1154718',714,,1952,19,,,0
24019,'1154886',1616,,1953,19,,,0
24019,'1154890',1944,,1954,19,,,0
24019,'1154891',915,,1955,19,,,0
24019,'1155021',2404,,1956,19,,,0
24019,'1155162',1614,,1959,19,,,0
24019,'1155258',844,,1962,19,,,0
24019,'1155344',1116,,1965,19,,,0
105029,'1150199',1952,,3422,10,,,0
105029,'1150361',622,,3424,10,,,0
105029,'1150640',1208,,3425,10,,,0
105029,'1150831',1607,,3427,10,,,0
105029,'1150967',1707,,3428,10,,,0
105029,'1151263',1708,,3431,10,,,0
105029,'1151286',2152,,3432,10,,,0
105029,'1151500',1423,,3433,10,,,0
105029,'1151551',606,,3434,10,,,0
105029,'1151563',1822,,3435,10,,,0
105029,'1151643',1807,,3437,10,,,0
105029,'1151929',806,,3440,10,,,0
105029,'1152027',1308,,3442,10,,,0
105029,'1152064',1738,,3445,10,,,0
105029,'1152144',2357,,3447,10,,,0
105029,'1152244',2206,,3449,10,,,0
105029,'1152289',1007,,3450,10,,,0
105029,'1152606',1507,,3454,10,,,0
105029,'1152997',1307,,3457,10,,,0
105029,'1153205',2006,,3458,10,,,0
105029,'1153333',1407,,3459,10,,,0
105029,'1153409',1107,,3461,10,,,0
105029,'1153442',2252,,3464,10,,,0
105029,'1153503',953,,3465,10,,,0
105029,'1153624',1353,,3467,10,,,0
105029,'1153688',1638,,3468,10,,,0
105029,'1154104',1523,,3474,10,,,0
105029,'1154267',752,,3476,10,,,0
105029,'1154372',2052,,3477,10,,,0
105029,'1154485',652,,3479,10,,,0
105029,'1154581',2406,,3481,10,,,0
105029,'1154663',1608,,3482,10,,,0
105029,'1154768',1453,,3486,10,,,0
105029,'1154987',1053,,3487,10,,,0
105029,'1155078',852,,3488,10,,,0
105029,'1155257',1207,,3489,10,,,0
105029,'1155338',722,,3490,10,,,0
106019,'1151884',1538,,3491,10,,,0
106019,'1152474',937,,3492,10,,,0
106019,'1152524',822,,3493,10,,,0
106019,'1152767',707,,3494,10,,,0
106019,'1154013',1808,,3495,10,,,0
106019,'1155307',1653,,3496,10,,,0
140001029,'1150107',721,,3712,10,,,0
140001029,'1150153',1622,,3714,10,,,0
140001029,'1150285',1338,,3718,10,,,0
140001029,'1150345',2356,,3720,10,,,0
140001029,'1150377',1153,,3722,10,,,0
140001029,'1150391',1821,,3725,10,,,0
140001029,'1150407',1409,,3726,10,,,0
140001029,'1150453',1637,,3727,10,,,0
140001029,'1150462',1138,,3728,10,,,0
140001029,'1150529',1852,,3730,10,,,0
140001029,'1150555',1038,,3732,10,,,0
140001029,'1150559',1108,,3733,10,,,0
140001029,'1150603',1253,,3734,10,,,0
140001029,'1150660',2007,,3736,10,,,0
140001029,'1150758',951,,3738,10,,,0
140001029,'1150812',1951,,3742,10,,,0
140001029,'1150969',1609,,3746,10,,,0
140001029,'1151075',1509,,3747,10,,,0
140001029,'1151083',1152,,3748,10,,,0
140001029,'1151132',1539,,3749,10,,,0
140001029,'1151187',1337,,3753,10,,,0
140001029,'1151190',1137,,3754,10,,,0
140001029,'1151211',952,,3755,10,,,0
140001029,'1151220',1238,,3756,10,,,0
140001029,'1151255',1952,,3758,10,,,0
140001029,'1151297',1122,,3759,10,,,0
140001029,'1151376',1822,,3763,10,,,0
140001029,'1151388',936,,3765,10,,,0
140001029,'1151430',651,,3767,10,,,0
140001029,'1151583',1707,,3772,10,,,0
140001029,'1151585',1752,,3773,10,,,0
140001029,'1151597',1552,,3774,10,,,0
140001029,'1151676',1807,,3776,10,,,0
140001029,'1151682',1308,,3777,10,,,0
140001029,'1151698',1208,,3778,10,,,0
140001029,'1151726',1724,,3781,10,,,0
140001029,'1151760',636,,3783,10,,,0
140001029,'1151781',621,,3784,10,,,0
140001029,'1151793',1652,,3786,10,,,0
140001029,'1151812',1439,,3787,10,,,0
140001029,'1151837',1222,,3790,10,,,0
140001029,'1151882',2221,,3791,10,,,0
140001029,'1151969',1424,,3792,10,,,0
140001029,'1152073',1052,,3795,10,,,0
140001029,'1152090',2121,,3796,10,,,0
140001029,'1152101',722,,3798,10,,,0
140001029,'1152157',1922,,3800,10,,,0
140001029,'1152234',1407,,3802,10,,,0
140001029,'1152255',1207,,3803,10,,,0
140001029,'1152278',1639,,3805,10,,,0
140001029,'1152287',1107,,3806,10,,,0
140001029,'1152299',706,,3807,10,,,0
140001029,'1152375',1709,,3808,10,,,0
140001029,'1152383',1053,,3809,10,,,0
140001029,'1152402',736,,3810,10,,,0
140001029,'1152437',1806,,3811,10,,,0
140001029,'1152493',1907,,3814,10,,,0
140001029,'1152528',1354,,3818,10,,,0
140001029,'1152530',2052,,3819,10,,,0
140001029,'1152532',622,,3820,10,,,0
140001029,'1152635',1023,,3824,10,,,0
140001029,'1152653',752,,3825,10,,,0
140001029,'1152735',1422,,3826,10,,,0
140001029,'1152747',2221,,3827,10,,,0
140001029,'1152751',1537,,3828,10,,,0
140001029,'1152759',821,,3829,10,,,0
140001029,'1152783',1454,,3830,10,,,0
140001029,'1152811',1322,,3833,10,,,0
140001029,'1152854',652,,3834,10,,,0
140001029,'1152865',1507,,3835,10,,,0
140001029,'1152945',1007,,3836,10,,,0
140001029,'1152973',1452,,3837,10,,,0
140001029,'1152983',2037,,3838,10,,,0
140001029,'1153104',851,,3839,10,,,0
140001029,'1153197',1921,,3841,10,,,0
140001029,'1153253',1837,,3843,10,,,0
140001029,'1153265',852,,3844,10,,,0
140001029,'1153267',1352,,3845,10,,,0
140001029,'1153287',836,,3846,10,,,0
140001029,'1153315',1752,,3847,10,,,0
140001029,'1153339',1654,,3848,10,,,0
140001029,'1153342',2022,,3850,10,,,0
140001029,'1153372',1022,,3852,10,,,0
140001029,'1153465',806,,3853,10,,,0
140001029,'1153475',1008,,3854,10,,,0
140001029,'1153486',1737,,3856,10,,,0
140001029,'1153536',2351,,3857,10,,,0
140001029,'1153567',2151,,3858,10,,,0
140001029,'1153584',2251,,3860,10,,,0
140001029,'1153592',1307,,3861,10,,,0
140001029,'1153654',1739,,3862,10,,,0
140001029,'1153683',1223,,3864,10,,,0
140001029,'1153820',1851,,3866,10,,,0
140001029,'1154107',922,,3873,10,,,0
140001029,'1154113',906,,3874,10,,,0
140001029,'1154137',1937,,3876,10,,,0
140001029,'1154215',937,,3878,10,,,0
140001029,'1154249',1323,,3879,10,,,0
140001029,'1154385',2121,,3881,10,,,0
140001029,'1154399',1836,,3882,10,,,0
140001029,'1154474',1037,,3884,10,,,0
140001029,'1154555',1524,,3886,10,,,0
140001029,'1154579',1237,,3887,10,,,0
140001029,'1154703',1437,,3890,10,,,0
140001029,'1154716',1123,,3891,10,,,0
140001029,'1154813',751,,3893,10,,,0
140001029,'1154814',2321,,3894,10,,,0
140001029,'1154828',2251,,3895,10,,,0
140001029,'1154875',2151,,3897,10,,,0
140001029,'1155029',1252,,3903,10,,,0
140001029,'1155046',1554,,3904,10,,,0
140001029,'1155054',1607,,3905,10,,,0
140001029,'1155081',921,,3906,10,,,0
140001029,'1155141',1722,,3909,10,,,0
140001029,'1155189',1624,,3911,10,,,0
140001029,'1155197',1522,,3912,10,,,0
140001029,'1155294',2051,,3915,10,,,0
140001029,'1155302',822,,3916,10,,,0
140001029,'1155305',2021,,3917,10,,,0
140001029,'1155377',2321,,3918,10,,,0
