24029,'1190659',1638,,8421,11,,,0
24029,'1190749',1622,,8422,11,,,0
24029,'1190778',1423,,8423,11,,,0
24029,'1190797',2412,,8424,11,,,0
24029,'1190885',1338,,8425,11,,,0
24029,'1191013',2252,,8426,11,,,0
24029,'1191021',938,,8427,11,,,0
24029,'1191023',2152,,8428,11,,,0
24029,'1191096',1554,,8429,11,,,0
24029,'1191111',922,,8430,11,,,0
24029,'1191208',1223,,8431,11,,,0
24029,'1191257',1323,,8432,11,,,0
24029,'1191267',2022,,8433,11,,,0
24029,'1191278',1324,,8434,11,,,0
24029,'1191288',722,,8435,11,,,0
24029,'1191296',838,,8436,11,,,0
24029,'1191426',752,,8437,11,,,0
24029,'1191479',1023,,8438,11,,,0
24029,'1191530',2238,,8439,11,,,0
24029,'1191542',652,,8440,11,,,0
24029,'1191565',738,,8441,11,,,0
24029,'1191626',2222,,8442,11,,,0
24029,'1191637',1224,,8443,11,,,0
24029,'1191667',1523,,8444,11,,,0
24029,'1191676',2052,,8445,11,,,0
24029,'1191744',1123,,8446,11,,,0
24029,'1191836',1822,,8447,11,,,0
24029,'1191879',952,,8448,11,,,0
24029,'1191917',2338,,8449,11,,,0
24029,'1191967',1038,,8450,11,,,0
24029,'1191983',852,,8451,11,,,0
24029,'1192013',1722,,8452,11,,,0
24029,'1192023',923,,8453,11,,,0
24029,'1192045',1022,,8454,11,,,0
24029,'1192070',1938,,8455,11,,,0
24029,'1192071',1724,,8456,11,,,0
24029,'1192162',1538,,8457,11,,,0
24029,'1192212',1852,,8458,11,,,0
24029,'1192216',2122,,8459,11,,,0
24029,'1192217',1238,,8460,11,,,0
24029,'1192266',1438,,8461,11,,,0
24029,'1192268',2322,,8462,11,,,0
24029,'1192314',1654,,8463,11,,,0
24029,'1192322',1738,,8464,11,,,0
24029,'1192424',1922,,8465,11,,,0
24029,'1192452',1138,,8466,11,,,0
24029,'1192545',822,,8467,11,,,0
24029,'1192560',1754,,8468,11,,,0
24029,'1192570',2138,,8469,11,,,0
24029,'1192633',1424,,8470,11,,,0
24029,'1192772',1624,,8471,11,,,0
24029,'1192808',1952,,8472,11,,,0
24029,'1192813',1124,,8473,11,,,0
24029,'1192816',822,,8474,11,,,0
24029,'1192829',2038,,8475,11,,,0
24029,'1192854',1454,,8476,11,,,0
24029,'1192965',1838,,8477,11,,,0
24029,'1192991',1524,,8478,11,,,0
24029,'1193184',721,,8479,11,,,0
24029,'1193211',621,,8480,11,,,0
105019,'1190616',2306,,9291,113,,,0
105019,'1190769',1505,,9292,113,,,0
105019,'1190825',1706,,9293,113,,,0
105019,'1190865',1905,,9294,113,,,0
105019,'1190975',1935,,9295,113,,,0
105019,'1190992',1853,,9296,113,,,0
105019,'1190998',1253,,9297,113,,,0
105019,'1191007',1805,,9298,113,,,0
105019,'1191038',1553,,9299,113,,,0
105019,'1191063',1047,,9300,113,,,0
105019,'1191065',1405,,9301,113,,,0
105019,'1191145',739,,9302,113,,,0
105019,'1191217',2351,,9303,113,,,0
105019,'1191294',1453,,9304,113,,,0
105019,'1191329',951,,9305,113,,,0
105019,'1191413',1106,,9306,113,,,0
105019,'1191457',1353,,9307,113,,,0
105019,'1191557',947,,9308,113,,,0
105019,'1191709',847,,9309,113,,,0
105019,'1191750',2339,,9310,113,,,0
105019,'1191859',751,,9311,113,,,0
105019,'1191891',1835,,9312,113,,,0
105019,'1192052',1953,,9313,113,,,0
105019,'1192113',709,,9314,113,,,0
105019,'1192142',1653,,9315,113,,,0
105019,'1192176',906,,9316,113,,,0
105019,'1192218',2439,,9317,113,,,0
105019,'1192236',1506,,9318,113,,,0
105019,'1192248',2139,,9319,113,,,0
105019,'1192267',1753,,9320,113,,,0
105019,'1192318',1153,,9321,113,,,0
105019,'1192337',1720,,9322,113,,,0
105019,'1192353',1550,,9323,113,,,0
105019,'1192579',1250,,9324,113,,,0
105019,'1192586',1306,,9325,113,,,0
105019,'1192598',2106,,9326,113,,,0
105019,'1192614',817,,9327,113,,,0
105019,'1192661',2239,,9328,113,,,0
105019,'1192725',1620,,9329,113,,,0
105019,'1192735',2009,,9330,113,,,0
105019,'1192821',2151,,9331,113,,,0
105019,'1192836',1906,,9332,113,,,0
105019,'1192847',639,,9333,113,,,0
105019,'1192875',1650,,9334,113,,,0
105019,'1193045',917,,9335,113,,,0
105019,'1193298',1150,,9336,113,,,0
106029,'1190782',805,,9389,44,,,0
106029,'1191556',1907,,9390,44,,,0
106029,'1191771',1637,,9391,44,,,0
106029,'1192044',1752,,9392,44,,,0
106029,'1192429',920,,9393,44,,,0
106029,'1193063',1035,,9394,44,,,0
140001019,'1190631',1408,,9395,23,,,0
140001019,'1190636',1153,,9396,23,,,0
140001019,'1190649',1717,,9397,23,,,0
140001019,'1190660',1509,,9398,23,,,0
140001019,'1190668',2422,,9399,23,,,0
140001019,'1190697',1138,,9400,23,,,0
140001019,'1190750',1852,,9401,23,,,0
140001019,'1190763',1109,,9402,23,,,0
140001019,'1190768',2252,,9403,23,,,0
140001019,'1190802',1708,,9404,23,,,0
140001019,'1190822',1952,,9405,23,,,0
140001019,'1190830',2352,,9406,23,,,0
140001019,'1190841',1802,,9407,23,,,0
140001019,'1190852',1007,,9408,23,,,0
140001019,'1190870',2007,,9409,23,,,0
140001019,'1190873',1409,,9410,23,,,0
140001019,'1190888',1038,,9411,23,,,0
140001019,'1190922',2052,,9412,23,,,0
140001019,'1190923',1753,,9413,23,,,0
140001019,'1190968',1617,,9414,23,,,0
140001019,'1190976',1432,,9415,23,,,0
140001019,'1190979',1523,,9416,23,,,0
140001019,'1190980',2222,,9417,23,,,0
140001019,'1190982',807,,9418,23,,,0
140001019,'1190987',1107,,9419,23,,,0
140001019,'1191035',1922,,9420,23,,,0
140001019,'1191146',1837,,9421,23,,,0
140001019,'1191160',1052,,9422,23,,,0
140001019,'1191162',852,,9423,23,,,0
140001019,'1191165',2022,,9424,23,,,0
140001019,'1191177',1138,,9425,23,,,0
140001019,'1191204',1823,,9426,23,,,0
140001019,'1191212',2322,,9427,23,,,0
140001019,'1191215',722,,9428,23,,,0
140001019,'1191276',2309,,9429,23,,,0
140001019,'1191289',1952,,9430,23,,,0
140001019,'1191299',2152,,9431,23,,,0
140001019,'1191305',1053,,9432,23,,,0
140001019,'1191313',1937,,9433,23,,,0
140001019,'1191331',1253,,9434,23,,,0
140001019,'1191356',2122,,9435,23,,,0
140001019,'1191364',1408,,9436,23,,,0
140001019,'1191379',2209,,9437,23,,,0
140001019,'1191393',1108,,9438,23,,,0
140001019,'1191394',1538,,9439,23,,,0
140001019,'1191473',1647,,9440,23,,,0
140001019,'1191484',1723,,9441,23,,,0
140001019,'1191489',1907,,9442,23,,,0
140001019,'1191578',1022,,9443,23,,,0
140001019,'1191592',1238,,9444,23,,,0
140001019,'1191603',1338,,9445,23,,,0
140001019,'1191608',952,,9446,23,,,0
140001019,'1191621',1747,,9447,23,,,0
140001019,'1191634',1822,,9448,23,,,0
140001019,'1191651',1208,,9449,23,,,0
140001019,'1191665',1547,,9450,23,,,0
140001019,'1191677',1438,,9451,23,,,0
140001019,'1191683',837,,9452,23,,,0
140001019,'1191720',1709,,9453,23,,,0
140001019,'1191753',1208,,9454,23,,,0
140001019,'1191755',907,,9455,23,,,0
140001019,'1191764',652,,9456,23,,,0
140001019,'1191766',922,,9457,23,,,0
140001019,'1191775',1309,,9458,23,,,0
140001019,'1191778',737,,9459,23,,,0
140001019,'1191783',1508,,9460,23,,,0
140001019,'1191828',752,,9461,23,,,0
140001019,'1191833',1238,,9462,23,,,0
140001019,'1191839',2322,,9463,23,,,0
140001019,'1191847',909,,9464,23,,,0
140001019,'1191860',1223,,9465,23,,,0
140001019,'1191878',2009,,9466,23,,,0
140001019,'1191907',2052,,9467,23,,,0
140001019,'1191924',2107,,9468,23,,,0
140001019,'1191986',652,,9469,23,,,0
140001019,'1191995',1009,,9470,23,,,0
140001019,'1192017',1808,,9471,23,,,0
140001019,'1192024',1907,,9472,23,,,0
140001019,'1192066',1323,,9473,23,,,0
140001019,'1192107',1517,,9474,23,,,0
140001019,'1192144',1123,,9475,23,,,0
140001019,'1192184',852,,9476,23,,,0
140001019,'1192207',1308,,9477,23,,,0
140001019,'1192211',2037,,9478,23,,,0
140001019,'1192278',1338,,9479,23,,,0
140001019,'1192346',1638,,9480,23,,,0
140001019,'1192348',1447,,9481,23,,,0
140001019,'1192349',1022,,9482,23,,,0
140001019,'1192369',1502,,9483,23,,,0
140001019,'1192375',1423,,9484,23,,,0
140001019,'1192393',1308,,9485,23,,,0
140001019,'1192397',2022,,9486,23,,,0
140001019,'1192398',937,,9487,23,,,0
140001019,'1192407',1738,,9488,23,,,0
140001019,'1192409',707,,9489,23,,,0
140001019,'1192507',1922,,9490,23,,,0
140001019,'1192524',1007,,9491,23,,,0
140001019,'1192535',1653,,9492,23,,,0
140001019,'1192537',1602,,9493,23,,,0
140001019,'1192551',1609,,9494,23,,,0
140001019,'1192620',2122,,9495,23,,,0
140001019,'1192630',1532,,9496,23,,,0
140001019,'1192655',952,,9497,23,,,0
140001019,'1192688',2409,,9498,23,,,0
140001019,'1192690',1608,,9499,23,,,0
140001019,'1192691',2252,,9500,23,,,0
140001019,'1192720',1909,,9501,23,,,0
140001019,'1192769',722,,9502,23,,,0
140001019,'1192797',822,,9503,23,,,0
140001019,'1192798',2347,,9504,23,,,0
140001019,'1192805',1122,,9505,23,,,0
140001019,'1192806',1353,,9506,23,,,0
140001019,'1192822',1353,,9507,23,,,0
140001019,'1192844',1809,,9508,23,,,0
140001019,'1192862',1223,,9509,23,,,0
140001019,'1192889',2222,,9510,23,,,0
140001019,'1192903',2422,,9511,23,,,0
140001019,'1192904',2109,,9512,23,,,0
140001019,'1192960',1732,,9513,23,,,0
140001019,'1192983',1553,,9514,23,,,0
140001019,'1192989',1852,,9515,23,,,0
140001019,'1192993',1702,,9516,23,,,0
140001019,'1193007',752,,9517,23,,,0
140001019,'1193020',1453,,9518,23,,,0
140001019,'1193031',1632,,9519,23,,,0
140001019,'1193032',1811,,9520,23,,,0
140001019,'1193078',1153,,9521,23,,,0
140001019,'1193098',1037,,9522,23,,,0
140001019,'1193106',822,,9523,23,,,0
140001019,'1193123',1209,,9524,23,,,0
140001019,'1193183',809,,9525,23,,,0
140001019,'1193198',2152,,9526,23,,,0
140001019,'1193200',1323,,9527,23,,,0
140001019,'1193214',1623,,9528,23,,,0
140001019,'1193222',922,,9529,23,,,0
140001019,'1193255',1837,,9530,23,,,0
140001019,'1193261',1253,,9531,23,,,0
