12029,'1184489',1729,,5050,26,,,0
12029,'1184508',859,,5051,26,,,0
12029,'1184603',1359,,5052,26,,,0
12029,'1184653',2329,,5053,26,,,0
12029,'1184672',2129,,5054,26,,,0
12029,'1184705',659,,5055,26,,,0
12029,'1184792',1859,,5056,26,,,0
12029,'1184793',1429,,5057,26,,,0
12029,'1184864',1559,,5058,26,,,0
12029,'1184919',1629,,5059,26,,,0
12029,'1184946',729,,5060,26,,,0
12029,'1184975',1029,,5061,26,,,0
12029,'1184990',959,,5062,26,,,0
12029,'1185014',2404,,5063,26,,,0
12029,'1185037',2230,,5064,26,,,0
12029,'1185085',1329,,5065,26,,,0
12029,'1185128',1159,,5066,26,,,0
12029,'1185239',1429,,5067,26,,,0
12029,'1185264',1729,,5068,26,,,0
12029,'1185309',930,,5069,26,,,0
12029,'1185324',1329,,5070,26,,,0
12029,'1185339',1129,,5071,26,,,0
12029,'1185471',2159,,5072,26,,,0
12029,'1185511',1630,,5073,26,,,0
12029,'1185556',1229,,5074,26,,,0
12029,'1185604',1930,,5075,26,,,0
12029,'1185612',1829,,5076,26,,,0
12029,'1185613',1029,,5077,26,,,0
12029,'1185638',1830,,5078,26,,,0
12029,'1185640',1430,,5079,26,,,0
12029,'1185721',1230,,5080,26,,,0
12029,'1185757',1059,,5081,26,,,0
12029,'1185758',1659,,5082,26,,,0
12029,'1185875',2059,,5083,26,,,0
12029,'1185878',1459,,5084,26,,,0
12029,'1185933',1259,,5085,26,,,0
12029,'1185994',2030,,5086,26,,,0
12029,'1185999',1459,,5087,26,,,0
12029,'1186050',829,,5088,26,,,0
12029,'1186139',629,,5089,26,,,0
12029,'1186210',1159,,5090,26,,,0
12029,'1186290',1529,,5091,26,,,0
12029,'1186423',1759,,5092,26,,,0
12029,'1186445',1330,,5093,26,,,0
12029,'1186463',729,,5094,26,,,0
12029,'1186483',1130,,5095,26,,,0
12029,'1186502',1659,,5096,26,,,0
12029,'1186549',1030,,5097,26,,,0
12029,'1186551',1529,,5098,26,,,0
12029,'1186588',1359,,5099,26,,,0
12029,'1186603',2130,,5100,26,,,0
12029,'1186638',1629,,5101,26,,,0
12029,'1186651',1530,,5102,26,,,0
12029,'1186685',829,,5103,26,,,0
12029,'1186747',830,,5104,26,,,0
12029,'1186763',2029,,5105,26,,,0
12029,'1186814',1129,,5106,26,,,0
12029,'1186824',1229,,5107,26,,,0
12029,'1186841',2330,,5108,26,,,0
12029,'1186878',1959,,5109,26,,,0
12029,'1186945',1259,,5110,26,,,0
12029,'1186966',1730,,5111,26,,,0
12029,'1186973',2259,,5112,26,,,0
12029,'1187037',929,,5113,26,,,0
12029,'1187044',2229,,5114,26,,,0
12029,'1187072',1929,,5115,26,,,0
12029,'1187141',1059,,5116,26,,,0
12029,'1187166',1559,,5117,26,,,0
12029,'1187183',730,,5118,26,,,0
12029,'1187188',929,,5119,26,,,0
12029,'1187196',759,,5120,26,,,0
