26019,'1184742',712,,5756,14,,,0
26019,'1185012',1613,,5760,14,,,0
26019,'1185046',2212,,5761,14,,,0
26019,'1185230',2312,,5763,14,,,0
26019,'1185487',1912,,5770,14,,,0
26019,'1185598',912,,5773,14,,,0
26019,'1185627',1712,,5775,14,,,0
26019,'1185632',1812,,5776,14,,,0
26019,'1185655',1012,,5777,14,,,0
26019,'1185728',812,,5780,14,,,0
26019,'1185873',1042,,5781,14,,,0
26019,'1186043',1242,,5782,14,,,0
26019,'1186159',1142,,5785,14,,,0
26019,'1186179',2012,,5786,14,,,0
26019,'1186292',1512,,5790,14,,,0
26019,'1186465',612,,5792,14,,,0
26019,'1186513',1442,,5793,14,,,0
26019,'1187013',1342,,5804,14,,,0
26019,'1187117',2112,,5807,14,,,0
