13019,'1184512',1226,,5122,16,,,0
13019,'1184594',2255,,5124,16,,,0
13019,'1184597',625,,5125,16,,,0
13019,'1184763',655,,5130,16,,,0
13019,'1184782',1026,,5131,16,,,0
13019,'1184816',755,,5132,16,,,0
13019,'1184967',1526,,5133,16,,,0
13019,'1185101',1656,,5134,16,,,0
13019,'1185148',1755,,5135,16,,,0
13019,'1185153',925,,5136,16,,,0
13019,'1185449',2400,,5141,16,,,0
13019,'1185552',825,,5143,16,,,0
13019,'1185574',855,,5144,16,,,0
13019,'1185882',1426,,5153,16,,,0
13019,'1185890',1726,,5154,16,,,0
13019,'1185910',1326,,5157,16,,,0
13019,'1185952',2055,,5160,16,,,0
13019,'1186127',2155,,5163,16,,,0
13019,'1186271',1955,,5165,16,,,0
13019,'1186295',725,,5166,16,,,0
13019,'1186370',1126,,5168,16,,,0
13019,'1186730',955,,5172,16,,,0
13019,'1186805',1855,,5173,16,,,0
13019,'1187103',1626,,5179,16,,,0
13019,'1187170',1556,,5180,16,,,0
13019,'1187172',1456,,5181,16,,,0
