105019,'1190616',2237,,9291,66,,,0
105019,'1190769',1429,,9292,66,,,0
105019,'1190825',1637,,9293,66,,,0
105019,'1190865',1829,,9294,66,,,0
105019,'1190975',1859,,9295,66,,,0
105019,'1190992',1821,,9296,66,,,0
105019,'1190998',1221,,9297,66,,,0
105019,'1191007',1729,,9298,66,,,0
105019,'1191038',1521,,9299,66,,,0
105019,'1191063',1011,,9300,66,,,0
105019,'1191065',1329,,9301,66,,,0
105019,'1191145',707,,9302,66,,,0
105019,'1191217',2319,,9303,66,,,0
105019,'1191294',1421,,9304,66,,,0
105019,'1191329',919,,9305,66,,,0
105019,'1191413',1037,,9306,66,,,0
105019,'1191457',1321,,9307,66,,,0
105019,'1191557',911,,9308,66,,,0
105019,'1191709',811,,9309,66,,,0
105019,'1191750',2306,,9310,66,,,0
105019,'1191859',719,,9311,66,,,0
105019,'1191891',1759,,9312,66,,,0
105019,'1192052',1921,,9313,66,,,0
105019,'1192113',637,,9314,66,,,0
105019,'1192142',1621,,9315,66,,,0
105019,'1192176',837,,9316,66,,,0
105019,'1192218',2406,,9317,66,,,0
105019,'1192236',1437,,9318,66,,,0
105019,'1192248',2106,,9319,66,,,0
105019,'1192267',1721,,9320,66,,,0
105019,'1192318',1121,,9321,66,,,0
105019,'1192337',1644,,9322,66,,,0
105019,'1192353',1514,,9323,66,,,0
105019,'1192579',1214,,9324,66,,,0
105019,'1192586',1237,,9325,66,,,0
105019,'1192598',2037,,9326,66,,,0
105019,'1192614',741,,9327,66,,,0
105019,'1192661',2206,,9328,66,,,0
105019,'1192725',1544,,9329,66,,,0
105019,'1192735',1936,,9330,66,,,0
105019,'1192821',2119,,9331,66,,,0
105019,'1192836',1837,,9332,66,,,0
105019,'1192847',607,,9333,66,,,0
105019,'1192875',1614,,9334,66,,,0
105019,'1193045',841,,9335,66,,,0
105019,'1193298',1114,,9336,66,,,0
106029,'1190782',745,,9389,17,,,0
106029,'1191556',1847,,9390,17,,,0
106029,'1191771',1617,,9391,17,,,0
106029,'1192044',1732,,9392,17,,,0
106029,'1192429',900,,9393,17,,,0
106029,'1193063',1015,,9394,17,,,0
