14019,'1184716',1605,,5245,42,,,0
14019,'1184750',1535,,5248,42,,,0
14019,'1184836',2033,,5249,42,,,0
14019,'1184987',1705,,5251,42,,,0
14019,'1185168',1805,,5255,42,,,0
14019,'1185211',933,,5256,42,,,0
14019,'1185255',903,,5257,42,,,0
14019,'1185335',2333,,5260,42,,,0
14019,'1185505',703,,5262,42,,,0
14019,'1185624',1205,,5266,42,,,0
14019,'1185808',1833,,5269,42,,,0
14019,'1185845',733,,5270,42,,,0
14019,'1185852',1505,,5271,42,,,0
14019,'1186014',1635,,5273,42,,,0
14019,'1186156',1405,,5277,42,,,0
14019,'1186173',1933,,5279,42,,,0
14019,'1186421',803,,5288,42,,,0
14019,'1186443',2133,,5289,42,,,0
14019,'1186532',833,,5292,42,,,0
14019,'1186609',1735,,5295,42,,,0
14019,'1186632',1105,,5296,42,,,0
14019,'1186671',2233,,5298,42,,,0
14019,'1186767',1305,,5299,42,,,0
14019,'1187071',1003,,5301,42,,,0
