101019,'1184498',2341,,6132,41,,,0
101019,'1184591',1141,,6135,41,,,0
101019,'1184796',1904,,6136,41,,,0
101019,'1184902',1541,,6137,41,,,0
101019,'1184924',941,,6138,41,,,0
101019,'1184925',2103,,6139,41,,,0
101019,'1185023',1204,,6140,41,,,0
101019,'1185092',1806,,6141,41,,,0
101019,'1185544',741,,6142,41,,,0
101019,'1185625',1104,,6145,41,,,0
101019,'1185636',904,,6146,41,,,0
101019,'1185684',1941,,6147,41,,,0
101019,'1185751',1506,,6148,41,,,0
101019,'1185803',1004,,6149,41,,,0
101019,'1185998',1406,,6150,41,,,0
101019,'1186087',2304,,6153,41,,,0
101019,'1186263',2141,,6154,41,,,0
101019,'1186308',1341,,6155,41,,,0
101019,'1186331',604,,6156,41,,,0
101019,'1186580',1606,,6157,41,,,0
101019,'1186587',1706,,6158,41,,,0
101019,'1186594',1741,,6159,41,,,0
101019,'1187155',804,,6161,41,,,0
