3019,'1184522',1813,,4586,20,,,0
3019,'1184631',1143,,4589,20,,,0
3019,'1184649',1713,,4590,20,,,0
3019,'1184676',2402,,4591,20,,,0
3019,'1184760',1913,,4592,20,,,0
3019,'1184874',1243,,4595,20,,,0
3019,'1184909',843,,4596,20,,,0
3019,'1185421',1743,,4608,20,,,0
3019,'1185443',1643,,4609,20,,,0
3019,'1185578',2013,,4612,20,,,0
3019,'1185590',1413,,4613,20,,,0
3019,'1185597',913,,4614,20,,,0
3019,'1185658',2312,,4615,20,,,0
3019,'1185706',1343,,4617,20,,,0
3019,'1185843',943,,4619,20,,,0
3019,'1185867',1313,,4620,20,,,0
3019,'1185927',1443,,4623,20,,,0
3019,'1185935',2213,,4624,20,,,0
3019,'1185979',1513,,4626,20,,,0
3019,'1186113',1043,,4627,20,,,0
3019,'1186177',643,,4628,20,,,0
3019,'1186216',1013,,4629,20,,,0
3019,'1186304',813,,4630,20,,,0
3019,'1186501',1543,,4633,20,,,0
3019,'1186516',2113,,4635,20,,,0
3019,'1186518',743,,4636,20,,,0
3019,'1186762',1213,,4642,20,,,0
3019,'1186821',1113,,4644,20,,,0
3019,'1186894',713,,4650,20,,,0
3019,'1187174',1613,,4652,20,,,0
