10019,'1150177',1817,,551,10,,,0
10019,'1150195',2047,,552,10,,,0
10019,'1150212',1847,,553,10,,,0
10019,'1150401',1517,,556,10,,,0
10019,'1150422',1747,,557,10,,,0
10019,'1150466',647,,558,10,,,0
10019,'1150579',1347,,560,10,,,0
10019,'1150648',2117,,561,10,,,0
10019,'1150771',2247,,562,10,,,0
10019,'1150873',1647,,564,10,,,0
10019,'1151478',1547,,570,10,,,0
10019,'1151671',947,,574,10,,,0
10019,'1151864',1147,,578,10,,,0
10019,'1151877',1247,,579,10,,,0
10019,'1151907',2017,,580,10,,,0
10019,'1151917',1747,,581,10,,,0
10019,'1152017',1247,,582,10,,,0
10019,'1152060',1047,,584,10,,,0
10019,'1152311',947,,588,10,,,0
10019,'1152461',2317,,590,10,,,0
10019,'1152473',847,,591,10,,,0
10019,'1152615',1147,,593,10,,,0
10019,'1152634',2347,,594,10,,,0
10019,'1152791',1047,,597,10,,,0
10019,'1152900',917,,600,10,,,0
10019,'1152904',1947,,601,10,,,0
10019,'1153120',647,,602,10,,,0
10019,'1153228',747,,604,10,,,0
10019,'1153418',2147,,606,10,,,0
10019,'1153451',717,,607,10,,,0
10019,'1153499',847,,609,10,,,0
10019,'1153548',1917,,610,10,,,0
10019,'1153739',747,,613,10,,,0
10019,'1153751',1547,,615,10,,,0
10019,'1153967',2217,,619,10,,,0
10019,'1154257',817,,627,10,,,0
10019,'1154380',1647,,630,10,,,0
10019,'1154723',1617,,635,10,,,0
10019,'1155009',1347,,638,10,,,0
10019,'1155027',1447,,639,10,,,0
10019,'1155413',1447,,640,10,,,0
10019,'1155441',1717,,642,10,,,0
10019,'1155495',618,,643,10,,,0
103029,'1155767',937,,3159,16,,,0
103029,'1155769',1735,,3160,16,,,0
103029,'1155770',834,,3161,16,,,0
103029,'1155780',2306,,3163,16,,,0
103029,'1155784',1004,,3165,16,,,0
103029,'1155785',1520,,3166,16,,,0
103029,'1155786',2136,,3167,16,,,0
103029,'1155788',1135,,3169,16,,,0
103029,'1155799',704,,3173,16,,,0
103029,'1155807',1904,,3176,16,,,0
103029,'1155808',2204,,3177,16,,,0
103029,'1155815',2334,,3180,16,,,0
103029,'1155818',1537,,3181,16,,,0
103029,'1155823',919,,3184,16,,,0
103029,'1155825',1707,,3185,16,,,0
103029,'1155828',2006,,3186,16,,,0
103029,'1155835',1107,,3189,16,,,0
103029,'1155847',1435,,3191,16,,,0
103029,'1155858',637,,3194,16,,,0
103029,'1155885',1305,,3198,16,,,0
103029,'1155900',807,,3201,16,,,0
103029,'1155902',1237,,3202,16,,,0
103029,'1155922',1836,,3204,16,,,0
103029,'1155923',749,,3205,16,,,0
103029,'1155944',1605,,3208,16,,,0
103029,'1155948',1650,,3210,16,,,0
103029,'1155949',1407,,3211,16,,,0
103029,'1155958',2034,,3214,16,,,0
