3029,'1150202',2008,,417,10,,,0
3029,'1150338',1038,,419,10,,,0
3029,'1150614',638,,422,10,,,0
3029,'1150985',1038,,425,10,,,0
3029,'1151183',1838,,429,10,,,0
3029,'1151192',1639,,430,10,,,0
3029,'1151504',1639,,432,10,,,0
3029,'1151640',1739,,435,10,,,0
3029,'1151683',1509,,437,10,,,0
3029,'1151731',1938,,438,10,,,0
3029,'1151876',2038,,442,10,,,0
3029,'1151984',808,,445,10,,,0
3029,'1152000',1139,,447,10,,,0
3029,'1152164',2238,,450,10,,,0
3029,'1152335',738,,453,10,,,0
3029,'1152374',2238,,454,10,,,0
3029,'1152494',1309,,459,10,,,0
3029,'1152784',908,,463,10,,,0
3029,'1152803',1209,,464,10,,,0
3029,'1152828',1539,,465,10,,,0
3029,'1152863',1008,,466,10,,,0
3029,'1152936',1239,,467,10,,,0
3029,'1153075',1339,,470,10,,,0
3029,'1153143',1709,,473,10,,,0
3029,'1153218',838,,474,10,,,0
3029,'1153269',1809,,475,10,,,0
3029,'1153277',2138,,476,10,,,0
3029,'1153325',938,,477,10,,,0
3029,'1153346',1339,,478,10,,,0
3029,'1153473',1609,,480,10,,,0
3029,'1153476',708,,481,10,,,0
3029,'1153644',1239,,482,10,,,0
3029,'1153678',1838,,483,10,,,0
3029,'1153903',2338,,485,10,,,0
3029,'1153992',1908,,487,10,,,0
3029,'1154123',1938,,491,10,,,0
3029,'1154264',738,,495,10,,,0
3029,'1154368',1439,,497,10,,,0
3029,'1154445',838,,498,10,,,0
3029,'1154525',2038,,500,10,,,0
3029,'1154677',2108,,502,10,,,0
3029,'1154694',1139,,503,10,,,0
3029,'1154731',1108,,504,10,,,0
3029,'1154736',2208,,505,10,,,0
3029,'1154807',638,,506,10,,,0
3029,'1154840',2335,,508,10,,,0
3029,'1155071',1539,,511,10,,,0
3029,'1155137',1409,,512,10,,,0
3029,'1155140',1439,,513,10,,,0
3029,'1155180',938,,514,10,,,0
3029,'1155345',2138,,516,10,,,0
3029,'1155451',1739,,518,10,,,0
29029,'1156000',1450,,2826,2,,,0
29029,'1156001',1535,,2827,2,,,0
29029,'1156003',950,,2828,2,,,0
29029,'1156005',1150,,2830,2,,,0
29029,'1156007',1934,,2831,2,,,0
29029,'1156008',1350,,2832,2,,,0
29029,'1156010',1635,,2834,2,,,0
29029,'1156011',2034,,2835,2,,,0
29029,'1156014',1735,,2838,2,,,0
29029,'1156017',1135,,2841,2,,,0
29029,'1156018',2234,,2842,2,,,0
29029,'1156019',834,,2843,2,,,0
29029,'1156022',1335,,2846,2,,,0
29029,'1156023',1235,,2847,2,,,0
29029,'1156025',1050,,2848,2,,,0
29029,'1156030',2134,,2852,2,,,0
29029,'1156032',734,,2854,2,,,0
29029,'1156034',1834,,2856,2,,,0
29029,'1156037',1550,,2859,2,,,0
29029,'1156043',934,,2862,2,,,0
29029,'1156044',2334,,2863,2,,,0
29029,'1156045',1250,,2864,2,,,0
29029,'1156046',1035,,2865,2,,,0
29029,'1156047',1435,,2866,2,,,0
190001029,'1150129',1524,,3923,13,,,0
190001029,'1150221',1611,,3928,13,,,0
190001029,'1150261',654,,3932,13,,,0
190001029,'1150317',1824,,3934,13,,,0
190001029,'1150323',1039,,3936,13,,,0
190001029,'1150326',1324,,3937,13,,,0
190001029,'1150371',1639,,3939,13,,,0
190001029,'1150463',1909,,3946,13,,,0
190001029,'1150467',2309,,3948,13,,,0
190001029,'1150530',1939,,3951,13,,,0
190001029,'1150605',824,,3959,13,,,0
190001029,'1150700',1439,,3970,13,,,0
190001029,'1150770',1009,,3975,13,,,0
190001029,'1150865',2309,,3982,13,,,0
190001029,'1150887',1356,,3984,13,,,0
190001029,'1150891',1724,,3985,13,,,0
190001029,'1150910',2339,,3987,13,,,0
190001029,'1151015',624,,3994,13,,,0
190001029,'1151019',1641,,3995,13,,,0
190001029,'1151022',2339,,3996,13,,,0
190001029,'1151146',709,,4006,13,,,0
190001029,'1151308',1924,,4012,13,,,0
190001029,'1151334',1441,,4013,13,,,0
190001029,'1151383',2139,,4017,13,,,0
190001029,'1151399',1141,,4018,13,,,0
190001029,'1151410',1409,,4019,13,,,0
190001029,'1151450',809,,4024,13,,,0
190001029,'1151461',954,,4025,13,,,0
190001029,'1151471',1109,,4026,13,,,0
190001029,'1151532',2139,,4029,13,,,0
190001029,'1151622',1224,,4033,13,,,0
190001029,'1151649',1139,,4035,13,,,0
190001029,'1151652',1626,,4037,13,,,0
190001029,'1151755',1809,,4042,13,,,0
190001029,'1151778',839,,4044,13,,,0
190001029,'1151835',924,,4053,13,,,0
190001029,'1151851',1754,,4055,13,,,0
190001029,'1151867',1026,,4057,13,,,0
190001029,'1151941',1339,,4059,13,,,0
190001029,'1152013',2209,,4063,13,,,0
190001029,'1152049',1226,,4067,13,,,0
190001029,'1152277',1556,,4081,13,,,0
190001029,'1152292',1241,,4083,13,,,0
190001029,'1152433',1526,,4091,13,,,0
190001029,'1152611',1739,,4096,13,,,0
190001029,'1152619',954,,4098,13,,,0
190001029,'1152641',1326,,4099,13,,,0
190001029,'1152642',1424,,4100,13,,,0
190001029,'1152671',1839,,4101,13,,,0
190001029,'1152729',639,,4105,13,,,0
190001029,'1152816',754,,4110,13,,,0
190001029,'1152836',1309,,4112,13,,,0
190001029,'1152897',1311,,4120,13,,,0
190001029,'1152898',1709,,4121,13,,,0
190001029,'1152903',1456,,4122,13,,,0
190001029,'1152933',939,,4123,13,,,0
190001029,'1152946',1854,,4124,13,,,0
190001029,'1152957',1711,,4125,13,,,0
190001029,'1152979',639,,4130,13,,,0
190001029,'1153028',909,,4137,13,,,0
190001029,'1153063',1056,,4140,13,,,0
190001029,'1153069',1739,,4142,13,,,0
190001029,'1153087',1124,,4144,13,,,0
190001029,'1153094',1209,,4145,13,,,0
190001029,'1153180',2239,,4151,13,,,0
190001029,'1153259',1909,,4158,13,,,0
190001029,'1153305',1011,,4162,13,,,0
190001029,'1153328',1656,,4166,13,,,0
190001029,'1153379',2054,,4168,13,,,0
190001029,'1153468',1809,,4170,13,,,0
190001029,'1153471',1411,,4172,13,,,0
190001029,'1153535',2039,,4178,13,,,0
190001029,'1153710',1426,,4185,13,,,0
190001029,'1153717',1539,,4188,13,,,0
190001029,'1153754',2109,,4192,13,,,0
190001029,'1153759',709,,4195,13,,,0
190001029,'1153779',1054,,4198,13,,,0
190001029,'1153791',1609,,4201,13,,,0
190001029,'1153796',1041,,4203,13,,,0
190001029,'1154047',1454,,4216,13,,,0
190001029,'1154056',724,,4217,13,,,0
190001029,'1154092',1111,,4219,13,,,0
190001029,'1154144',2009,,4221,13,,,0
190001029,'1154192',2009,,4226,13,,,0
190001029,'1154194',1954,,4227,13,,,0
190001029,'1154283',854,,4236,13,,,0
190001029,'1154294',909,,4237,13,,,0
190001029,'1154319',739,,4239,13,,,0
190001029,'1154363',1254,,4244,13,,,0
190001029,'1154387',839,,4245,13,,,0
190001029,'1154428',1754,,4249,13,,,0
190001029,'1154446',1824,,4251,13,,,0
190001029,'1154457',609,,4253,13,,,0
190001029,'1154476',2209,,4255,13,,,0
190001029,'1154483',1624,,4256,13,,,0
190001029,'1154606',1126,,4259,13,,,0
190001029,'1154631',2109,,4262,13,,,0
190001029,'1154666',1154,,4267,13,,,0
190001029,'1154698',1156,,4268,13,,,0
190001029,'1154735',2124,,4272,13,,,0
190001029,'1154819',1541,,4277,13,,,0
190001029,'1154825',1024,,4278,13,,,0
190001029,'1154967',1256,,4289,13,,,0
190001029,'1154974',2359,,4291,13,,,0
190001029,'1154982',1939,,4292,13,,,0
190001029,'1155035',1726,,4297,13,,,0
190001029,'1155059',2239,,4298,13,,,0
190001029,'1155085',1211,,4302,13,,,0
190001029,'1155117',1839,,4303,13,,,0
190001029,'1155121',1654,,4304,13,,,0
190001029,'1155122',809,,4305,13,,,0
190001029,'1155134',1511,,4307,13,,,0
190001029,'1155216',1239,,4315,13,,,0
190001029,'1155287',2024,,4319,13,,,0
190001029,'1155299',1354,,4322,13,,,0
190001029,'1155348',2039,,4324,13,,,0
190001029,'1155357',1341,,4326,13,,,0
190001029,'1155358',1554,,4327,13,,,0
190001029,'1155429',939,,4332,13,,,0
190001029,'1155491',739,,4333,13,,,0
190001029,'1155499',1509,,4335,13,,,0
