105019,'1184475',1839,,6445,32,,,0
105019,'1184709',1809,,6446,32,,,0
105019,'1184819',751,,6448,32,,,0
105019,'1184825',2247,,6449,32,,,0
105019,'1184879',1454,,6450,32,,,0
105019,'1184888',951,,6451,32,,,0
105019,'1185176',647,,6455,32,,,0
105019,'1185212',617,,6456,32,,,0
105019,'1185498',1917,,6458,32,,,0
105019,'1185569',1739,,6462,32,,,0
105019,'1185641',851,,6463,32,,,0
105019,'1185695',1309,,6465,32,,,0
105019,'1185708',2047,,6466,32,,,0
105019,'1185894',1154,,6469,32,,,0
105019,'1186015',1409,,6470,32,,,0
105019,'1186061',1554,,6471,32,,,0
105019,'1186380',1054,,6473,32,,,0
105019,'1186477',1624,,6475,32,,,0
105019,'1186601',1709,,6478,32,,,0
105019,'1186602',721,,6479,32,,,0
105019,'1186864',2347,,6484,32,,,0
105019,'1186870',547,,6485,32,,,0
105019,'1186896',821,,6486,32,,,0
105019,'1187009',2147,,6488,32,,,0
105019,'1187061',1524,,6489,32,,,0
