2019,'1184478',938,,4374,12,,,0
2019,'1184493',1653,,4376,12,,,0
2019,'1184635',2008,,4379,12,,,0
2019,'1184644',1123,,4381,12,,,0
2019,'1184673',1838,,4383,12,,,0
2019,'1184695',1708,,4384,12,,,0
2019,'1184777',1538,,4386,12,,,0
2019,'1184873',1308,,4388,12,,,0
2019,'1184875',2137,,4389,12,,,0
2019,'1185034',823,,4391,12,,,0
2019,'1185067',953,,4392,12,,,0
2019,'1185089',1723,,4393,12,,,0
2019,'1185138',1008,,4395,12,,,0
2019,'1185159',2207,,4396,12,,,0
2019,'1185185',1153,,4397,12,,,0
2019,'1185186',1608,,4398,12,,,0
2019,'1185210',1023,,4400,12,,,0
2019,'1185302',1808,,4401,12,,,0
2019,'1185349',1238,,4403,12,,,0
2019,'1185380',1423,,4404,12,,,0
2019,'1185475',753,,4410,12,,,0
2019,'1185486',1623,,4411,12,,,0
2019,'1185503',1223,,4412,12,,,0
2019,'1185530',1523,,4413,12,,,0
2019,'1185629',2357,,4417,12,,,0
2019,'1185712',1338,,4420,12,,,0
2019,'1185783',2107,,4422,12,,,0
2019,'1185790',1438,,4423,12,,,0
2019,'1185864',2307,,4426,12,,,0
2019,'1185870',2237,,4427,12,,,0
2019,'1185887',1753,,4428,12,,,0
2019,'1185891',638,,4429,12,,,0
2019,'1185901',1208,,4430,12,,,0
2019,'1185914',853,,4431,12,,,0
2019,'1185947',2038,,4432,12,,,0
2019,'1186079',708,,4435,12,,,0
2019,'1186092',1253,,4436,12,,,0
2019,'1186200',1453,,4437,12,,,0
2019,'1186232',1353,,4439,12,,,0
2019,'1186306',1638,,4442,12,,,0
2019,'1186352',923,,4444,12,,,0
2019,'1186385',723,,4446,12,,,0
2019,'1186389',1038,,4447,12,,,0
2019,'1186533',2337,,4451,12,,,0
2019,'1186546',738,,4452,12,,,0
2019,'1186563',808,,4453,12,,,0
2019,'1186697',838,,4456,12,,,0
2019,'1186701',1553,,4457,12,,,0
2019,'1186724',1323,,4458,12,,,0
2019,'1186755',1408,,4460,12,,,0
2019,'1186766',1508,,4461,12,,,0
2019,'1186795',1053,,4463,12,,,0
2019,'1186802',1138,,4464,12,,,0
2019,'1186918',908,,4466,12,,,0
2019,'1186929',1108,,4467,12,,,0
2019,'1186952',653,,4468,12,,,0
2019,'1187031',1908,,4471,12,,,0
2019,'1187083',1738,,4473,12,,,0
2019,'1187179',1938,,4477,12,,,0
