101029,'1150355',920,,2916,62,,,0
101029,'1150535',1020,,2919,62,,,0
101029,'1150632',1503,,2920,62,,,0
101029,'1151005',1103,,2922,62,,,0
101029,'1151171',1820,,2924,62,,,0
101029,'1151294',820,,2925,62,,,0
101029,'1151635',2220,,2927,62,,,0
101029,'1151840',720,,2929,62,,,0
101029,'1152316',1903,,2930,62,,,0
101029,'1152666',1120,,2933,62,,,0
101029,'1152802',1723,,2934,62,,,0
101029,'1153001',2020,,2938,62,,,0
101029,'1153050',1323,,2939,62,,,0
101029,'1153195',703,,2941,62,,,0
101029,'1153306',1703,,2942,62,,,0
101029,'1153598',2303,,2945,62,,,0
101029,'1153935',1623,,2949,62,,,0
101029,'1154557',2103,,2953,62,,,0
101029,'1154632',2440,,2954,62,,,0
101029,'1154742',1423,,2955,62,,,0
101029,'1154771',903,,2956,62,,,0
101029,'1154943',1303,,2958,62,,,0
101029,'1155502',1523,,2962,62,,,0
