20019,'1150303',1651,,1629,23,,,0
20019,'1150364',1221,,1630,23,,,0
20019,'1150489',1521,,1631,23,,,0
20019,'1150747',2420,,1634,23,,,0
20019,'1150854',1321,,1635,23,,,0
20019,'1151024',720,,1637,23,,,0
20019,'1151122',2150,,1640,23,,,0
20019,'1151303',2250,,1643,23,,,0
20019,'1151373',1850,,1647,23,,,0
20019,'1151387',1249,,1648,23,,,0
20019,'1151433',1621,,1651,23,,,0
20019,'1151762',849,,1656,23,,,0
20019,'1151886',1121,,1658,23,,,0
20019,'1151931',1349,,1659,23,,,0
20019,'1152721',1021,,1670,23,,,0
20019,'1152762',1950,,1671,23,,,0
20019,'1152786',649,,1672,23,,,0
20019,'1152918',1421,,1675,23,,,0
20019,'1153149',1649,,1677,23,,,0
20019,'1153158',749,,1678,23,,,0
20019,'1153200',1549,,1680,23,,,0
20019,'1153211',1821,,1681,23,,,0
20019,'1153280',2050,,1683,23,,,0
20019,'1153430',1751,,1684,23,,,0
20019,'1153443',821,,1685,23,,,0
20019,'1153668',619,,1687,23,,,0
20019,'1153787',2349,,1688,23,,,0
20019,'1153845',1449,,1690,23,,,0
20019,'1153869',750,,1691,23,,,0
20019,'1154012',2021,,1692,23,,,0
20019,'1154297',1049,,1699,23,,,0
20019,'1154396',2120,,1701,23,,,0
20019,'1154561',949,,1703,23,,,0
20019,'1154717',1921,,1704,23,,,0
20019,'1154777',1149,,1705,23,,,0
20019,'1154972',2320,,1708,23,,,0
20019,'1155160',649,,1712,23,,,0
20019,'1155229',921,,1713,23,,,0
20019,'1155285',2220,,1714,23,,,0
20019,'1155406',1721,,1716,23,,,0
20019,'1155462',1749,,1717,23,,,0
