105029,'1184521',1749,,6491,20,,,0
105029,'1184537',1319,,6492,20,,,0
105029,'1184580',903,,6493,20,,,0
105029,'1184670',1534,,6494,20,,,0
105029,'1184808',2303,,6496,20,,,0
105029,'1184833',1004,,6497,20,,,0
105029,'1184834',2408,,6498,20,,,0
105029,'1184863',1219,,6499,20,,,0
105029,'1185135',703,,6501,20,,,0
105029,'1185332',1833,,6505,20,,,0
105029,'1185350',2003,,6506,20,,,0
105029,'1185359',2203,,6507,20,,,0
105029,'1185440',1619,,6510,20,,,0
105029,'1185668',733,,6513,20,,,0
105029,'1185827',2103,,6515,20,,,0
105029,'1185938',1434,,6516,20,,,0
105029,'1186005',1649,,6517,20,,,0
105029,'1186279',1504,,6519,20,,,0
105029,'1186282',1404,,6520,20,,,0
105029,'1186470',1104,,6525,20,,,0
105029,'1186861',633,,6531,20,,,0
105029,'1186874',1719,,6532,20,,,0
105029,'1187005',803,,6534,20,,,0
106019,'1185164',1703,,6537,20,,,0
106019,'1185303',1818,,6538,20,,,0
106019,'1185356',717,,6539,20,,,0
106019,'1185885',832,,6540,20,,,0
106019,'1186388',947,,6541,20,,,0
106019,'1186998',1548,,6542,20,,,0
