103029,'1190630',1107,,9163,17,,,0
103029,'1190665',1914,,9164,17,,,0
103029,'1190791',919,,9165,17,,,0
103029,'1190798',1135,,9166,17,,,0
103029,'1190809',1537,,9167,17,,,0
103029,'1190864',1435,,9168,17,,,0
103029,'1191002',807,,9169,17,,,0
103029,'1191061',1144,,9170,17,,,0
103029,'1191087',1444,,9171,17,,,0
103029,'1191104',2006,,9172,17,,,0
103029,'1191213',1520,,9173,17,,,0
103029,'1191266',1237,,9174,17,,,0
103029,'1191392',1014,,9175,17,,,0
103029,'1191472',2136,,9176,17,,,0
103029,'1191532',2334,,9177,17,,,0
103029,'1191567',1836,,9178,17,,,0
103029,'1191612',2044,,9179,17,,,0
103029,'1191756',2034,,9180,17,,,0
103029,'1191869',1314,,9181,17,,,0
103029,'1191909',749,,9182,17,,,0
103029,'1191948',1605,,9183,17,,,0
103029,'1192055',2204,,9184,17,,,0
103029,'1192191',2306,,9185,17,,,0
103029,'1192208',1735,,9186,17,,,0
103029,'1192508',1407,,9187,17,,,0
103029,'1192592',637,,9188,17,,,0
103029,'1192628',2214,,9189,17,,,0
103029,'1192659',704,,9190,17,,,0
103029,'1192683',1614,,9191,17,,,0
103029,'1192749',1707,,9192,17,,,0
103029,'1192860',1744,,9193,17,,,0
103029,'1192948',1305,,9194,17,,,0
103029,'1193006',844,,9195,17,,,0
103029,'1193036',1004,,9196,17,,,0
103029,'1193074',834,,9197,17,,,0
103029,'1193169',1650,,9198,17,,,0
103029,'1193174',937,,9199,17,,,0
103029,'1193259',1904,,9200,17,,,0
