104019,'1185617',2422,,6369,5,,,0
104029,'1184515',1732,,6402,5,,,0
104029,'1184569',1441,,6403,5,,,0
104029,'1184607',932,,6404,5,,,0
104029,'1184753',1017,,6406,5,,,0
104029,'1185072',1226,,6408,5,,,0
104029,'1185283',902,,6412,5,,,0
104029,'1185308',1611,,6413,5,,,0
104029,'1185376',702,,6417,5,,,0
104029,'1185608',747,,6418,5,,,0
104029,'1185732',817,,6420,5,,,0
104029,'1185743',547,,6421,5,,,0
104029,'1186088',2117,,6425,5,,,0
104029,'1186151',2247,,6426,5,,,0
104029,'1186191',1311,,6428,5,,,0
104029,'1186192',1526,,6429,5,,,0
104029,'1186354',1656,,6432,5,,,0
104029,'1186398',632,,6433,5,,,0
104029,'1186854',1356,,6439,5,,,0
104029,'1186944',1817,,6440,5,,,0
104029,'1187100',1141,,6442,5,,,0
104029,'1187128',1947,,6443,5,,,0
