2019,'1184478',941,,4374,16,,,0
2019,'1184484',1642,,4375,16,,,0
2019,'1184493',1656,,4376,16,,,0
2019,'1184505',726,,4377,16,,,0
2019,'1184604',2310,,4378,16,,,0
2019,'1184635',2011,,4379,16,,,0
2019,'1184640',1142,,4380,16,,,0
2019,'1184644',1126,,4381,16,,,0
2019,'1184664',1041,,4382,16,,,0
2019,'1184673',1841,,4383,16,,,0
2019,'1184695',1711,,4384,16,,,0
2019,'1184735',2010,,4385,16,,,0
2019,'1184777',1541,,4386,16,,,0
2019,'1184829',2055,,4387,16,,,0
2019,'1184873',1311,,4388,16,,,0
2019,'1184875',2140,,4389,16,,,0
2019,'1184947',711,,4390,16,,,0
2019,'1185034',826,,4391,16,,,0
2019,'1185067',956,,4392,16,,,0
2019,'1185089',1726,,4393,16,,,0
2019,'1185113',826,,4394,16,,,0
2019,'1185138',1011,,4395,16,,,0
2019,'1185159',2210,,4396,16,,,0
2019,'1185185',1156,,4397,16,,,0
2019,'1185186',1611,,4398,16,,,0
2019,'1185205',1212,,4399,16,,,0
2019,'1185210',1026,,4400,16,,,0
2019,'1185302',1811,,4401,16,,,0
2019,'1185315',1712,,4402,16,,,0
2019,'1185349',1241,,4403,16,,,0
2019,'1185380',1426,,4404,16,,,0
2019,'1185381',1442,,4405,16,,,0
2019,'1185413',1542,,4406,16,,,0
2019,'1185427',2355,,4407,16,,,0
2019,'1185444',2140,,4408,16,,,0
2019,'1185460',1612,,4409,16,,,0
2019,'1185475',756,,4410,16,,,0
2019,'1185486',1626,,4411,16,,,0
2019,'1185503',1226,,4412,16,,,0
2019,'1185530',1526,,4413,16,,,0
2019,'1185565',1412,,4414,16,,,0
2019,'1185579',1342,,4415,16,,,0
2019,'1185601',2225,,4416,16,,,0
2019,'1185629',2400,,4417,16,,,0
2019,'1185637',2026,,4418,16,,,0
2019,'1185661',1840,,4419,16,,,0
2019,'1185712',1341,,4420,16,,,0
2019,'1185727',2126,,4421,16,,,0
2019,'1185783',2110,,4422,16,,,0
2019,'1185790',1441,,4423,16,,,0
2019,'1185814',756,,4424,16,,,0
2019,'1185837',1112,,4425,16,,,0
2019,'1185864',2310,,4426,16,,,0
2019,'1185870',2240,,4427,16,,,0
2019,'1185887',1756,,4428,16,,,0
2019,'1185891',641,,4429,16,,,0
2019,'1185901',1211,,4430,16,,,0
2019,'1185914',856,,4431,16,,,0
2019,'1185947',2041,,4432,16,,,0
2019,'1185964',1742,,4433,16,,,0
2019,'1186028',926,,4434,16,,,0
2019,'1186079',711,,4435,16,,,0
2019,'1186092',1256,,4436,16,,,0
2019,'1186200',1456,,4437,16,,,0
2019,'1186201',1242,,4438,16,,,0
2019,'1186232',1356,,4439,16,,,0
2019,'1186267',841,,4440,16,,,0
2019,'1186302',1312,,4441,16,,,0
2019,'1186306',1641,,4442,16,,,0
2019,'1186344',1512,,4443,16,,,0
2019,'1186352',926,,4444,16,,,0
2019,'1186384',1026,,4445,16,,,0
2019,'1186385',726,,4446,16,,,0
2019,'1186389',1041,,4447,16,,,0
2019,'1186471',1925,,4448,16,,,0
2019,'1186496',1626,,4449,16,,,0
2019,'1186507',1011,,4450,16,,,0
2019,'1186533',2340,,4451,16,,,0
2019,'1186546',741,,4452,16,,,0
2019,'1186563',811,,4453,16,,,0
2019,'1186568',1726,,4454,16,,,0
2019,'1186689',1426,,4455,16,,,0
2019,'1186697',841,,4456,16,,,0
2019,'1186701',1556,,4457,16,,,0
2019,'1186724',1326,,4458,16,,,0
2019,'1186745',2226,,4459,16,,,0
2019,'1186755',1411,,4460,16,,,0
2019,'1186766',1511,,4461,16,,,0
2019,'1186772',1126,,4462,16,,,0
2019,'1186795',1056,,4463,16,,,0
2019,'1186802',1141,,4464,16,,,0
2019,'1186856',1826,,4465,16,,,0
2019,'1186918',911,,4466,16,,,0
2019,'1186929',1111,,4467,16,,,0
2019,'1186952',656,,4468,16,,,0
2019,'1186977',1810,,4469,16,,,0
2019,'1186990',1526,,4470,16,,,0
2019,'1187031',1911,,4471,16,,,0
2019,'1187033',1926,,4472,16,,,0
2019,'1187083',1741,,4473,16,,,0
2019,'1187101',1226,,4474,16,,,0
2019,'1187153',926,,4475,16,,,0
2019,'1187175',2326,,4476,16,,,0
2019,'1187179',1941,,4477,16,,,0
2019,'1187185',1326,,4478,16,,,0
103029,'1184553',1912,,6317,29,,,0
103029,'1184582',1444,,6318,29,,,0
103029,'1184715',944,,6319,29,,,0
103029,'1184746',1322,,6320,29,,,0
103029,'1184852',1744,,6321,29,,,0
103029,'1184872',1659,,6322,29,,,0
103029,'1184905',2014,,6323,29,,,0
103029,'1185063',2212,,6324,29,,,0
103029,'1185157',814,,6325,29,,,0
103029,'1185199',1715,,6326,29,,,0
103029,'1185213',1415,,6327,29,,,0
103029,'1185276',1115,,6328,29,,,0
103029,'1185297',2222,,6329,29,,,0
103029,'1185363',1529,,6330,29,,,0
103029,'1185387',2052,,6331,29,,,0
103029,'1185393',1752,,6332,29,,,0
103029,'1185419',1012,,6333,29,,,0
103029,'1185520',1314,,6334,29,,,0
103029,'1185558',757,,6335,29,,,0
103029,'1185665',1245,,6336,29,,,0
103029,'1185765',1144,,6337,29,,,0
103029,'1185899',1614,,6338,29,,,0
103029,'1185963',2042,,6339,29,,,0
103029,'1185965',1844,,6340,29,,,0
103029,'1185975',1022,,6341,29,,,0
103029,'1186147',927,,6342,29,,,0
103029,'1186270',2342,,6343,29,,,0
103029,'1186276',1152,,6344,29,,,0
103029,'1186283',1545,,6345,29,,,0
103029,'1186305',1622,,6346,29,,,0
103029,'1186329',2313,,6347,29,,,0
103029,'1186366',644,,6348,29,,,0
103029,'1186405',842,,6349,29,,,0
103029,'1186699',712,,6350,29,,,0
103029,'1186983',2143,,6351,29,,,0
103029,'1187131',852,,6352,29,,,0
103029,'1187135',1922,,6353,29,,,0
103029,'1187151',1452,,6354,29,,,0
