14019,'1150200',947,,1440,9,,,0
14019,'1150262',647,,1441,9,,,0
14019,'1150337',847,,1443,9,,,0
14019,'1150348',1147,,1444,9,,,0
14019,'1150379',717,,1445,9,,,0
14019,'1150712',2047,,1451,9,,,0
14019,'1151030',1348,,1452,9,,,0
14019,'1151165',2247,,1455,9,,,0
14019,'1151250',1747,,1456,9,,,0
14019,'1151355',2117,,1458,9,,,0
14019,'1151402',2317,,1459,9,,,0
14019,'1151531',747,,1462,9,,,0
14019,'1151546',2217,,1464,9,,,0
14019,'1151663',1518,,1466,9,,,0
14019,'1151708',1718,,1468,9,,,0
14019,'1151821',1248,,1470,9,,,0
14019,'1152024',947,,1471,9,,,0
14019,'1152219',1647,,1473,9,,,0
14019,'1152241',1247,,1474,9,,,0
14019,'1152242',1748,,1475,9,,,0
14019,'1152324',2017,,1479,9,,,0
14019,'1152363',847,,1481,9,,,0
14019,'1152413',1648,,1482,9,,,0
14019,'1152541',917,,1485,9,,,0
14019,'1152725',1548,,1488,9,,,0
14019,'1152770',1618,,1490,9,,,0
14019,'1152772',1917,,1491,9,,,0
14019,'1152885',1347,,1493,9,,,0
14019,'1153060',2147,,1494,9,,,0
14019,'1153371',647,,1499,9,,,0
14019,'1153493',747,,1502,9,,,0
14019,'1153692',1448,,1505,9,,,0
14019,'1153780',1048,,1506,9,,,0
14019,'1153908',1148,,1508,9,,,0
14019,'1154077',1817,,1510,9,,,0
14019,'1154090',1547,,1511,9,,,0
14019,'1154211',1947,,1514,9,,,0
14019,'1154339',1047,,1517,9,,,0
14019,'1154509',1847,,1520,9,,,0
14019,'1154513',1447,,1521,9,,,0
14019,'1154567',817,,1522,9,,,0
14019,'1155390',2347,,1531,9,,,0
29019,'1150216',1441,,2785,9,,,0
29019,'1150542',1526,,2787,9,,,0
29019,'1150663',925,,2788,9,,,0
29019,'1150707',1326,,2789,9,,,0
29019,'1150798',1026,,2790,9,,,0
29019,'1150837',2125,,2791,9,,,0
29019,'1150850',1226,,2792,9,,,0
29019,'1151243',941,,2794,9,,,0
29019,'1151749',1341,,2797,9,,,0
29019,'1151947',1726,,2798,9,,,0
29019,'1152147',1241,,2799,9,,,0
29019,'1152178',2325,,2801,9,,,0
29019,'1152251',825,,2802,9,,,0
29019,'1152782',2025,,2804,9,,,0
29019,'1152790',1426,,2805,9,,,0
29019,'1152913',1825,,2806,9,,,0
29019,'1153101',1626,,2808,9,,,0
29019,'1153250',2225,,2809,9,,,0
29019,'1153364',725,,2810,9,,,0
29019,'1153817',1126,,2814,9,,,0
29019,'1153846',1925,,2815,9,,,0
29019,'1154151',1541,,2816,9,,,0
29019,'1154660',1141,,2819,9,,,0
29019,'1155273',1041,,2824,9,,,0
