105019,'1184475',1911,,6445,81,,,0
105019,'1184709',1841,,6446,81,,,0
105019,'1184754',1131,,6447,81,,,0
105019,'1184819',823,,6448,81,,,0
105019,'1184825',2316,,6449,81,,,0
105019,'1184879',1526,,6450,81,,,0
105019,'1184888',1023,,6451,81,,,0
105019,'1184928',1231,,6452,81,,,0
105019,'1184969',2330,,6453,81,,,0
105019,'1185022',2130,,6454,81,,,0
105019,'1185176',716,,6455,81,,,0
105019,'1185212',646,,6456,81,,,0
105019,'1185354',1931,,6457,81,,,0
105019,'1185498',1946,,6458,81,,,0
105019,'1185550',1431,,6460,81,,,0
105019,'1185569',1811,,6462,81,,,0
105019,'1185641',923,,6463,81,,,0
105019,'1185695',1341,,6465,81,,,0
105019,'1185708',2116,,6466,81,,,0
105019,'1185822',1331,,6468,81,,,0
105019,'1185894',1226,,6469,81,,,0
105019,'1186015',1441,,6470,81,,,0
105019,'1186061',1626,,6471,81,,,0
105019,'1186380',1126,,6473,81,,,0
105019,'1186477',1656,,6475,81,,,0
105019,'1186519',1731,,6477,81,,,0
105019,'1186601',1741,,6478,81,,,0
105019,'1186602',753,,6479,81,,,0
105019,'1186624',1631,,6481,81,,,0
105019,'1186706',1831,,6482,81,,,0
105019,'1186813',930,,6483,81,,,0
105019,'1186864',2416,,6484,81,,,0
105019,'1186870',616,,6485,81,,,0
105019,'1186896',853,,6486,81,,,0
105019,'1187008',730,,6487,81,,,0
105019,'1187009',2216,,6488,81,,,0
105019,'1187061',1556,,6489,81,,,0
105019,'1187069',1531,,6490,81,,,0
