20019,'1184488',2010,,5362,8,,,0
20019,'1184554',1710,,5363,8,,,0
20019,'1184748',2140,,5366,8,,,0
20019,'1184821',1840,,5368,8,,,0
20019,'1184897',1010,,5370,8,,,0
20019,'1184938',1740,,5371,8,,,0
20019,'1184957',1210,,5373,8,,,0
20019,'1184972',1640,,5374,8,,,0
20019,'1184999',740,,5375,8,,,0
20019,'1185051',1140,,5377,8,,,0
20019,'1185144',1640,,5379,8,,,0
20019,'1185227',1810,,5380,8,,,0
20019,'1185251',1110,,5381,8,,,0
20019,'1185282',910,,5382,8,,,0
20019,'1185289',1040,,5383,8,,,0
20019,'1185337',639,,5384,8,,,0
20019,'1185458',810,,5386,8,,,0
20019,'1185518',1540,,5387,8,,,0
20019,'1185553',940,,5390,8,,,0
20019,'1185592',2110,,5391,8,,,0
20019,'1185700',2310,,5393,8,,,0
20019,'1185747',1310,,5394,8,,,0
20019,'1185774',1940,,5395,8,,,0
20019,'1185789',1510,,5396,8,,,0
20019,'1185888',609,,5397,8,,,0
20019,'1185929',1340,,5398,8,,,0
20019,'1185943',1740,,5399,8,,,0
20019,'1185949',840,,5400,8,,,0
20019,'1185968',2040,,5401,8,,,0
20019,'1186055',1440,,5402,8,,,0
20019,'1186063',2410,,5403,8,,,0
20019,'1186155',1610,,5404,8,,,0
20019,'1186449',640,,5409,8,,,0
20019,'1186680',710,,5411,8,,,0
20019,'1186692',2339,,5412,8,,,0
20019,'1186734',2210,,5413,8,,,0
20019,'1186752',1410,,5414,8,,,0
20019,'1186775',1910,,5415,8,,,0
20019,'1186893',1240,,5417,8,,,0
20019,'1186932',740,,5418,8,,,0
20019,'1187026',2240,,5419,8,,,0
102019,'1184544',1625,,6194,8,,,0
102019,'1184563',1725,,6195,8,,,0
102019,'1184592',2325,,6196,8,,,0
102019,'1184677',2155,,6199,8,,,0
102019,'1184703',1125,,6200,8,,,0
102019,'1184798',2225,,6201,8,,,0
102019,'1184845',940,,6202,8,,,0
102019,'1184904',2355,,6203,8,,,0
102019,'1184994',1555,,6204,8,,,0
102019,'1185093',1540,,6205,8,,,0
102019,'1185114',1755,,6206,8,,,0
102019,'1185228',1455,,6207,8,,,0
102019,'1185323',1155,,6209,8,,,0
102019,'1185453',555,,6210,8,,,0
102019,'1185639',1255,,6211,8,,,0
102019,'1185693',725,,6212,8,,,0
102019,'1185825',655,,6213,8,,,0
102019,'1185919',2025,,6215,8,,,0
102019,'1186030',955,,6217,8,,,0
102019,'1186046',1710,,6218,8,,,0
102019,'1186119',1410,,6219,8,,,0
102019,'1186150',810,,6220,8,,,0
102019,'1186325',1025,,6221,8,,,0
102019,'1186567',1925,,6225,8,,,0
102019,'1186658',1325,,6226,8,,,0
102019,'1186672',1855,,6227,8,,,0
102019,'1186705',1425,,6228,8,,,0
102019,'1186774',855,,6229,8,,,0
102019,'1186786',640,,6230,8,,,0
102019,'1186915',2055,,6232,8,,,0
102019,'1186949',825,,6233,8,,,0
