105029,'1190637',824,,9337,39,,,0
105029,'1190832',711,,9338,39,,,0
105029,'1190854',1512,,9339,39,,,0
105029,'1190856',1327,,9340,39,,,0
105029,'1190924',2416,,9341,39,,,0
105029,'1190926',1426,,9342,39,,,0
105029,'1190965',1442,,9343,39,,,0
105029,'1190981',641,,9344,39,,,0
105029,'1191222',2224,,9345,39,,,0
105029,'1191223',1657,,9346,39,,,0
105029,'1191285',2011,,9347,39,,,0
105029,'1191307',1542,,9348,39,,,0
105029,'1191404',1526,,9349,39,,,0
105029,'1191423',1412,,9350,39,,,0
105029,'1191572',1026,,9351,39,,,0
105029,'1191670',1742,,9352,39,,,0
105029,'1191739',1757,,9353,39,,,0
105029,'1191784',1326,,9354,39,,,0
105029,'1191846',1012,,9355,39,,,0
105029,'1191848',1227,,9356,39,,,0
105029,'1191910',2424,,9357,39,,,0
105029,'1191936',1542,,9358,39,,,0
105029,'1192016',741,,9359,39,,,0
105029,'1192019',1826,,9360,39,,,0
105029,'1192058',2342,,9361,39,,,0
105029,'1192150',742,,9362,39,,,0
105029,'1192180',1942,,9363,39,,,0
105029,'1192198',2311,,9364,39,,,0
105029,'1192205',624,,9365,39,,,0
105029,'1192224',1627,,9366,39,,,0
105029,'1192338',1841,,9367,39,,,0
105029,'1192379',2111,,9368,39,,,0
105029,'1192463',1342,,9369,39,,,0
105029,'1192488',1126,,9370,39,,,0
105029,'1192491',811,,9371,39,,,0
105029,'1192500',911,,9372,39,,,0
105029,'1192511',2024,,9373,39,,,0
105029,'1192662',1626,,9374,39,,,0
105029,'1192694',1112,,9375,39,,,0
105029,'1192728',2142,,9376,39,,,0
105029,'1193038',1226,,9377,39,,,0
105029,'1193130',1142,,9378,39,,,0
105029,'1193181',1726,,9379,39,,,0
105029,'1193225',1727,,9380,39,,,0
105029,'1193234',942,,9381,39,,,0
105029,'1193316',2211,,9382,39,,,0
