102029,'1150114',710,,3028,9,,,0
102029,'1150311',826,,3029,9,,,0
102029,'1150365',1811,,3031,9,,,0
102029,'1150624',2241,,3033,9,,,0
102029,'1151025',2210,,3035,9,,,0
102029,'1151033',1440,,3036,9,,,0
102029,'1151098',1941,,3037,9,,,0
102029,'1151612',1511,,3042,9,,,0
102029,'1151626',1610,,3043,9,,,0
102029,'1151712',629,,3045,9,,,0
102029,'1152179',1341,,3051,9,,,0
102029,'1152187',1211,,3052,9,,,0
102029,'1152338',1726,,3054,9,,,0
102029,'1152412',1910,,3055,9,,,0
102029,'1152737',2111,,3061,9,,,0
102029,'1152743',1641,,3063,9,,,0
102029,'1152778',1740,,3064,9,,,0
102029,'1152823',1010,,3065,9,,,0
102029,'1152926',2040,,3067,9,,,0
102029,'1152934',1310,,3068,9,,,0
102029,'1152972',2340,,3069,9,,,0
102029,'1152993',1140,,3070,9,,,0
102029,'1153440',840,,3074,9,,,0
102029,'1153653',656,,3075,9,,,0
102029,'1153772',2411,,3079,9,,,0
102029,'1153821',911,,3081,9,,,0
102029,'1153896',741,,3082,9,,,0
102029,'1154767',1556,,3086,9,,,0
102029,'1154835',1041,,3088,9,,,0
102029,'1154970',956,,3090,9,,,0
102029,'1155173',1426,,3092,9,,,0
102029,'1155411',611,,3093,9,,,0
