24019,'1184619',603,,5516,4,,,0
24019,'1184689',2303,,5517,4,,,0
24019,'1184697',803,,5518,4,,,0
24019,'1184701',1403,,5519,4,,,0
24019,'1184720',2234,,5520,4,,,0
24019,'1184783',1505,,5521,4,,,0
24019,'1185006',704,,5525,4,,,0
24019,'1185016',1705,,5526,4,,,0
24019,'1185028',1803,,5527,4,,,0
24019,'1185031',1605,,5528,4,,,0
24019,'1185105',1105,,5529,4,,,0
24019,'1185134',1535,,5530,4,,,0
24019,'1185311',1303,,5532,4,,,0
24019,'1185652',703,,5533,4,,,0
24019,'1185680',904,,5534,4,,,0
24019,'1185686',2134,,5535,4,,,0
24019,'1185754',634,,5536,4,,,0
24019,'1185781',2103,,5537,4,,,0
24019,'1185861',834,,5538,4,,,0
24019,'1186018',1635,,5540,4,,,0
24019,'1186166',1205,,5543,4,,,0
24019,'1186359',2354,,5546,4,,,0
24019,'1186391',1305,,5547,4,,,0
24019,'1186431',1834,,5548,4,,,0
24019,'1186446',1435,,5549,4,,,0
24019,'1186476',1903,,5550,4,,,0
24019,'1186515',934,,5551,4,,,0
24019,'1186633',734,,5552,4,,,0
24019,'1186693',2034,,5554,4,,,0
24019,'1186696',1503,,5555,4,,,0
24019,'1186725',1405,,5556,4,,,0
24019,'1186817',1203,,5558,4,,,0
24019,'1186904',1735,,5560,4,,,0
24019,'1186963',1103,,5562,4,,,0
24019,'1186974',1004,,5563,4,,,0
24019,'1186989',903,,5564,4,,,0
24019,'1187048',1003,,5565,4,,,0
24019,'1187065',2003,,5568,4,,,0
24019,'1187078',1934,,5569,4,,,0
24019,'1187097',1603,,5571,4,,,0
24019,'1187111',1703,,5572,4,,,0
24019,'1187158',804,,5573,4,,,0
24019,'1187189',2203,,5574,4,,,0
