104029,'1184515',1743,,6402,18,,,0
104029,'1184569',1454,,6403,18,,,0
104029,'1184607',943,,6404,18,,,0
104029,'1184753',1028,,6406,18,,,0
104029,'1185072',1239,,6408,18,,,0
104029,'1185283',913,,6412,18,,,0
104029,'1185308',1624,,6413,18,,,0
104029,'1185376',713,,6417,18,,,0
104029,'1185608',758,,6418,18,,,0
104029,'1185732',828,,6420,18,,,0
104029,'1185743',558,,6421,18,,,0
104029,'1186088',2128,,6425,18,,,0
104029,'1186151',2258,,6426,18,,,0
104029,'1186191',1324,,6428,18,,,0
104029,'1186192',1539,,6429,18,,,0
104029,'1186354',1709,,6432,18,,,0
104029,'1186398',643,,6433,18,,,0
104029,'1186854',1409,,6439,18,,,0
104029,'1186944',1828,,6440,18,,,0
104029,'1187100',1154,,6442,18,,,0
104029,'1187128',1958,,6443,18,,,0
