25019,'1150209',1704,,2062,5,,,0
25019,'1150247',834,,2063,5,,,0
25019,'1150329',1204,,2064,5,,,0
25019,'1150363',1233,,2065,5,,,0
25019,'1150425',2034,,2066,5,,,0
25019,'1150527',1533,,2069,5,,,0
25019,'1150689',704,,2071,5,,,0
25019,'1150696',1733,,2072,5,,,0
25019,'1150730',2333,,2074,5,,,0
25019,'1150988',1433,,2075,5,,,0
25019,'1151062',2133,,2076,5,,,0
25019,'1151067',934,,2077,5,,,0
25019,'1151104',933,,2078,5,,,0
25019,'1151242',2234,,2079,5,,,0
25019,'1151384',1104,,2082,5,,,0
25019,'1151534',1333,,2085,5,,,0
25019,'1151656',2033,,2086,5,,,0
25019,'1151791',1434,,2088,5,,,0
25019,'1151809',2233,,2089,5,,,0
25019,'1151820',804,,2090,5,,,0
25019,'1151857',1833,,2091,5,,,0
25019,'1151998',833,,2093,5,,,0
25019,'1152331',1004,,2098,5,,,0
25019,'1152372',1604,,2100,5,,,0
25019,'1152581',1033,,2104,5,,,0
25019,'1152998',633,,2110,5,,,0
25019,'1153199',1933,,2114,5,,,0
25019,'1153262',1633,,2115,5,,,0
25019,'1153285',1504,,2118,5,,,0
25019,'1153297',1133,,2119,5,,,0
25019,'1153352',734,,2121,5,,,0
25019,'1153432',1534,,2123,5,,,0
25019,'1153859',2354,,2126,5,,,0
25019,'1154166',1634,,2128,5,,,0
25019,'1154390',1404,,2131,5,,,0
25019,'1154610',1834,,2135,5,,,0
25019,'1154641',904,,2136,5,,,0
25019,'1154763',1304,,2140,5,,,0
25019,'1154910',733,,2145,5,,,0
25019,'1154988',2134,,2148,5,,,0
25019,'1155012',1934,,2149,5,,,0
25019,'1155109',634,,2150,5,,,0
25019,'1155210',1734,,2151,5,,,0
104019,'1150219',2218,,3218,4,,,0
104019,'1150233',1534,,3219,4,,,0
104019,'1150270',1103,,3220,4,,,0
104019,'1150434',1718,,3222,4,,,0
104019,'1150608',2048,,3223,4,,,0
104019,'1151426',718,,3230,4,,,0
104019,'1151651',1619,,3233,4,,,0
104019,'1151672',1918,,3234,4,,,0
104019,'1151690',903,,3235,4,,,0
104019,'1151783',1948,,3237,4,,,0
104019,'1152092',1703,,3242,4,,,0
104019,'1152111',1833,,3243,4,,,0
104019,'1152610',2353,,3248,4,,,0
104019,'1152754',948,,3249,4,,,0
104019,'1152794',833,,3251,4,,,0
104019,'1152800',2218,,3252,4,,,0
104019,'1152901',1333,,3253,4,,,0
104019,'1153030',1404,,3257,4,,,0
104019,'1153383',948,,3259,4,,,0
104019,'1153572',633,,3261,4,,,0
104019,'1153574',1748,,3262,4,,,0
104019,'1153609',1104,,3263,4,,,0
104019,'1154064',1234,,3265,4,,,0
104019,'1154112',1149,,3267,4,,,0
104019,'1154354',718,,3268,4,,,0
104019,'1154530',2103,,3272,4,,,0
104019,'1154669',1319,,3273,4,,,0
104019,'1154762',1218,,3274,4,,,0
104019,'1155060',603,,3276,4,,,0
104019,'1155114',1449,,3277,4,,,0
104019,'1155175',2333,,3278,4,,,0
104019,'1155177',748,,3279,4,,,0
104019,'1155190',1448,,3280,4,,,0
104019,'1155233',833,,3284,4,,,0
104019,'1155306',1603,,3287,4,,,0
