14019,'1184716',1605,,5245,41,,,0
14019,'1184729',1305,,5246,41,,,0
14019,'1184750',1535,,5248,41,,,0
14019,'1184836',2033,,5249,41,,,0
14019,'1184848',1705,,5250,41,,,0
14019,'1184987',1705,,5251,41,,,0
14019,'1185080',1605,,5252,41,,,0
14019,'1185130',1105,,5253,41,,,0
14019,'1185168',1805,,5255,41,,,0
14019,'1185211',933,,5256,41,,,0
14019,'1185255',903,,5257,41,,,0
14019,'1185335',2333,,5260,41,,,0
14019,'1185474',2202,,5261,41,,,0
14019,'1185505',703,,5262,41,,,0
14019,'1185610',702,,5264,41,,,0
14019,'1185620',2002,,5265,41,,,0
14019,'1185624',1205,,5266,41,,,0
14019,'1185659',902,,5267,41,,,0
14019,'1185808',1833,,5269,41,,,0
14019,'1185845',733,,5270,41,,,0
14019,'1185852',1505,,5271,41,,,0
14019,'1186014',1635,,5273,41,,,0
14019,'1186071',1902,,5275,41,,,0
14019,'1186156',1405,,5277,41,,,0
14019,'1186165',1405,,5278,41,,,0
14019,'1186173',1933,,5279,41,,,0
14019,'1186180',2402,,5280,41,,,0
14019,'1186195',2102,,5281,41,,,0
14019,'1186256',802,,5284,41,,,0
14019,'1186333',1205,,5285,41,,,0
14019,'1186421',803,,5288,41,,,0
14019,'1186443',2133,,5289,41,,,0
14019,'1186444',1805,,5290,41,,,0
14019,'1186532',833,,5292,41,,,0
14019,'1186537',1505,,5293,41,,,0
14019,'1186609',1735,,5295,41,,,0
14019,'1186632',1105,,5296,41,,,0
14019,'1186657',1002,,5297,41,,,0
14019,'1186671',2233,,5298,41,,,0
14019,'1186767',1305,,5299,41,,,0
14019,'1187071',1003,,5301,41,,,0
14019,'1187144',2302,,5302,41,,,0
