3029,'1184583',1603,,4653,27,,,0
3029,'1184601',2149,,4654,27,,,0
3029,'1184610',1423,,4655,27,,,0
3029,'1184667',1049,,4656,27,,,0
3029,'1184671',1452,,4657,27,,,0
3029,'1184694',751,,4658,27,,,0
3029,'1184700',1021,,4659,27,,,0
3029,'1184711',1252,,4660,27,,,0
3029,'1184727',1403,,4661,27,,,0
3029,'1184828',1849,,4662,27,,,0
3029,'1184849',1752,,4663,27,,,0
3029,'1184920',749,,4664,27,,,0
3029,'1184950',1723,,4665,27,,,0
3029,'1185062',1552,,4666,27,,,0
3029,'1185076',2003,,4667,27,,,0
3029,'1185084',1503,,4668,27,,,0
3029,'1185088',1051,,4669,27,,,0
3029,'1185097',1949,,4670,27,,,0
3029,'1185158',1303,,4671,27,,,0
3029,'1185208',921,,4672,27,,,0
3029,'1185224',1152,,4673,27,,,0
3029,'1185236',1949,,4674,27,,,0
3029,'1185245',2303,,4675,27,,,0
3029,'1185267',1153,,4676,27,,,0
3029,'1185330',1352,,4677,27,,,0
3029,'1185341',2149,,4678,27,,,0
3029,'1185366',2249,,4679,27,,,0
3029,'1185384',1903,,4680,27,,,0
3029,'1185426',2203,,4681,27,,,0
3029,'1185635',821,,4682,27,,,0
3029,'1185703',651,,4683,27,,,0
3029,'1185734',2345,,4684,27,,,0
3029,'1185742',2249,,4685,27,,,0
3029,'1185753',721,,4686,27,,,0
3029,'1185782',1623,,4687,27,,,0
3029,'1185939',1003,,4688,27,,,0
3029,'1186038',1653,,4689,27,,,0
3029,'1186062',949,,4690,27,,,0
3029,'1186084',1121,,4691,27,,,0
3029,'1186099',1453,,4692,27,,,0
3029,'1186101',1523,,4693,27,,,0
3029,'1186106',903,,4694,27,,,0
3029,'1186140',1803,,4695,27,,,0
3029,'1186193',2349,,4696,27,,,0
3029,'1186194',1103,,4697,27,,,0
3029,'1186202',849,,4698,27,,,0
3029,'1186260',951,,4699,27,,,0
3029,'1186349',2049,,4700,27,,,0
3029,'1186422',649,,4701,27,,,0
3029,'1186437',1553,,4702,27,,,0
3029,'1186458',2103,,4703,27,,,0
3029,'1186467',1203,,4704,27,,,0
3029,'1186578',1823,,4705,27,,,0
3029,'1186616',803,,4706,27,,,0
3029,'1186621',1652,,4707,27,,,0
3029,'1186659',1849,,4708,27,,,0
3029,'1186686',1323,,4709,27,,,0
3029,'1186714',1253,,4710,27,,,0
3029,'1186742',1703,,4711,27,,,0
3029,'1186750',2403,,4712,27,,,0
3029,'1186807',1223,,4713,27,,,0
3029,'1186848',2049,,4714,27,,,0
3029,'1186943',851,,4715,27,,,0
3029,'1187014',1753,,4716,27,,,0
3029,'1187130',1353,,4717,27,,,0
10019,'1184485',2259,,4718,35,,,0
10019,'1184494',1459,,4719,35,,,0
10019,'1184588',2359,,4720,35,,,0
10019,'1184691',1400,,4721,35,,,0
10019,'1184710',2129,,4722,35,,,0
10019,'1184801',759,,4723,35,,,0
10019,'1184804',1659,,4724,35,,,0
10019,'1184847',1559,,4725,35,,,0
10019,'1184932',1300,,4726,35,,,0
10019,'1184956',1059,,4727,35,,,0
10019,'1185047',1159,,4728,35,,,0
10019,'1185103',2229,,4729,35,,,0
10019,'1185108',1100,,4730,35,,,0
10019,'1185124',1929,,4731,35,,,0
10019,'1185132',2258,,4732,35,,,0
10019,'1185156',1859,,4733,35,,,0
10019,'1185169',1829,,4734,35,,,0
10019,'1185191',1559,,4735,35,,,0
10019,'1185198',2059,,4736,35,,,0
10019,'1185284',829,,4737,35,,,0
10019,'1185333',1759,,4738,35,,,0
10019,'1185450',1759,,4739,35,,,0
10019,'1185473',1530,,4740,35,,,0
10019,'1185509',1859,,4741,35,,,0
10019,'1185547',1559,,4742,35,,,0
10019,'1185581',1459,,4743,35,,,0
10019,'1185594',959,,4744,35,,,0
10019,'1185618',1659,,4745,35,,,0
10019,'1185663',959,,4746,35,,,0
10019,'1185672',700,,4747,35,,,0
10019,'1185674',1059,,4748,35,,,0
10019,'1185752',659,,4749,35,,,0
10019,'1185771',1259,,4750,35,,,0
10019,'1185811',1629,,4751,35,,,0
10019,'1185892',2059,,4752,35,,,0
10019,'1185902',1500,,4753,35,,,0
10019,'1186039',859,,4754,35,,,0
10019,'1186042',1729,,4755,35,,,0
10019,'1186065',859,,4756,35,,,0
10019,'1186096',2029,,4757,35,,,0
10019,'1186123',959,,4758,35,,,0
10019,'1186214',2159,,4759,35,,,0
10019,'1186225',2158,,4760,35,,,0
10019,'1186253',1959,,4761,35,,,0
10019,'1186259',1659,,4762,35,,,0
10019,'1186300',729,,4763,35,,,0
10019,'1186368',1959,,4764,35,,,0
10019,'1186454',759,,4765,35,,,0
10019,'1186511',929,,4766,35,,,0
10019,'1186540',1359,,4767,35,,,0
10019,'1186560',1759,,4768,35,,,0
10019,'1186575',630,,4769,35,,,0
10019,'1186626',2329,,4770,35,,,0
10019,'1186703',1359,,4771,35,,,0
10019,'1186729',1200,,4772,35,,,0
10019,'1186922',859,,4773,35,,,0
10019,'1186978',1259,,4774,35,,,0
10019,'1187036',759,,4775,35,,,0
10019,'1187051',1159,,4776,35,,,0
10019,'1187191',2358,,4777,35,,,0
14019,'1184480',2004,,5244,44,,,0
14019,'1184716',1608,,5245,44,,,0
14019,'1184729',1308,,5246,44,,,0
14019,'1184749',2104,,5247,44,,,0
14019,'1184750',1538,,5248,44,,,0
14019,'1184836',2036,,5249,44,,,0
14019,'1184848',1708,,5250,44,,,0
14019,'1184987',1708,,5251,44,,,0
14019,'1185080',1608,,5252,44,,,0
14019,'1185130',1108,,5253,44,,,0
14019,'1185154',2404,,5254,44,,,0
14019,'1185168',1808,,5255,44,,,0
14019,'1185211',936,,5256,44,,,0
14019,'1185255',906,,5257,44,,,0
14019,'1185270',1304,,5258,44,,,0
14019,'1185290',1204,,5259,44,,,0
14019,'1185335',2336,,5260,44,,,0
14019,'1185474',2205,,5261,44,,,0
14019,'1185505',706,,5262,44,,,0
14019,'1185557',804,,5263,44,,,0
14019,'1185610',705,,5264,44,,,0
14019,'1185620',2005,,5265,44,,,0
14019,'1185624',1208,,5266,44,,,0
14019,'1185659',905,,5267,44,,,0
14019,'1185779',1004,,5268,44,,,0
14019,'1185808',1836,,5269,44,,,0
14019,'1185845',736,,5270,44,,,0
14019,'1185852',1508,,5271,44,,,0
14019,'1186003',1404,,5272,44,,,0
14019,'1186014',1638,,5273,44,,,0
14019,'1186066',1104,,5274,44,,,0
14019,'1186071',1905,,5275,44,,,0
14019,'1186097',2304,,5276,44,,,0
14019,'1186156',1408,,5277,44,,,0
14019,'1186165',1408,,5278,44,,,0
14019,'1186173',1936,,5279,44,,,0
14019,'1186180',2405,,5280,44,,,0
14019,'1186195',2105,,5281,44,,,0
14019,'1186226',1904,,5282,44,,,0
14019,'1186243',1804,,5283,44,,,0
14019,'1186256',805,,5284,44,,,0
14019,'1186333',1208,,5285,44,,,0
14019,'1186334',904,,5286,44,,,0
14019,'1186410',1504,,5287,44,,,0
14019,'1186421',806,,5288,44,,,0
14019,'1186443',2136,,5289,44,,,0
14019,'1186444',1808,,5290,44,,,0
14019,'1186462',1704,,5291,44,,,0
14019,'1186532',836,,5292,44,,,0
14019,'1186537',1508,,5293,44,,,0
14019,'1186584',2204,,5294,44,,,0
14019,'1186609',1738,,5295,44,,,0
14019,'1186632',1108,,5296,44,,,0
14019,'1186657',1005,,5297,44,,,0
14019,'1186671',2236,,5298,44,,,0
14019,'1186767',1308,,5299,44,,,0
14019,'1187058',1604,,5300,44,,,0
14019,'1187071',1006,,5301,44,,,0
14019,'1187144',2305,,5302,44,,,0
