14029,'1190709',1849,,8149,8,,,0
14029,'1190764',1749,,8150,8,,,0
14029,'1190906',649,,8151,8,,,0
14029,'1190920',2319,,8152,8,,,0
14029,'1190927',1619,,8153,8,,,0
14029,'1190947',2119,,8154,8,,,0
14029,'1191037',1449,,8155,8,,,0
14029,'1191042',1119,,8156,8,,,0
14029,'1191055',1019,,8157,8,,,0
14029,'1191078',819,,8158,8,,,0
14029,'1191085',719,,8159,8,,,0
14029,'1191268',2019,,8160,8,,,0
14029,'1191308',1419,,8161,8,,,0
14029,'1191322',1019,,8162,8,,,0
14029,'1191348',1219,,8163,8,,,0
14029,'1191415',2219,,8164,8,,,0
14029,'1191429',1819,,8165,8,,,0
14029,'1191444',919,,8166,8,,,0
14029,'1191520',1419,,8167,8,,,0
14029,'1191547',1519,,8168,8,,,0
14029,'1191620',1919,,8169,8,,,0
14029,'1191630',919,,8170,8,,,0
14029,'1191685',1119,,8171,8,,,0
14029,'1191690',1519,,8172,8,,,0
14029,'1191718',2319,,8173,8,,,0
14029,'1191777',919,,8174,8,,,0
14029,'1191810',719,,8175,8,,,0
14029,'1191843',1419,,8176,8,,,0
14029,'1191865',749,,8177,8,,,0
14029,'1191921',849,,8178,8,,,0
14029,'1191937',1219,,8179,8,,,0
14029,'1191955',819,,8180,8,,,0
14029,'1191980',2354,,8181,8,,,0
14029,'1192001',2249,,8182,8,,,0
14029,'1192032',819,,8183,8,,,0
14029,'1192051',1649,,8184,8,,,0
14029,'1192126',2219,,8185,8,,,0
14029,'1192347',2149,,8186,8,,,0
14029,'1192381',1819,,8187,8,,,0
14029,'1192383',1319,,8188,8,,,0
14029,'1192388',619,,8189,8,,,0
14029,'1192435',1619,,8190,8,,,0
14029,'1192473',2019,,8191,8,,,0
14029,'1192489',1549,,8192,8,,,0
14029,'1192580',2119,,8193,8,,,0
14029,'1192589',1719,,8194,8,,,0
14029,'1192627',1319,,8195,8,,,0
14029,'1192632',1219,,8196,8,,,0
14029,'1192674',1519,,8197,8,,,0
14029,'1192744',1619,,8198,8,,,0
14029,'1192787',1919,,8199,8,,,0
14029,'1192957',1719,,8200,8,,,0
14029,'1193009',1719,,8201,8,,,0
14029,'1193016',2049,,8202,8,,,0
14029,'1193023',1949,,8203,8,,,0
14029,'1193040',1119,,8204,8,,,0
14029,'1193048',719,,8205,8,,,0
14029,'1193064',1019,,8206,8,,,0
14029,'1193291',1319,,8207,8,,,0
