105029,'1150199',1959,,3422,15,,,0
105029,'1150361',629,,3424,15,,,0
105029,'1150640',1215,,3425,15,,,0
105029,'1150831',1614,,3427,15,,,0
105029,'1150967',1714,,3428,15,,,0
105029,'1151263',1715,,3431,15,,,0
105029,'1151286',2159,,3432,15,,,0
105029,'1151500',1430,,3433,15,,,0
105029,'1151551',612,,3434,15,,,0
105029,'1151563',1829,,3435,15,,,0
105029,'1151643',1814,,3437,15,,,0
105029,'1151929',812,,3440,15,,,0
105029,'1152027',1315,,3442,15,,,0
105029,'1152064',1745,,3445,15,,,0
105029,'1152144',2404,,3447,15,,,0
105029,'1152244',2212,,3449,15,,,0
105029,'1152289',1014,,3450,15,,,0
105029,'1152606',1514,,3454,15,,,0
105029,'1152997',1314,,3457,15,,,0
105029,'1153205',2012,,3458,15,,,0
105029,'1153333',1414,,3459,15,,,0
105029,'1153409',1114,,3461,15,,,0
105029,'1153442',2259,,3464,15,,,0
105029,'1153503',1000,,3465,15,,,0
105029,'1153624',1400,,3467,15,,,0
105029,'1153688',1645,,3468,15,,,0
105029,'1154104',1530,,3474,15,,,0
105029,'1154267',759,,3476,15,,,0
105029,'1154372',2059,,3477,15,,,0
105029,'1154485',659,,3479,15,,,0
105029,'1154581',2412,,3481,15,,,0
105029,'1154663',1615,,3482,15,,,0
105029,'1154768',1500,,3486,15,,,0
105029,'1154987',1100,,3487,15,,,0
105029,'1155078',859,,3488,15,,,0
105029,'1155257',1214,,3489,15,,,0
105029,'1155338',729,,3490,15,,,0
106019,'1151884',1544,,3491,15,,,0
106019,'1152474',943,,3492,15,,,0
106019,'1152524',828,,3493,15,,,0
106019,'1152767',713,,3494,15,,,0
106019,'1154013',1814,,3495,15,,,0
106019,'1155307',1659,,3496,15,,,0
