10019,'1150177',1821,,551,20,,,0
10019,'1150195',2051,,552,20,,,0
10019,'1150212',1851,,553,20,,,0
10019,'1150401',1521,,556,20,,,0
10019,'1150422',1751,,557,20,,,0
10019,'1150466',651,,558,20,,,0
10019,'1150579',1351,,560,20,,,0
10019,'1150648',2121,,561,20,,,0
10019,'1150771',2251,,562,20,,,0
10019,'1150873',1651,,564,20,,,0
10019,'1151478',1551,,570,20,,,0
10019,'1151671',951,,574,20,,,0
10019,'1151864',1151,,578,20,,,0
10019,'1151877',1251,,579,20,,,0
10019,'1151907',2021,,580,20,,,0
10019,'1151917',1751,,581,20,,,0
10019,'1152017',1251,,582,20,,,0
10019,'1152060',1051,,584,20,,,0
10019,'1152311',951,,588,20,,,0
10019,'1152461',2321,,590,20,,,0
10019,'1152473',851,,591,20,,,0
10019,'1152615',1151,,593,20,,,0
10019,'1152634',2351,,594,20,,,0
10019,'1152791',1051,,597,20,,,0
10019,'1152900',921,,600,20,,,0
10019,'1152904',1951,,601,20,,,0
10019,'1153120',651,,602,20,,,0
10019,'1153228',751,,604,20,,,0
10019,'1153418',2151,,606,20,,,0
10019,'1153451',721,,607,20,,,0
10019,'1153499',851,,609,20,,,0
10019,'1153548',1921,,610,20,,,0
10019,'1153739',751,,613,20,,,0
10019,'1153751',1551,,615,20,,,0
10019,'1153967',2221,,619,20,,,0
10019,'1154257',821,,627,20,,,0
10019,'1154380',1651,,630,20,,,0
10019,'1154723',1621,,635,20,,,0
10019,'1155009',1351,,638,20,,,0
10019,'1155027',1451,,639,20,,,0
10019,'1155413',1451,,640,20,,,0
10019,'1155441',1721,,642,20,,,0
10019,'1155495',622,,643,20,,,0
