105019,'1190616',2239,,9291,71,,,0
105019,'1190769',1431,,9292,71,,,0
105019,'1190825',1639,,9293,71,,,0
105019,'1190865',1831,,9294,71,,,0
105019,'1190975',1901,,9295,71,,,0
105019,'1190992',1823,,9296,71,,,0
105019,'1190998',1223,,9297,71,,,0
105019,'1191007',1731,,9298,71,,,0
105019,'1191038',1523,,9299,71,,,0
105019,'1191063',1013,,9300,71,,,0
105019,'1191065',1331,,9301,71,,,0
105019,'1191145',709,,9302,71,,,0
105019,'1191217',2321,,9303,71,,,0
105019,'1191294',1423,,9304,71,,,0
105019,'1191329',921,,9305,71,,,0
105019,'1191413',1039,,9306,71,,,0
105019,'1191457',1323,,9307,71,,,0
105019,'1191557',913,,9308,71,,,0
105019,'1191709',813,,9309,71,,,0
105019,'1191750',2308,,9310,71,,,0
105019,'1191859',721,,9311,71,,,0
105019,'1191891',1801,,9312,71,,,0
105019,'1192052',1923,,9313,71,,,0
105019,'1192113',639,,9314,71,,,0
105019,'1192142',1623,,9315,71,,,0
105019,'1192176',839,,9316,71,,,0
105019,'1192218',2408,,9317,71,,,0
105019,'1192236',1439,,9318,71,,,0
105019,'1192248',2108,,9319,71,,,0
105019,'1192267',1723,,9320,71,,,0
105019,'1192318',1123,,9321,71,,,0
105019,'1192337',1646,,9322,71,,,0
105019,'1192353',1516,,9323,71,,,0
105019,'1192579',1216,,9324,71,,,0
105019,'1192586',1239,,9325,71,,,0
105019,'1192598',2039,,9326,71,,,0
105019,'1192614',743,,9327,71,,,0
105019,'1192661',2208,,9328,71,,,0
105019,'1192725',1546,,9329,71,,,0
105019,'1192735',1938,,9330,71,,,0
105019,'1192821',2121,,9331,71,,,0
105019,'1192836',1839,,9332,71,,,0
105019,'1192847',609,,9333,71,,,0
105019,'1192875',1616,,9334,71,,,0
105019,'1193045',843,,9335,71,,,0
105019,'1193298',1116,,9336,71,,,0
