105029,'1184521',1805,,6491,54,,,0
105029,'1184537',1335,,6492,54,,,0
105029,'1184580',918,,6493,54,,,0
105029,'1184670',1550,,6494,54,,,0
105029,'1184808',2318,,6496,54,,,0
105029,'1184833',1020,,6497,54,,,0
105029,'1184834',2423,,6498,54,,,0
105029,'1184863',1235,,6499,54,,,0
105029,'1185135',718,,6501,54,,,0
105029,'1185332',1848,,6505,54,,,0
105029,'1185350',2018,,6506,54,,,0
105029,'1185359',2218,,6507,54,,,0
105029,'1185440',1635,,6510,54,,,0
105029,'1185668',748,,6513,54,,,0
105029,'1185827',2118,,6515,54,,,0
105029,'1185938',1450,,6516,54,,,0
105029,'1186005',1705,,6517,54,,,0
105029,'1186279',1520,,6519,54,,,0
105029,'1186282',1420,,6520,54,,,0
105029,'1186470',1120,,6525,54,,,0
105029,'1186861',648,,6531,54,,,0
105029,'1186874',1735,,6532,54,,,0
105029,'1187005',818,,6534,54,,,0
