105019,'1150133',954,,3356,37,,,0
105019,'1150519',1812,,3358,37,,,0
105019,'1150723',703,,3359,37,,,0
105019,'1150755',1457,,3360,37,,,0
105019,'1150957',854,,3364,37,,,0
105019,'1150991',1312,,3365,37,,,0
105019,'1151148',1105,,3367,37,,,0
105019,'1151174',1305,,3368,37,,,0
105019,'1151428',824,,3371,37,,,0
105019,'1151680',1842,,3374,37,,,0
105019,'1151743',754,,3375,37,,,0
105019,'1152002',2250,,3380,37,,,0
105019,'1152300',1405,,3381,37,,,0
105019,'1152360',650,,3382,37,,,0
105019,'1152386',724,,3383,37,,,0
105019,'1152506',1742,,3384,37,,,0
105019,'1152547',620,,3385,37,,,0
105019,'1152647',2150,,3386,37,,,0
105019,'1152697',2350,,3387,37,,,0
105019,'1153054',1505,,3390,37,,,0
105019,'1153337',1905,,3392,37,,,0
105019,'1153487',550,,3393,37,,,0
105019,'1153863',1205,,3395,37,,,0
105019,'1153895',1527,,3397,37,,,0
105019,'1154206',2050,,3398,37,,,0
105019,'1154598',1805,,3402,37,,,0
105019,'1154605',1705,,3403,37,,,0
105019,'1154691',1057,,3404,37,,,0
105019,'1154711',1605,,3406,37,,,0
105019,'1154821',1412,,3407,37,,,0
105019,'1154915',1920,,3409,37,,,0
105019,'1154933',1712,,3410,37,,,0
105019,'1155111',2303,,3412,37,,,0
105019,'1155143',1627,,3413,37,,,0
105019,'1155198',1157,,3415,37,,,0
105019,'1155339',1557,,3419,37,,,0
105019,'1155343',2103,,3420,37,,,0
105019,'1155497',903,,3421,37,,,0
