28019,'1184531',1812,,5965,9,,,0
28019,'1184536',742,,5966,9,,,0
28019,'1184590',842,,5968,9,,,0
28019,'1184806',1412,,5969,9,,,0
28019,'1185009',1742,,5973,9,,,0
28019,'1185083',1312,,5974,9,,,0
28019,'1185095',1612,,5976,9,,,0
28019,'1185229',1012,,5979,9,,,0
28019,'1185263',2112,,5981,9,,,0
28019,'1185469',1912,,5984,9,,,0
28019,'1185615',2212,,5986,9,,,0
28019,'1185768',642,,5988,9,,,0
28019,'1185787',1512,,5989,9,,,0
28019,'1185880',2012,,5993,9,,,0
28019,'1185920',2312,,5994,9,,,0
28019,'1186085',1112,,5997,9,,,0
28019,'1186130',1212,,5998,9,,,0
28019,'1186293',812,,6002,9,,,0
28019,'1186574',612,,6009,9,,,0
28019,'1186585',1712,,6010,9,,,0
28019,'1186743',1642,,6012,9,,,0
28019,'1186761',1842,,6015,9,,,0
28019,'1186844',912,,6017,9,,,0
28019,'1187017',712,,6020,9,,,0
