13019,'1190607',941,,7967,41,,,0
13019,'1190622',841,,7968,41,,,0
13019,'1190640',1642,,7969,41,,,0
13019,'1190733',1041,,7970,41,,,0
13019,'1190801',1242,,7971,41,,,0
13019,'1190811',1941,,7972,41,,,0
13019,'1190911',741,,7973,41,,,0
13019,'1191064',1011,,7974,41,,,0
13019,'1191079',912,,7975,41,,,0
13019,'1191259',741,,7976,41,,,0
13019,'1191324',741,,7977,41,,,0
13019,'1191439',1743,,7978,41,,,0
13019,'1191443',611,,7979,15,,,0
13019,'1191477',2341,,7980,41,,,0
13019,'1191498',2241,,7981,41,,,0
13019,'1191524',641,,7982,15,,,0
13019,'1191613',1543,,7983,41,,,0
13019,'1191629',2241,,7984,41,,,0
13019,'1191635',2141,,7985,41,,,0
13019,'1191643',2111,,7986,41,,,0
13019,'1191663',1243,,7987,41,,,0
13019,'1191733',1044,,7988,41,,,0
13019,'1191945',1342,,7989,41,,,0
13019,'1192060',811,,7990,41,,,0
13019,'1192062',2211,,7991,41,,,0
13019,'1192072',1143,,7992,41,,,0
13019,'1192088',641,,7993,41,,,0
13019,'1192127',1513,,7994,41,,,0
13019,'1192154',1443,,7995,41,,,0
13019,'1192163',1442,,7996,41,,,0
13019,'1192228',842,,7997,41,,,0
13019,'1192253',1341,,7998,41,,,0
13019,'1192292',1641,,7999,41,,,0
13019,'1192313',841,,8000,41,,,0
13019,'1192426',1613,,8001,41,,,0
13019,'1192486',1713,,8002,41,,,0
13019,'1192492',1911,,8003,41,,,0
13019,'1192497',1142,,8004,41,,,0
13019,'1192498',1742,,8005,41,,,0
13019,'1192501',1811,,8006,41,,,0
13019,'1192533',1741,,8007,41,,,0
13019,'1192536',1041,,8008,41,,,0
13019,'1192544',2041,,8009,41,,,0
13019,'1192608',1441,,8010,41,,,0
13019,'1192610',941,,8011,41,,,0
13019,'1192637',2141,,8012,41,,,0
13019,'1192651',1841,,8013,41,,,0
13019,'1192715',2311,,8014,41,,,0
13019,'1192764',1941,,8015,41,,,0
13019,'1192811',2041,,8016,41,,,0
13019,'1192876',1643,,8017,41,,,0
13019,'1192895',942,,8018,41,,,0
13019,'1192920',1141,,8019,41,,,0
13019,'1192984',1241,,8020,41,,,0
13019,'1193039',1542,,8021,41,,,0
13019,'1193073',2011,,8022,41,,,0
13019,'1193083',2341,,8023,41,,,0
13019,'1193111',1541,,8024,41,,,0
13019,'1193132',711,,8025,41,,,0
13019,'1193188',1841,,8026,41,,,0
13019,'1193199',2416,,8027,41,,,0
13019,'1193221',1343,,8028,41,,,0
101029,'1190605',1046,,9008,22,,,0
101029,'1190678',1248,,9009,22,,,0
101029,'1190897',1629,,9010,22,,,0
101029,'1190957',946,,9011,22,,,0
101029,'1191059',829,,9012,22,,,0
101029,'1191088',1229,,9013,22,,,0
101029,'1191099',2029,,9014,22,,,0
101029,'1191397',1548,,9015,22,,,0
101029,'1191401',1029,,9016,22,,,0
101029,'1191454',1631,,9017,22,,,0
101029,'1191537',2031,,9018,22,,,0
101029,'1191600',1831,,9019,22,,,0
101029,'1191837',2231,,9020,22,,,0
101029,'1191844',1231,,9021,22,,,0
101029,'1191946',1348,,9022,22,,,0
101029,'1192220',1946,,9023,22,,,0
101029,'1192246',646,,9024,22,,,0
101029,'1192291',1431,,9025,22,,,0
101029,'1192305',2406,,9026,22,,,0
101029,'1192354',2229,,9027,22,,,0
101029,'1192401',831,,9028,22,,,0
101029,'1192520',1648,,9029,22,,,0
101029,'1192526',1429,,9030,22,,,0
101029,'1192600',2146,,9031,22,,,0
101029,'1192680',1448,,9032,22,,,0
101029,'1192726',1031,,9033,22,,,0
101029,'1192973',1746,,9034,22,,,0
101029,'1193049',746,,9035,22,,,0
101029,'1193165',1829,,9036,22,,,0
101029,'1193166',631,,9037,22,,,0
101029,'1193226',846,,9038,22,,,0
