101029,'1184516',2405,,6162,21,,,0
101029,'1184584',1230,,6163,21,,,0
101029,'1184684',1745,,6164,21,,,0
101029,'1184724',945,,6165,21,,,0
101029,'1184785',1447,,6166,21,,,0
101029,'1184855',1430,,6167,21,,,0
101029,'1184926',1829,,6168,21,,,0
101029,'1185015',745,,6169,21,,,0
101029,'1185081',2229,,6170,21,,,0
101029,'1185143',2030,,6171,21,,,0
101029,'1185204',1029,,6172,21,,,0
101029,'1185400',1630,,6173,21,,,0
101029,'1185619',1045,,6174,21,,,0
101029,'1185726',2029,,6175,21,,,0
101029,'1185794',1229,,6176,21,,,0
101029,'1185824',1429,,6177,21,,,0
101029,'1185854',1830,,6178,21,,,0
101029,'1186045',830,,6179,21,,,0
101029,'1186082',1647,,6180,21,,,0
101029,'1186107',630,,6181,21,,,0
101029,'1186135',645,,6182,21,,,0
101029,'1186138',1629,,6183,21,,,0
101029,'1186184',845,,6184,21,,,0
101029,'1186356',2145,,6185,21,,,0
101029,'1186395',829,,6186,21,,,0
101029,'1186597',1547,,6187,21,,,0
101029,'1186712',2230,,6188,21,,,0
101029,'1186784',1945,,6189,21,,,0
101029,'1186801',1030,,6190,21,,,0
101029,'1186815',1347,,6191,21,,,0
101029,'1187194',1247,,6192,21,,,0
