102019,'1150569',1603,,2964,17,,,0
102019,'1150627',1333,,2965,17,,,0
102019,'1150699',1503,,2966,17,,,0
102019,'1150863',1003,,2967,17,,,0
102019,'1151084',1033,,2969,17,,,0
102019,'1151787',1203,,2975,17,,,0
102019,'1151885',818,,2976,17,,,0
102019,'1152084',1733,,2978,17,,,0
102019,'1152215',603,,2986,17,,,0
102019,'1152229',1418,,2987,17,,,0
102019,'1152320',2033,,2988,17,,,0
102019,'1152337',1548,,2989,17,,,0
102019,'1152355',2333,,2990,17,,,0
102019,'1152636',2103,,2991,17,,,0
102019,'1152650',703,,2992,17,,,0
102019,'1152929',1133,,2996,17,,,0
102019,'1153088',1433,,2999,17,,,0
102019,'1153135',2233,,3000,17,,,0
102019,'1153320',833,,3001,17,,,0
102019,'1153698',1803,,3006,17,,,0
102019,'1153746',1903,,3008,17,,,0
102019,'1154007',1718,,3012,17,,,0
102019,'1154026',1303,,3013,17,,,0
102019,'1154131',733,,3015,17,,,0
102019,'1154161',2203,,3016,17,,,0
102019,'1154713',2403,,3020,17,,,0
102019,'1154782',1933,,3021,17,,,0
102019,'1154957',903,,3022,17,,,0
102019,'1155014',648,,3023,17,,,0
102019,'1155062',1633,,3024,17,,,0
102019,'1155467',948,,3027,17,,,0
