29029,'1184496',1938,,6107,9,,,0
29029,'1184548',2238,,6108,9,,,0
29029,'1184602',1054,,6109,9,,,0
29029,'1184681',938,,6110,9,,,0
29029,'1184958',2038,,6111,9,,,0
29029,'1185054',954,,6112,9,,,0
29029,'1185079',1239,,6113,9,,,0
29029,'1185411',1354,,6114,9,,,0
29029,'1185428',2338,,6115,9,,,0
29029,'1185454',1554,,6116,9,,,0
29029,'1185554',1039,,6117,9,,,0
29029,'1185817',1454,,6118,9,,,0
29029,'1185830',1339,,6119,9,,,0
29029,'1186029',1154,,6120,9,,,0
29029,'1186121',1254,,6121,9,,,0
29029,'1186538',1439,,6122,9,,,0
29029,'1186653',1739,,6123,9,,,0
29029,'1186838',1539,,6124,9,,,0
29029,'1186879',838,,6125,9,,,0
29029,'1186880',1139,,6126,9,,,0
29029,'1186895',1838,,6127,9,,,0
29029,'1186928',2138,,6128,9,,,0
29029,'1187082',1639,,6129,9,,,0
29029,'1187112',738,,6130,9,,,0
