12029,'1184508',851,,5051,11,,,0
12029,'1184705',651,,5055,11,,,0
12029,'1184792',1851,,5056,11,,,0
12029,'1184793',1421,,5057,11,,,0
12029,'1184946',721,,5060,11,,,0
12029,'1184990',951,,5062,11,,,0
12029,'1185014',2356,,5063,11,,,0
12029,'1185264',1721,,5068,11,,,0
12029,'1185324',1321,,5070,11,,,0
12029,'1185471',2151,,5072,11,,,0
12029,'1185613',1021,,5077,11,,,0
12029,'1185758',1651,,5082,11,,,0
12029,'1185875',2051,,5083,11,,,0
12029,'1185933',1251,,5085,11,,,0
12029,'1185999',1451,,5087,11,,,0
12029,'1186050',821,,5088,11,,,0
12029,'1186139',621,,5089,11,,,0
12029,'1186210',1151,,5090,11,,,0
12029,'1186423',1751,,5092,11,,,0
12029,'1186551',1521,,5098,11,,,0
12029,'1186588',1351,,5099,11,,,0
12029,'1186638',1621,,5101,11,,,0
12029,'1186814',1121,,5106,11,,,0
12029,'1186824',1221,,5107,11,,,0
12029,'1186878',1951,,5109,11,,,0
12029,'1186973',2251,,5112,11,,,0
12029,'1187141',1051,,5116,11,,,0
12029,'1187166',1551,,5117,11,,,0
12029,'1187188',921,,5119,11,,,0
12029,'1187196',751,,5120,11,,,0
