3019,'1184522',1806,,4586,10,,,0
3019,'1184561',1122,,4587,10,,,0
3019,'1184608',2306,,4588,10,,,0
3019,'1184631',1136,,4589,10,,,0
3019,'1184649',1706,,4590,10,,,0
3019,'1184676',2355,,4591,10,,,0
3019,'1184760',1906,,4592,10,,,0
3019,'1184770',1506,,4593,10,,,0
3019,'1184856',1406,,4594,10,,,0
3019,'1184874',1236,,4595,10,,,0
3019,'1184909',836,,4596,10,,,0
3019,'1184934',2006,,4597,10,,,0
3019,'1185010',1806,,4598,10,,,0
3019,'1185056',1106,,4599,10,,,0
3019,'1185058',906,,4600,10,,,0
3019,'1185078',1522,,4601,10,,,0
3019,'1185117',706,,4602,10,,,0
3019,'1185259',2022,,4603,10,,,0
3019,'1185268',1822,,4604,10,,,0
3019,'1185374',1222,,4605,10,,,0
3019,'1185375',1706,,4606,10,,,0
3019,'1185395',1422,,4607,10,,,0
3019,'1185421',1736,,4608,10,,,0
3019,'1185443',1636,,4609,10,,,0
3019,'1185451',1922,,4610,10,,,0
3019,'1185561',1606,,4611,10,,,0
3019,'1185578',2006,,4612,10,,,0
3019,'1185590',1406,,4613,10,,,0
3019,'1185597',906,,4614,10,,,0
3019,'1185658',2305,,4615,10,,,0
3019,'1185673',922,,4616,10,,,0
3019,'1185706',1336,,4617,10,,,0
3019,'1185767',2106,,4618,10,,,0
3019,'1185843',936,,4619,10,,,0
3019,'1185867',1306,,4620,10,,,0
3019,'1185911',806,,4622,10,,,0
3019,'1185927',1436,,4623,10,,,0
3019,'1185935',2206,,4624,10,,,0
3019,'1185955',2406,,4625,10,,,0
3019,'1185979',1506,,4626,10,,,0
3019,'1186113',1036,,4627,10,,,0
3019,'1186177',636,,4628,10,,,0
3019,'1186216',1006,,4629,10,,,0
3019,'1186304',806,,4630,10,,,0
3019,'1186382',1722,,4631,10,,,0
3019,'1186397',1022,,4632,10,,,0
3019,'1186501',1536,,4633,10,,,0
3019,'1186510',1322,,4634,10,,,0
3019,'1186516',2106,,4635,10,,,0
3019,'1186518',736,,4636,10,,,0
3019,'1186571',2322,,4637,10,,,0
3019,'1186582',1622,,4638,10,,,0
3019,'1186631',2122,,4639,10,,,0
3019,'1186666',2206,,4640,10,,,0
3019,'1186700',822,,4641,10,,,0
3019,'1186762',1206,,4642,10,,,0
3019,'1186821',1106,,4644,10,,,0
3019,'1186832',2222,,4645,10,,,0
3019,'1186834',1906,,4646,10,,,0
3019,'1186857',1306,,4647,10,,,0
3019,'1186867',722,,4648,10,,,0
3019,'1186883',1006,,4649,10,,,0
3019,'1186894',706,,4650,10,,,0
3019,'1187105',1206,,4651,10,,,0
3019,'1187174',1606,,4652,10,,,0
