105019,'1150133',1005,,3356,55,,,0
105019,'1150519',1823,,3358,55,,,0
105019,'1150723',714,,3359,55,,,0
105019,'1150755',1508,,3360,55,,,0
105019,'1150957',905,,3364,55,,,0
105019,'1150991',1323,,3365,55,,,0
105019,'1151148',1116,,3367,55,,,0
105019,'1151174',1316,,3368,55,,,0
105019,'1151428',835,,3371,55,,,0
105019,'1151680',1853,,3374,55,,,0
105019,'1151743',805,,3375,55,,,0
105019,'1152002',2301,,3380,55,,,0
105019,'1152300',1416,,3381,55,,,0
105019,'1152360',701,,3382,55,,,0
105019,'1152386',735,,3383,55,,,0
105019,'1152506',1753,,3384,55,,,0
105019,'1152547',631,,3385,55,,,0
105019,'1152647',2201,,3386,55,,,0
105019,'1152697',2401,,3387,55,,,0
105019,'1153054',1516,,3390,55,,,0
105019,'1153337',1916,,3392,55,,,0
105019,'1153487',601,,3393,55,,,0
105019,'1153863',1216,,3395,55,,,0
105019,'1153895',1538,,3397,55,,,0
105019,'1154206',2101,,3398,55,,,0
105019,'1154598',1816,,3402,55,,,0
105019,'1154605',1716,,3403,55,,,0
105019,'1154691',1108,,3404,55,,,0
105019,'1154711',1616,,3406,55,,,0
105019,'1154821',1423,,3407,55,,,0
105019,'1154915',1931,,3409,55,,,0
105019,'1154933',1723,,3410,55,,,0
105019,'1155111',2314,,3412,55,,,0
105019,'1155143',1638,,3413,55,,,0
105019,'1155198',1208,,3415,55,,,0
105019,'1155339',1608,,3419,55,,,0
105019,'1155343',2114,,3420,55,,,0
105019,'1155497',914,,3421,55,,,0
106029,'1150415',739,,3497,6,,,0
106029,'1152319',1009,,3498,6,,,0
106029,'1153399',1726,,3499,6,,,0
106029,'1153977',1611,,3500,6,,,0
106029,'1155105',1841,,3501,6,,,0
106029,'1155380',854,,3502,6,,,0
