10029,'1150182',920,,646,11,,,0
10029,'1150266',2320,,648,11,,,0
10029,'1150349',1950,,649,11,,,0
10029,'1150424',1420,,650,11,,,0
10029,'1150440',1920,,651,11,,,0
10029,'1150450',1620,,653,11,,,0
10029,'1150454',1720,,654,11,,,0
10029,'1150680',720,,656,11,,,0
10029,'1150683',1220,,657,11,,,0
10029,'1150947',1020,,659,11,,,0
10029,'1151232',2120,,662,11,,,0
10029,'1151240',920,,663,11,,,0
10029,'1151358',1020,,666,11,,,0
10029,'1151389',2150,,667,11,,,0
10029,'1151548',1320,,668,11,,,0
10029,'1151699',1420,,674,11,,,0
10029,'1151704',2355,,676,11,,,0
10029,'1151927',2050,,678,11,,,0
10029,'1152089',820,,679,11,,,0
10029,'1152120',1520,,680,11,,,0
10029,'1152213',1750,,682,11,,,0
10029,'1152237',1120,,683,11,,,0
10029,'1152276',620,,685,11,,,0
10029,'1152614',1720,,692,11,,,0
10029,'1152687',1650,,693,11,,,0
10029,'1152696',820,,694,11,,,0
10029,'1152744',1550,,697,11,,,0
10029,'1152927',1320,,700,11,,,0
10029,'1153201',720,,704,11,,,0
10029,'1153510',1620,,706,11,,,0
10029,'1153532',2020,,707,11,,,0
10029,'1153887',2220,,712,11,,,0
10029,'1154165',750,,715,11,,,0
10029,'1154182',1520,,716,11,,,0
10029,'1154281',1220,,718,11,,,0
10029,'1154360',2250,,719,11,,,0
10029,'1154531',1450,,720,11,,,0
10029,'1154688',650,,722,11,,,0
10029,'1154710',1820,,723,11,,,0
10029,'1155230',850,,733,11,,,0
10029,'1155449',1850,,734,11,,,0
10029,'1155474',1120,,735,11,,,0
