105019,'1150133',958,,3356,42,,,0
105019,'1150519',1816,,3358,42,,,0
105019,'1150723',707,,3359,42,,,0
105019,'1150755',1501,,3360,42,,,0
105019,'1150957',858,,3364,42,,,0
105019,'1150991',1316,,3365,42,,,0
105019,'1151148',1109,,3367,42,,,0
105019,'1151174',1309,,3368,42,,,0
105019,'1151428',828,,3371,42,,,0
105019,'1151680',1846,,3374,42,,,0
105019,'1151743',758,,3375,42,,,0
105019,'1152002',2254,,3380,42,,,0
105019,'1152300',1409,,3381,42,,,0
105019,'1152360',654,,3382,42,,,0
105019,'1152386',728,,3383,42,,,0
105019,'1152506',1746,,3384,42,,,0
105019,'1152547',624,,3385,42,,,0
105019,'1152647',2154,,3386,42,,,0
105019,'1152697',2354,,3387,42,,,0
105019,'1153054',1509,,3390,42,,,0
105019,'1153337',1909,,3392,42,,,0
105019,'1153487',554,,3393,42,,,0
105019,'1153863',1209,,3395,42,,,0
105019,'1153895',1531,,3397,42,,,0
105019,'1154206',2054,,3398,42,,,0
105019,'1154598',1809,,3402,42,,,0
105019,'1154605',1709,,3403,42,,,0
105019,'1154691',1101,,3404,42,,,0
105019,'1154711',1609,,3406,42,,,0
105019,'1154821',1416,,3407,42,,,0
105019,'1154915',1924,,3409,42,,,0
105019,'1154933',1716,,3410,42,,,0
105019,'1155111',2307,,3412,42,,,0
105019,'1155143',1631,,3413,42,,,0
105019,'1155198',1201,,3415,42,,,0
105019,'1155339',1601,,3419,42,,,0
105019,'1155343',2107,,3420,42,,,0
105019,'1155497',907,,3421,42,,,0
