11019,'1190643',1002,,7683,25,,,0
11019,'1190656',1534,,7684,25,,,0
11019,'1190700',1704,,7685,25,,,0
11019,'1190734',2302,,7686,25,,,0
11019,'1190739',1134,,7687,25,,,0
11019,'1190806',703,,7688,25,,,0
11019,'1190843',804,,7689,25,,,0
11019,'1190863',1003,,7690,25,,,0
11019,'1190899',1604,,7691,25,,,0
11019,'1190901',1734,,7692,25,,,0
11019,'1190931',2002,,7693,25,,,0
11019,'1190935',2132,,7694,25,,,0
11019,'1191012',1804,,7695,25,,,0
11019,'1191045',1304,,7696,25,,,0
11019,'1191105',1234,,7697,25,,,0
11019,'1191132',2104,,7698,25,,,0
11019,'1191187',1304,,7699,25,,,0
11019,'1191230',733,,7700,25,,,0
11019,'1191238',1504,,7701,25,,,0
11019,'1191240',1704,,7702,25,,,0
11019,'1191293',2102,,7703,25,,,0
11019,'1191319',633,,7704,25,,,0
11019,'1191389',2232,,7705,25,,,0
11019,'1191427',1104,,7706,25,,,0
11019,'1191450',1604,,7707,25,,,0
11019,'1191492',803,,7708,25,,,0
11019,'1191497',1704,,7709,25,,,0
11019,'1191518',2204,,7710,25,,,0
11019,'1191624',1634,,7711,25,,,0
11019,'1191660',802,,7712,25,,,0
11019,'1191669',1734,,7713,25,,,0
11019,'1191675',902,,7714,25,,,0
11019,'1191680',2202,,7715,25,,,0
11019,'1191681',2402,,7716,25,,,0
11019,'1191687',833,,7717,25,,,0
11019,'1191697',1404,,7718,25,,,0
11019,'1191719',1634,,7719,25,,,0
11019,'1191737',1504,,7720,25,,,0
11019,'1191835',1204,,7721,25,,,0
11019,'1191884',1204,,7722,25,,,0
11019,'1191966',1004,,7723,25,,,0
11019,'1192002',1434,,7724,25,,,0
11019,'1192081',904,,7725,25,,,0
11019,'1192101',1234,,7726,25,,,0
11019,'1192118',1104,,7727,25,,,0
11019,'1192123',2404,,7728,25,,,0
11019,'1192175',1932,,7729,25,,,0
11019,'1192293',702,,7730,25,,,0
11019,'1192335',1804,,7731,25,,,0
11019,'1192350',1904,,7732,25,,,0
11019,'1192404',1204,,7733,25,,,0
11019,'1192406',1804,,7734,25,,,0
11019,'1192430',1902,,7735,25,,,0
11019,'1192493',1404,,7736,25,,,0
11019,'1192513',1304,,7737,25,,,0
11019,'1192569',1334,,7738,25,,,0
11019,'1192573',1334,,7739,25,,,0
11019,'1192733',903,,7740,25,,,0
11019,'1192768',2332,,7741,25,,,0
11019,'1192799',1404,,7742,25,,,0
11019,'1192975',1504,,7743,25,,,0
11019,'1193059',1604,,7744,25,,,0
11019,'1193066',1434,,7745,25,,,0
11019,'1193090',1832,,7746,25,,,0
11019,'1193120',933,,7747,25,,,0
11019,'1193180',1104,,7748,25,,,0
11019,'1193235',2032,,7749,25,,,0
11019,'1193239',1033,,7750,25,,,0
11019,'1193241',2004,,7751,25,,,0
11019,'1193277',2304,,7752,25,,,0
11019,'1193279',1534,,7753,25,,,0
