13019,'1150115',635,,1246,5,,,0
13019,'1150207',837,,1247,31,,,0
13019,'1150227',937,,1248,31,,,0
13019,'1150493',936,,1249,31,,,0
13019,'1150585',1806,,1251,31,,,0
13019,'1150628',1508,,1253,31,,,0
13019,'1150643',2236,,1254,31,,,0
13019,'1150645',1708,,1255,31,,,0
13019,'1150729',1636,,1256,31,,,0
13019,'1150851',1738,,1257,31,,,0
13019,'1151123',1238,,1265,31,,,0
13019,'1151365',806,,1267,31,,,0
13019,'1151417',1039,,1269,31,,,0
13019,'1151524',1536,,1273,31,,,0
13019,'1151771',1638,,1275,31,,,0
13019,'1151796',907,,1276,31,,,0
13019,'1151799',2306,,1277,31,,,0
13019,'1151808',2106,,1278,31,,,0
13019,'1152195',1136,,1281,31,,,0
13019,'1152254',2206,,1283,31,,,0
13019,'1152429',736,,1285,31,,,0
13019,'1152560',1836,,1288,31,,,0
13019,'1152603',1336,,1289,31,,,0
13019,'1152985',1338,,1296,31,,,0
13019,'1153202',2136,,1297,31,,,0
13019,'1153301',1138,,1300,31,,,0
13019,'1153469',1736,,1303,31,,,0
13019,'1153618',836,,1306,31,,,0
13019,'1153699',1538,,1310,31,,,0
13019,'1154058',1036,,1314,31,,,0
13019,'1154251',636,,1316,31,,,0
13019,'1154276',1006,,1317,31,,,0
13019,'1154383',1438,,1319,31,,,0
13019,'1154424',2036,,1320,31,,,0
13019,'1154456',1236,,1321,31,,,0
13019,'1154547',2006,,1324,31,,,0
13019,'1154651',706,,1325,31,,,0
13019,'1154956',1608,,1327,31,,,0
13019,'1155135',736,,1331,31,,,0
13019,'1155249',1436,,1333,31,,,0
13019,'1155251',2411,,1334,31,,,0
13019,'1155283',1906,,1336,31,,,0
13019,'1155329',1936,,1337,31,,,0
13019,'1155371',2336,,1339,31,,,0
13019,'1155396',606,,1340,5,,,0
