13019,'1184500',1340,,5121,38,,,0
13019,'1184512',1242,,5122,38,,,0
13019,'1184520',2340,,5123,38,,,0
13019,'1184594',2310,,5124,38,,,0
13019,'1184597',640,,5125,38,,,0
13019,'1184656',2240,,5126,38,,,0
13019,'1184680',2040,,5127,38,,,0
13019,'1184707',1840,,5128,38,,,0
13019,'1184739',1040,,5129,38,,,0
13019,'1184763',710,,5130,38,,,0
13019,'1184782',1043,,5131,38,,,0
13019,'1184816',810,,5132,38,,,0
13019,'1184967',1542,,5133,38,,,0
13019,'1185101',1712,,5134,38,,,0
13019,'1185148',1810,,5135,38,,,0
13019,'1185153',941,,5136,38,,,0
13019,'1185203',840,,5137,38,,,0
13019,'1185275',1640,,5138,38,,,0
13019,'1185347',2240,,5139,38,,,0
13019,'1185433',1441,,5140,38,,,0
13019,'1185449',2415,,5141,38,,,0
13019,'1185488',740,,5142,38,,,0
13019,'1185552',841,,5143,38,,,0
13019,'1185574',911,,5144,38,,,0
13019,'1185586',1140,,5145,38,,,0
13019,'1185648',1741,,5146,38,,,0
13019,'1185683',2040,,5147,38,,,0
13019,'1185762',2340,,5148,38,,,0
13019,'1185838',610,,5149,12,,,0
13019,'1185839',1440,,5150,38,,,0
13019,'1185874',2140,,5151,38,,,0
13019,'1185879',1540,,5152,38,,,0
13019,'1185882',1442,,5153,38,,,0
13019,'1185890',1742,,5154,38,,,0
13019,'1185893',1641,,5155,38,,,0
13019,'1185903',940,,5156,38,,,0
13019,'1185910',1342,,5157,38,,,0
13019,'1185915',1840,,5158,38,,,0
13019,'1185942',740,,5159,38,,,0
13019,'1185952',2110,,5160,38,,,0
13019,'1186041',2140,,5161,38,,,0
13019,'1186117',1341,,5162,38,,,0
13019,'1186127',2210,,5163,38,,,0
13019,'1186197',1141,,5164,38,,,0
13019,'1186271',2010,,5165,38,,,0
13019,'1186295',740,,5166,38,,,0
13019,'1186341',1240,,5167,38,,,0
13019,'1186370',1142,,5168,38,,,0
13019,'1186393',1541,,5169,38,,,0
13019,'1186564',1940,,5170,38,,,0
13019,'1186586',1241,,5171,38,,,0
13019,'1186730',1010,,5172,38,,,0
13019,'1186805',1910,,5173,38,,,0
13019,'1186809',940,,5174,38,,,0
13019,'1186845',840,,5175,38,,,0
13019,'1186852',1740,,5176,38,,,0
13019,'1186961',640,,5177,12,,,0
13019,'1187032',1940,,5178,38,,,0
13019,'1187103',1642,,5179,38,,,0
13019,'1187170',1612,,5180,38,,,0
13019,'1187172',1512,,5181,38,,,0
13019,'1187197',1040,,5182,38,,,0
