11019,'1150143',649,,880,6,,,0
11019,'1150149',1819,,881,6,,,0
11019,'1150435',1720,,887,6,,,0
11019,'1150556',1349,,889,6,,,0
11019,'1150629',1620,,890,6,,,0
11019,'1150657',819,,891,6,,,0
11019,'1150677',2019,,892,6,,,0
11019,'1150686',2354,,893,6,,,0
11019,'1150726',1550,,894,6,,,0
11019,'1150735',1435,,895,6,,,0
11019,'1150744',1605,,896,6,,,0
11019,'1150925',1449,,899,6,,,0
11019,'1150938',1319,,901,6,,,0
11019,'1151038',919,,902,6,,,0
11019,'1151140',1004,,905,6,,,0
11019,'1151144',2204,,906,6,,,0
11019,'1151191',1205,,908,6,,,0
11019,'1151326',1934,,910,6,,,0
11019,'1151442',834,,913,6,,,0
11019,'1151502',1519,,914,6,,,0
11019,'1151687',719,,917,6,,,0
11019,'1151694',1320,,918,6,,,0
11019,'1151697',1635,,919,6,,,0
11019,'1151715',704,,920,6,,,0
11019,'1151806',819,,923,6,,,0
11019,'1151889',1219,,925,6,,,0
11019,'1151897',1650,,926,6,,,0
11019,'1151910',804,,927,6,,,0
11019,'1152031',919,,929,6,,,0
11019,'1152198',949,,932,6,,,0
11019,'1152246',1149,,933,6,,,0
11019,'1152286',634,,934,6,,,0
11019,'1152347',2134,,936,6,,,0
11019,'1152358',1834,,937,6,,,0
11019,'1152422',2334,,939,6,,,0
11019,'1152449',1735,,940,6,,,0
11019,'1152484',1134,,941,6,,,0
11019,'1152597',1405,,943,6,,,0
11019,'1152670',1750,,944,6,,,0
11019,'1152706',1335,,945,6,,,0
11019,'1152810',1520,,947,6,,,0
11019,'1152872',1420,,948,6,,,0
11019,'1152996',904,,951,6,,,0
11019,'1153015',1249,,952,6,,,0
11019,'1153067',2219,,953,6,,,0
11019,'1153085',719,,955,6,,,0
11019,'1153098',1719,,956,6,,,0
11019,'1153395',1119,,962,6,,,0
11019,'1153405',1705,,963,6,,,0
11019,'1153484',2304,,965,6,,,0
11019,'1153506',1619,,967,6,,,0
11019,'1153527',934,,969,6,,,0
11019,'1153562',1250,,971,6,,,0
11019,'1153565',1450,,972,6,,,0
11019,'1153586',2234,,973,6,,,0
11019,'1153587',1305,,974,6,,,0
11019,'1153669',1649,,977,6,,,0
11019,'1153677',1019,,978,6,,,0
11019,'1153881',1235,,981,6,,,0
11019,'1153984',1505,,984,6,,,0
11019,'1154120',2004,,986,6,,,0
11019,'1154168',1350,,987,6,,,0
11019,'1154195',1019,,988,6,,,0
11019,'1154287',849,,989,6,,,0
11019,'1154314',1149,,990,6,,,0
11019,'1154475',1220,,991,6,,,0
11019,'1154577',2119,,993,6,,,0
11019,'1154613',1104,,994,6,,,0
11019,'1154616',749,,995,6,,,0
11019,'1154627',619,,996,6,,,0
11019,'1154690',1034,,998,6,,,0
11019,'1154863',1119,,1000,6,,,0
11019,'1154896',2104,,1001,6,,,0
11019,'1155038',1919,,1006,6,,,0
11019,'1155047',1535,,1007,6,,,0
11019,'1155187',2034,,1009,6,,,0
11019,'1155194',1549,,1010,6,,,0
11019,'1155204',1804,,1011,6,,,0
11019,'1155245',734,,1012,6,,,0
11019,'1155289',1419,,1013,6,,,0
11019,'1155293',1049,,1014,6,,,0
11019,'1155433',2319,,1016,6,,,0
11019,'1155512',1904,,1018,6,,,0
