22019,'1150441',1411,,1811,7,,,0
22019,'1150800',1011,,1812,7,,,0
22019,'1151346',1241,,1813,7,,,0
22019,'1152264',1811,,1814,7,,,0
22019,'1152425',1441,,1815,7,,,0
22019,'1152695',1811,,1816,7,,,0
22019,'1152712',1611,,1817,7,,,0
22019,'1152891',1041,,1818,7,,,0
22019,'1153159',1611,,1819,7,,,0
22019,'1153570',1211,,1820,7,,,0
22019,'1154152',1211,,1821,7,,,0
22019,'1154488',811,,1822,7,,,0
22019,'1154626',841,,1823,7,,,0
22019,'1154882',811,,1824,7,,,0
22019,'1155378',1011,,1825,7,,,0
22019,'1155508',1411,,1826,7,,,0
