11029,'1150094',1543,,737,7,,,0
11029,'1150136',1848,,738,7,,,0
11029,'1150251',1948,,740,7,,,0
11029,'1150257',2126,,741,7,,,0
11029,'1150260',2413,,742,7,,,0
11029,'1150315',1413,,743,7,,,0
11029,'1150362',757,,744,7,,,0
11029,'1150395',1758,,746,7,,,0
11029,'1150398',742,,747,7,,,0
11029,'1150408',1628,,748,7,,,0
11029,'1150418',857,,750,7,,,0
11029,'1150503',712,,751,7,,,0
11029,'1150565',942,,752,7,,,0
11029,'1150594',1343,,753,7,,,0
11029,'1150694',1528,,755,7,,,0
11029,'1150946',1012,,761,7,,,0
11029,'1150979',1458,,762,7,,,0
11029,'1151013',1826,,763,7,,,0
11029,'1151028',1628,,764,7,,,0
11029,'1151212',1142,,767,7,,,0
11029,'1151228',812,,768,7,,,0
11029,'1151266',842,,770,7,,,0
11029,'1151288',948,,772,7,,,0
11029,'1151317',827,,773,7,,,0
11029,'1151379',1643,,775,7,,,0
11029,'1151495',1926,,776,7,,,0
11029,'1151501',1513,,777,7,,,0
11029,'1151570',1658,,778,7,,,0
11029,'1151605',1258,,780,7,,,0
11029,'1151662',1212,,781,7,,,0
11029,'1151677',1558,,782,7,,,0
11029,'1151681',1148,,783,7,,,0
11029,'1151696',1428,,784,7,,,0
11029,'1151854',1157,,786,7,,,0
11029,'1151888',2148,,787,7,,,0
11029,'1152006',2353,,792,7,,,0
11029,'1152021',2048,,794,7,,,0
11029,'1152139',1048,,796,7,,,0
11029,'1152148',1558,,797,7,,,0
11029,'1152172',1713,,798,7,,,0
11029,'1152323',957,,800,7,,,0
11029,'1152476',1328,,803,7,,,0
11029,'1152508',1127,,805,7,,,0
11029,'1152540',848,,807,7,,,0
11029,'1152655',2348,,810,7,,,0
11029,'1152678',2226,,811,7,,,0
11029,'1152705',2156,,814,7,,,0
11029,'1152829',912,,815,7,,,0
11029,'1152889',2256,,817,7,,,0
11029,'1152890',1956,,818,7,,,0
11029,'1152893',1027,,819,7,,,0
11029,'1152955',1228,,821,7,,,0
11029,'1153079',1758,,824,7,,,0
11029,'1153114',1328,,825,7,,,0
11029,'1153126',1358,,827,7,,,0
11029,'1153213',657,,830,7,,,0
11029,'1153336',648,,834,7,,,0
11029,'1153651',1728,,837,7,,,0
11029,'1153681',1428,,838,7,,,0
11029,'1153694',1042,,839,7,,,0
11029,'1153712',1458,,840,7,,,0
11029,'1153871',1243,,841,7,,,0
11029,'1153888',2323,,842,7,,,0
11029,'1153932',1613,,843,7,,,0
11029,'1154011',612,,844,7,,,0
11029,'1154028',2056,,845,7,,,0
11029,'1154067',1856,,846,7,,,0
11029,'1154075',1528,,847,7,,,0
11029,'1154129',1228,,849,7,,,0
11029,'1154218',2026,,851,7,,,0
11029,'1154331',1358,,854,7,,,0
11029,'1154388',1258,,855,7,,,0
11029,'1154440',1112,,856,7,,,0
11029,'1154442',1313,,857,7,,,0
11029,'1154675',1443,,861,7,,,0
11029,'1154748',927,,862,7,,,0
11029,'1154769',642,,864,7,,,0
11029,'1154884',1057,,867,7,,,0
11029,'1154901',2248,,868,7,,,0
11029,'1154909',1728,,869,7,,,0
11029,'1155052',1813,,871,7,,,0
11029,'1155138',748,,872,7,,,0
11029,'1155227',727,,874,7,,,0
11029,'1155231',1743,,875,7,,,0
11029,'1155469',1658,,878,7,,,0
22019,'1150441',1408,,1811,3,,,0
22019,'1150800',1008,,1812,3,,,0
22019,'1151346',1238,,1813,3,,,0
22019,'1152264',1808,,1814,3,,,0
22019,'1152425',1438,,1815,3,,,0
22019,'1152712',1608,,1817,3,,,0
22019,'1152891',1038,,1818,3,,,0
22019,'1154152',1208,,1821,3,,,0
22019,'1154488',808,,1822,3,,,0
22019,'1154626',838,,1823,3,,,0
140001019,'1150287',637,,3510,3,,,0
140001019,'1150304',2137,,3511,3,,,0
140001019,'1150384',1722,,3513,3,,,0
140001019,'1150451',952,,3517,3,,,0
140001019,'1150506',2332,,3518,3,,,0
140001019,'1150536',1807,,3519,3,,,0
140001019,'1150598',1807,,3521,3,,,0
140001019,'1150609',852,,3522,3,,,0
140001019,'1150610',1512,,3523,3,,,0
140001019,'1150664',1007,,3524,3,,,0
140001019,'1150692',2207,,3525,3,,,0
140001019,'1150716',652,,3526,3,,,0
140001019,'1150784',1937,,3527,3,,,0
140001019,'1150853',1837,,3528,3,,,0
140001019,'1150869',1822,,3529,3,,,0
140001019,'1150882',1522,,3530,3,,,0
140001019,'1151105',1152,,3536,3,,,0
140001019,'1151119',1237,,3537,3,,,0
140001019,'1151195',1422,,3538,3,,,0
140001019,'1151208',807,,3539,3,,,0
140001019,'1151216',2037,,3541,3,,,0
140001019,'1151218',1907,,3542,3,,,0
140001019,'1151225',1552,,3543,3,,,0
140001019,'1151265',2022,,3544,3,,,0
140001019,'1151361',807,,3548,3,,,0
140001019,'1151371',1737,,3549,3,,,0
140001019,'1151441',2037,,3550,3,,,0
140001019,'1151470',1152,,3551,3,,,0
140001019,'1151474',2237,,3553,3,,,0
140001019,'1151528',1022,,3554,3,,,0
140001019,'1151558',737,,3555,3,,,0
140001019,'1151606',1352,,3559,3,,,0
140001019,'1151654',1352,,3562,3,,,0
140001019,'1151658',2052,,3563,3,,,0
140001019,'1151695',1852,,3565,3,,,0
140001019,'1151710',1222,,3567,3,,,0
140001019,'1151751',707,,3571,3,,,0
140001019,'1151754',722,,3572,3,,,0
140001019,'1151804',1627,,3573,3,,,0
140001019,'1151901',1652,,3576,3,,,0
140001019,'1152066',2407,,3579,3,,,0
140001019,'1152068',2007,,3580,3,,,0
140001019,'1152104',1822,,3581,3,,,0
140001019,'1152107',1727,,3582,3,,,0
140001019,'1152123',637,,3583,3,,,0
140001019,'1152165',1022,,3584,3,,,0
140001019,'1152232',1537,,3585,3,,,0
140001019,'1152240',2137,,3586,3,,,0
140001019,'1152423',1252,,3590,3,,,0
140001019,'1152471',1752,,3592,3,,,0
140001019,'1152480',1007,,3593,3,,,0
140001019,'1152565',1037,,3597,3,,,0
140001019,'1152674',907,,3600,3,,,0
140001019,'1152758',1207,,3604,3,,,0
140001019,'1152773',937,,3605,3,,,0
140001019,'1152818',1612,,3606,3,,,0
140001019,'1152831',2207,,3607,3,,,0
140001019,'1152874',1322,,3608,3,,,0
140001019,'1152907',1107,,3610,3,,,0
140001019,'1152920',1452,,3611,3,,,0
140001019,'1152942',1337,,3614,3,,,0
140001019,'1152950',1222,,3615,3,,,0
140001019,'1152961',1637,,3616,3,,,0
140001019,'1152981',1337,,3618,3,,,0
140001019,'1152999',2237,,3619,3,,,0
140001019,'1153096',1122,,3620,3,,,0
140001019,'1153139',952,,3622,3,,,0
140001019,'1153145',2307,,3623,3,,,0
140001019,'1153153',837,,3624,3,,,0
140001019,'1153208',1707,,3626,3,,,0
140001019,'1153252',1622,,3628,3,,,0
140001019,'1153294',1907,,3629,3,,,0
140001019,'1153322',1307,,3631,3,,,0
140001019,'1153327',837,,3632,3,,,0
140001019,'1153380',1507,,3635,3,,,0
140001019,'1153393',1937,,3637,3,,,0
140001019,'1153607',707,,3642,3,,,0
140001019,'1153629',1107,,3644,3,,,0
140001019,'1153737',1542,,3645,3,,,0
140001019,'1153742',2407,,3646,3,,,0
140001019,'1153757',1052,,3647,3,,,0
140001019,'1153879',2107,,3648,3,,,0
140001019,'1153928',1607,,3649,3,,,0
140001019,'1153949',1457,,3651,3,,,0
140001019,'1153978',1427,,3653,3,,,0
140001019,'1154051',2337,,3655,3,,,0
140001019,'1154078',1442,,3656,3,,,0
140001019,'1154230',1412,,3662,3,,,0
140001019,'1154259',1437,,3663,3,,,0
140001019,'1154323',1122,,3665,3,,,0
140001019,'1154329',2307,,3667,3,,,0
140001019,'1154451',1922,,3670,3,,,0
140001019,'1154489',1742,,3671,3,,,0
140001019,'1154490',1407,,3672,3,,,0
140001019,'1154529',1712,,3673,3,,,0
140001019,'1154538',822,,3674,3,,,0
140001019,'1154628',1657,,3676,3,,,0
140001019,'1154634',922,,3677,3,,,0
140001019,'1154642',1137,,3678,3,,,0
140001019,'1154758',1037,,3681,3,,,0
140001019,'1154789',1952,,3682,3,,,0
140001019,'1154820',752,,3683,3,,,0
140001019,'1154851',737,,3684,3,,,0
140001019,'1154866',1237,,3685,3,,,0
140001019,'1154965',1307,,3687,3,,,0
140001019,'1154991',907,,3689,3,,,0
140001019,'1154994',1837,,3690,3,,,0
140001019,'1155094',1252,,3691,3,,,0
140001019,'1155108',937,,3692,3,,,0
140001019,'1155222',2107,,3698,3,,,0
140001019,'1155223',1527,,3699,3,,,0
140001019,'1155228',1207,,3700,3,,,0
140001019,'1155236',1322,,3702,3,,,0
140001019,'1155259',2007,,3703,3,,,0
140001019,'1155279',1753,,3704,3,,,0
140001019,'1155314',1852,,3705,3,,,0
140001019,'1155327',1137,,3707,3,,,0
140001019,'1155399',1052,,3709,3,,,0
140001019,'1155422',1557,,3710,3,,,0
140001019,'1155482',1642,,3711,3,,,0
