105029,'1150199',2007,,3422,31,,,0
105029,'1150361',637,,3424,31,,,0
105029,'1150640',1223,,3425,31,,,0
105029,'1150831',1622,,3427,31,,,0
105029,'1150967',1722,,3428,31,,,0
105029,'1151263',1723,,3431,31,,,0
105029,'1151286',2207,,3432,31,,,0
105029,'1151500',1438,,3433,31,,,0
105029,'1151551',620,,3434,31,,,0
105029,'1151563',1837,,3435,31,,,0
105029,'1151643',1822,,3437,31,,,0
105029,'1151929',820,,3440,31,,,0
105029,'1152027',1323,,3442,31,,,0
105029,'1152064',1753,,3445,31,,,0
105029,'1152144',2412,,3447,31,,,0
105029,'1152244',2220,,3449,31,,,0
105029,'1152289',1022,,3450,31,,,0
105029,'1152606',1522,,3454,31,,,0
105029,'1152997',1322,,3457,31,,,0
105029,'1153205',2020,,3458,31,,,0
105029,'1153333',1422,,3459,31,,,0
105029,'1153409',1122,,3461,31,,,0
105029,'1153442',2307,,3464,31,,,0
105029,'1153503',1008,,3465,31,,,0
105029,'1153624',1408,,3467,31,,,0
105029,'1153688',1653,,3468,31,,,0
105029,'1154104',1538,,3474,31,,,0
105029,'1154267',807,,3476,31,,,0
105029,'1154372',2107,,3477,31,,,0
105029,'1154485',707,,3479,31,,,0
105029,'1154581',2420,,3481,31,,,0
105029,'1154663',1623,,3482,31,,,0
105029,'1154768',1508,,3486,31,,,0
105029,'1154987',1108,,3487,31,,,0
105029,'1155078',907,,3488,31,,,0
105029,'1155257',1222,,3489,31,,,0
105029,'1155338',737,,3490,31,,,0
106019,'1151884',1601,,3491,35,,,0
106019,'1152474',959,,3492,35,,,0
106019,'1152524',844,,3493,35,,,0
106019,'1152767',729,,3494,35,,,0
106019,'1154013',1831,,3495,35,,,0
106019,'1155307',1716,,3496,35,,,0
