10019,'1184691',1355,,4721,27,,,0
10019,'1184710',2124,,4722,27,,,0
10019,'1184932',1255,,4726,27,,,0
10019,'1185103',2224,,4729,27,,,0
10019,'1185108',1055,,4730,27,,,0
10019,'1185124',1924,,4731,27,,,0
10019,'1185169',1824,,4734,27,,,0
10019,'1185191',1554,,4735,27,,,0
10019,'1185284',824,,4737,27,,,0
10019,'1185473',1525,,4740,27,,,0
10019,'1185618',1654,,4745,27,,,0
10019,'1185672',655,,4747,27,,,0
10019,'1185811',1624,,4751,27,,,0
10019,'1185902',1455,,4753,27,,,0
10019,'1186039',854,,4754,27,,,0
10019,'1186042',1724,,4755,27,,,0
10019,'1186096',2024,,4757,27,,,0
10019,'1186123',954,,4758,27,,,0
10019,'1186300',724,,4763,27,,,0
10019,'1186511',924,,4766,27,,,0
10019,'1186560',1754,,4768,27,,,0
10019,'1186575',625,,4769,27,,,0
10019,'1186626',2324,,4770,27,,,0
10019,'1186729',1155,,4772,27,,,0
10019,'1187036',754,,4775,27,,,0
