25019,'1150209',1710,,2062,15,,,0
25019,'1150247',840,,2063,15,,,0
25019,'1150329',1210,,2064,15,,,0
25019,'1150363',1239,,2065,15,,,0
25019,'1150425',2040,,2066,15,,,0
25019,'1150527',1539,,2069,15,,,0
25019,'1150689',710,,2071,15,,,0
25019,'1150696',1739,,2072,15,,,0
25019,'1150730',2338,,2074,15,,,0
25019,'1150988',1439,,2075,15,,,0
25019,'1151062',2139,,2076,15,,,0
25019,'1151067',940,,2077,15,,,0
25019,'1151104',939,,2078,15,,,0
25019,'1151242',2240,,2079,15,,,0
25019,'1151384',1110,,2082,15,,,0
25019,'1151534',1339,,2085,15,,,0
25019,'1151656',2039,,2086,15,,,0
25019,'1151791',1440,,2088,15,,,0
25019,'1151809',2239,,2089,15,,,0
25019,'1151820',810,,2090,15,,,0
25019,'1151857',1839,,2091,15,,,0
25019,'1151998',839,,2093,15,,,0
25019,'1152331',1010,,2098,15,,,0
25019,'1152372',1610,,2100,15,,,0
25019,'1152581',1039,,2104,15,,,0
25019,'1152998',638,,2110,15,,,0
25019,'1153199',1939,,2114,15,,,0
25019,'1153262',1639,,2115,15,,,0
25019,'1153285',1510,,2118,15,,,0
25019,'1153297',1139,,2119,15,,,0
25019,'1153352',740,,2121,15,,,0
25019,'1153432',1540,,2123,15,,,0
25019,'1153859',2400,,2126,15,,,0
25019,'1154166',1640,,2128,15,,,0
25019,'1154390',1410,,2131,15,,,0
25019,'1154610',1840,,2135,15,,,0
25019,'1154641',910,,2136,15,,,0
25019,'1154763',1310,,2140,15,,,0
25019,'1154910',738,,2145,15,,,0
25019,'1154988',2140,,2148,15,,,0
25019,'1155012',1940,,2149,15,,,0
25019,'1155109',640,,2150,15,,,0
25019,'1155210',1740,,2151,15,,,0
