25019,'1184495',715,,5635,25,,,0
25019,'1184757',1545,,5639,25,,,0
25019,'1184771',1715,,5640,25,,,0
25019,'1184903',2245,,5642,25,,,0
25019,'1185100',1745,,5648,25,,,0
25019,'1185110',1645,,5649,25,,,0
25019,'1185173',945,,5650,25,,,0
25019,'1185179',2145,,5651,25,,,0
25019,'1185244',745,,5654,25,,,0
25019,'1185338',915,,5655,25,,,0
25019,'1185434',1115,,5657,25,,,0
25019,'1185653',1015,,5661,25,,,0
25019,'1185731',1215,,5663,25,,,0
25019,'1185741',2045,,5665,25,,,0
25019,'1185991',845,,5668,25,,,0
25019,'1186131',1845,,5670,25,,,0
25019,'1186625',1315,,5677,25,,,0
25019,'1186803',645,,5682,25,,,0
25019,'1186914',1445,,5684,25,,,0
25019,'1186957',815,,5685,25,,,0
25019,'1186996',1415,,5687,25,,,0
25019,'1187059',1615,,5688,25,,,0
25019,'1187086',1515,,5691,25,,,0
25019,'1187127',1945,,5693,25,,,0
25019,'1187154',2405,,5694,25,,,0
