14019,'1150200',944,,1440,5,,,0
14019,'1150262',644,,1441,5,,,0
14019,'1150337',844,,1443,5,,,0
14019,'1150348',1144,,1444,5,,,0
14019,'1150379',714,,1445,5,,,0
14019,'1150712',2044,,1451,5,,,0
14019,'1151030',1345,,1452,5,,,0
14019,'1151165',2244,,1455,5,,,0
14019,'1151250',1744,,1456,5,,,0
14019,'1151355',2114,,1458,5,,,0
14019,'1151402',2314,,1459,5,,,0
14019,'1151531',744,,1462,5,,,0
14019,'1151546',2214,,1464,5,,,0
14019,'1151663',1515,,1466,5,,,0
14019,'1151708',1715,,1468,5,,,0
14019,'1151821',1245,,1470,5,,,0
14019,'1152024',944,,1471,5,,,0
14019,'1152219',1644,,1473,5,,,0
14019,'1152241',1244,,1474,5,,,0
14019,'1152242',1745,,1475,5,,,0
14019,'1152324',2014,,1479,5,,,0
14019,'1152363',844,,1481,5,,,0
14019,'1152413',1645,,1482,5,,,0
14019,'1152541',914,,1485,5,,,0
14019,'1152725',1545,,1488,5,,,0
14019,'1152770',1615,,1490,5,,,0
14019,'1152772',1914,,1491,5,,,0
14019,'1152885',1344,,1493,5,,,0
14019,'1153060',2144,,1494,5,,,0
14019,'1153371',644,,1499,5,,,0
14019,'1153493',744,,1502,5,,,0
14019,'1153692',1445,,1505,5,,,0
14019,'1153780',1045,,1506,5,,,0
14019,'1153908',1145,,1508,5,,,0
14019,'1154077',1814,,1510,5,,,0
14019,'1154090',1544,,1511,5,,,0
14019,'1154211',1944,,1514,5,,,0
14019,'1154339',1044,,1517,5,,,0
14019,'1154509',1844,,1520,5,,,0
14019,'1154513',1444,,1521,5,,,0
14019,'1154567',814,,1522,5,,,0
14019,'1155390',2344,,1531,5,,,0
29019,'1150216',1438,,2785,5,,,0
29019,'1150542',1523,,2787,5,,,0
29019,'1150663',923,,2788,5,,,0
29019,'1150707',1323,,2789,5,,,0
29019,'1150798',1023,,2790,5,,,0
29019,'1150837',2123,,2791,5,,,0
29019,'1150850',1223,,2792,5,,,0
29019,'1151243',938,,2794,5,,,0
29019,'1151749',1338,,2797,5,,,0
29019,'1151947',1723,,2798,5,,,0
29019,'1152147',1238,,2799,5,,,0
29019,'1152178',2323,,2801,5,,,0
29019,'1152251',823,,2802,5,,,0
29019,'1152782',2023,,2804,5,,,0
29019,'1152790',1423,,2805,5,,,0
29019,'1152913',1823,,2806,5,,,0
29019,'1153101',1623,,2808,5,,,0
29019,'1153250',2223,,2809,5,,,0
29019,'1153364',723,,2810,5,,,0
29019,'1153817',1123,,2814,5,,,0
29019,'1153846',1923,,2815,5,,,0
29019,'1154151',1538,,2816,5,,,0
29019,'1154660',1138,,2819,5,,,0
29019,'1155273',1038,,2824,5,,,0
190001019,'1150167',1415,,3927,5,,,0
190001019,'1150378',1500,,3940,5,,,0
190001019,'1150412',2053,,3943,5,,,0
190001019,'1150432',1140,,3944,5,,,0
190001019,'1150455',1515,,3945,5,,,0
190001019,'1150496',1445,,3950,5,,,0
190001019,'1150557',1425,,3955,5,,,0
190001019,'1150567',1700,,3956,5,,,0
190001019,'1150623',1455,,3964,5,,,0
190001019,'1150669',2108,,3965,5,,,0
190001019,'1150671',1725,,3966,5,,,0
190001019,'1150695',1255,,3969,5,,,0
190001019,'1150743',2138,,3972,5,,,0
190001019,'1150792',723,,3977,5,,,0
190001019,'1150857',839,,3981,5,,,0
190001019,'1150903',1810,,3986,5,,,0
190001019,'1150953',809,,3989,5,,,0
190001019,'1150955',1110,,3990,5,,,0
190001019,'1150978',1354,,3991,5,,,0
190001019,'1150995',754,,3992,5,,,0
190001019,'1151072',1823,,4000,5,,,0
190001019,'1151099',2353,,4002,5,,,0
190001019,'1151128',923,,4004,5,,,0
190001019,'1151153',1545,,4008,5,,,0
190001019,'1151340',1808,,4014,5,,,0
190001019,'1151382',1025,,4016,5,,,0
190001019,'1151419',1908,,4020,5,,,0
190001019,'1151431',2253,,4021,5,,,0
190001019,'1151438',623,,4022,5,,,0
190001019,'1151519',1555,,4028,5,,,0
190001019,'1151569',1938,,4031,5,,,0
190001019,'1151650',1024,,4036,5,,,0
190001019,'1151674',1853,,4038,5,,,0
190001019,'1151688',1224,,4039,5,,,0
190001019,'1151700',1410,,4040,5,,,0
190001019,'1151776',1109,,4043,5,,,0
190001019,'1151790',1953,,4047,5,,,0
190001019,'1151826',2153,,4051,5,,,0
190001019,'1151848',1055,,4054,5,,,0
190001019,'1151893',1254,,4058,5,,,0
190001019,'1151946',2123,,4060,5,,,0
190001019,'1151966',739,,4061,5,,,0
190001019,'1151973',1139,,4062,5,,,0
190001019,'1152132',1155,,4072,5,,,0
190001019,'1152136',1309,,4073,5,,,0
190001019,'1152230',1210,,4077,5,,,0
190001019,'1152295',1610,,4084,5,,,0
190001019,'1152305',2023,,4085,5,,,0
190001019,'1152312',824,,4086,5,,,0
190001019,'1152361',2008,,4087,5,,,0
190001019,'1152368',823,,4088,5,,,0
190001019,'1152486',1645,,4094,5,,,0
190001019,'1152529',1054,,4095,5,,,0
190001019,'1152673',853,,4102,5,,,0
190001019,'1152703',1039,,4103,5,,,0
190001019,'1152726',1154,,4104,5,,,0
190001019,'1152753',653,,4106,5,,,0
190001019,'1152787',1730,,4107,5,,,0
190001019,'1152813',1838,,4109,5,,,0
190001019,'1152879',1339,,4119,5,,,0
190001019,'1152958',1715,,4126,5,,,0
190001019,'1152980',639,,4131,5,,,0
190001019,'1152987',1755,,4132,5,,,0
190001019,'1153002',1745,,4134,5,,,0
190001019,'1153044',753,,4138,5,,,0
190001019,'1153081',954,,4143,5,,,0
190001019,'1153116',1040,,4148,5,,,0
190001019,'1153184',1600,,4153,5,,,0
190001019,'1153224',2223,,4155,5,,,0
190001019,'1153249',2038,,4156,5,,,0
190001019,'1153258',1923,,4157,5,,,0
190001019,'1153260',1310,,4159,5,,,0
190001019,'1153314',654,,4164,5,,,0
190001019,'1153317',1225,,4165,5,,,0
190001019,'1153361',1953,,4167,5,,,0
190001019,'1153398',1615,,4169,5,,,0
190001019,'1153481',1710,,4173,5,,,0
190001019,'1153496',1510,,4175,5,,,0
190001019,'1153611',2253,,4181,5,,,0
190001019,'1153722',1530,,4189,5,,,0
190001019,'1153725',1240,,4190,5,,,0
190001019,'1153756',1209,,4193,5,,,0
190001019,'1153781',1430,,4199,5,,,0
190001019,'1153816',1640,,4204,5,,,0
190001019,'1153882',2053,,4206,5,,,0
190001019,'1153969',1340,,4209,5,,,0
190001019,'1154141',724,,4220,5,,,0
190001019,'1154159',1753,,4223,5,,,0
190001019,'1154180',1440,,4224,5,,,0
190001019,'1154219',2023,,4229,5,,,0
190001019,'1154273',924,,4234,5,,,0
190001019,'1154358',1008,,4243,5,,,0
190001019,'1154413',1525,,4248,5,,,0
190001019,'1154439',2323,,4250,5,,,0
190001019,'1154452',953,,4252,5,,,0
190001019,'1154708',1853,,4270,5,,,0
190001019,'1154720',2353,,4271,5,,,0
190001019,'1154801',1625,,4274,5,,,0
190001019,'1154809',709,,4275,5,,,0
190001019,'1154826',854,,4279,5,,,0
190001019,'1154831',2413,,4280,5,,,0
190001019,'1154832',1540,,4281,5,,,0
190001019,'1154885',1355,,4283,5,,,0
190001019,'1154918',909,,4285,5,,,0
190001019,'1154962',1324,,4287,5,,,0
190001019,'1154986',1630,,4293,5,,,0
190001019,'1155003',1823,,4295,5,,,0
190001019,'1155067',2223,,4299,5,,,0
190001019,'1155074',1923,,4301,5,,,0
190001019,'1155158',1125,,4310,5,,,0
190001019,'1155163',1239,,4312,5,,,0
190001019,'1155181',1740,,4313,5,,,0
190001019,'1155208',2153,,4314,5,,,0
190001019,'1155242',1325,,4316,5,,,0
190001019,'1155284',2123,,4318,5,,,0
190001019,'1155351',939,,4325,5,,,0
190001019,'1155362',1655,,4328,5,,,0
190001019,'1155407',2323,,4330,5,,,0
190001019,'1155492',1838,,4334,5,,,0
190001019,'1155509',1124,,4336,5,,,0
190001019,'1155522',1009,,4337,5,,,0
