12029,'1184508',858,,5051,24,,,0
12029,'1184705',658,,5055,24,,,0
12029,'1184792',1858,,5056,24,,,0
12029,'1184793',1428,,5057,24,,,0
12029,'1184946',728,,5060,24,,,0
12029,'1184990',958,,5062,24,,,0
12029,'1185014',2403,,5063,24,,,0
12029,'1185264',1728,,5068,24,,,0
12029,'1185324',1328,,5070,24,,,0
12029,'1185471',2158,,5072,24,,,0
12029,'1185613',1028,,5077,24,,,0
12029,'1185758',1658,,5082,24,,,0
12029,'1185875',2058,,5083,24,,,0
12029,'1185933',1258,,5085,24,,,0
12029,'1185999',1458,,5087,24,,,0
12029,'1186050',828,,5088,24,,,0
12029,'1186139',628,,5089,24,,,0
12029,'1186210',1158,,5090,24,,,0
12029,'1186423',1758,,5092,24,,,0
12029,'1186551',1528,,5098,24,,,0
12029,'1186588',1358,,5099,24,,,0
12029,'1186638',1628,,5101,24,,,0
12029,'1186814',1128,,5106,24,,,0
12029,'1186824',1228,,5107,24,,,0
12029,'1186878',1958,,5109,24,,,0
12029,'1186973',2258,,5112,24,,,0
12029,'1187141',1058,,5116,24,,,0
12029,'1187166',1558,,5117,24,,,0
12029,'1187188',928,,5119,24,,,0
12029,'1187196',758,,5120,24,,,0
