103019,'1184504',1413,,6279,9,,,0
103019,'1184657',1343,,6280,9,,,0
103019,'1184910',1113,,6281,9,,,0
103019,'1184918',642,,6282,9,,,0
103019,'1185122',2242,,6283,9,,,0
103019,'1185273',2142,,6285,9,,,0
103019,'1185405',1842,,6287,9,,,0
103019,'1185533',857,,6289,9,,,0
103019,'1185539',2012,,6290,9,,,0
103019,'1185585',742,,6291,9,,,0
103019,'1185749',1543,,6293,9,,,0
103019,'1185800',727,,6294,9,,,0
103019,'1185862',1243,,6296,9,,,0
103019,'1186013',942,,6299,9,,,0
103019,'1186148',1458,,6300,9,,,0
103019,'1186224',1213,,6301,9,,,0
103019,'1186231',812,,6302,9,,,0
103019,'1186269',1513,,6303,9,,,0
103019,'1186278',2312,,6304,9,,,0
103019,'1186435',1812,,6305,9,,,0
103019,'1186529',2112,,6306,9,,,0
103019,'1186561',1628,,6307,9,,,0
103019,'1186721',1042,,6310,9,,,0
103019,'1186769',1713,,6312,9,,,0
103019,'1186890',1643,,6313,9,,,0
103019,'1187000',1942,,6314,9,,,0
103019,'1187124',912,,6316,9,,,0
