24019,'1150105',806,,1871,10,,,0
24019,'1150252',1308,,1872,10,,,0
24019,'1150297',1706,,1873,10,,,0
24019,'1150370',1738,,1876,10,,,0
24019,'1150419',1806,,1877,10,,,0
24019,'1150426',1208,,1878,10,,,0
24019,'1150718',2236,,1885,10,,,0
24019,'1150819',2036,,1887,10,,,0
24019,'1151157',2306,,1890,10,,,0
24019,'1151201',1836,,1891,10,,,0
24019,'1151268',1307,,1893,10,,,0
24019,'1151299',1906,,1894,10,,,0
24019,'1151600',1006,,1897,10,,,0
24019,'1151675',1107,,1898,10,,,0
24019,'1151788',2006,,1901,10,,,0
24019,'1151937',1538,,1903,10,,,0
24019,'1152096',2106,,1907,10,,,0
24019,'1152175',1638,,1908,10,,,0
24019,'1152438',706,,1911,10,,,0
24019,'1152463',1508,,1913,10,,,0
24019,'1152569',1507,,1915,10,,,0
24019,'1152830',806,,1917,10,,,0
24019,'1153165',1407,,1922,10,,,0
24019,'1153232',1708,,1924,10,,,0
24019,'1153313',636,,1926,10,,,0
24019,'1153329',1408,,1927,10,,,0
24019,'1153504',1207,,1929,10,,,0
24019,'1153783',736,,1934,10,,,0
24019,'1153981',2136,,1941,10,,,0
24019,'1154057',2206,,1943,10,,,0
24019,'1154255',936,,1944,10,,,0
24019,'1154332',606,,1945,10,,,0
24019,'1154432',1438,,1946,10,,,0
24019,'1154504',1007,,1947,10,,,0
24019,'1154528',906,,1949,10,,,0
24019,'1154718',706,,1952,10,,,0
24019,'1154886',1608,,1953,10,,,0
24019,'1154890',1936,,1954,10,,,0
24019,'1154891',907,,1955,10,,,0
24019,'1155021',2356,,1956,10,,,0
24019,'1155162',1606,,1959,10,,,0
24019,'1155258',836,,1962,10,,,0
24019,'1155344',1108,,1965,10,,,0
