13019,'1184512',1240,,5122,34,,,0
13019,'1184594',2308,,5124,34,,,0
13019,'1184597',638,,5125,34,,,0
13019,'1184763',708,,5130,34,,,0
13019,'1184782',1041,,5131,34,,,0
13019,'1184816',808,,5132,34,,,0
13019,'1184967',1540,,5133,34,,,0
13019,'1185101',1710,,5134,34,,,0
13019,'1185148',1808,,5135,34,,,0
13019,'1185153',939,,5136,34,,,0
13019,'1185449',2413,,5141,34,,,0
13019,'1185552',839,,5143,34,,,0
13019,'1185574',909,,5144,34,,,0
13019,'1185838',608,,5149,8,,,0
13019,'1185882',1440,,5153,34,,,0
13019,'1185890',1740,,5154,34,,,0
13019,'1185910',1340,,5157,34,,,0
13019,'1185952',2108,,5160,34,,,0
13019,'1186127',2208,,5163,34,,,0
13019,'1186271',2008,,5165,34,,,0
13019,'1186295',738,,5166,34,,,0
13019,'1186370',1140,,5168,34,,,0
13019,'1186730',1008,,5172,34,,,0
13019,'1186805',1908,,5173,34,,,0
13019,'1187103',1640,,5179,34,,,0
13019,'1187170',1610,,5180,34,,,0
13019,'1187172',1510,,5181,34,,,0
