27019,'1150137',2246,,2425,8,,,0
27019,'1150631',2346,,2429,8,,,0
27019,'1150670',1046,,2430,8,,,0
27019,'1150840',746,,2434,8,,,0
27019,'1150942',1246,,2437,8,,,0
27019,'1151259',1046,,2441,8,,,0
27019,'1151292',646,,2443,8,,,0
27019,'1151692',2046,,2449,8,,,0
27019,'1152142',1916,,2454,8,,,0
27019,'1152177',1646,,2456,8,,,0
27019,'1152336',1646,,2457,8,,,0
27019,'1152339',1146,,2458,8,,,0
27019,'1152364',1346,,2461,8,,,0
27019,'1152426',946,,2462,8,,,0
27019,'1152643',946,,2464,8,,,0
27019,'1152766',646,,2465,8,,,0
27019,'1152827',746,,2466,8,,,0
27019,'1152846',1846,,2467,8,,,0
27019,'1152906',1346,,2469,8,,,0
27019,'1152912',1246,,2470,8,,,0
27019,'1152915',1446,,2471,8,,,0
27019,'1153074',1746,,2472,8,,,0
27019,'1153392',2316,,2477,8,,,0
27019,'1153472',1546,,2478,8,,,0
27019,'1153709',1846,,2483,8,,,0
27019,'1153729',1146,,2485,8,,,0
27019,'1153884',2016,,2487,8,,,0
27019,'1154003',1946,,2488,8,,,0
27019,'1154210',2146,,2493,8,,,0
27019,'1154337',1446,,2495,8,,,0
27019,'1154494',2216,,2498,8,,,0
27019,'1154583',1546,,2499,8,,,0
27019,'1154759',2116,,2500,8,,,0
27019,'1154847',1746,,2501,8,,,0
27019,'1155286',846,,2506,8,,,0
27019,'1155356',846,,2508,8,,,0
