101019,'1190633',1138,,8977,12,,,0
101019,'1190779',1316,,8978,12,,,0
101019,'1190804',1116,,8979,12,,,0
101019,'1190956',2116,,8980,12,,,0
101019,'1191198',538,,8981,12,,,0
101019,'1191312',916,,8982,12,,,0
101019,'1191333',2238,,8983,12,,,0
101019,'1191377',1516,,8984,12,,,0
101019,'1191380',2116,,8985,12,,,0
101019,'1191432',1716,,8986,12,,,0
101019,'1191480',1340,,8987,12,,,0
101019,'1191543',1916,,8988,12,,,0
101019,'1191977',1316,,8989,12,,,0
101019,'1192063',838,,8990,12,,,0
101019,'1192135',1038,,8991,12,,,0
101019,'1192166',1838,,8992,12,,,0
101019,'1192271',938,,8993,12,,,0
101019,'1192368',1516,,8994,12,,,0
101019,'1192448',916,,8995,12,,,0
101019,'1192613',738,,8996,12,,,0
101019,'1192782',1640,,8997,12,,,0
101019,'1192859',1116,,8998,12,,,0
101019,'1192896',1916,,8999,12,,,0
101019,'1192902',716,,9000,12,,,0
101019,'1192958',2037,,9001,12,,,0
101019,'1192961',716,,9002,12,,,0
101019,'1192963',2316,,9003,12,,,0
101019,'1193022',1440,,9004,12,,,0
101019,'1193099',1716,,9005,12,,,0
101019,'1193164',1540,,9006,12,,,0
101019,'1193193',1740,,9007,12,,,0
101029,'1190605',1104,,9008,41,,,0
101029,'1190678',1306,,9009,41,,,0
101029,'1190897',1647,,9010,41,,,0
101029,'1190957',1004,,9011,41,,,0
101029,'1191059',847,,9012,41,,,0
101029,'1191088',1247,,9013,41,,,0
101029,'1191099',2047,,9014,41,,,0
101029,'1191397',1606,,9015,41,,,0
101029,'1191401',1047,,9016,41,,,0
101029,'1191454',1647,,9017,41,,,0
101029,'1191537',2047,,9018,41,,,0
101029,'1191600',1847,,9019,41,,,0
101029,'1191837',2247,,9020,41,,,0
101029,'1191844',1247,,9021,41,,,0
101029,'1191946',1406,,9022,41,,,0
101029,'1192220',2004,,9023,41,,,0
101029,'1192246',704,,9024,41,,,0
101029,'1192291',1447,,9025,41,,,0
101029,'1192305',2424,,9026,41,,,0
101029,'1192354',2247,,9027,41,,,0
101029,'1192401',847,,9028,41,,,0
101029,'1192520',1706,,9029,41,,,0
101029,'1192526',1447,,9030,41,,,0
101029,'1192600',2204,,9031,41,,,0
101029,'1192680',1506,,9032,41,,,0
101029,'1192726',1047,,9033,41,,,0
101029,'1192973',1804,,9034,41,,,0
101029,'1193049',804,,9035,41,,,0
101029,'1193165',1847,,9036,41,,,0
101029,'1193166',647,,9037,41,,,0
101029,'1193226',904,,9038,41,,,0
