25019,'1184495',706,,5635,8,,,0
25019,'1184514',1835,,5636,8,,,0
25019,'1184552',2020,,5637,8,,,0
25019,'1184642',1135,,5638,8,,,0
25019,'1184757',1536,,5639,8,,,0
25019,'1184771',1706,,5640,8,,,0
25019,'1184811',635,,5641,8,,,0
25019,'1184903',2236,,5642,8,,,0
25019,'1184942',835,,5643,8,,,0
25019,'1184959',935,,5644,8,,,0
25019,'1184966',1020,,5645,8,,,0
25019,'1185039',1435,,5646,8,,,0
25019,'1185069',2120,,5647,8,,,0
25019,'1185100',1736,,5648,8,,,0
25019,'1185110',1636,,5649,8,,,0
25019,'1185173',936,,5650,8,,,0
25019,'1185179',2136,,5651,8,,,0
25019,'1185182',2335,,5652,8,,,0
25019,'1185200',820,,5653,8,,,0
25019,'1185244',736,,5654,8,,,0
25019,'1185338',906,,5655,8,,,0
25019,'1185386',1320,,5656,8,,,0
25019,'1185434',1106,,5657,8,,,0
25019,'1185476',1620,,5658,8,,,0
25019,'1185477',1420,,5659,8,,,0
25019,'1185566',2135,,5660,8,,,0
25019,'1185653',1006,,5661,8,,,0
25019,'1185682',1920,,5662,8,,,0
25019,'1185731',1206,,5663,8,,,0
25019,'1185735',720,,5664,8,,,0
25019,'1185741',2036,,5665,8,,,0
25019,'1185764',2235,,5666,8,,,0
25019,'1185802',1035,,5667,8,,,0
25019,'1185991',836,,5668,8,,,0
25019,'1186008',1635,,5669,8,,,0
25019,'1186131',1836,,5670,8,,,0
25019,'1186316',1120,,5671,8,,,0
25019,'1186381',1235,,5672,8,,,0
25019,'1186416',1720,,5673,8,,,0
25019,'1186473',1935,,5674,8,,,0
25019,'1186484',735,,5675,8,,,0
25019,'1186541',1335,,5676,8,,,0
25019,'1186625',1306,,5677,8,,,0
25019,'1186639',1820,,5678,8,,,0
25019,'1186641',1520,,5679,8,,,0
25019,'1186660',1220,,5680,8,,,0
25019,'1186779',920,,5681,8,,,0
25019,'1186803',636,,5682,8,,,0
25019,'1186831',2220,,5683,8,,,0
25019,'1186914',1436,,5684,8,,,0
25019,'1186957',806,,5685,8,,,0
25019,'1186981',2320,,5686,8,,,0
25019,'1186996',1406,,5687,8,,,0
25019,'1187059',1606,,5688,8,,,0
25019,'1187075',1735,,5689,8,,,0
25019,'1187077',1535,,5690,8,,,0
25019,'1187086',1506,,5691,8,,,0
25019,'1187122',2035,,5692,8,,,0
25019,'1187127',1936,,5693,8,,,0
25019,'1187154',2356,,5694,8,,,0
