101029,'1150355',900,,2916,35,,,0
101029,'1150535',1000,,2919,35,,,0
101029,'1150632',1444,,2920,35,,,0
101029,'1151005',1044,,2922,35,,,0
101029,'1151171',1800,,2924,35,,,0
101029,'1151294',800,,2925,35,,,0
101029,'1151635',2200,,2927,35,,,0
101029,'1151840',700,,2929,35,,,0
101029,'1152316',1844,,2930,35,,,0
101029,'1152666',1100,,2933,35,,,0
101029,'1152802',1702,,2934,35,,,0
101029,'1153001',2000,,2938,35,,,0
101029,'1153050',1302,,2939,35,,,0
101029,'1153195',644,,2941,35,,,0
101029,'1153306',1644,,2942,35,,,0
101029,'1153598',2244,,2945,35,,,0
101029,'1153935',1602,,2949,35,,,0
101029,'1154557',2044,,2953,35,,,0
101029,'1154632',2420,,2954,35,,,0
101029,'1154742',1402,,2955,35,,,0
101029,'1154771',844,,2956,35,,,0
101029,'1154943',1244,,2958,35,,,0
101029,'1155502',1502,,2962,35,,,0
