'1184475',20260608,1,20260609,1,20260610,1,20260611,1,20260612,1
'1184477',20260608,1,20260609,1,20260610,1,20260611,1,20260612,1
'1184478',20260608,1,20260609,1,20260610,1,20260611,1,20260612,1
'1184479',20260608,1,20260609,1,20260610,1,20260611,1,20260612,1
'1184481',20260608,1,20260609,1,20260610,1,20260611,1,20260612,1
'1184486',20260608,1,20260609,1,20260610,1,20260611,1,20260612,1
'1184488',20260608,1,20260609,1,20260610,1,20260611,1,20260612,1
'1184493',20260608,1,20260609,1,20260610,1,20260611,1,20260612,1
'1184495',20260608,1,20260609,1,20260610,1,20260611,1,20260612,1
'1184501',20260608,1,20260609,1,20260610,1,20260611,1,20260612,1
'1184502',20260608,1,20260609,1,20260610,1,20260611,1,20260612,1
'1184503',20260608,1,20260609,1,20260610,1,20260611,1,20260612,1
'1184504',20260608,1,20260609,1,20260610,1,20260611,1,20260612,1
'1184506',20260608,1,20260609,1,20260610,1,20260611,1,20260612,1
'1184508',20260608,1,20260609,1,20260610,1,20260611,1,20260612,1
'1184512',20260608,1,20260609,1,20260610,1,20260611,1,20260612,1
'1184513',20260608,1,20260609,1,20260610,1,20260611,1,20260612,1
'1184515',20260608,1,20260609,1,20260610,1,20260611,1,20260612,1
'1184516',20260608,1,20260609,1,20260610,1,20260611,1,20260612,1
'1184521',20260608,1,20260609,1,20260610,1,20260611,1,20260612,1
'1184522',20260608,1,20260609,1,20260610,1,20260611,1,20260612,1
'1184525',20260608,1,20260609,1,20260610,1,20260611,1,20260612,1
'1184526',20260608,1,20260609,1,20260610,1,20260611,1,20260612,1
'1184529',20260608,1,20260609,1,20260610,1,20260611,1,20260612,1
'1184531',20260608,1,20260609,1,20260610,1,20260611,1,20260612,1
'1184532',20260608,1,20260609,1,20260610,1,20260611,1,20260612,1
'1184536',20260608,1,20260609,1,20260610,1,20260611,1,20260612,1
'1184537',20260608,1,20260609,1,20260610,1,20260611,1,20260612,1
'1184538',20260608,1,20260609,1,20260610,1,20260611,1,20260612,1
'1184539',20260608,1,20260609,1,20260610,1,20260611,1,20260612,1
'1184540',20260608,1,20260609,1,20260610,1,20260611,1,20260612,1
'1184541',20260608,1,20260609,1,20260610,1,20260611,1,20260612,1
'1184544',20260608,1,20260609,1,20260610,1,20260611,1,20260612,1
'1184553',20260608,1,20260609,1,20260610,1,20260611,1,20260612,1
'1184554',20260608,1,20260609,1,20260610,1,20260611,1,20260612,1
'1184558',20260608,1,20260609,1,20260610,1,20260611,1,20260612,1
'1184559',20260608,1,20260609,1,20260610,1,20260611,1,20260612,1
'1184562',20260608,1,20260609,1,20260610,1,20260611,1,20260612,1
'1184564',20260608,1,20260609,1,20260610,1,20260611,1,20260612,1
'1184566',20260608,1,20260609,1,20260610,1,20260611,1,20260612,1
'1184568',20260608,1,20260609,1,20260610,1,20260611,1,20260612,1
'1184569',20260608,1,20260609,1,20260610,1,20260611,1,20260612,1
'1184570',20260608,1,20260609,1,20260610,1,20260611,1,20260612,1
'1184571',20260608,1,20260609,1,20260610,1,20260611,1,20260612,1
'1184573',20260608,1,20260609,1,20260610,1,20260611,1,20260612,1
'1184578',20260608,1,20260609,1,20260610,1,20260611,1,20260612,1
'1184580',20260608,1,20260609,1,20260610,1,20260611,1,20260612,1
'1184581',20260608,1,20260609,1,20260610,1,20260611,1,20260612,1
'1184582',20260608,1,20260609,1,20260610,1,20260611,1,20260612,1
'1184587',20260608,1,20260609,1,20260610,1,20260611,1,20260612,1
'1184590',20260608,1,20260609,1,20260610,1,20260611,1,20260612,1
'1184593',20260608,1,20260609,1,20260610,1,20260611,1,20260612,1
'1184594',20260608,1,20260609,1,20260610,1,20260611,1,20260612,1
'1184595',20260608,1,20260609,1,20260610,1,20260611,1,20260612,1
'1184597',20260608,1,20260609,1,20260610,1,20260611,1,20260612,1
'1184598',20260608,1,20260609,1,20260610,1,20260611,1,20260612,1
'1184599',20260608,1,20260609,1,20260610,1,20260611,1,20260612,1
'1184601',20260608,1,20260609,1,20260610,1,20260611,1,20260612,1
'1184602',20260608,1,20260609,1,20260610,1,20260611,1,20260612,1
'1184606',20260608,1,20260609,1,20260610,1,20260611,1,20260612,1
'1184607',20260608,1,20260609,1,20260610,1,20260611,1,20260612,1
'1184610',20260608,1,20260609,1,20260610,1,20260611,1,20260612,1
'1184613',20260608,1,20260609,1,20260610,1,20260611,1,20260612,1
'1184618',20260608,1,20260609,1,20260610,1,20260611,1,20260612,1
'1184621',20260608,1,20260609,1,20260610,1,20260611,1,20260612,1
'1184622',20260608,1,20260609,1,20260610,1,20260611,1,20260612,1
'1184623',20260608,1,20260609,1,20260610,1,20260611,1,20260612,1
'1184624',20260608,1,20260609,1,20260610,1,20260611,1,20260612,1
'1184629',20260608,1,20260609,1,20260610,1,20260611,1,20260612,1
'1184631',20260608,1,20260609,1,20260610,1,20260611,1,20260612,1
'1184635',20260608,1,20260609,1,20260610,1,20260611,1,20260612,1
'1184637',20260608,1,20260609,1,20260610,1,20260611,1,20260612,1
'1184638',20260608,1,20260609,1,20260610,1,20260611,1,20260612,1
'1184644',20260608,1,20260609,1,20260610,1,20260611,1,20260612,1
'1184645',20260608,1,20260609,1,20260610,1,20260611,1,20260612,1
'1184647',20260608,1,20260609,1,20260610,1,20260611,1,20260612,1
'1184649',20260608,1,20260609,1,20260610,1,20260611,1,20260612,1
'1184654',20260608,1,20260609,1,20260610,1,20260611,1,20260612,1
'1184658',20260608,1,20260609,1,20260610,1,20260611,1,20260612,1
'1184659',20260608,1,20260609,1,20260610,1,20260611,1,20260612,1
'1184660',20260608,1,20260609,1,20260610,1,20260611,1,20260612,1
'1184666',20260608,1,20260609,1,20260610,1,20260611,1,20260612,1
'1184668',20260608,1,20260609,1,20260610,1,20260611,1,20260612,1
'1184670',20260608,1,20260609,1,20260610,1,20260611,1,20260612,1
'1184673',20260608,1,20260609,1,20260610,1,20260611,1,20260612,1
'1184676',20260608,1,20260609,1,20260610,1,20260611,1,20260612,1
'1184679',20260608,1,20260609,1,20260610,1,20260611,1,20260612,1
'1184684',20260608,1,20260609,1,20260610,1,20260611,1,20260612,1
'1184686',20260608,1,20260609,1,20260610,1,20260611,1,20260612,1
'1184691',20260608,1,20260609,1,20260610,1,20260611,1,20260612,1
'1184694',20260608,1,20260609,1,20260610,1,20260611,1,20260612,1
'1184695',20260608,1,20260609,1,20260610,1,20260611,1,20260612,1
'1184698',20260608,1,20260609,1,20260610,1,20260611,1,20260612,1
'1184700',20260608,1,20260609,1,20260610,1,20260611,1,20260612,1
'1184705',20260608,1,20260609,1,20260610,1,20260611,1,20260612,1
'1184706',20260608,1,20260609,1,20260610,1,20260611,1,20260612,1
'1184709',20260608,1,20260609,1,20260610,1,20260611,1,20260612,1
'1184710',20260608,1,20260609,1,20260610,1,20260611,1,20260612,1
'1184712',20260608,1,20260609,1,20260610,1,20260611,1,20260612,1
'1184714',20260608,1,20260609,1,20260610,1,20260611,1,20260612,1
'1184716',20260608,1,20260609,1,20260610,1,20260611,1,20260612,1
'1184719',20260608,1,20260609,1,20260610,1,20260611,1,20260612,1
'1184720',20260608,1,20260609,1,20260610,1,20260611,1,20260612,1
'1184722',20260608,1,20260609,1,20260610,1,20260611,1,20260612,1
'1184723',20260608,1,20260609,1,20260610,1,20260611,1,20260612,1
'1184724',20260608,1,20260609,1,20260610,1,20260611,1,20260612,1
'1184725',20260608,1,20260609,1,20260610,1,20260611,1,20260612,1
'1184730',20260608,1,20260609,1,20260610,1,20260611,1,20260612,1
'1184733',20260608,1,20260609,1,20260610,1,20260611,1,20260612,1
'1184736',20260608,1,20260609,1,20260610,1,20260611,1,20260612,1
'1184738',20260608,1,20260609,1,20260610,1,20260611,1,20260612,1
'1184741',20260608,1,20260609,1,20260610,1,20260611,1,20260612,1
'1184742',20260608,1,20260609,1,20260610,1,20260611,1,20260612,1
'1184744',20260608,1,20260609,1,20260610,1,20260611,1,20260612,1
'1184745',20260608,1,20260609,1,20260610,1,20260611,1,20260612,1
'1184750',20260608,1,20260609,1,20260610,1,20260611,1,20260612,1
'1184751',20260608,1,20260609,1,20260610,1,20260611,1,20260612,1
'1184753',20260608,1,20260609,1,20260610,1,20260611,1,20260612,1
'1184757',20260608,1,20260609,1,20260610,1,20260611,1,20260612,1
'1184760',20260608,1,20260609,1,20260610,1,20260611,1,20260612,1
'1184761',20260608,1,20260609,1,20260610,1,20260611,1,20260612,1
'1184762',20260608,1,20260609,1,20260610,1,20260611,1,20260612,1
'1184763',20260608,1,20260609,1,20260610,1,20260611,1,20260612,1
'1184766',20260608,1,20260609,1,20260610,1,20260611,1,20260612,1
'1184767',20260608,1,20260609,1,20260610,1,20260611,1,20260612,1
'1184768',20260608,1,20260609,1,20260610,1,20260611,1,20260612,1
'1184769',20260608,1,20260609,1,20260610,1,20260611,1,20260612,1
'1184771',20260608,1,20260609,1,20260610,1,20260611,1,20260612,1
'1184773',20260608,1,20260609,1,20260610,1,20260611,1,20260612,1
'1184775',20260608,1,20260609,1,20260610,1,20260611,1,20260612,1
'1184776',20260608,1,20260609,1,20260610,1,20260611,1,20260612,1
'1184777',20260608,1,20260609,1,20260610,1,20260611,1,20260612,1
'1184779',20260608,1,20260609,1,20260610,1,20260611,1,20260612,1
'1184780',20260608,1,20260609,1,20260610,1,20260611,1,20260612,1
'1184782',20260608,1,20260609,1,20260610,1,20260611,1,20260612,1
'1184783',20260608,1,20260609,1,20260610,1,20260611,1,20260612,1
'1184785',20260608,1,20260609,1,20260610,1,20260611,1,20260612,1
'1184786',20260608,1,20260609,1,20260610,1,20260611,1,20260612,1
'1184787',20260608,1,20260609,1,20260610,1,20260611,1,20260612,1
'1184792',20260608,1,20260609,1,20260610,1,20260611,1,20260612,1
'1184793',20260608,1,20260609,1,20260610,1,20260611,1,20260612,1
'1184796',20260608,1,20260609,1,20260610,1,20260611,1,20260612,1
'1184798',20260608,1,20260609,1,20260610,1,20260611,1,20260612,1
'1184803',20260608,1,20260609,1,20260610,1,20260611,1,20260612,1
'1184805',20260608,1,20260609,1,20260610,1,20260611,1,20260612,1
'1184806',20260608,1,20260609,1,20260610,1,20260611,1,20260612,1
'1184807',20260608,1,20260609,1,20260610,1,20260611,1,20260612,1
'1184808',20260608,1,20260609,1,20260610,1,20260611,1,20260612,1
'1184812',20260608,1,20260609,1,20260610,1,20260611,1,20260612,1
'1184815',20260608,1,20260609,1,20260610,1,20260611,1,20260612,1
'1184816',20260608,1,20260609,1,20260610,1,20260611,1,20260612,1
'1184817',20260608,1,20260609,1,20260610,1,20260611,1,20260612,1
'1184819',20260608,1,20260609,1,20260610,1,20260611,1,20260612,1
'1184823',20260608,1,20260609,1,20260610,1,20260611,1,20260612,1
'1184824',20260608,1,20260609,1,20260610,1,20260611,1,20260612,1
'1184825',20260608,1,20260609,1,20260610,1,20260611,1,20260612,1
'1184830',20260608,1,20260609,1,20260610,1,20260611,1,20260612,1
'1184833',20260608,1,20260609,1,20260610,1,20260611,1,20260612,1
'1184834',20260608,1,20260609,1,20260610,1,20260611,1,20260612,1
'1184836',20260608,1,20260609,1,20260610,1,20260611,1,20260612,1
'1184841',20260608,1,20260609,1,20260610,1,20260611,1,20260612,1
'1184844',20260608,1,20260609,1,20260610,1,20260611,1,20260612,1
'1184845',20260608,1,20260609,1,20260610,1,20260611,1,20260612,1
'1184852',20260608,1,20260609,1,20260610,1,20260611,1,20260612,1
'1184857',20260608,1,20260609,1,20260610,1,20260611,1,20260612,1
'1184858',20260608,1,20260609,1,20260610,1,20260611,1,20260612,1
'1184861',20260608,1,20260609,1,20260610,1,20260611,1,20260612,1
'1184863',20260608,1,20260609,1,20260610,1,20260611,1,20260612,1
'1184868',20260608,1,20260609,1,20260610,1,20260611,1,20260612,1
'1184869',20260608,1,20260609,1,20260610,1,20260611,1,20260612,1
'1184872',20260608,1,20260609,1,20260610,1,20260611,1,20260612,1
'1184873',20260608,1,20260609,1,20260610,1,20260611,1,20260612,1
'1184874',20260608,1,20260609,1,20260610,1,20260611,1,20260612,1
'1184875',20260608,1,20260609,1,20260610,1,20260611,1,20260612,1
'1184876',20260608,1,20260609,1,20260610,1,20260611,1,20260612,1
'1184877',20260608,1,20260609,1,20260610,1,20260611,1,20260612,1
'1184878',20260608,1,20260609,1,20260610,1,20260611,1,20260612,1
'1184879',20260608,1,20260609,1,20260610,1,20260611,1,20260612,1
'1184880',20260608,1,20260609,1,20260610,1,20260611,1,20260612,1
'1184884',20260608,1,20260609,1,20260610,1,20260611,1,20260612,1
'1184885',20260608,1,20260609,1,20260610,1,20260611,1,20260612,1
'1184886',20260608,1,20260609,1,20260610,1,20260611,1,20260612,1
'1184888',20260608,1,20260609,1,20260610,1,20260611,1,20260612,1
'1184890',20260608,1,20260609,1,20260610,1,20260611,1,20260612,1
'1184892',20260608,1,20260609,1,20260610,1,20260611,1,20260612,1
'1184897',20260608,1,20260609,1,20260610,1,20260611,1,20260612,1
'1184899',20260608,1,20260609,1,20260610,1,20260611,1,20260612,1
'1184900',20260608,1,20260609,1,20260610,1,20260611,1,20260612,1
'1184903',20260608,1,20260609,1,20260610,1,20260611,1,20260612,1
'1184904',20260608,1,20260609,1,20260610,1,20260611,1,20260612,1
'1184908',20260608,1,20260609,1,20260610,1,20260611,1,20260612,1
'1184909',20260608,1,20260609,1,20260610,1,20260611,1,20260612,1
'1184910',20260608,1,20260609,1,20260610,1,20260611,1,20260612,1
'1184912',20260608,1,20260609,1,20260610,1,20260611,1,20260612,1
'1184913',20260608,1,20260609,1,20260610,1,20260611,1,20260612,1
'1184915',20260608,1,20260609,1,20260610,1,20260611,1,20260612,1
'1184917',20260608,1,20260609,1,20260610,1,20260611,1,20260612,1
'1184918',20260608,1,20260609,1,20260610,1,20260611,1,20260612,1
'1184921',20260608,1,20260609,1,20260610,1,20260611,1,20260612,1
'1184922',20260608,1,20260609,1,20260610,1,20260611,1,20260612,1
'1184923',20260608,1,20260609,1,20260610,1,20260611,1,20260612,1
'1184925',20260608,1,20260609,1,20260610,1,20260611,1,20260612,1
'1184930',20260608,1,20260609,1,20260610,1,20260611,1,20260612,1
'1184931',20260608,1,20260609,1,20260610,1,20260611,1,20260612,1
'1184932',20260608,1,20260609,1,20260610,1,20260611,1,20260612,1
'1184933',20260608,1,20260609,1,20260610,1,20260611,1,20260612,1
'1184935',20260608,1,20260609,1,20260610,1,20260611,1,20260612,1
'1184936',20260608,1,20260609,1,20260610,1,20260611,1,20260612,1
'1184937',20260608,1,20260609,1,20260610,1,20260611,1,20260612,1
'1184938',20260608,1,20260609,1,20260610,1,20260611,1,20260612,1
'1184940',20260608,1,20260609,1,20260610,1,20260611,1,20260612,1
'1184943',20260608,1,20260609,1,20260610,1,20260611,1,20260612,1
'1184946',20260608,1,20260609,1,20260610,1,20260611,1,20260612,1
'1184950',20260608,1,20260609,1,20260610,1,20260611,1,20260612,1
'1184953',20260608,1,20260609,1,20260610,1,20260611,1,20260612,1
'1184957',20260608,1,20260609,1,20260610,1,20260611,1,20260612,1
'1184961',20260608,1,20260609,1,20260610,1,20260611,1,20260612,1
'1184967',20260608,1,20260609,1,20260610,1,20260611,1,20260612,1
'1184971',20260608,1,20260609,1,20260610,1,20260611,1,20260612,1
'1184976',20260608,1,20260609,1,20260610,1,20260611,1,20260612,1
'1184978',20260608,1,20260609,1,20260610,1,20260611,1,20260612,1
'1184979',20260608,1,20260609,1,20260610,1,20260611,1,20260612,1
'1184981',20260608,1,20260609,1,20260610,1,20260611,1,20260612,1
'1184983',20260608,1,20260609,1,20260610,1,20260611,1,20260612,1
'1184984',20260608,1,20260609,1,20260610,1,20260611,1,20260612,1
'1184985',20260608,1,20260609,1,20260610,1,20260611,1,20260612,1
'1184987',20260608,1,20260609,1,20260610,1,20260611,1,20260612,1
'1184988',20260608,1,20260609,1,20260610,1,20260611,1,20260612,1
'1184990',20260608,1,20260609,1,20260610,1,20260611,1,20260612,1
'1184993',20260608,1,20260609,1,20260610,1,20260611,1,20260612,1
'1184999',20260608,1,20260609,1,20260610,1,20260611,1,20260612,1
'1185001',20260608,1,20260609,1,20260610,1,20260611,1,20260612,1
'1185003',20260608,1,20260609,1,20260610,1,20260611,1,20260612,1
'1185004',20260608,1,20260609,1,20260610,1,20260611,1,20260612,1
'1185006',20260608,1,20260609,1,20260610,1,20260611,1,20260612,1
'1185007',20260608,1,20260609,1,20260610,1,20260611,1,20260612,1
'1185008',20260608,1,20260609,1,20260610,1,20260611,1,20260612,1
'1185009',20260608,1,20260609,1,20260610,1,20260611,1,20260612,1
'1185012',20260608,1,20260609,1,20260610,1,20260611,1,20260612,1
'1185014',20260608,1,20260609,1,20260610,1,20260611,1,20260612,1
'1185015',20260608,1,20260609,1,20260610,1,20260611,1,20260612,1
'1185016',20260608,1,20260609,1,20260610,1,20260611,1,20260612,1
'1185019',20260608,1,20260609,1,20260610,1,20260611,1,20260612,1
'1185023',20260608,1,20260609,1,20260610,1,20260611,1,20260612,1
'1185029',20260608,1,20260609,1,20260610,1,20260611,1,20260612,1
'1185031',20260608,1,20260609,1,20260610,1,20260611,1,20260612,1
'1185034',20260608,1,20260609,1,20260610,1,20260611,1,20260612,1
'1185036',20260608,1,20260609,1,20260610,1,20260611,1,20260612,1
'1185044',20260608,1,20260609,1,20260610,1,20260611,1,20260612,1
'1185046',20260608,1,20260609,1,20260610,1,20260611,1,20260612,1
'1185049',20260608,1,20260609,1,20260610,1,20260611,1,20260612,1
'1185050',20260608,1,20260609,1,20260610,1,20260611,1,20260612,1
'1185052',20260608,1,20260609,1,20260610,1,20260611,1,20260612,1
'1185054',20260608,1,20260609,1,20260610,1,20260611,1,20260612,1
'1185055',20260608,1,20260609,1,20260610,1,20260611,1,20260612,1
'1185060',20260608,1,20260609,1,20260610,1,20260611,1,20260612,1
'1185061',20260608,1,20260609,1,20260610,1,20260611,1,20260612,1
'1185063',20260608,1,20260609,1,20260610,1,20260611,1,20260612,1
'1185065',20260608,1,20260609,1,20260610,1,20260611,1,20260612,1
'1185067',20260608,1,20260609,1,20260610,1,20260611,1,20260612,1
'1185068',20260608,1,20260609,1,20260610,1,20260611,1,20260612,1
'1185070',20260608,1,20260609,1,20260610,1,20260611,1,20260612,1
'1185072',20260608,1,20260609,1,20260610,1,20260611,1,20260612,1
'1185075',20260608,1,20260609,1,20260610,1,20260611,1,20260612,1
'1185077',20260608,1,20260609,1,20260610,1,20260611,1,20260612,1
'1185083',20260608,1,20260609,1,20260610,1,20260611,1,20260612,1
'1185088',20260608,1,20260609,1,20260610,1,20260611,1,20260612,1
'1185089',20260608,1,20260609,1,20260610,1,20260611,1,20260612,1
'1185090',20260608,1,20260609,1,20260610,1,20260611,1,20260612,1
'1185092',20260608,1,20260609,1,20260610,1,20260611,1,20260612,1
'1185093',20260608,1,20260609,1,20260610,1,20260611,1,20260612,1
'1185095',20260608,1,20260609,1,20260610,1,20260611,1,20260612,1
'1185097',20260608,1,20260609,1,20260610,1,20260611,1,20260612,1
'1185098',20260608,1,20260609,1,20260610,1,20260611,1,20260612,1
'1185100',20260608,1,20260609,1,20260610,1,20260611,1,20260612,1
'1185101',20260608,1,20260609,1,20260610,1,20260611,1,20260612,1
'1185103',20260608,1,20260609,1,20260610,1,20260611,1,20260612,1
'1185105',20260608,1,20260609,1,20260610,1,20260611,1,20260612,1
'1185108',20260608,1,20260609,1,20260610,1,20260611,1,20260612,1
'1185110',20260608,1,20260609,1,20260610,1,20260611,1,20260612,1
'1185112',20260608,1,20260609,1,20260610,1,20260611,1,20260612,1
'1185114',20260608,1,20260609,1,20260610,1,20260611,1,20260612,1
'1185115',20260608,1,20260609,1,20260610,1,20260611,1,20260612,1
'1185121',20260608,1,20260609,1,20260610,1,20260611,1,20260612,1
'1185124',20260608,1,20260609,1,20260610,1,20260611,1,20260612,1
'1185127',20260608,1,20260609,1,20260610,1,20260611,1,20260612,1
'1185129',20260608,1,20260609,1,20260610,1,20260611,1,20260612,1
'1185133',20260608,1,20260609,1,20260610,1,20260611,1,20260612,1
'1185134',20260608,1,20260609,1,20260610,1,20260611,1,20260612,1
'1185135',20260608,1,20260609,1,20260610,1,20260611,1,20260612,1
'1185138',20260608,1,20260609,1,20260610,1,20260611,1,20260612,1
'1185144',20260608,1,20260609,1,20260610,1,20260611,1,20260612,1
'1185145',20260608,1,20260609,1,20260610,1,20260611,1,20260612,1
'1185147',20260608,1,20260609,1,20260610,1,20260611,1,20260612,1
'1185148',20260608,1,20260609,1,20260610,1,20260611,1,20260612,1
'1185150',20260608,1,20260609,1,20260610,1,20260611,1,20260612,1
'1185153',20260608,1,20260609,1,20260610,1,20260611,1,20260612,1
'1185159',20260608,1,20260609,1,20260610,1,20260611,1,20260612,1
'1185160',20260608,1,20260609,1,20260610,1,20260611,1,20260612,1
'1185161',20260608,1,20260609,1,20260610,1,20260611,1,20260612,1
'1185164',20260608,1,20260609,1,20260610,1,20260611,1,20260612,1
'1185168',20260608,1,20260609,1,20260610,1,20260611,1,20260612,1
'1185169',20260608,1,20260609,1,20260610,1,20260611,1,20260612,1
'1185172',20260608,1,20260609,1,20260610,1,20260611,1,20260612,1
'1185173',20260608,1,20260609,1,20260610,1,20260611,1,20260612,1
'1185174',20260608,1,20260609,1,20260610,1,20260611,1,20260612,1
'1185175',20260608,1,20260609,1,20260610,1,20260611,1,20260612,1
'1185176',20260608,1,20260609,1,20260610,1,20260611,1,20260612,1
'1185177',20260608,1,20260609,1,20260610,1,20260611,1,20260612,1
'1185178',20260608,1,20260609,1,20260610,1,20260611,1,20260612,1
'1185179',20260608,1,20260609,1,20260610,1,20260611,1,20260612,1
'1185185',20260608,1,20260609,1,20260610,1,20260611,1,20260612,1
'1185186',20260608,1,20260609,1,20260610,1,20260611,1,20260612,1
'1185190',20260608,1,20260609,1,20260610,1,20260611,1,20260612,1
'1185191',20260608,1,20260609,1,20260610,1,20260611,1,20260612,1
'1185193',20260608,1,20260609,1,20260610,1,20260611,1,20260612,1
'1185194',20260608,1,20260609,1,20260610,1,20260611,1,20260612,1
'1185197',20260608,1,20260609,1,20260610,1,20260611,1,20260612,1
'1185207',20260608,1,20260609,1,20260610,1,20260611,1,20260612,1
'1185208',20260608,1,20260609,1,20260610,1,20260611,1,20260612,1
'1185209',20260608,1,20260609,1,20260610,1,20260611,1,20260612,1
'1185210',20260608,1,20260609,1,20260610,1,20260611,1,20260612,1
'1185211',20260608,1,20260609,1,20260610,1,20260611,1,20260612,1
'1185212',20260608,1,20260609,1,20260610,1,20260611,1,20260612,1
'1185219',20260608,1,20260609,1,20260610,1,20260611,1,20260612,1
'1185221',20260608,1,20260609,1,20260610,1,20260611,1,20260612,1
'1185225',20260608,1,20260609,1,20260610,1,20260611,1,20260612,1
'1185227',20260608,1,20260609,1,20260610,1,20260611,1,20260612,1
'1185228',20260608,1,20260609,1,20260610,1,20260611,1,20260612,1
'1185229',20260608,1,20260609,1,20260610,1,20260611,1,20260612,1
'1185230',20260608,1,20260609,1,20260610,1,20260611,1,20260612,1
'1185231',20260608,1,20260609,1,20260610,1,20260611,1,20260612,1
'1185241',20260608,1,20260609,1,20260610,1,20260611,1,20260612,1
'1185244',20260608,1,20260609,1,20260610,1,20260611,1,20260612,1
'1185249',20260608,1,20260609,1,20260610,1,20260611,1,20260612,1
'1185250',20260608,1,20260609,1,20260610,1,20260611,1,20260612,1
'1185251',20260608,1,20260609,1,20260610,1,20260611,1,20260612,1
'1185255',20260608,1,20260609,1,20260610,1,20260611,1,20260612,1
'1185260',20260608,1,20260609,1,20260610,1,20260611,1,20260612,1
'1185261',20260608,1,20260609,1,20260610,1,20260611,1,20260612,1
'1185263',20260608,1,20260609,1,20260610,1,20260611,1,20260612,1
'1185264',20260608,1,20260609,1,20260610,1,20260611,1,20260612,1
'1185265',20260608,1,20260609,1,20260610,1,20260611,1,20260612,1
'1185267',20260608,1,20260609,1,20260610,1,20260611,1,20260612,1
'1185269',20260608,1,20260609,1,20260610,1,20260611,1,20260612,1
'1185271',20260608,1,20260609,1,20260610,1,20260611,1,20260612,1
'1185273',20260608,1,20260609,1,20260610,1,20260611,1,20260612,1
'1185279',20260608,1,20260609,1,20260610,1,20260611,1,20260612,1
'1185282',20260608,1,20260609,1,20260610,1,20260611,1,20260612,1
'1185283',20260608,1,20260609,1,20260610,1,20260611,1,20260612,1
'1185284',20260608,1,20260609,1,20260610,1,20260611,1,20260612,1
'1185286',20260608,1,20260609,1,20260610,1,20260611,1,20260612,1
'1185288',20260608,1,20260609,1,20260610,1,20260611,1,20260612,1
'1185293',20260608,1,20260609,1,20260610,1,20260611,1,20260612,1
'1185294',20260608,1,20260609,1,20260610,1,20260611,1,20260612,1
'1185298',20260608,1,20260609,1,20260610,1,20260611,1,20260612,1
'1185300',20260608,1,20260609,1,20260610,1,20260611,1,20260612,1
'1185302',20260608,1,20260609,1,20260610,1,20260611,1,20260612,1
'1185303',20260608,1,20260609,1,20260610,1,20260611,1,20260612,1
'1185304',20260608,1,20260609,1,20260610,1,20260611,1,20260612,1
'1185305',20260608,1,20260609,1,20260610,1,20260611,1,20260612,1
'1185307',20260608,1,20260609,1,20260610,1,20260611,1,20260612,1
'1185308',20260608,1,20260609,1,20260610,1,20260611,1,20260612,1
'1185317',20260608,1,20260609,1,20260610,1,20260611,1,20260612,1
'1185319',20260608,1,20260609,1,20260610,1,20260611,1,20260612,1
'1185322',20260608,1,20260609,1,20260610,1,20260611,1,20260612,1
'1185323',20260608,1,20260609,1,20260610,1,20260611,1,20260612,1
'1185324',20260608,1,20260609,1,20260610,1,20260611,1,20260612,1
'1185327',20260608,1,20260609,1,20260610,1,20260611,1,20260612,1
'1185328',20260608,1,20260609,1,20260610,1,20260611,1,20260612,1
'1185332',20260608,1,20260609,1,20260610,1,20260611,1,20260612,1
'1185335',20260608,1,20260609,1,20260610,1,20260611,1,20260612,1
'1185336',20260608,1,20260609,1,20260610,1,20260611,1,20260612,1
'1185337',20260608,1,20260609,1,20260610,1,20260611,1,20260612,1
'1185338',20260608,1,20260609,1,20260610,1,20260611,1,20260612,1
'1185342',20260608,1,20260609,1,20260610,1,20260611,1,20260612,1
'1185343',20260608,1,20260609,1,20260610,1,20260611,1,20260612,1
'1185344',20260608,1,20260609,1,20260610,1,20260611,1,20260612,1
'1185346',20260608,1,20260609,1,20260610,1,20260611,1,20260612,1
'1185349',20260608,1,20260609,1,20260610,1,20260611,1,20260612,1
'1185350',20260608,1,20260609,1,20260610,1,20260611,1,20260612,1
'1185352',20260608,1,20260609,1,20260610,1,20260611,1,20260612,1
'1185356',20260608,1,20260609,1,20260610,1,20260611,1,20260612,1
'1185359',20260608,1,20260609,1,20260610,1,20260611,1,20260612,1
'1185362',20260608,1,20260609,1,20260610,1,20260611,1,20260612,1
'1185363',20260608,1,20260609,1,20260610,1,20260611,1,20260612,1
'1185365',20260608,1,20260609,1,20260610,1,20260611,1,20260612,1
'1185369',20260608,1,20260609,1,20260610,1,20260611,1,20260612,1
'1185373',20260608,1,20260609,1,20260610,1,20260611,1,20260612,1
'1185376',20260608,1,20260609,1,20260610,1,20260611,1,20260612,1
'1185377',20260608,1,20260609,1,20260610,1,20260611,1,20260612,1
'1185380',20260608,1,20260609,1,20260610,1,20260611,1,20260612,1
'1185383',20260608,1,20260609,1,20260610,1,20260611,1,20260612,1
'1185388',20260608,1,20260609,1,20260610,1,20260611,1,20260612,1
'1185392',20260608,1,20260609,1,20260610,1,20260611,1,20260612,1
'1185394',20260608,1,20260609,1,20260610,1,20260611,1,20260612,1
'1185405',20260608,1,20260609,1,20260610,1,20260611,1,20260612,1
'1185408',20260608,1,20260609,1,20260610,1,20260611,1,20260612,1
'1185411',20260608,1,20260609,1,20260610,1,20260611,1,20260612,1
'1185417',20260608,1,20260609,1,20260610,1,20260611,1,20260612,1
'1185418',20260608,1,20260609,1,20260610,1,20260611,1,20260612,1
'1185419',20260608,1,20260609,1,20260610,1,20260611,1,20260612,1
'1185421',20260608,1,20260609,1,20260610,1,20260611,1,20260612,1
'1185431',20260608,1,20260609,1,20260610,1,20260611,1,20260612,1
'1185434',20260608,1,20260609,1,20260610,1,20260611,1,20260612,1
'1185435',20260608,1,20260609,1,20260610,1,20260611,1,20260612,1
'1185436',20260608,1,20260609,1,20260610,1,20260611,1,20260612,1
'1185440',20260608,1,20260609,1,20260610,1,20260611,1,20260612,1
'1185441',20260608,1,20260609,1,20260610,1,20260611,1,20260612,1
'1185443',20260608,1,20260609,1,20260610,1,20260611,1,20260612,1
'1185446',20260608,1,20260609,1,20260610,1,20260611,1,20260612,1
'1185447',20260608,1,20260609,1,20260610,1,20260611,1,20260612,1
'1185448',20260608,1,20260609,1,20260610,1,20260611,1,20260612,1
'1185449',20260608,1,20260609,1,20260610,1,20260611,1,20260612,1
'1185453',20260608,1,20260609,1,20260610,1,20260611,1,20260612,1
'1185454',20260608,1,20260609,1,20260610,1,20260611,1,20260612,1
'1185458',20260608,1,20260609,1,20260610,1,20260611,1,20260612,1
'1185461',20260608,1,20260609,1,20260610,1,20260611,1,20260612,1
'1185462',20260608,1,20260609,1,20260610,1,20260611,1,20260612,1
'1185464',20260608,1,20260609,1,20260610,1,20260611,1,20260612,1
'1185467',20260608,1,20260609,1,20260610,1,20260611,1,20260612,1
'1185468',20260608,1,20260609,1,20260610,1,20260611,1,20260612,1
'1185469',20260608,1,20260609,1,20260610,1,20260611,1,20260612,1
'1185471',20260608,1,20260609,1,20260610,1,20260611,1,20260612,1
'1185472',20260608,1,20260609,1,20260610,1,20260611,1,20260612,1
'1185473',20260608,1,20260609,1,20260610,1,20260611,1,20260612,1
'1185475',20260608,1,20260609,1,20260610,1,20260611,1,20260612,1
'1185478',20260608,1,20260609,1,20260610,1,20260611,1,20260612,1
'1185479',20260608,1,20260609,1,20260610,1,20260611,1,20260612,1
'1185481',20260608,1,20260609,1,20260610,1,20260611,1,20260612,1
'1185482',20260608,1,20260609,1,20260610,1,20260611,1,20260612,1
'1185484',20260608,1,20260609,1,20260610,1,20260611,1,20260612,1
'1185486',20260608,1,20260609,1,20260610,1,20260611,1,20260612,1
'1185487',20260608,1,20260609,1,20260610,1,20260611,1,20260612,1
'1185490',20260608,1,20260609,1,20260610,1,20260611,1,20260612,1
'1185491',20260608,1,20260609,1,20260610,1,20260611,1,20260612,1
'1185494',20260608,1,20260609,1,20260610,1,20260611,1,20260612,1
'1185497',20260608,1,20260609,1,20260610,1,20260611,1,20260612,1
'1185498',20260608,1,20260609,1,20260610,1,20260611,1,20260612,1
'1185499',20260608,1,20260609,1,20260610,1,20260611,1,20260612,1
'1185503',20260608,1,20260609,1,20260610,1,20260611,1,20260612,1
'1185505',20260608,1,20260609,1,20260610,1,20260611,1,20260612,1
'1185507',20260608,1,20260609,1,20260610,1,20260611,1,20260612,1
'1185508',20260608,1,20260609,1,20260610,1,20260611,1,20260612,1
'1185520',20260608,1,20260609,1,20260610,1,20260611,1,20260612,1
'1185521',20260608,1,20260609,1,20260610,1,20260611,1,20260612,1
'1185524',20260608,1,20260609,1,20260610,1,20260611,1,20260612,1
'1185525',20260608,1,20260609,1,20260610,1,20260611,1,20260612,1
'1185526',20260608,1,20260609,1,20260610,1,20260611,1,20260612,1
'1185527',20260608,1,20260609,1,20260610,1,20260611,1,20260612,1
'1185529',20260608,1,20260609,1,20260610,1,20260611,1,20260612,1
'1185530',20260608,1,20260609,1,20260610,1,20260611,1,20260612,1
'1185532',20260608,1,20260609,1,20260610,1,20260611,1,20260612,1
'1185533',20260608,1,20260609,1,20260610,1,20260611,1,20260612,1
'1185534',20260608,1,20260609,1,20260610,1,20260611,1,20260612,1
'1185537',20260608,1,20260609,1,20260610,1,20260611,1,20260612,1
'1185539',20260608,1,20260609,1,20260610,1,20260611,1,20260612,1
'1185542',20260608,1,20260609,1,20260610,1,20260611,1,20260612,1
'1185551',20260608,1,20260609,1,20260610,1,20260611,1,20260612,1
'1185552',20260608,1,20260609,1,20260610,1,20260611,1,20260612,1
'1185558',20260608,1,20260609,1,20260610,1,20260611,1,20260612,1
'1185559',20260608,1,20260609,1,20260610,1,20260611,1,20260612,1
'1185560',20260608,1,20260609,1,20260610,1,20260611,1,20260612,1
'1185563',20260608,1,20260609,1,20260610,1,20260611,1,20260612,1
'1185568',20260608,1,20260609,1,20260610,1,20260611,1,20260612,1
'1185569',20260608,1,20260609,1,20260610,1,20260611,1,20260612,1
'1185572',20260608,1,20260609,1,20260610,1,20260611,1,20260612,1
'1185574',20260608,1,20260609,1,20260610,1,20260611,1,20260612,1
'1185575',20260608,1,20260609,1,20260610,1,20260611,1,20260612,1
'1185578',20260608,1,20260609,1,20260610,1,20260611,1,20260612,1
'1185580',20260608,1,20260609,1,20260610,1,20260611,1,20260612,1
'1185582',20260608,1,20260609,1,20260610,1,20260611,1,20260612,1
'1185583',20260608,1,20260609,1,20260610,1,20260611,1,20260612,1
'1185589',20260608,1,20260609,1,20260610,1,20260611,1,20260612,1
'1185590',20260608,1,20260609,1,20260610,1,20260611,1,20260612,1
'1185592',20260608,1,20260609,1,20260610,1,20260611,1,20260612,1
'1185595',20260608,1,20260609,1,20260610,1,20260611,1,20260612,1
'1185597',20260608,1,20260609,1,20260610,1,20260611,1,20260612,1
'1185598',20260608,1,20260609,1,20260610,1,20260611,1,20260612,1
'1185599',20260608,1,20260609,1,20260610,1,20260611,1,20260612,1
'1185600',20260608,1,20260609,1,20260610,1,20260611,1,20260612,1
'1185602',20260608,1,20260609,1,20260610,1,20260611,1,20260612,1
'1185605',20260608,1,20260609,1,20260610,1,20260611,1,20260612,1
'1185607',20260608,1,20260609,1,20260610,1,20260611,1,20260612,1
'1185608',20260608,1,20260609,1,20260610,1,20260611,1,20260612,1
'1185609',20260608,1,20260609,1,20260610,1,20260611,1,20260612,1
'1185613',20260608,1,20260609,1,20260610,1,20260611,1,20260612,1
'1185614',20260608,1,20260609,1,20260610,1,20260611,1,20260612,1
'1185615',20260608,1,20260609,1,20260610,1,20260611,1,20260612,1
'1185616',20260608,1,20260609,1,20260610,1,20260611,1,20260612,1
'1185617',20260608,1,20260609,1,20260610,1,20260611,1,20260612,1
'1185618',20260608,1,20260609,1,20260610,1,20260611,1,20260612,1
'1185619',20260608,1,20260609,1,20260610,1,20260611,1,20260612,1
'1185621',20260608,1,20260609,1,20260610,1,20260611,1,20260612,1
'1185624',20260608,1,20260609,1,20260610,1,20260611,1,20260612,1
'1185625',20260608,1,20260609,1,20260610,1,20260611,1,20260612,1
'1185627',20260608,1,20260609,1,20260610,1,20260611,1,20260612,1
'1185628',20260608,1,20260609,1,20260610,1,20260611,1,20260612,1
'1185629',20260608,1,20260609,1,20260610,1,20260611,1,20260612,1
'1185632',20260608,1,20260609,1,20260610,1,20260611,1,20260612,1
'1185634',20260608,1,20260609,1,20260610,1,20260611,1,20260612,1
'1185635',20260608,1,20260609,1,20260610,1,20260611,1,20260612,1
'1185636',20260608,1,20260609,1,20260610,1,20260611,1,20260612,1
'1185641',20260608,1,20260609,1,20260610,1,20260611,1,20260612,1
'1185642',20260608,1,20260609,1,20260610,1,20260611,1,20260612,1
'1185644',20260608,1,20260609,1,20260610,1,20260611,1,20260612,1
'1185645',20260608,1,20260609,1,20260610,1,20260611,1,20260612,1
'1185653',20260608,1,20260609,1,20260610,1,20260611,1,20260612,1
'1185655',20260608,1,20260609,1,20260610,1,20260611,1,20260612,1
'1185656',20260608,1,20260609,1,20260610,1,20260611,1,20260612,1
'1185658',20260608,1,20260609,1,20260610,1,20260611,1,20260612,1
'1185662',20260608,1,20260609,1,20260610,1,20260611,1,20260612,1
'1185667',20260608,1,20260609,1,20260610,1,20260611,1,20260612,1
'1185668',20260608,1,20260609,1,20260610,1,20260611,1,20260612,1
'1185672',20260608,1,20260609,1,20260610,1,20260611,1,20260612,1
'1185677',20260608,1,20260609,1,20260610,1,20260611,1,20260612,1
'1185678',20260608,1,20260609,1,20260610,1,20260611,1,20260612,1
'1185679',20260608,1,20260609,1,20260610,1,20260611,1,20260612,1
'1185680',20260608,1,20260609,1,20260610,1,20260611,1,20260612,1
'1185681',20260608,1,20260609,1,20260610,1,20260611,1,20260612,1
'1185686',20260608,1,20260609,1,20260610,1,20260611,1,20260612,1
'1185693',20260608,1,20260609,1,20260610,1,20260611,1,20260612,1
'1185695',20260608,1,20260609,1,20260610,1,20260611,1,20260612,1
'1185696',20260608,1,20260609,1,20260610,1,20260611,1,20260612,1
'1185697',20260608,1,20260609,1,20260610,1,20260611,1,20260612,1
'1185700',20260608,1,20260609,1,20260610,1,20260611,1,20260612,1
'1185701',20260608,1,20260609,1,20260610,1,20260611,1,20260612,1
'1185702',20260608,1,20260609,1,20260610,1,20260611,1,20260612,1
'1185703',20260608,1,20260609,1,20260610,1,20260611,1,20260612,1
'1185706',20260608,1,20260609,1,20260610,1,20260611,1,20260612,1
'1185707',20260608,1,20260609,1,20260610,1,20260611,1,20260612,1
'1185708',20260608,1,20260609,1,20260610,1,20260611,1,20260612,1
'1185709',20260608,1,20260609,1,20260610,1,20260611,1,20260612,1
'1185712',20260608,1,20260609,1,20260610,1,20260611,1,20260612,1
'1185722',20260608,1,20260609,1,20260610,1,20260611,1,20260612,1
'1185724',20260608,1,20260609,1,20260610,1,20260611,1,20260612,1
'1185728',20260608,1,20260609,1,20260610,1,20260611,1,20260612,1
'1185731',20260608,1,20260609,1,20260610,1,20260611,1,20260612,1
'1185732',20260608,1,20260609,1,20260610,1,20260611,1,20260612,1
'1185733',20260608,1,20260609,1,20260610,1,20260611,1,20260612,1
'1185734',20260608,1,20260609,1,20260610,1,20260611,1,20260612,1
'1185738',20260608,1,20260609,1,20260610,1,20260611,1,20260612,1
'1185741',20260608,1,20260609,1,20260610,1,20260611,1,20260612,1
'1185742',20260608,1,20260609,1,20260610,1,20260611,1,20260612,1
'1185743',20260608,1,20260609,1,20260610,1,20260611,1,20260612,1
'1185747',20260608,1,20260609,1,20260610,1,20260611,1,20260612,1
'1185749',20260608,1,20260609,1,20260610,1,20260611,1,20260612,1
'1185751',20260608,1,20260609,1,20260610,1,20260611,1,20260612,1
'1185753',20260608,1,20260609,1,20260610,1,20260611,1,20260612,1
'1185754',20260608,1,20260609,1,20260610,1,20260611,1,20260612,1
'1185758',20260608,1,20260609,1,20260610,1,20260611,1,20260612,1
'1185765',20260608,1,20260609,1,20260610,1,20260611,1,20260612,1
'1185768',20260608,1,20260609,1,20260610,1,20260611,1,20260612,1
'1185769',20260608,1,20260609,1,20260610,1,20260611,1,20260612,1
'1185770',20260608,1,20260609,1,20260610,1,20260611,1,20260612,1
'1185776',20260608,1,20260609,1,20260610,1,20260611,1,20260612,1
'1185777',20260608,1,20260609,1,20260610,1,20260611,1,20260612,1
'1185782',20260608,1,20260609,1,20260610,1,20260611,1,20260612,1
'1185783',20260608,1,20260609,1,20260610,1,20260611,1,20260612,1
'1185785',20260608,1,20260609,1,20260610,1,20260611,1,20260612,1
'1185786',20260608,1,20260609,1,20260610,1,20260611,1,20260612,1
'1185787',20260608,1,20260609,1,20260610,1,20260611,1,20260612,1
'1185789',20260608,1,20260609,1,20260610,1,20260611,1,20260612,1
'1185790',20260608,1,20260609,1,20260610,1,20260611,1,20260612,1
'1185795',20260608,1,20260609,1,20260610,1,20260611,1,20260612,1
'1185796',20260608,1,20260609,1,20260610,1,20260611,1,20260612,1
'1185800',20260608,1,20260609,1,20260610,1,20260611,1,20260612,1
'1185801',20260608,1,20260609,1,20260610,1,20260611,1,20260612,1
'1185803',20260608,1,20260609,1,20260610,1,20260611,1,20260612,1
'1185804',20260608,1,20260609,1,20260610,1,20260611,1,20260612,1
'1185808',20260608,1,20260609,1,20260610,1,20260611,1,20260612,1
'1185809',20260608,1,20260609,1,20260610,1,20260611,1,20260612,1
'1185810',20260608,1,20260609,1,20260610,1,20260611,1,20260612,1
'1185811',20260608,1,20260609,1,20260610,1,20260611,1,20260612,1
'1185815',20260608,1,20260609,1,20260610,1,20260611,1,20260612,1
'1185817',20260608,1,20260609,1,20260610,1,20260611,1,20260612,1
'1185818',20260608,1,20260609,1,20260610,1,20260611,1,20260612,1
'1185826',20260608,1,20260609,1,20260610,1,20260611,1,20260612,1
'1185827',20260608,1,20260609,1,20260610,1,20260611,1,20260612,1
'1185828',20260608,1,20260609,1,20260610,1,20260611,1,20260612,1
'1185829',20260608,1,20260609,1,20260610,1,20260611,1,20260612,1
'1185833',20260608,1,20260609,1,20260610,1,20260611,1,20260612,1
'1185835',20260608,1,20260609,1,20260610,1,20260611,1,20260612,1
'1185838',20260608,1,20260609,1,20260610,1,20260611,1,20260612,1
'1185843',20260608,1,20260609,1,20260610,1,20260611,1,20260612,1
'1185845',20260608,1,20260609,1,20260610,1,20260611,1,20260612,1
'1185846',20260608,1,20260609,1,20260610,1,20260611,1,20260612,1
'1185847',20260608,1,20260609,1,20260610,1,20260611,1,20260612,1
'1185849',20260608,1,20260609,1,20260610,1,20260611,1,20260612,1
'1185850',20260608,1,20260609,1,20260610,1,20260611,1,20260612,1
'1185851',20260608,1,20260609,1,20260610,1,20260611,1,20260612,1
'1185852',20260608,1,20260609,1,20260610,1,20260611,1,20260612,1
'1185853',20260608,1,20260609,1,20260610,1,20260611,1,20260612,1
'1185856',20260608,1,20260609,1,20260610,1,20260611,1,20260612,1
'1185858',20260608,1,20260609,1,20260610,1,20260611,1,20260612,1
'1185859',20260608,1,20260609,1,20260610,1,20260611,1,20260612,1
'1185860',20260608,1,20260609,1,20260610,1,20260611,1,20260612,1
'1185861',20260608,1,20260609,1,20260610,1,20260611,1,20260612,1
'1185862',20260608,1,20260609,1,20260610,1,20260611,1,20260612,1
'1185863',20260608,1,20260609,1,20260610,1,20260611,1,20260612,1
'1185864',20260608,1,20260609,1,20260610,1,20260611,1,20260612,1
'1185866',20260608,1,20260609,1,20260610,1,20260611,1,20260612,1
'1185867',20260608,1,20260609,1,20260610,1,20260611,1,20260612,1
'1185868',20260608,1,20260609,1,20260610,1,20260611,1,20260612,1
'1185870',20260608,1,20260609,1,20260610,1,20260611,1,20260612,1
'1185872',20260608,1,20260609,1,20260610,1,20260611,1,20260612,1
'1185873',20260608,1,20260609,1,20260610,1,20260611,1,20260612,1
'1185875',20260608,1,20260609,1,20260610,1,20260611,1,20260612,1
'1185876',20260608,1,20260609,1,20260610,1,20260611,1,20260612,1
'1185880',20260608,1,20260609,1,20260610,1,20260611,1,20260612,1
'1185882',20260608,1,20260609,1,20260610,1,20260611,1,20260612,1
'1185883',20260608,1,20260609,1,20260610,1,20260611,1,20260612,1
'1185885',20260608,1,20260609,1,20260610,1,20260611,1,20260612,1
'1185887',20260608,1,20260609,1,20260610,1,20260611,1,20260612,1
'1185888',20260608,1,20260609,1,20260610,1,20260611,1,20260612,1
'1185890',20260608,1,20260609,1,20260610,1,20260611,1,20260612,1
'1185891',20260608,1,20260609,1,20260610,1,20260611,1,20260612,1
'1185894',20260608,1,20260609,1,20260610,1,20260611,1,20260612,1
'1185899',20260608,1,20260609,1,20260610,1,20260611,1,20260612,1
'1185900',20260608,1,20260609,1,20260610,1,20260611,1,20260612,1
'1185901',20260608,1,20260609,1,20260610,1,20260611,1,20260612,1
'1185902',20260608,1,20260609,1,20260610,1,20260611,1,20260612,1
'1185910',20260608,1,20260609,1,20260610,1,20260611,1,20260612,1
'1185914',20260608,1,20260609,1,20260610,1,20260611,1,20260612,1
'1185916',20260608,1,20260609,1,20260610,1,20260611,1,20260612,1
'1185920',20260608,1,20260609,1,20260610,1,20260611,1,20260612,1
'1185922',20260608,1,20260609,1,20260610,1,20260611,1,20260612,1
'1185926',20260608,1,20260609,1,20260610,1,20260611,1,20260612,1
'1185927',20260608,1,20260609,1,20260610,1,20260611,1,20260612,1
'1185933',20260608,1,20260609,1,20260610,1,20260611,1,20260612,1
'1185934',20260608,1,20260609,1,20260610,1,20260611,1,20260612,1
'1185935',20260608,1,20260609,1,20260610,1,20260611,1,20260612,1
'1185937',20260608,1,20260609,1,20260610,1,20260611,1,20260612,1
'1185938',20260608,1,20260609,1,20260610,1,20260611,1,20260612,1
'1185940',20260608,1,20260609,1,20260610,1,20260611,1,20260612,1
'1185941',20260608,1,20260609,1,20260610,1,20260611,1,20260612,1
'1185946',20260608,1,20260609,1,20260610,1,20260611,1,20260612,1
'1185947',20260608,1,20260609,1,20260610,1,20260611,1,20260612,1
'1185950',20260608,1,20260609,1,20260610,1,20260611,1,20260612,1
'1185951',20260608,1,20260609,1,20260610,1,20260611,1,20260612,1
'1185952',20260608,1,20260609,1,20260610,1,20260611,1,20260612,1
'1185956',20260608,1,20260609,1,20260610,1,20260611,1,20260612,1
'1185958',20260608,1,20260609,1,20260610,1,20260611,1,20260612,1
'1185961',20260608,1,20260609,1,20260610,1,20260611,1,20260612,1
'1185963',20260608,1,20260609,1,20260610,1,20260611,1,20260612,1
'1185967',20260608,1,20260609,1,20260610,1,20260611,1,20260612,1
'1185971',20260608,1,20260609,1,20260610,1,20260611,1,20260612,1
'1185973',20260608,1,20260609,1,20260610,1,20260611,1,20260612,1
'1185974',20260608,1,20260609,1,20260610,1,20260611,1,20260612,1
'1185976',20260608,1,20260609,1,20260610,1,20260611,1,20260612,1
'1185977',20260608,1,20260609,1,20260610,1,20260611,1,20260612,1
'1185978',20260608,1,20260609,1,20260610,1,20260611,1,20260612,1
'1185979',20260608,1,20260609,1,20260610,1,20260611,1,20260612,1
'1185982',20260608,1,20260609,1,20260610,1,20260611,1,20260612,1
'1185986',20260608,1,20260609,1,20260610,1,20260611,1,20260612,1
'1185988',20260608,1,20260609,1,20260610,1,20260611,1,20260612,1
'1185991',20260608,1,20260609,1,20260610,1,20260611,1,20260612,1
'1185992',20260608,1,20260609,1,20260610,1,20260611,1,20260612,1
'1185996',20260608,1,20260609,1,20260610,1,20260611,1,20260612,1
'1185998',20260608,1,20260609,1,20260610,1,20260611,1,20260612,1
'1185999',20260608,1,20260609,1,20260610,1,20260611,1,20260612,1
'1186005',20260608,1,20260609,1,20260610,1,20260611,1,20260612,1
'1186009',20260608,1,20260609,1,20260610,1,20260611,1,20260612,1
'1186013',20260608,1,20260609,1,20260610,1,20260611,1,20260612,1
'1186014',20260608,1,20260609,1,20260610,1,20260611,1,20260612,1
'1186015',20260608,1,20260609,1,20260610,1,20260611,1,20260612,1
'1186018',20260608,1,20260609,1,20260610,1,20260611,1,20260612,1
'1186019',20260608,1,20260609,1,20260610,1,20260611,1,20260612,1
'1186021',20260608,1,20260609,1,20260610,1,20260611,1,20260612,1
'1186022',20260608,1,20260609,1,20260610,1,20260611,1,20260612,1
'1186024',20260608,1,20260609,1,20260610,1,20260611,1,20260612,1
'1186027',20260608,1,20260609,1,20260610,1,20260611,1,20260612,1
'1186029',20260608,1,20260609,1,20260610,1,20260611,1,20260612,1
'1186032',20260608,1,20260609,1,20260610,1,20260611,1,20260612,1
'1186038',20260608,1,20260609,1,20260610,1,20260611,1,20260612,1
'1186039',20260608,1,20260609,1,20260610,1,20260611,1,20260612,1
'1186040',20260608,1,20260609,1,20260610,1,20260611,1,20260612,1
'1186042',20260608,1,20260609,1,20260610,1,20260611,1,20260612,1
'1186043',20260608,1,20260609,1,20260610,1,20260611,1,20260612,1
'1186044',20260608,1,20260609,1,20260610,1,20260611,1,20260612,1
'1186046',20260608,1,20260609,1,20260610,1,20260611,1,20260612,1
'1186049',20260608,1,20260609,1,20260610,1,20260611,1,20260612,1
'1186050',20260608,1,20260609,1,20260610,1,20260611,1,20260612,1
'1186056',20260608,1,20260609,1,20260610,1,20260611,1,20260612,1
'1186057',20260608,1,20260609,1,20260610,1,20260611,1,20260612,1
'1186058',20260608,1,20260609,1,20260610,1,20260611,1,20260612,1
'1186059',20260608,1,20260609,1,20260610,1,20260611,1,20260612,1
'1186060',20260608,1,20260609,1,20260610,1,20260611,1,20260612,1
'1186061',20260608,1,20260609,1,20260610,1,20260611,1,20260612,1
'1186063',20260608,1,20260609,1,20260610,1,20260611,1,20260612,1
'1186067',20260608,1,20260609,1,20260610,1,20260611,1,20260612,1
'1186077',20260608,1,20260609,1,20260610,1,20260611,1,20260612,1
'1186078',20260608,1,20260609,1,20260610,1,20260611,1,20260612,1
'1186079',20260608,1,20260609,1,20260610,1,20260611,1,20260612,1
'1186082',20260608,1,20260609,1,20260610,1,20260611,1,20260612,1
'1186084',20260608,1,20260609,1,20260610,1,20260611,1,20260612,1
'1186085',20260608,1,20260609,1,20260610,1,20260611,1,20260612,1
'1186087',20260608,1,20260609,1,20260610,1,20260611,1,20260612,1
'1186088',20260608,1,20260609,1,20260610,1,20260611,1,20260612,1
'1186091',20260608,1,20260609,1,20260610,1,20260611,1,20260612,1
'1186092',20260608,1,20260609,1,20260610,1,20260611,1,20260612,1
'1186095',20260608,1,20260609,1,20260610,1,20260611,1,20260612,1
'1186096',20260608,1,20260609,1,20260610,1,20260611,1,20260612,1
'1186099',20260608,1,20260609,1,20260610,1,20260611,1,20260612,1
'1186101',20260608,1,20260609,1,20260610,1,20260611,1,20260612,1
'1186103',20260608,1,20260609,1,20260610,1,20260611,1,20260612,1
'1186110',20260608,1,20260609,1,20260610,1,20260611,1,20260612,1
'1186113',20260608,1,20260609,1,20260610,1,20260611,1,20260612,1
'1186114',20260608,1,20260609,1,20260610,1,20260611,1,20260612,1
'1186115',20260608,1,20260609,1,20260610,1,20260611,1,20260612,1
'1186118',20260608,1,20260609,1,20260610,1,20260611,1,20260612,1
'1186119',20260608,1,20260609,1,20260610,1,20260611,1,20260612,1
'1186120',20260608,1,20260609,1,20260610,1,20260611,1,20260612,1
'1186121',20260608,1,20260609,1,20260610,1,20260611,1,20260612,1
'1186122',20260608,1,20260609,1,20260610,1,20260611,1,20260612,1
'1186123',20260608,1,20260609,1,20260610,1,20260611,1,20260612,1
'1186124',20260608,1,20260609,1,20260610,1,20260611,1,20260612,1
'1186126',20260608,1,20260609,1,20260610,1,20260611,1,20260612,1
'1186127',20260608,1,20260609,1,20260610,1,20260611,1,20260612,1
'1186130',20260608,1,20260609,1,20260610,1,20260611,1,20260612,1
'1186131',20260608,1,20260609,1,20260610,1,20260611,1,20260612,1
'1186135',20260608,1,20260609,1,20260610,1,20260611,1,20260612,1
'1186139',20260608,1,20260609,1,20260610,1,20260611,1,20260612,1
'1186141',20260608,1,20260609,1,20260610,1,20260611,1,20260612,1
'1186145',20260608,1,20260609,1,20260610,1,20260611,1,20260612,1
'1186147',20260608,1,20260609,1,20260610,1,20260611,1,20260612,1
'1186148',20260608,1,20260609,1,20260610,1,20260611,1,20260612,1
'1186149',20260608,1,20260609,1,20260610,1,20260611,1,20260612,1
'1186150',20260608,1,20260609,1,20260610,1,20260611,1,20260612,1
'1186151',20260608,1,20260609,1,20260610,1,20260611,1,20260612,1
'1186154',20260608,1,20260609,1,20260610,1,20260611,1,20260612,1
'1186155',20260608,1,20260609,1,20260610,1,20260611,1,20260612,1
'1186156',20260608,1,20260609,1,20260610,1,20260611,1,20260612,1
'1186157',20260608,1,20260609,1,20260610,1,20260611,1,20260612,1
'1186159',20260608,1,20260609,1,20260610,1,20260611,1,20260612,1
'1186161',20260608,1,20260609,1,20260610,1,20260611,1,20260612,1
'1186166',20260608,1,20260609,1,20260610,1,20260611,1,20260612,1
'1186167',20260608,1,20260609,1,20260610,1,20260611,1,20260612,1
'1186170',20260608,1,20260609,1,20260610,1,20260611,1,20260612,1
'1186173',20260608,1,20260609,1,20260610,1,20260611,1,20260612,1
'1186176',20260608,1,20260609,1,20260610,1,20260611,1,20260612,1
'1186177',20260608,1,20260609,1,20260610,1,20260611,1,20260612,1
'1186179',20260608,1,20260609,1,20260610,1,20260611,1,20260612,1
'1186181',20260608,1,20260609,1,20260610,1,20260611,1,20260612,1
'1186184',20260608,1,20260609,1,20260610,1,20260611,1,20260612,1
'1186187',20260608,1,20260609,1,20260610,1,20260611,1,20260612,1
'1186191',20260608,1,20260609,1,20260610,1,20260611,1,20260612,1
'1186192',20260608,1,20260609,1,20260610,1,20260611,1,20260612,1
'1186199',20260608,1,20260609,1,20260610,1,20260611,1,20260612,1
'1186200',20260608,1,20260609,1,20260610,1,20260611,1,20260612,1
'1186205',20260608,1,20260609,1,20260610,1,20260611,1,20260612,1
'1186207',20260608,1,20260609,1,20260610,1,20260611,1,20260612,1
'1186209',20260608,1,20260609,1,20260610,1,20260611,1,20260612,1
'1186210',20260608,1,20260609,1,20260610,1,20260611,1,20260612,1
'1186212',20260608,1,20260609,1,20260610,1,20260611,1,20260612,1
'1186213',20260608,1,20260609,1,20260610,1,20260611,1,20260612,1
'1186216',20260608,1,20260609,1,20260610,1,20260611,1,20260612,1
'1186217',20260608,1,20260609,1,20260610,1,20260611,1,20260612,1
'1186219',20260608,1,20260609,1,20260610,1,20260611,1,20260612,1
'1186229',20260608,1,20260609,1,20260610,1,20260611,1,20260612,1
'1186231',20260608,1,20260609,1,20260610,1,20260611,1,20260612,1
'1186232',20260608,1,20260609,1,20260610,1,20260611,1,20260612,1
'1186235',20260608,1,20260609,1,20260610,1,20260611,1,20260612,1
'1186239',20260608,1,20260609,1,20260610,1,20260611,1,20260612,1
'1186240',20260608,1,20260609,1,20260610,1,20260611,1,20260612,1
'1186252',20260608,1,20260609,1,20260610,1,20260611,1,20260612,1
'1186260',20260608,1,20260609,1,20260610,1,20260611,1,20260612,1
'1186261',20260608,1,20260609,1,20260610,1,20260611,1,20260612,1
'1186266',20260608,1,20260609,1,20260610,1,20260611,1,20260612,1
'1186268',20260608,1,20260609,1,20260610,1,20260611,1,20260612,1
'1186270',20260608,1,20260609,1,20260610,1,20260611,1,20260612,1
'1186271',20260608,1,20260609,1,20260610,1,20260611,1,20260612,1
'1186272',20260608,1,20260609,1,20260610,1,20260611,1,20260612,1
'1186273',20260608,1,20260609,1,20260610,1,20260611,1,20260612,1
'1186274',20260608,1,20260609,1,20260610,1,20260611,1,20260612,1
'1186275',20260608,1,20260609,1,20260610,1,20260611,1,20260612,1
'1186278',20260608,1,20260609,1,20260610,1,20260611,1,20260612,1
'1186279',20260608,1,20260609,1,20260610,1,20260611,1,20260612,1
'1186282',20260608,1,20260609,1,20260610,1,20260611,1,20260612,1
'1186285',20260608,1,20260609,1,20260610,1,20260611,1,20260612,1
'1186286',20260608,1,20260609,1,20260610,1,20260611,1,20260612,1
'1186291',20260608,1,20260609,1,20260610,1,20260611,1,20260612,1
'1186292',20260608,1,20260609,1,20260610,1,20260611,1,20260612,1
'1186293',20260608,1,20260609,1,20260610,1,20260611,1,20260612,1
'1186294',20260608,1,20260609,1,20260610,1,20260611,1,20260612,1
'1186295',20260608,1,20260609,1,20260610,1,20260611,1,20260612,1
'1186300',20260608,1,20260609,1,20260610,1,20260611,1,20260612,1
'1186303',20260608,1,20260609,1,20260610,1,20260611,1,20260612,1
'1186304',20260608,1,20260609,1,20260610,1,20260611,1,20260612,1
'1186306',20260608,1,20260609,1,20260610,1,20260611,1,20260612,1
'1186309',20260608,1,20260609,1,20260610,1,20260611,1,20260612,1
'1186312',20260608,1,20260609,1,20260610,1,20260611,1,20260612,1
'1186319',20260608,1,20260609,1,20260610,1,20260611,1,20260612,1
'1186322',20260608,1,20260609,1,20260610,1,20260611,1,20260612,1
'1186323',20260608,1,20260609,1,20260610,1,20260611,1,20260612,1
'1186325',20260608,1,20260609,1,20260610,1,20260611,1,20260612,1
'1186327',20260608,1,20260609,1,20260610,1,20260611,1,20260612,1
'1186331',20260608,1,20260609,1,20260610,1,20260611,1,20260612,1
'1186338',20260608,1,20260609,1,20260610,1,20260611,1,20260612,1
'1186340',20260608,1,20260609,1,20260610,1,20260611,1,20260612,1
'1186347',20260608,1,20260609,1,20260610,1,20260611,1,20260612,1
'1186350',20260608,1,20260609,1,20260610,1,20260611,1,20260612,1
'1186351',20260608,1,20260609,1,20260610,1,20260611,1,20260612,1
'1186352',20260608,1,20260609,1,20260610,1,20260611,1,20260612,1
'1186354',20260608,1,20260609,1,20260610,1,20260611,1,20260612,1
'1186355',20260608,1,20260609,1,20260610,1,20260611,1,20260612,1
'1186356',20260608,1,20260609,1,20260610,1,20260611,1,20260612,1
'1186358',20260608,1,20260609,1,20260610,1,20260611,1,20260612,1
'1186359',20260608,1,20260609,1,20260610,1,20260611,1,20260612,1
'1186360',20260608,1,20260609,1,20260610,1,20260611,1,20260612,1
'1186364',20260608,1,20260609,1,20260610,1,20260611,1,20260612,1
'1186365',20260608,1,20260609,1,20260610,1,20260611,1,20260612,1
'1186370',20260608,1,20260609,1,20260610,1,20260611,1,20260612,1
'1186371',20260608,1,20260609,1,20260610,1,20260611,1,20260612,1
'1186373',20260608,1,20260609,1,20260610,1,20260611,1,20260612,1
'1186377',20260608,1,20260609,1,20260610,1,20260611,1,20260612,1
'1186379',20260608,1,20260609,1,20260610,1,20260611,1,20260612,1
'1186380',20260608,1,20260609,1,20260610,1,20260611,1,20260612,1
'1186385',20260608,1,20260609,1,20260610,1,20260611,1,20260612,1
'1186386',20260608,1,20260609,1,20260610,1,20260611,1,20260612,1
'1186388',20260608,1,20260609,1,20260610,1,20260611,1,20260612,1
'1186389',20260608,1,20260609,1,20260610,1,20260611,1,20260612,1
'1186391',20260608,1,20260609,1,20260610,1,20260611,1,20260612,1
'1186398',20260608,1,20260609,1,20260610,1,20260611,1,20260612,1
'1186399',20260608,1,20260609,1,20260610,1,20260611,1,20260612,1
'1186402',20260608,1,20260609,1,20260610,1,20260611,1,20260612,1
'1186403',20260608,1,20260609,1,20260610,1,20260611,1,20260612,1
'1186404',20260608,1,20260609,1,20260610,1,20260611,1,20260612,1
'1186405',20260608,1,20260609,1,20260610,1,20260611,1,20260612,1
'1186408',20260608,1,20260609,1,20260610,1,20260611,1,20260612,1
'1186409',20260608,1,20260609,1,20260610,1,20260611,1,20260612,1
'1186413',20260608,1,20260609,1,20260610,1,20260611,1,20260612,1
'1186414',20260608,1,20260609,1,20260610,1,20260611,1,20260612,1
'1186418',20260608,1,20260609,1,20260610,1,20260611,1,20260612,1
'1186419',20260608,1,20260609,1,20260610,1,20260611,1,20260612,1
'1186421',20260608,1,20260609,1,20260610,1,20260611,1,20260612,1
'1186423',20260608,1,20260609,1,20260610,1,20260611,1,20260612,1
'1186424',20260608,1,20260609,1,20260610,1,20260611,1,20260612,1
'1186427',20260608,1,20260609,1,20260610,1,20260611,1,20260612,1
'1186428',20260608,1,20260609,1,20260610,1,20260611,1,20260612,1
'1186429',20260608,1,20260609,1,20260610,1,20260611,1,20260612,1
'1186430',20260608,1,20260609,1,20260610,1,20260611,1,20260612,1
'1186431',20260608,1,20260609,1,20260610,1,20260611,1,20260612,1
'1186432',20260608,1,20260609,1,20260610,1,20260611,1,20260612,1
'1186434',20260608,1,20260609,1,20260610,1,20260611,1,20260612,1
'1186437',20260608,1,20260609,1,20260610,1,20260611,1,20260612,1
'1186441',20260608,1,20260609,1,20260610,1,20260611,1,20260612,1
'1186443',20260608,1,20260609,1,20260610,1,20260611,1,20260612,1
'1186446',20260608,1,20260609,1,20260610,1,20260611,1,20260612,1
'1186450',20260608,1,20260609,1,20260610,1,20260611,1,20260612,1
'1186451',20260608,1,20260609,1,20260610,1,20260611,1,20260612,1
'1186455',20260608,1,20260609,1,20260610,1,20260611,1,20260612,1
'1186457',20260608,1,20260609,1,20260610,1,20260611,1,20260612,1
'1186461',20260608,1,20260609,1,20260610,1,20260611,1,20260612,1
'1186465',20260608,1,20260609,1,20260610,1,20260611,1,20260612,1
'1186470',20260608,1,20260609,1,20260610,1,20260611,1,20260612,1
'1186475',20260608,1,20260609,1,20260610,1,20260611,1,20260612,1
'1186477',20260608,1,20260609,1,20260610,1,20260611,1,20260612,1
'1186478',20260608,1,20260609,1,20260610,1,20260611,1,20260612,1
'1186482',20260608,1,20260609,1,20260610,1,20260611,1,20260612,1
'1186490',20260608,1,20260609,1,20260610,1,20260611,1,20260612,1
'1186495',20260608,1,20260609,1,20260610,1,20260611,1,20260612,1
'1186497',20260608,1,20260609,1,20260610,1,20260611,1,20260612,1
'1186498',20260608,1,20260609,1,20260610,1,20260611,1,20260612,1
'1186499',20260608,1,20260609,1,20260610,1,20260611,1,20260612,1
'1186501',20260608,1,20260609,1,20260610,1,20260611,1,20260612,1
'1186504',20260608,1,20260609,1,20260610,1,20260611,1,20260612,1
'1186506',20260608,1,20260609,1,20260610,1,20260611,1,20260612,1
'1186508',20260608,1,20260609,1,20260610,1,20260611,1,20260612,1
'1186509',20260608,1,20260609,1,20260610,1,20260611,1,20260612,1
'1186511',20260608,1,20260609,1,20260610,1,20260611,1,20260612,1
'1186513',20260608,1,20260609,1,20260610,1,20260611,1,20260612,1
'1186515',20260608,1,20260609,1,20260610,1,20260611,1,20260612,1
'1186516',20260608,1,20260609,1,20260610,1,20260611,1,20260612,1
'1186518',20260608,1,20260609,1,20260610,1,20260611,1,20260612,1
'1186521',20260608,1,20260609,1,20260610,1,20260611,1,20260612,1
'1186525',20260608,1,20260609,1,20260610,1,20260611,1,20260612,1
'1186532',20260608,1,20260609,1,20260610,1,20260611,1,20260612,1
'1186533',20260608,1,20260609,1,20260610,1,20260611,1,20260612,1
'1186534',20260608,1,20260609,1,20260610,1,20260611,1,20260612,1
'1186544',20260608,1,20260609,1,20260610,1,20260611,1,20260612,1
'1186546',20260608,1,20260609,1,20260610,1,20260611,1,20260612,1
'1186548',20260608,1,20260609,1,20260610,1,20260611,1,20260612,1
'1186551',20260608,1,20260609,1,20260610,1,20260611,1,20260612,1
'1186553',20260608,1,20260609,1,20260610,1,20260611,1,20260612,1
'1186555',20260608,1,20260609,1,20260610,1,20260611,1,20260612,1
'1186560',20260608,1,20260609,1,20260610,1,20260611,1,20260612,1
'1186561',20260608,1,20260609,1,20260610,1,20260611,1,20260612,1
'1186563',20260608,1,20260609,1,20260610,1,20260611,1,20260612,1
'1186565',20260608,1,20260609,1,20260610,1,20260611,1,20260612,1
'1186566',20260608,1,20260609,1,20260610,1,20260611,1,20260612,1
'1186567',20260608,1,20260609,1,20260610,1,20260611,1,20260612,1
'1186573',20260608,1,20260609,1,20260610,1,20260611,1,20260612,1
'1186574',20260608,1,20260609,1,20260610,1,20260611,1,20260612,1
'1186575',20260608,1,20260609,1,20260610,1,20260611,1,20260612,1
'1186576',20260608,1,20260609,1,20260610,1,20260611,1,20260612,1
'1186578',20260608,1,20260609,1,20260610,1,20260611,1,20260612,1
'1186579',20260608,1,20260609,1,20260610,1,20260611,1,20260612,1
'1186580',20260608,1,20260609,1,20260610,1,20260611,1,20260612,1
'1186585',20260608,1,20260609,1,20260610,1,20260611,1,20260612,1
'1186587',20260608,1,20260609,1,20260610,1,20260611,1,20260612,1
'1186588',20260608,1,20260609,1,20260610,1,20260611,1,20260612,1
'1186591',20260608,1,20260609,1,20260610,1,20260611,1,20260612,1
'1186597',20260608,1,20260609,1,20260610,1,20260611,1,20260612,1
'1186601',20260608,1,20260609,1,20260610,1,20260611,1,20260612,1
'1186602',20260608,1,20260609,1,20260610,1,20260611,1,20260612,1
'1186605',20260608,1,20260609,1,20260610,1,20260611,1,20260612,1
'1186608',20260608,1,20260609,1,20260610,1,20260611,1,20260612,1
'1186609',20260608,1,20260609,1,20260610,1,20260611,1,20260612,1
'1186611',20260608,1,20260609,1,20260610,1,20260611,1,20260612,1
'1186614',20260608,1,20260609,1,20260610,1,20260611,1,20260612,1
'1186615',20260608,1,20260609,1,20260610,1,20260611,1,20260612,1
'1186619',20260608,1,20260609,1,20260610,1,20260611,1,20260612,1
'1186620',20260608,1,20260609,1,20260610,1,20260611,1,20260612,1
'1186625',20260608,1,20260609,1,20260610,1,20260611,1,20260612,1
'1186626',20260608,1,20260609,1,20260610,1,20260611,1,20260612,1
'1186632',20260608,1,20260609,1,20260610,1,20260611,1,20260612,1
'1186633',20260608,1,20260609,1,20260610,1,20260611,1,20260612,1
'1186635',20260608,1,20260609,1,20260610,1,20260611,1,20260612,1
'1186636',20260608,1,20260609,1,20260610,1,20260611,1,20260612,1
'1186638',20260608,1,20260609,1,20260610,1,20260611,1,20260612,1
'1186644',20260608,1,20260609,1,20260610,1,20260611,1,20260612,1
'1186645',20260608,1,20260609,1,20260610,1,20260611,1,20260612,1
'1186646',20260608,1,20260609,1,20260610,1,20260611,1,20260612,1
'1186648',20260608,1,20260609,1,20260610,1,20260611,1,20260612,1
'1186650',20260608,1,20260609,1,20260610,1,20260611,1,20260612,1
'1186652',20260608,1,20260609,1,20260610,1,20260611,1,20260612,1
'1186654',20260608,1,20260609,1,20260610,1,20260611,1,20260612,1
'1186655',20260608,1,20260609,1,20260610,1,20260611,1,20260612,1
'1186656',20260608,1,20260609,1,20260610,1,20260611,1,20260612,1
'1186658',20260608,1,20260609,1,20260610,1,20260611,1,20260612,1
'1186659',20260608,1,20260609,1,20260610,1,20260611,1,20260612,1
'1186661',20260608,1,20260609,1,20260610,1,20260611,1,20260612,1
'1186662',20260608,1,20260609,1,20260610,1,20260611,1,20260612,1
'1186665',20260608,1,20260609,1,20260610,1,20260611,1,20260612,1
'1186667',20260608,1,20260609,1,20260610,1,20260611,1,20260612,1
'1186671',20260608,1,20260609,1,20260610,1,20260611,1,20260612,1
'1186673',20260608,1,20260609,1,20260610,1,20260611,1,20260612,1
'1186677',20260608,1,20260609,1,20260610,1,20260611,1,20260612,1
'1186678',20260608,1,20260609,1,20260610,1,20260611,1,20260612,1
'1186680',20260608,1,20260609,1,20260610,1,20260611,1,20260612,1
'1186683',20260608,1,20260609,1,20260610,1,20260611,1,20260612,1
'1186684',20260608,1,20260609,1,20260610,1,20260611,1,20260612,1
'1186686',20260608,1,20260609,1,20260610,1,20260611,1,20260612,1
'1186687',20260608,1,20260609,1,20260610,1,20260611,1,20260612,1
'1186693',20260608,1,20260609,1,20260610,1,20260611,1,20260612,1
'1186697',20260608,1,20260609,1,20260610,1,20260611,1,20260612,1
'1186698',20260608,1,20260609,1,20260610,1,20260611,1,20260612,1
'1186699',20260608,1,20260609,1,20260610,1,20260611,1,20260612,1
'1186701',20260608,1,20260609,1,20260610,1,20260611,1,20260612,1
'1186707',20260608,1,20260609,1,20260610,1,20260611,1,20260612,1
'1186708',20260608,1,20260609,1,20260610,1,20260611,1,20260612,1
'1186709',20260608,1,20260609,1,20260610,1,20260611,1,20260612,1
'1186710',20260608,1,20260609,1,20260610,1,20260611,1,20260612,1
'1186711',20260608,1,20260609,1,20260610,1,20260611,1,20260612,1
'1186714',20260608,1,20260609,1,20260610,1,20260611,1,20260612,1
'1186716',20260608,1,20260609,1,20260610,1,20260611,1,20260612,1
'1186719',20260608,1,20260609,1,20260610,1,20260611,1,20260612,1
'1186722',20260608,1,20260609,1,20260610,1,20260611,1,20260612,1
'1186724',20260608,1,20260609,1,20260610,1,20260611,1,20260612,1
'1186725',20260608,1,20260609,1,20260610,1,20260611,1,20260612,1
'1186726',20260608,1,20260609,1,20260610,1,20260611,1,20260612,1
'1186729',20260608,1,20260609,1,20260610,1,20260611,1,20260612,1
'1186730',20260608,1,20260609,1,20260610,1,20260611,1,20260612,1
'1186733',20260608,1,20260609,1,20260610,1,20260611,1,20260612,1
'1186734',20260608,1,20260609,1,20260610,1,20260611,1,20260612,1
'1186735',20260608,1,20260609,1,20260610,1,20260611,1,20260612,1
'1186737',20260608,1,20260609,1,20260610,1,20260611,1,20260612,1
'1186738',20260608,1,20260609,1,20260610,1,20260611,1,20260612,1
'1186743',20260608,1,20260609,1,20260610,1,20260611,1,20260612,1
'1186744',20260608,1,20260609,1,20260610,1,20260611,1,20260612,1
'1186752',20260608,1,20260609,1,20260610,1,20260611,1,20260612,1
'1186753',20260608,1,20260609,1,20260610,1,20260611,1,20260612,1
'1186755',20260608,1,20260609,1,20260610,1,20260611,1,20260612,1
'1186756',20260608,1,20260609,1,20260610,1,20260611,1,20260612,1
'1186760',20260608,1,20260609,1,20260610,1,20260611,1,20260612,1
'1186761',20260608,1,20260609,1,20260610,1,20260611,1,20260612,1
'1186762',20260608,1,20260609,1,20260610,1,20260611,1,20260612,1
'1186766',20260608,1,20260609,1,20260610,1,20260611,1,20260612,1
'1186767',20260608,1,20260609,1,20260610,1,20260611,1,20260612,1
'1186769',20260608,1,20260609,1,20260610,1,20260611,1,20260612,1
'1186771',20260608,1,20260609,1,20260610,1,20260611,1,20260612,1
'1186773',20260608,1,20260609,1,20260610,1,20260611,1,20260612,1
'1186774',20260608,1,20260609,1,20260610,1,20260611,1,20260612,1
'1186775',20260608,1,20260609,1,20260610,1,20260611,1,20260612,1
'1186777',20260608,1,20260609,1,20260610,1,20260611,1,20260612,1
'1186778',20260608,1,20260609,1,20260610,1,20260611,1,20260612,1
'1186780',20260608,1,20260609,1,20260610,1,20260611,1,20260612,1
'1186783',20260608,1,20260609,1,20260610,1,20260611,1,20260612,1
'1186784',20260608,1,20260609,1,20260610,1,20260611,1,20260612,1
'1186786',20260608,1,20260609,1,20260610,1,20260611,1,20260612,1
'1186787',20260608,1,20260609,1,20260610,1,20260611,1,20260612,1
'1186788',20260608,1,20260609,1,20260610,1,20260611,1,20260612,1
'1186791',20260608,1,20260609,1,20260610,1,20260611,1,20260612,1
'1186795',20260608,1,20260609,1,20260610,1,20260611,1,20260612,1
'1186796',20260608,1,20260609,1,20260610,1,20260611,1,20260612,1
'1186802',20260608,1,20260609,1,20260610,1,20260611,1,20260612,1
'1186803',20260608,1,20260609,1,20260610,1,20260611,1,20260612,1
'1186805',20260608,1,20260609,1,20260610,1,20260611,1,20260612,1
'1186807',20260608,1,20260609,1,20260610,1,20260611,1,20260612,1
'1186810',20260608,1,20260609,1,20260610,1,20260611,1,20260612,1
'1186811',20260608,1,20260609,1,20260610,1,20260611,1,20260612,1
'1186812',20260608,1,20260609,1,20260610,1,20260611,1,20260612,1
'1186814',20260608,1,20260609,1,20260610,1,20260611,1,20260612,1
'1186815',20260608,1,20260609,1,20260610,1,20260611,1,20260612,1
'1186818',20260608,1,20260609,1,20260610,1,20260611,1,20260612,1
'1186820',20260608,1,20260609,1,20260610,1,20260611,1,20260612,1
'1186821',20260608,1,20260609,1,20260610,1,20260611,1,20260612,1
'1186824',20260608,1,20260609,1,20260610,1,20260611,1,20260612,1
'1186830',20260608,1,20260609,1,20260610,1,20260611,1,20260612,1
'1186835',20260608,1,20260609,1,20260610,1,20260611,1,20260612,1
'1186843',20260608,1,20260609,1,20260610,1,20260611,1,20260612,1
'1186844',20260608,1,20260609,1,20260610,1,20260611,1,20260612,1
'1186848',20260608,1,20260609,1,20260610,1,20260611,1,20260612,1
'1186850',20260608,1,20260609,1,20260610,1,20260611,1,20260612,1
'1186854',20260608,1,20260609,1,20260610,1,20260611,1,20260612,1
'1186855',20260608,1,20260609,1,20260610,1,20260611,1,20260612,1
'1186861',20260608,1,20260609,1,20260610,1,20260611,1,20260612,1
'1186864',20260608,1,20260609,1,20260610,1,20260611,1,20260612,1
'1186870',20260608,1,20260609,1,20260610,1,20260611,1,20260612,1
'1186871',20260608,1,20260609,1,20260610,1,20260611,1,20260612,1
'1186873',20260608,1,20260609,1,20260610,1,20260611,1,20260612,1
'1186874',20260608,1,20260609,1,20260610,1,20260611,1,20260612,1
'1186877',20260608,1,20260609,1,20260610,1,20260611,1,20260612,1
'1186878',20260608,1,20260609,1,20260610,1,20260611,1,20260612,1
'1186882',20260608,1,20260609,1,20260610,1,20260611,1,20260612,1
'1186884',20260608,1,20260609,1,20260610,1,20260611,1,20260612,1
'1186885',20260608,1,20260609,1,20260610,1,20260611,1,20260612,1
'1186894',20260608,1,20260609,1,20260610,1,20260611,1,20260612,1
'1186896',20260608,1,20260609,1,20260610,1,20260611,1,20260612,1
'1186898',20260608,1,20260609,1,20260610,1,20260611,1,20260612,1
'1186904',20260608,1,20260609,1,20260610,1,20260611,1,20260612,1
'1186907',20260608,1,20260609,1,20260610,1,20260611,1,20260612,1
'1186908',20260608,1,20260609,1,20260610,1,20260611,1,20260612,1
'1186911',20260608,1,20260609,1,20260610,1,20260611,1,20260612,1
'1186912',20260608,1,20260609,1,20260610,1,20260611,1,20260612,1
'1186914',20260608,1,20260609,1,20260610,1,20260611,1,20260612,1
'1186915',20260608,1,20260609,1,20260610,1,20260611,1,20260612,1
'1186918',20260608,1,20260609,1,20260610,1,20260611,1,20260612,1
'1186920',20260608,1,20260609,1,20260610,1,20260611,1,20260612,1
'1186921',20260608,1,20260609,1,20260610,1,20260611,1,20260612,1
'1186929',20260608,1,20260609,1,20260610,1,20260611,1,20260612,1
'1186937',20260608,1,20260609,1,20260610,1,20260611,1,20260612,1
'1186940',20260608,1,20260609,1,20260610,1,20260611,1,20260612,1
'1186941',20260608,1,20260609,1,20260610,1,20260611,1,20260612,1
'1186942',20260608,1,20260609,1,20260610,1,20260611,1,20260612,1
'1186943',20260608,1,20260609,1,20260610,1,20260611,1,20260612,1
'1186944',20260608,1,20260609,1,20260610,1,20260611,1,20260612,1
'1186946',20260608,1,20260609,1,20260610,1,20260611,1,20260612,1
'1186951',20260608,1,20260609,1,20260610,1,20260611,1,20260612,1
'1186952',20260608,1,20260609,1,20260610,1,20260611,1,20260612,1
'1186954',20260608,1,20260609,1,20260610,1,20260611,1,20260612,1
'1186955',20260608,1,20260609,1,20260610,1,20260611,1,20260612,1
'1186957',20260608,1,20260609,1,20260610,1,20260611,1,20260612,1
'1186959',20260608,1,20260609,1,20260610,1,20260611,1,20260612,1
'1186962',20260608,1,20260609,1,20260610,1,20260611,1,20260612,1
'1186967',20260608,1,20260609,1,20260610,1,20260611,1,20260612,1
'1186969',20260608,1,20260609,1,20260610,1,20260611,1,20260612,1
'1186971',20260608,1,20260609,1,20260610,1,20260611,1,20260612,1
'1186973',20260608,1,20260609,1,20260610,1,20260611,1,20260612,1
'1186974',20260608,1,20260609,1,20260610,1,20260611,1,20260612,1
'1186976',20260608,1,20260609,1,20260610,1,20260611,1,20260612,1
'1186984',20260608,1,20260609,1,20260610,1,20260611,1,20260612,1
'1186985',20260608,1,20260609,1,20260610,1,20260611,1,20260612,1
'1186986',20260608,1,20260609,1,20260610,1,20260611,1,20260612,1
'1186987',20260608,1,20260609,1,20260610,1,20260611,1,20260612,1
'1186995',20260608,1,20260609,1,20260610,1,20260611,1,20260612,1
'1186996',20260608,1,20260609,1,20260610,1,20260611,1,20260612,1
'1186998',20260608,1,20260609,1,20260610,1,20260611,1,20260612,1
'1187003',20260608,1,20260609,1,20260610,1,20260611,1,20260612,1
'1187004',20260608,1,20260609,1,20260610,1,20260611,1,20260612,1
'1187005',20260608,1,20260609,1,20260610,1,20260611,1,20260612,1
'1187009',20260608,1,20260609,1,20260610,1,20260611,1,20260612,1
'1187013',20260608,1,20260609,1,20260610,1,20260611,1,20260612,1
'1187014',20260608,1,20260609,1,20260610,1,20260611,1,20260612,1
'1187017',20260608,1,20260609,1,20260610,1,20260611,1,20260612,1
'1187018',20260608,1,20260609,1,20260610,1,20260611,1,20260612,1
'1187022',20260608,1,20260609,1,20260610,1,20260611,1,20260612,1
'1187027',20260608,1,20260609,1,20260610,1,20260611,1,20260612,1
'1187028',20260608,1,20260609,1,20260610,1,20260611,1,20260612,1
'1187029',20260608,1,20260609,1,20260610,1,20260611,1,20260612,1
'1187030',20260608,1,20260609,1,20260610,1,20260611,1,20260612,1
'1187031',20260608,1,20260609,1,20260610,1,20260611,1,20260612,1
'1187036',20260608,1,20260609,1,20260610,1,20260611,1,20260612,1
'1187041',20260608,1,20260609,1,20260610,1,20260611,1,20260612,1
'1187049',20260608,1,20260609,1,20260610,1,20260611,1,20260612,1
'1187055',20260608,1,20260609,1,20260610,1,20260611,1,20260612,1
'1187059',20260608,1,20260609,1,20260610,1,20260611,1,20260612,1
'1187061',20260608,1,20260609,1,20260610,1,20260611,1,20260612,1
'1187063',20260608,1,20260609,1,20260610,1,20260611,1,20260612,1
'1187064',20260608,1,20260609,1,20260610,1,20260611,1,20260612,1
'1187071',20260608,1,20260609,1,20260610,1,20260611,1,20260612,1
'1187073',20260608,1,20260609,1,20260610,1,20260611,1,20260612,1
'1187078',20260608,1,20260609,1,20260610,1,20260611,1,20260612,1
'1187079',20260608,1,20260609,1,20260610,1,20260611,1,20260612,1
'1187080',20260608,1,20260609,1,20260610,1,20260611,1,20260612,1
'1187081',20260608,1,20260609,1,20260610,1,20260611,1,20260612,1
'1187083',20260608,1,20260609,1,20260610,1,20260611,1,20260612,1
'1187085',20260608,1,20260609,1,20260610,1,20260611,1,20260612,1
'1187086',20260608,1,20260609,1,20260610,1,20260611,1,20260612,1
'1187090',20260608,1,20260609,1,20260610,1,20260611,1,20260612,1
'1187092',20260608,1,20260609,1,20260610,1,20260611,1,20260612,1
'1187094',20260608,1,20260609,1,20260610,1,20260611,1,20260612,1
'1187100',20260608,1,20260609,1,20260610,1,20260611,1,20260612,1
'1187103',20260608,1,20260609,1,20260610,1,20260611,1,20260612,1
'1187106',20260608,1,20260609,1,20260610,1,20260611,1,20260612,1
'1187107',20260608,1,20260609,1,20260610,1,20260611,1,20260612,1
'1187109',20260608,1,20260609,1,20260610,1,20260611,1,20260612,1
'1187113',20260608,1,20260609,1,20260610,1,20260611,1,20260612,1
'1187115',20260608,1,20260609,1,20260610,1,20260611,1,20260612,1
'1187116',20260608,1,20260609,1,20260610,1,20260611,1,20260612,1
'1187117',20260608,1,20260609,1,20260610,1,20260611,1,20260612,1
'1187126',20260608,1,20260609,1,20260610,1,20260611,1,20260612,1
'1187127',20260608,1,20260609,1,20260610,1,20260611,1,20260612,1
'1187128',20260608,1,20260609,1,20260610,1,20260611,1,20260612,1
'1187130',20260608,1,20260609,1,20260610,1,20260611,1,20260612,1
'1187133',20260608,1,20260609,1,20260610,1,20260611,1,20260612,1
'1187136',20260608,1,20260609,1,20260610,1,20260611,1,20260612,1
'1187137',20260608,1,20260609,1,20260610,1,20260611,1,20260612,1
'1187141',20260608,1,20260609,1,20260610,1,20260611,1,20260612,1
'1187143',20260608,1,20260609,1,20260610,1,20260611,1,20260612,1
'1187145',20260608,1,20260609,1,20260610,1,20260611,1,20260612,1
'1187148',20260608,1,20260609,1,20260610,1,20260611,1,20260612,1
'1187150',20260608,1,20260609,1,20260610,1,20260611,1,20260612,1
'1187154',20260608,1,20260609,1,20260610,1,20260611,1,20260612,1
'1187155',20260608,1,20260609,1,20260610,1,20260611,1,20260612,1
'1187157',20260608,1,20260609,1,20260610,1,20260611,1,20260612,1
'1187158',20260608,1,20260609,1,20260610,1,20260611,1,20260612,1
'1187161',20260608,1,20260609,1,20260610,1,20260611,1,20260612,1
'1187164',20260608,1,20260609,1,20260610,1,20260611,1,20260612,1
'1187166',20260608,1,20260609,1,20260610,1,20260611,1,20260612,1
'1187168',20260608,1,20260609,1,20260610,1,20260611,1,20260612,1
'1187170',20260608,1,20260609,1,20260610,1,20260611,1,20260612,1
'1187172',20260608,1,20260609,1,20260610,1,20260611,1,20260612,1
'1187174',20260608,1,20260609,1,20260610,1,20260611,1,20260612,1
'1187177',20260608,1,20260609,1,20260610,1,20260611,1,20260612,1
'1187178',20260608,1,20260609,1,20260610,1,20260611,1,20260612,1
'1187179',20260608,1,20260609,1,20260610,1,20260611,1,20260612,1
'1187181',20260608,1,20260609,1,20260610,1,20260611,1,20260612,1
'1187182',20260608,1,20260609,1,20260610,1,20260611,1,20260612,1
'1187186',20260608,1,20260609,1,20260610,1,20260611,1,20260612,1
'1187188',20260608,1,20260609,1,20260610,1,20260611,1,20260612,1
'1187190',20260608,1,20260609,1,20260610,1,20260611,1,20260612,1
'1187192',20260608,1,20260609,1,20260610,1,20260611,1,20260612,1
'1187194',20260608,1,20260609,1,20260610,1,20260611,1,20260612,1
'1187196',20260608,1,20260609,1,20260610,1,20260611,1,20260612,1
'1187611',20260608,1,20260609,1,20260610,1,20260611,1,20260612,1
'1187612',20260608,1,20260609,1,20260610,1,20260611,1,20260612,1
'1187613',20260608,1,20260609,1,20260610,1,20260611,1,20260612,1
'1187614',20260608,1,20260609,1,20260610,1,20260611,1,20260612,1
'1187616',20260608,1,20260609,1,20260610,1,20260611,1,20260612,1
'1187624',20260608,1,20260609,1,20260610,1,20260611,1,20260612,1
'1187625',20260608,1,20260609,1,20260610,1,20260611,1,20260612,1
'1187630',20260608,1,20260609,1,20260610,1,20260611,1,20260612,1
'1187631',20260608,1,20260609,1,20260610,1,20260611,1,20260612,1
'1187632',20260608,1,20260609,1,20260610,1,20260611,1,20260612,1
'1187633',20260608,1,20260609,1,20260610,1,20260611,1,20260612,1
'1187634',20260608,1,20260609,1,20260610,1,20260611,1,20260612,1
'1187635',20260608,1,20260609,1,20260610,1,20260611,1,20260612,1
'1187636',20260608,1,20260609,1,20260610,1,20260611,1,20260612,1
'1187638',20260608,1,20260609,1,20260610,1,20260611,1,20260612,1
'1187639',20260608,1,20260609,1,20260610,1,20260611,1,20260612,1
'1187642',20260608,1,20260609,1,20260610,1,20260611,1,20260612,1
'1187649',20260608,1,20260609,1,20260610,1,20260611,1,20260612,1
'1187650',20260608,1,20260609,1,20260610,1,20260611,1,20260612,1
'1187651',20260608,1,20260609,1,20260610,1,20260611,1,20260612,1
'1187652',20260608,1,20260609,1,20260610,1,20260611,1,20260612,1
'1187657',20260608,1,20260609,1,20260610,1,20260611,1,20260612,1
'1187661',20260608,1,20260609,1,20260610,1,20260611,1,20260612,1
'1187662',20260608,1,20260609,1,20260610,1,20260611,1,20260612,1
'1187663',20260608,1,20260609,1,20260610,1,20260611,1,20260612,1
'1187667',20260608,1,20260609,1,20260610,1,20260611,1,20260612,1
'1187671',20260608,1,20260609,1,20260610,1,20260611,1,20260612,1
'1187672',20260608,1,20260609,1,20260610,1,20260611,1,20260612,1
'1187673',20260608,1,20260609,1,20260610,1,20260611,1,20260612,1
'1187675',20260608,1,20260609,1,20260610,1,20260611,1,20260612,1
'1187677',20260608,1,20260609,1,20260610,1,20260611,1,20260612,1
'1187678',20260608,1,20260609,1,20260610,1,20260611,1,20260612,1
'1187679',20260608,1,20260609,1,20260610,1,20260611,1,20260612,1
'1187680',20260608,1,20260609,1,20260610,1,20260611,1,20260612,1
'1187681',20260608,1,20260609,1,20260610,1,20260611,1,20260612,1
'1187683',20260608,1,20260609,1,20260610,1,20260611,1,20260612,1
'1187684',20260608,1,20260609,1,20260610,1,20260611,1,20260612,1
'1187686',20260608,1,20260609,1,20260610,1,20260611,1,20260612,1
'1187688',20260608,1,20260609,1,20260610,1,20260611,1,20260612,1
'1187691',20260608,1,20260609,1,20260610,1,20260611,1,20260612,1
'1187692',20260608,1,20260609,1,20260610,1,20260611,1,20260612,1
'1187693',20260608,1,20260609,1,20260610,1,20260611,1,20260612,1
'1187694',20260608,1,20260609,1,20260610,1,20260611,1,20260612,1
'1187699',20260608,1,20260609,1,20260610,1,20260611,1,20260612,1
'1187703',20260608,1,20260609,1,20260610,1,20260611,1,20260612,1
'1187704',20260608,1,20260609,1,20260610,1,20260611,1,20260612,1
'1187705',20260608,1,20260609,1,20260610,1,20260611,1,20260612,1
'1187707',20260608,1,20260609,1,20260610,1,20260611,1,20260612,1
'1187708',20260608,1,20260609,1,20260610,1,20260611,1,20260612,1
'1187711',20260608,1,20260609,1,20260610,1,20260611,1,20260612,1
'1187712',20260608,1,20260609,1,20260610,1,20260611,1,20260612,1
'1187714',20260608,1,20260609,1,20260610,1,20260611,1,20260612,1
'1187717',20260608,1,20260609,1,20260610,1,20260611,1,20260612,1
'1187718',20260608,1,20260609,1,20260610,1,20260611,1,20260612,1
'1187719',20260608,1,20260609,1,20260610,1,20260611,1,20260612,1
'1187721',20260608,1,20260609,1,20260610,1,20260611,1,20260612,1
'1187722',20260608,1,20260609,1,20260610,1,20260611,1,20260612,1
'1187723',20260608,1,20260609,1,20260610,1,20260611,1,20260612,1
'1187724',20260608,1,20260609,1,20260610,1,20260611,1,20260612,1
'1187727',20260608,1,20260609,1,20260610,1,20260611,1,20260612,1
'1187728',20260608,1,20260609,1,20260610,1,20260611,1,20260612,1
'1187731',20260608,1,20260609,1,20260610,1,20260611,1,20260612,1
'1187732',20260608,1,20260609,1,20260610,1,20260611,1,20260612,1
'1187733',20260608,1,20260609,1,20260610,1,20260611,1,20260612,1
'1187742',20260608,1,20260609,1,20260610,1,20260611,1,20260612,1
'1187744',20260608,1,20260609,1,20260610,1,20260611,1,20260612,1
'1187748',20260608,1,20260609,1,20260610,1,20260611,1,20260612,1
