3019,'1184522',1822,,4586,30,,,0
3019,'1184631',1152,,4589,30,,,0
3019,'1184649',1722,,4590,30,,,0
3019,'1184676',2411,,4591,30,,,0
3019,'1184760',1922,,4592,30,,,0
3019,'1184874',1252,,4595,30,,,0
3019,'1184909',852,,4596,30,,,0
3019,'1185421',1752,,4608,30,,,0
3019,'1185443',1652,,4609,30,,,0
3019,'1185578',2022,,4612,30,,,0
3019,'1185590',1422,,4613,30,,,0
3019,'1185597',922,,4614,30,,,0
3019,'1185658',2321,,4615,30,,,0
3019,'1185706',1352,,4617,30,,,0
3019,'1185843',952,,4619,30,,,0
3019,'1185867',1322,,4620,30,,,0
3019,'1185927',1452,,4623,30,,,0
3019,'1185935',2222,,4624,30,,,0
3019,'1185979',1522,,4626,30,,,0
3019,'1186113',1052,,4627,30,,,0
3019,'1186177',652,,4628,30,,,0
3019,'1186216',1022,,4629,30,,,0
3019,'1186304',822,,4630,30,,,0
3019,'1186501',1552,,4633,30,,,0
3019,'1186516',2122,,4635,30,,,0
3019,'1186518',752,,4636,30,,,0
3019,'1186762',1222,,4642,30,,,0
3019,'1186821',1122,,4644,30,,,0
3019,'1186894',722,,4650,30,,,0
3019,'1187174',1622,,4652,30,,,0
