20019,'1190619',647,,8208,20,,,0
20019,'1190641',1718,,8209,20,,,0
20019,'1190738',617,,8210,20,,,0
20019,'1190758',1648,,8211,20,,,0
20019,'1190774',1848,,8212,20,,,0
20019,'1190805',1418,,8213,20,,,0
20019,'1190807',1540,,8214,20,,,0
20019,'1190842',940,,8215,20,,,0
20019,'1190858',2347,,8216,20,,,0
20019,'1190934',1740,,8217,20,,,0
20019,'1190997',818,,8218,20,,,0
20019,'1191053',847,,8219,20,,,0
20019,'1191089',2148,,8220,20,,,0
20019,'1191136',1918,,8221,20,,,0
20019,'1191180',1347,,8222,20,,,0
20019,'1191184',2240,,8223,20,,,0
20019,'1191306',718,,8224,20,,,0
20019,'1191365',2118,,8225,20,,,0
20019,'1191367',2048,,8226,20,,,0
20019,'1191384',1040,,8227,20,,,0
20019,'1191430',1547,,8228,20,,,0
20019,'1191441',1748,,8229,20,,,0
20019,'1191475',1840,,8230,20,,,0
20019,'1191503',947,,8231,20,,,0
20019,'1191504',1940,,8232,20,,,0
20019,'1191515',647,,8233,20,,,0
20019,'1191641',1818,,8234,20,,,0
20019,'1191710',2140,,8235,20,,,0
20019,'1191735',1948,,8236,20,,,0
20019,'1191765',1047,,8237,20,,,0
20019,'1191794',840,,8238,20,,,0
20019,'1191882',2248,,8239,20,,,0
20019,'1191930',1647,,8240,20,,,0
20019,'1191994',1118,,8241,20,,,0
20019,'1192132',1318,,8242,20,,,0
20019,'1192365',1747,,8243,20,,,0
20019,'1192376',1218,,8244,20,,,0
20019,'1192411',1340,,8245,20,,,0
20019,'1192417',1440,,8246,20,,,0
20019,'1192420',1240,,8247,20,,,0
20019,'1192518',748,,8248,20,,,0
20019,'1192652',2340,,8249,20,,,0
20019,'1192666',2040,,8250,20,,,0
20019,'1192708',740,,8251,20,,,0
20019,'1192714',1147,,8252,20,,,0
20019,'1192729',1018,,8253,20,,,0
20019,'1192784',2218,,8254,20,,,0
20019,'1192905',1618,,8255,20,,,0
20019,'1192913',1140,,8256,20,,,0
20019,'1192933',2018,,8257,20,,,0
20019,'1193041',2318,,8258,20,,,0
20019,'1193116',2418,,8259,20,,,0
20019,'1193175',747,,8260,20,,,0
20019,'1193197',918,,8261,20,,,0
20019,'1193231',1247,,8262,20,,,0
20019,'1193236',1447,,8263,20,,,0
20019,'1193271',1640,,8264,20,,,0
20019,'1193274',1519,,8265,20,,,0
