3019,'1150305',827,,311,42,,,0
3019,'1150481',1228,,313,42,,,0
3019,'1150563',828,,315,42,,,0
3019,'1150811',1827,,317,42,,,0
3019,'1150889',1128,,319,42,,,0
3019,'1151035',1428,,321,42,,,0
3019,'1151203',958,,325,42,,,0
3019,'1151213',1528,,326,42,,,0
3019,'1151256',2327,,328,42,,,0
3019,'1151321',928,,329,42,,,0
3019,'1151393',2057,,330,42,,,0
3019,'1151400',658,,331,42,,,0
3019,'1151491',1228,,332,42,,,0
3019,'1151513',1728,,334,42,,,0
3019,'1151779',1058,,339,42,,,0
3019,'1151871',2027,,343,42,,,0
3019,'1151922',2327,,344,42,,,0
3019,'1152057',1728,,347,42,,,0
3019,'1152063',1528,,348,42,,,0
3019,'1152133',629,,349,12,,,0
3019,'1152202',2157,,350,42,,,0
3019,'1152231',1458,,351,42,,,0
3019,'1152571',858,,352,42,,,0
3019,'1152669',1827,,354,42,,,0
3019,'1153248',1957,,365,42,,,0
3019,'1153272',727,,366,42,,,0
3019,'1153282',2027,,367,42,,,0
3019,'1153300',1328,,368,42,,,0
3019,'1153438',1658,,373,42,,,0
3019,'1153604',1758,,375,42,,,0
3019,'1153670',1027,,377,42,,,0
3019,'1153676',2227,,378,42,,,0
3019,'1153785',1358,,380,42,,,0
3019,'1153853',1628,,381,42,,,0
3019,'1154020',1128,,384,42,,,0
3019,'1154065',2427,,386,42,,,0
3019,'1154163',1927,,387,42,,,0
3019,'1154275',1258,,388,42,,,0
3019,'1154394',2127,,390,42,,,0
3019,'1154423',758,,391,42,,,0
3019,'1154499',2127,,394,42,,,0
3019,'1154600',1028,,395,42,,,0
3019,'1154623',1857,,397,42,,,0
3019,'1154659',1628,,398,42,,,0
3019,'1154779',2417,,399,42,,,0
3019,'1154791',927,,400,42,,,0
3019,'1154895',1328,,402,42,,,0
3019,'1154981',1158,,403,42,,,0
3019,'1155129',1558,,404,42,,,0
3019,'1155147',728,,405,42,,,0
3019,'1155272',1927,,407,42,,,0
3019,'1155323',1428,,408,42,,,0
3019,'1155368',629,,409,12,,,0
3019,'1155504',2227,,412,42,,,0
4019,'1150173',1421,,519,24,,,0
4019,'1150739',753,,520,24,,,0
4019,'1150908',1751,,521,24,,,0
4019,'1150956',1621,,522,24,,,0
4019,'1151139',1551,,523,24,,,0
4019,'1151875',852,,524,24,,,0
4019,'1152822',722,,525,24,,,0
4019,'1153216',1651,,526,24,,,0
4019,'1153770',1721,,527,24,,,0
4019,'1154133',822,,528,24,,,0
4019,'1154229',1351,,529,24,,,0
4019,'1154526',922,,530,24,,,0
4019,'1154911',1521,,531,24,,,0
4019,'1155331',951,,532,24,,,0
4019,'1155513',1451,,533,24,,,0
