14019,'1184716',1543,,5245,2,,,0
14019,'1184750',1513,,5248,2,,,0
14019,'1184836',2012,,5249,2,,,0
14019,'1184987',1643,,5251,2,,,0
14019,'1185168',1743,,5255,2,,,0
14019,'1185211',912,,5256,2,,,0
14019,'1185255',842,,5257,2,,,0
14019,'1185335',2312,,5260,2,,,0
14019,'1185505',642,,5262,2,,,0
14019,'1185624',1143,,5266,2,,,0
14019,'1185808',1812,,5269,2,,,0
14019,'1185845',712,,5270,2,,,0
14019,'1185852',1443,,5271,2,,,0
14019,'1186014',1613,,5273,2,,,0
14019,'1186156',1343,,5277,2,,,0
14019,'1186173',1912,,5279,2,,,0
14019,'1186421',742,,5288,2,,,0
14019,'1186443',2112,,5289,2,,,0
14019,'1186532',812,,5292,2,,,0
14019,'1186609',1713,,5295,2,,,0
14019,'1186632',1043,,5296,2,,,0
14019,'1186671',2212,,5298,2,,,0
14019,'1186767',1243,,5299,2,,,0
14019,'1187071',942,,5301,2,,,0
29019,'1184481',1336,,6083,2,,,0
29019,'1185521',1236,,6091,2,,,0
29019,'1186091',1136,,6097,2,,,0
29019,'1186733',936,,6101,2,,,0
29019,'1186835',1436,,6102,2,,,0
29019,'1186911',1036,,6103,2,,,0
29019,'1187090',1536,,6105,2,,,0
190001019,'1184477',721,,6823,2,,,0
190001019,'1184538',1106,,6825,2,,,0
190001019,'1184623',706,,6827,2,,,0
190001019,'1184686',2151,,6832,2,,,0
190001019,'1184712',921,,6834,2,,,0
190001019,'1184722',651,,6835,2,,,0
190001019,'1184775',1221,,6836,2,,,0
190001019,'1184812',1351,,6838,2,,,0
190001019,'1184841',1951,,6840,2,,,0
190001019,'1184844',751,,6841,2,,,0
190001019,'1184915',1526,,6846,2,,,0
190001019,'1184930',1426,,6847,2,,,0
190001019,'1185008',806,,6848,2,,,0
190001019,'1185052',1306,,6850,2,,,0
190001019,'1185077',2006,,6853,2,,,0
190001019,'1185090',836,,6854,2,,,0
190001019,'1185150',1741,,6855,2,,,0
190001019,'1185161',1726,,6856,2,,,0
190001019,'1185178',1921,,6857,2,,,0
190001019,'1185194',2351,,6858,2,,,0
190001019,'1185221',2051,,6859,2,,,0
190001019,'1185231',1641,,6860,2,,,0
190001019,'1185343',1556,,6864,2,,,0
190001019,'1185352',1906,,6865,2,,,0
190001019,'1185392',936,,6867,2,,,0
190001019,'1185448',906,,6868,2,,,0
190001019,'1185479',1456,,6869,2,,,0
190001019,'1185532',951,,6872,2,,,0
190001019,'1185537',2411,,6873,2,,,0
190001019,'1185572',1626,,6875,2,,,0
190001019,'1185600',2321,,6877,2,,,0
190001019,'1185605',1711,,6878,2,,,0
190001019,'1185609',2021,,6879,2,,,0
190001019,'1185645',2136,,6882,2,,,0
190001019,'1185667',1151,,6884,2,,,0
190001019,'1185709',1656,,6886,2,,,0
190001019,'1185796',1541,,6891,2,,,0
190001019,'1185810',1021,,6892,2,,,0
190001019,'1185883',636,,6895,2,,,0
190001019,'1185950',851,,6898,2,,,0
190001019,'1186040',1236,,6902,2,,,0
190001019,'1186058',2106,,6903,2,,,0
190001019,'1186059',1806,,6904,2,,,0
190001019,'1186110',1251,,6907,2,,,0
190001019,'1186115',1051,,6908,2,,,0
190001019,'1186141',1411,,6911,2,,,0
190001019,'1186145',1851,,6912,2,,,0
190001019,'1186149',1136,,6913,2,,,0
190001019,'1186229',1121,,6918,2,,,0
190001019,'1186272',1936,,6922,2,,,0
190001019,'1186285',2036,,6923,2,,,0
190001019,'1186294',1611,,6924,2,,,0
190001019,'1186371',821,,6929,2,,,0
190001019,'1186413',2221,,6931,2,,,0
190001019,'1186619',1836,,6936,2,,,0
190001019,'1186635',736,,6937,2,,,0
190001019,'1186646',1751,,6938,2,,,0
190001019,'1186716',1206,,6939,2,,,0
190001019,'1186726',1036,,6940,2,,,0
190001019,'1186788',2121,,6943,2,,,0
190001019,'1186873',1336,,6946,2,,,0
190001019,'1186969',1821,,6948,2,,,0
190001019,'1187081',1006,,6954,2,,,0
190001019,'1187092',1511,,6955,2,,,0
190001019,'1187150',2251,,6957,2,,,0
190001019,'1187182',1441,,6959,2,,,0
190001019,'1187190',1321,,6960,2,,,0
