104019,'1150219',2231,,3218,14,,,0
104019,'1150233',1549,,3219,14,,,0
104019,'1150270',1116,,3220,14,,,0
104019,'1150434',1731,,3222,14,,,0
104019,'1150608',2101,,3223,14,,,0
104019,'1151426',731,,3230,14,,,0
104019,'1151651',1634,,3233,14,,,0
104019,'1151672',1931,,3234,14,,,0
104019,'1151690',916,,3235,14,,,0
104019,'1151783',2001,,3237,14,,,0
104019,'1152092',1716,,3242,14,,,0
104019,'1152111',1846,,3243,14,,,0
104019,'1152610',2406,,3248,14,,,0
104019,'1152754',1001,,3249,14,,,0
104019,'1152794',846,,3251,14,,,0
104019,'1152800',2231,,3252,14,,,0
104019,'1152901',1346,,3253,14,,,0
104019,'1153030',1419,,3257,14,,,0
104019,'1153383',1001,,3259,14,,,0
104019,'1153572',646,,3261,14,,,0
104019,'1153574',1801,,3262,14,,,0
104019,'1153609',1119,,3263,14,,,0
104019,'1154064',1249,,3265,14,,,0
104019,'1154112',1204,,3267,14,,,0
104019,'1154354',731,,3268,14,,,0
104019,'1154530',2116,,3272,14,,,0
104019,'1154669',1334,,3273,14,,,0
104019,'1154762',1231,,3274,14,,,0
104019,'1155060',616,,3276,14,,,0
104019,'1155114',1504,,3277,14,,,0
104019,'1155175',2346,,3278,14,,,0
104019,'1155177',801,,3279,14,,,0
104019,'1155190',1501,,3280,14,,,0
104019,'1155233',846,,3284,14,,,0
104019,'1155306',1616,,3287,14,,,0
