14029,'1184744',719,,5304,7,,,0
14029,'1184869',619,,5306,7,,,0
14029,'1184981',1649,,5310,7,,,0
14029,'1184993',1719,,5311,7,,,0
14029,'1185190',1949,,5312,7,,,0
14029,'1185265',819,,5314,7,,,0
14029,'1185322',1419,,5317,7,,,0
14029,'1185408',1449,,5319,7,,,0
14029,'1185491',1619,,5322,7,,,0
14029,'1185568',1519,,5325,7,,,0
14029,'1185828',2249,,5328,7,,,0
14029,'1185866',2354,,5330,7,,,0
14029,'1186118',649,,5334,7,,,0
14029,'1186154',919,,5335,7,,,0
14029,'1186312',2149,,5336,7,,,0
14029,'1186319',1549,,5337,7,,,0
14029,'1186327',1319,,5338,7,,,0
14029,'1186377',1219,,5340,7,,,0
14029,'1186418',1019,,5341,7,,,0
14029,'1186771',749,,5348,7,,,0
14029,'1186908',849,,5353,7,,,0
14029,'1186971',2049,,5355,7,,,0
14029,'1187063',1749,,5357,7,,,0
14029,'1187137',1849,,5360,7,,,0
14029,'1187192',1119,,5361,7,,,0
