11029,'1150094',1549,,737,15,,,0
11029,'1150136',1852,,738,15,,,0
11029,'1150251',1952,,740,15,,,0
11029,'1150257',2131,,741,15,,,0
11029,'1150260',2418,,742,15,,,0
11029,'1150315',1419,,743,15,,,0
11029,'1150362',802,,744,15,,,0
11029,'1150395',1804,,746,15,,,0
11029,'1150398',747,,747,15,,,0
11029,'1150408',1634,,748,15,,,0
11029,'1150418',902,,750,15,,,0
11029,'1150503',717,,751,15,,,0
11029,'1150565',947,,752,15,,,0
11029,'1150594',1349,,753,15,,,0
11029,'1150694',1534,,755,15,,,0
11029,'1150946',1017,,761,15,,,0
11029,'1150979',1504,,762,15,,,0
11029,'1151013',1831,,763,15,,,0
11029,'1151028',1633,,764,15,,,0
11029,'1151212',1147,,767,15,,,0
11029,'1151228',817,,768,15,,,0
11029,'1151266',847,,770,15,,,0
11029,'1151288',952,,772,15,,,0
11029,'1151317',832,,773,15,,,0
11029,'1151379',1649,,775,15,,,0
11029,'1151495',1931,,776,15,,,0
11029,'1151501',1519,,777,15,,,0
11029,'1151570',1703,,778,15,,,0
11029,'1151605',1303,,780,15,,,0
11029,'1151662',1217,,781,15,,,0
11029,'1151677',1604,,782,15,,,0
11029,'1151681',1152,,783,15,,,0
11029,'1151696',1434,,784,15,,,0
11029,'1151854',1202,,786,15,,,0
11029,'1151888',2152,,787,15,,,0
11029,'1152006',2358,,792,15,,,0
11029,'1152021',2052,,794,15,,,0
11029,'1152139',1052,,796,15,,,0
11029,'1152148',1603,,797,15,,,0
11029,'1152172',1719,,798,15,,,0
11029,'1152323',1002,,800,15,,,0
11029,'1152476',1333,,803,15,,,0
11029,'1152508',1132,,805,15,,,0
11029,'1152540',852,,807,15,,,0
11029,'1152655',2352,,810,15,,,0
11029,'1152678',2231,,811,15,,,0
11029,'1152705',2201,,814,15,,,0
11029,'1152829',917,,815,15,,,0
11029,'1152889',2301,,817,15,,,0
11029,'1152890',2001,,818,15,,,0
11029,'1152893',1032,,819,15,,,0
11029,'1152955',1234,,821,15,,,0
11029,'1153079',1803,,824,15,,,0
11029,'1153114',1334,,825,15,,,0
11029,'1153126',1403,,827,15,,,0
11029,'1153213',702,,830,15,,,0
11029,'1153336',652,,834,15,,,0
11029,'1153651',1734,,837,15,,,0
11029,'1153681',1433,,838,15,,,0
11029,'1153694',1047,,839,15,,,0
11029,'1153712',1503,,840,15,,,0
11029,'1153871',1249,,841,15,,,0
11029,'1153888',2328,,842,15,,,0
11029,'1153932',1619,,843,15,,,0
11029,'1154011',617,,844,15,,,0
11029,'1154028',2101,,845,15,,,0
11029,'1154067',1901,,846,15,,,0
11029,'1154075',1533,,847,15,,,0
11029,'1154129',1232,,849,15,,,0
11029,'1154218',2031,,851,15,,,0
11029,'1154331',1404,,854,15,,,0
11029,'1154388',1304,,855,15,,,0
11029,'1154440',1117,,856,15,,,0
11029,'1154442',1319,,857,15,,,0
11029,'1154675',1449,,861,15,,,0
11029,'1154748',932,,862,15,,,0
11029,'1154769',647,,864,15,,,0
11029,'1154884',1102,,867,15,,,0
11029,'1154901',2252,,868,15,,,0
11029,'1154909',1733,,869,15,,,0
11029,'1155052',1819,,871,15,,,0
11029,'1155138',752,,872,15,,,0
11029,'1155227',732,,874,15,,,0
11029,'1155231',1749,,875,15,,,0
11029,'1155469',1704,,878,15,,,0
140001019,'1150287',643,,3510,11,,,0
140001019,'1150304',2143,,3511,11,,,0
140001019,'1150384',1729,,3513,11,,,0
140001019,'1150451',958,,3517,11,,,0
140001019,'1150506',2338,,3518,11,,,0
140001019,'1150536',1814,,3519,11,,,0
140001019,'1150598',1813,,3521,11,,,0
140001019,'1150609',858,,3522,11,,,0
140001019,'1150610',1519,,3523,11,,,0
140001019,'1150664',1013,,3524,11,,,0
140001019,'1150692',2212,,3525,11,,,0
140001019,'1150716',658,,3526,11,,,0
140001019,'1150784',1943,,3527,11,,,0
140001019,'1150853',1843,,3528,11,,,0
140001019,'1150869',1828,,3529,11,,,0
140001019,'1150882',1529,,3530,11,,,0
140001019,'1151105',1159,,3536,11,,,0
140001019,'1151119',1244,,3537,11,,,0
140001019,'1151195',1429,,3538,11,,,0
140001019,'1151208',813,,3539,11,,,0
140001019,'1151216',2043,,3541,11,,,0
140001019,'1151218',1913,,3542,11,,,0
140001019,'1151225',1559,,3543,11,,,0
140001019,'1151265',2028,,3544,11,,,0
140001019,'1151361',813,,3548,11,,,0
140001019,'1151371',1744,,3549,11,,,0
140001019,'1151441',2043,,3550,11,,,0
140001019,'1151470',1159,,3551,11,,,0
140001019,'1151474',2242,,3553,11,,,0
140001019,'1151528',1029,,3554,11,,,0
140001019,'1151558',743,,3555,11,,,0
140001019,'1151606',1359,,3559,11,,,0
140001019,'1151654',1359,,3562,11,,,0
140001019,'1151658',2058,,3563,11,,,0
140001019,'1151695',1858,,3565,11,,,0
140001019,'1151710',1229,,3567,11,,,0
140001019,'1151751',713,,3571,11,,,0
140001019,'1151754',728,,3572,11,,,0
140001019,'1151804',1634,,3573,11,,,0
140001019,'1151901',1659,,3576,11,,,0
140001019,'1152066',2412,,3579,11,,,0
140001019,'1152068',2013,,3580,11,,,0
140001019,'1152104',1828,,3581,11,,,0
140001019,'1152107',1734,,3582,11,,,0
140001019,'1152123',643,,3583,11,,,0
140001019,'1152165',1028,,3584,11,,,0
140001019,'1152232',1544,,3585,11,,,0
140001019,'1152240',2142,,3586,11,,,0
140001019,'1152423',1259,,3590,11,,,0
140001019,'1152471',1759,,3592,11,,,0
140001019,'1152480',1013,,3593,11,,,0
140001019,'1152565',1043,,3597,11,,,0
140001019,'1152674',913,,3600,11,,,0
140001019,'1152758',1214,,3604,11,,,0
140001019,'1152773',943,,3605,11,,,0
140001019,'1152818',1619,,3606,11,,,0
140001019,'1152831',2213,,3607,11,,,0
140001019,'1152874',1329,,3608,11,,,0
140001019,'1152907',1113,,3610,11,,,0
140001019,'1152920',1459,,3611,11,,,0
140001019,'1152942',1344,,3614,11,,,0
140001019,'1152950',1229,,3615,11,,,0
140001019,'1152961',1644,,3616,11,,,0
140001019,'1152981',1344,,3618,11,,,0
140001019,'1152999',2243,,3619,11,,,0
140001019,'1153096',1129,,3620,11,,,0
140001019,'1153139',958,,3622,11,,,0
140001019,'1153145',2312,,3623,11,,,0
140001019,'1153153',843,,3624,11,,,0
140001019,'1153208',1714,,3626,11,,,0
140001019,'1153252',1629,,3628,11,,,0
140001019,'1153294',1913,,3629,11,,,0
140001019,'1153322',1314,,3631,11,,,0
140001019,'1153327',843,,3632,11,,,0
140001019,'1153380',1514,,3635,11,,,0
140001019,'1153393',1943,,3637,11,,,0
140001019,'1153607',713,,3642,11,,,0
140001019,'1153629',1114,,3644,11,,,0
140001019,'1153737',1549,,3645,11,,,0
140001019,'1153742',2413,,3646,11,,,0
140001019,'1153757',1058,,3647,11,,,0
140001019,'1153879',2113,,3648,11,,,0
140001019,'1153928',1614,,3649,11,,,0
140001019,'1153949',1504,,3651,11,,,0
140001019,'1153978',1434,,3653,11,,,0
140001019,'1154051',2342,,3655,11,,,0
140001019,'1154078',1449,,3656,11,,,0
140001019,'1154230',1419,,3662,11,,,0
140001019,'1154259',1444,,3663,11,,,0
140001019,'1154323',1129,,3665,11,,,0
140001019,'1154329',2313,,3667,11,,,0
140001019,'1154451',1928,,3670,11,,,0
140001019,'1154489',1749,,3671,11,,,0
140001019,'1154490',1414,,3672,11,,,0
140001019,'1154529',1719,,3673,11,,,0
140001019,'1154538',828,,3674,11,,,0
140001019,'1154628',1704,,3676,11,,,0
140001019,'1154634',928,,3677,11,,,0
140001019,'1154642',1144,,3678,11,,,0
140001019,'1154758',1044,,3681,11,,,0
140001019,'1154789',1958,,3682,11,,,0
140001019,'1154820',758,,3683,11,,,0
140001019,'1154851',743,,3684,11,,,0
140001019,'1154866',1244,,3685,11,,,0
140001019,'1154965',1314,,3687,11,,,0
140001019,'1154991',913,,3689,11,,,0
140001019,'1154994',1843,,3690,11,,,0
140001019,'1155094',1259,,3691,11,,,0
140001019,'1155108',943,,3692,11,,,0
140001019,'1155222',2113,,3698,11,,,0
140001019,'1155223',1534,,3699,11,,,0
140001019,'1155228',1214,,3700,11,,,0
140001019,'1155236',1329,,3702,11,,,0
140001019,'1155259',2013,,3703,11,,,0
140001019,'1155279',1759,,3704,11,,,0
140001019,'1155314',1858,,3705,11,,,0
140001019,'1155327',1144,,3707,11,,,0
140001019,'1155399',1059,,3709,11,,,0
140001019,'1155422',1604,,3710,11,,,0
140001019,'1155482',1649,,3711,11,,,0
