11019,'1190643',1005,,7683,30,,,0
11019,'1190656',1538,,7684,30,,,0
11019,'1190700',1708,,7685,30,,,0
11019,'1190734',2305,,7686,30,,,0
11019,'1190739',1138,,7687,30,,,0
11019,'1190806',706,,7688,30,,,0
11019,'1190843',808,,7689,30,,,0
11019,'1190863',1006,,7690,30,,,0
11019,'1190899',1608,,7691,30,,,0
11019,'1190901',1738,,7692,30,,,0
11019,'1190931',2005,,7693,30,,,0
11019,'1190935',2135,,7694,30,,,0
11019,'1191012',1808,,7695,30,,,0
11019,'1191045',1308,,7696,30,,,0
11019,'1191105',1237,,7697,30,,,0
11019,'1191132',2108,,7698,30,,,0
11019,'1191187',1308,,7699,30,,,0
11019,'1191230',736,,7700,30,,,0
11019,'1191238',1508,,7701,30,,,0
11019,'1191240',1708,,7702,30,,,0
11019,'1191293',2105,,7703,30,,,0
11019,'1191319',636,,7704,30,,,0
11019,'1191389',2235,,7705,30,,,0
11019,'1191427',1107,,7706,30,,,0
11019,'1191450',1608,,7707,30,,,0
11019,'1191492',806,,7708,30,,,0
11019,'1191497',1707,,7709,30,,,0
11019,'1191518',2208,,7710,30,,,0
11019,'1191624',1638,,7711,30,,,0
11019,'1191660',805,,7712,30,,,0
11019,'1191669',1737,,7713,30,,,0
11019,'1191675',905,,7714,30,,,0
11019,'1191680',2205,,7715,30,,,0
11019,'1191681',2405,,7716,30,,,0
11019,'1191687',836,,7717,30,,,0
11019,'1191697',1408,,7718,30,,,0
11019,'1191719',1637,,7719,30,,,0
11019,'1191737',1508,,7720,30,,,0
11019,'1191835',1208,,7721,30,,,0
11019,'1191884',1207,,7722,30,,,0
11019,'1191966',1008,,7723,30,,,0
11019,'1192002',1437,,7724,30,,,0
11019,'1192081',908,,7725,30,,,0
11019,'1192101',1238,,7726,30,,,0
11019,'1192118',1108,,7727,30,,,0
11019,'1192123',2408,,7728,30,,,0
11019,'1192175',1935,,7729,30,,,0
11019,'1192293',705,,7730,30,,,0
11019,'1192335',1807,,7731,30,,,0
11019,'1192350',1908,,7732,30,,,0
11019,'1192404',1208,,7733,30,,,0
11019,'1192406',1808,,7734,30,,,0
11019,'1192430',1905,,7735,30,,,0
11019,'1192493',1407,,7736,30,,,0
11019,'1192513',1307,,7737,30,,,0
11019,'1192569',1338,,7738,30,,,0
11019,'1192573',1337,,7739,30,,,0
11019,'1192733',906,,7740,30,,,0
11019,'1192768',2335,,7741,30,,,0
11019,'1192799',1408,,7742,30,,,0
11019,'1192975',1507,,7743,30,,,0
11019,'1193059',1607,,7744,30,,,0
11019,'1193066',1438,,7745,30,,,0
11019,'1193090',1835,,7746,30,,,0
11019,'1193120',936,,7747,30,,,0
11019,'1193180',1108,,7748,30,,,0
11019,'1193235',2035,,7749,30,,,0
11019,'1193239',1036,,7750,30,,,0
11019,'1193241',2008,,7751,30,,,0
11019,'1193277',2308,,7752,30,,,0
11019,'1193279',1537,,7753,30,,,0
25029,'1190606',1437,,8541,10,,,0
25029,'1190639',2252,,8542,10,,,0
25029,'1190681',1852,,8543,10,,,0
25029,'1190696',853,,8544,10,,,0
25029,'1190757',1323,,8545,10,,,0
25029,'1190759',2037,,8546,10,,,0
25029,'1190867',2351,,8547,10,,,0
25029,'1190933',837,,8548,10,,,0
25029,'1191086',1723,,8549,10,,,0
25029,'1191090',1737,,8550,10,,,0
25029,'1191121',953,,8551,10,,,0
25029,'1191148',1423,,8552,10,,,0
25029,'1191164',2052,,8553,10,,,0
25029,'1191237',1337,,8554,10,,,0
25029,'1191248',1952,,8555,10,,,0
25029,'1191431',1237,,8556,10,,,0
25029,'1191455',1453,,8557,10,,,0
25029,'1191456',1537,,8558,10,,,0
25029,'1191625',1637,,8559,10,,,0
25029,'1191647',1037,,8560,10,,,0
25029,'1191657',1937,,8561,10,,,0
25029,'1191704',1623,,8562,10,,,0
25029,'1191717',823,,8563,10,,,0
25029,'1191742',737,,8564,10,,,0
25029,'1191780',1837,,8565,10,,,0
25029,'1191786',1223,,8566,10,,,0
25029,'1191806',1753,,8567,10,,,0
25029,'1191817',651,,8568,10,,,0
25029,'1191832',1653,,8569,10,,,0
25029,'1191940',1553,,8570,10,,,0
25029,'1191958',953,,8571,10,,,0
25029,'1191959',1553,,8572,10,,,0
25029,'1191976',1023,,8573,10,,,0
25029,'1192031',937,,8574,10,,,0
25029,'1192155',1453,,8575,10,,,0
25029,'1192159',1153,,8576,10,,,0
25029,'1192273',723,,8577,10,,,0
25029,'1192310',2337,,8578,10,,,0
25029,'1192362',753,,8579,10,,,0
25029,'1192399',1752,,8580,10,,,0
25029,'1192480',1523,,8581,10,,,0
25029,'1192553',2252,,8582,10,,,0
25029,'1192583',2137,,8583,10,,,0
25029,'1192645',2237,,8584,10,,,0
25029,'1192707',1653,,8585,10,,,0
25029,'1192719',1353,,8586,10,,,0
25029,'1192746',1123,,8587,10,,,0
25029,'1192792',1253,,8588,10,,,0
25029,'1192820',751,,8589,10,,,0
25029,'1192892',2052,,8590,10,,,0
25029,'1192914',1053,,8591,10,,,0
25029,'1192943',2152,,8592,10,,,0
25029,'1192972',1852,,8593,10,,,0
25029,'1192978',2412,,8594,10,,,0
25029,'1193015',1952,,8595,10,,,0
25029,'1193160',2152,,8596,10,,,0
25029,'1193191',923,,8597,10,,,0
25029,'1193262',852,,8598,10,,,0
25029,'1193288',1137,,8599,10,,,0
25029,'1193320',653,,8600,10,,,0
101019,'1190633',1218,,8977,59,,,0
101019,'1190779',1355,,8978,59,,,0
101019,'1190804',1156,,8979,59,,,0
101019,'1190956',2155,,8980,59,,,0
101019,'1191198',618,,8981,59,,,0
101019,'1191312',956,,8982,59,,,0
101019,'1191333',2318,,8983,59,,,0
101019,'1191377',1555,,8984,59,,,0
101019,'1191380',2156,,8985,59,,,0
101019,'1191432',1755,,8986,59,,,0
101019,'1191480',1420,,8987,59,,,0
101019,'1191543',1956,,8988,59,,,0
101019,'1191977',1356,,8989,59,,,0
101019,'1192063',918,,8990,59,,,0
101019,'1192135',1118,,8991,59,,,0
101019,'1192166',1918,,8992,59,,,0
101019,'1192271',1018,,8993,59,,,0
101019,'1192368',1556,,8994,59,,,0
101019,'1192448',955,,8995,59,,,0
101019,'1192613',818,,8996,59,,,0
101019,'1192782',1720,,8997,59,,,0
101019,'1192859',1155,,8998,59,,,0
101019,'1192896',1955,,8999,59,,,0
101019,'1192902',756,,9000,59,,,0
101019,'1192958',2117,,9001,59,,,0
101019,'1192961',755,,9002,59,,,0
101019,'1192963',2355,,9003,59,,,0
101019,'1193022',1520,,9004,59,,,0
101019,'1193099',1756,,9005,59,,,0
101019,'1193164',1620,,9006,59,,,0
101019,'1193193',1820,,9007,59,,,0
104029,'1190618',1436,,9248,46,,,0
104029,'1190628',1823,,9249,46,,,0
104029,'1190725',823,,9250,46,,,0
104029,'1190754',1053,,9251,46,,,0
104029,'1190787',1323,,9252,46,,,0
104029,'1190793',1853,,9253,46,,,0
104029,'1190961',1708,,9254,46,,,0
104029,'1191015',1606,,9255,46,,,0
104029,'1191060',1023,,9256,46,,,0
104029,'1191138',823,,9257,46,,,0
104029,'1191264',2323,,9258,46,,,0
104029,'1191265',938,,9259,46,,,0
104029,'1191297',708,,9260,46,,,0
104029,'1191332',1651,,9261,46,,,0
104029,'1191339',853,,9262,46,,,0
104029,'1191360',1553,,9263,46,,,0
104029,'1191502',1438,,9264,46,,,0
104029,'1191606',1623,,9265,46,,,0
104029,'1191664',2053,,9266,46,,,0
104029,'1191668',2208,,9267,46,,,0
104029,'1191699',823,,9268,46,,,0
104029,'1191901',2023,,9269,46,,,0
104029,'1191931',623,,9270,46,,,0
104029,'1192136',1223,,9271,46,,,0
104029,'1192243',1823,,9272,46,,,0
104029,'1192264',1736,,9273,46,,,0
104029,'1192282',1423,,9274,46,,,0
104029,'1192296',2223,,9275,46,,,0
104029,'1192329',738,,9276,46,,,0
104029,'1192460',1053,,9277,46,,,0
104029,'1192482',1521,,9278,46,,,0
104029,'1192831',1938,,9279,46,,,0
104029,'1192874',1808,,9280,46,,,0
104029,'1192986',2023,,9281,46,,,0
104029,'1192990',708,,9282,46,,,0
104029,'1193096',1008,,9283,46,,,0
104029,'1193112',938,,9284,46,,,0
104029,'1193117',1221,,9285,46,,,0
104029,'1193136',2323,,9286,46,,,0
104029,'1193149',1351,,9287,46,,,0
104029,'1193215',1306,,9288,46,,,0
104029,'1193253',2153,,9289,46,,,0
104029,'1193281',1208,,9290,46,,,0
