105029,'1184521',1814,,6491,68,,,0
105029,'1184537',1344,,6492,68,,,0
105029,'1184580',926,,6493,68,,,0
105029,'1184670',1559,,6494,68,,,0
105029,'1184808',2326,,6496,68,,,0
105029,'1184833',1029,,6497,68,,,0
105029,'1184834',2431,,6498,68,,,0
105029,'1184863',1244,,6499,68,,,0
105029,'1185135',726,,6501,68,,,0
105029,'1185332',1856,,6505,68,,,0
105029,'1185350',2026,,6506,68,,,0
105029,'1185359',2226,,6507,68,,,0
105029,'1185440',1644,,6510,68,,,0
105029,'1185668',756,,6513,68,,,0
105029,'1185827',2126,,6515,68,,,0
105029,'1185938',1459,,6516,68,,,0
105029,'1186005',1714,,6517,68,,,0
105029,'1186279',1529,,6519,68,,,0
105029,'1186282',1429,,6520,68,,,0
105029,'1186470',1129,,6525,68,,,0
105029,'1186861',656,,6531,68,,,0
105029,'1186874',1744,,6532,68,,,0
105029,'1187005',826,,6534,68,,,0
