105019,'1150133',1016,,3356,74,,,0
105019,'1150519',1834,,3358,74,,,0
105019,'1150723',723,,3359,74,,,0
105019,'1150755',1519,,3360,74,,,0
105019,'1150957',916,,3364,74,,,0
105019,'1150991',1334,,3365,74,,,0
105019,'1151148',1125,,3367,74,,,0
105019,'1151174',1325,,3368,74,,,0
105019,'1151428',846,,3371,74,,,0
105019,'1151680',1904,,3374,74,,,0
105019,'1151743',816,,3375,74,,,0
105019,'1152002',2310,,3380,74,,,0
105019,'1152300',1425,,3381,74,,,0
105019,'1152360',712,,3382,74,,,0
105019,'1152386',746,,3383,74,,,0
105019,'1152506',1804,,3384,74,,,0
105019,'1152547',642,,3385,74,,,0
105019,'1152647',2210,,3386,74,,,0
105019,'1152697',2410,,3387,74,,,0
105019,'1153054',1525,,3390,74,,,0
105019,'1153337',1925,,3392,74,,,0
105019,'1153487',612,,3393,74,,,0
105019,'1153863',1225,,3395,74,,,0
105019,'1153895',1549,,3397,74,,,0
105019,'1154206',2110,,3398,74,,,0
105019,'1154598',1825,,3402,74,,,0
105019,'1154605',1725,,3403,74,,,0
105019,'1154691',1119,,3404,74,,,0
105019,'1154711',1625,,3406,74,,,0
105019,'1154821',1434,,3407,74,,,0
105019,'1154915',1940,,3409,74,,,0
105019,'1154933',1734,,3410,74,,,0
105019,'1155111',2323,,3412,74,,,0
105019,'1155143',1649,,3413,74,,,0
105019,'1155198',1219,,3415,74,,,0
105019,'1155339',1619,,3419,74,,,0
105019,'1155343',2123,,3420,74,,,0
105019,'1155497',923,,3421,74,,,0
