101029,'1150355',916,,2916,58,,,0
101029,'1150535',1016,,2919,58,,,0
101029,'1150632',1459,,2920,58,,,0
101029,'1151005',1059,,2922,58,,,0
101029,'1151171',1816,,2924,58,,,0
101029,'1151294',816,,2925,58,,,0
101029,'1151635',2216,,2927,58,,,0
101029,'1151840',716,,2929,58,,,0
101029,'1152316',1859,,2930,58,,,0
101029,'1152666',1116,,2933,58,,,0
101029,'1152802',1719,,2934,58,,,0
101029,'1153001',2016,,2938,58,,,0
101029,'1153050',1319,,2939,58,,,0
101029,'1153195',659,,2941,58,,,0
101029,'1153306',1659,,2942,58,,,0
101029,'1153598',2259,,2945,58,,,0
101029,'1153935',1619,,2949,58,,,0
101029,'1154557',2059,,2953,58,,,0
101029,'1154632',2436,,2954,58,,,0
101029,'1154742',1419,,2955,58,,,0
101029,'1154771',859,,2956,58,,,0
101029,'1154943',1259,,2958,58,,,0
101029,'1155502',1519,,2962,58,,,0
