104019,'1191170',2405,,9211,9,,,0
104019,'1191355',2425,,9216,9,,,0
104019,'1191549',2349,,9221,9,,,0
104029,'1190618',1359,,9248,9,,,0
104029,'1190628',1750,,9249,9,,,0
104029,'1190725',750,,9250,9,,,0
104029,'1190754',1020,,9251,9,,,0
104029,'1190787',1250,,9252,9,,,0
104029,'1190793',1820,,9253,9,,,0
104029,'1190961',1635,,9254,9,,,0
104029,'1191015',1529,,9255,9,,,0
104029,'1191060',949,,9256,9,,,0
104029,'1191138',749,,9257,9,,,0
104029,'1191264',2250,,9258,9,,,0
104029,'1191265',905,,9259,9,,,0
104029,'1191297',635,,9260,9,,,0
104029,'1191332',1614,,9261,9,,,0
104029,'1191339',820,,9262,9,,,0
104029,'1191360',1520,,9263,9,,,0
104029,'1191502',1405,,9264,9,,,0
104029,'1191606',1549,,9265,9,,,0
104029,'1191664',2020,,9266,9,,,0
104029,'1191668',2135,,9267,9,,,0
104029,'1191699',750,,9268,9,,,0
104029,'1191901',1950,,9269,9,,,0
104029,'1191931',550,,9270,9,,,0
104029,'1192136',1149,,9271,9,,,0
104029,'1192243',1749,,9272,9,,,0
104029,'1192264',1659,,9273,9,,,0
104029,'1192282',1349,,9274,9,,,0
104029,'1192296',2149,,9275,9,,,0
104029,'1192329',705,,9276,9,,,0
104029,'1192460',1020,,9277,9,,,0
104029,'1192482',1444,,9278,9,,,0
104029,'1192831',1905,,9279,9,,,0
104029,'1192874',1735,,9280,9,,,0
104029,'1192986',1949,,9281,9,,,0
104029,'1192990',635,,9282,9,,,0
104029,'1193096',935,,9283,9,,,0
104029,'1193112',905,,9284,9,,,0
104029,'1193117',1144,,9285,9,,,0
104029,'1193136',2250,,9286,9,,,0
104029,'1193149',1314,,9287,9,,,0
104029,'1193215',1229,,9288,9,,,0
104029,'1193253',2120,,9289,9,,,0
104029,'1193281',1135,,9290,9,,,0
