12029,'1184508',908,,5051,38,,,0
12029,'1184705',708,,5055,38,,,0
12029,'1184792',1907,,5056,38,,,0
12029,'1184793',1438,,5057,38,,,0
12029,'1184946',738,,5060,38,,,0
12029,'1184990',1008,,5062,38,,,0
12029,'1185014',2412,,5063,38,,,0
12029,'1185264',1738,,5068,38,,,0
12029,'1185324',1338,,5070,38,,,0
12029,'1185471',2207,,5072,38,,,0
12029,'1185613',1038,,5077,38,,,0
12029,'1185758',1708,,5082,38,,,0
12029,'1185875',2107,,5083,38,,,0
12029,'1185933',1308,,5085,38,,,0
12029,'1185999',1508,,5087,38,,,0
12029,'1186050',838,,5088,38,,,0
12029,'1186139',638,,5089,38,,,0
12029,'1186210',1208,,5090,38,,,0
12029,'1186423',1807,,5092,38,,,0
12029,'1186551',1538,,5098,38,,,0
12029,'1186588',1408,,5099,38,,,0
12029,'1186638',1638,,5101,38,,,0
12029,'1186814',1138,,5106,38,,,0
12029,'1186824',1238,,5107,38,,,0
12029,'1186878',2007,,5109,38,,,0
12029,'1186973',2307,,5112,38,,,0
12029,'1187141',1108,,5116,38,,,0
12029,'1187166',1608,,5117,38,,,0
12029,'1187188',938,,5119,38,,,0
12029,'1187196',808,,5120,38,,,0
