105029,'1184521',1736,,6491,8,,,0
105029,'1184537',1306,,6492,8,,,0
105029,'1184580',851,,6493,8,,,0
105029,'1184670',1521,,6494,8,,,0
105029,'1184808',2251,,6496,8,,,0
105029,'1184833',951,,6497,8,,,0
105029,'1184834',2356,,6498,8,,,0
105029,'1184863',1206,,6499,8,,,0
105029,'1185135',651,,6501,8,,,0
105029,'1185332',1821,,6505,8,,,0
105029,'1185350',1951,,6506,8,,,0
105029,'1185359',2151,,6507,8,,,0
105029,'1185440',1606,,6510,8,,,0
105029,'1185668',721,,6513,8,,,0
105029,'1185827',2051,,6515,8,,,0
105029,'1185938',1421,,6516,8,,,0
105029,'1186005',1636,,6517,8,,,0
105029,'1186279',1451,,6519,8,,,0
105029,'1186282',1351,,6520,8,,,0
105029,'1186470',1051,,6525,8,,,0
105029,'1186861',621,,6531,8,,,0
105029,'1186874',1706,,6532,8,,,0
105029,'1187005',751,,6534,8,,,0
106019,'1185164',1651,,6537,8,,,0
106019,'1185303',1806,,6538,8,,,0
106019,'1185356',706,,6539,8,,,0
106019,'1185885',821,,6540,8,,,0
106019,'1186388',936,,6541,8,,,0
106019,'1186998',1536,,6542,8,,,0
140001029,'1184532',1251,,6688,8,,,0
140001029,'1184666',1221,,6694,8,,,0
140001029,'1184723',1236,,6697,8,,,0
140001029,'1184733',1036,,6698,8,,,0
140001029,'1184751',1121,,6700,8,,,0
140001029,'1184762',705,,6701,8,,,0
140001029,'1184767',1622,,6702,8,,,0
140001029,'1184776',1921,,6703,8,,,0
140001029,'1184780',2021,,6704,8,,,0
140001029,'1184857',2150,,6708,8,,,0
140001029,'1184900',2355,,6711,8,,,0
140001029,'1184931',1407,,6712,8,,,0
140001029,'1184953',1522,,6713,8,,,0
140001029,'1184976',1106,,6715,8,,,0
140001029,'1184985',1021,,6716,8,,,0
140001029,'1185004',1936,,6717,8,,,0
140001029,'1185174',1336,,6721,8,,,0
140001029,'1185304',1806,,6725,8,,,0
140001029,'1185342',1707,,6727,8,,,0
140001029,'1185346',1136,,6728,8,,,0
140001029,'1185388',1321,,6731,8,,,0
140001029,'1185435',620,,6733,8,,,0
140001029,'1185441',720,,6734,8,,,0
140001029,'1185468',1737,,6735,8,,,0
140001029,'1185499',1906,,6736,8,,,0
140001029,'1185551',735,,6739,8,,,0
140001029,'1185563',1507,,6740,8,,,0
140001029,'1185607',1352,,6742,8,,,0
140001029,'1185628',1751,,6743,8,,,0
140001029,'1185679',1151,,6745,8,,,0
140001029,'1185702',2006,,6746,8,,,0
140001029,'1185777',1422,,6750,8,,,0
140001029,'1185815',1821,,6753,8,,,0
140001029,'1185853',750,,6754,8,,,0
140001029,'1185876',1951,,6755,8,,,0
140001029,'1186021',1851,,6764,8,,,0
140001029,'1186022',805,,6765,8,,,0
140001029,'1186103',1051,,6767,8,,,0
140001029,'1186176',1652,,6770,8,,,0
140001029,'1186187',2036,,6771,8,,,0
140001029,'1186240',1437,,6773,8,,,0
140001029,'1186266',2051,,6774,8,,,0
140001029,'1186274',1452,,6775,8,,,0
140001029,'1186303',935,,6776,8,,,0
140001029,'1186323',635,,6778,8,,,0
140001029,'1186427',1306,,6782,8,,,0
140001029,'1186430',2250,,6783,8,,,0
140001029,'1186566',850,,6789,8,,,0
140001029,'1186576',1206,,6790,8,,,0
140001029,'1186608',1836,,6793,8,,,0
140001029,'1186744',1607,,6796,8,,,0
140001029,'1186760',2220,,6797,8,,,0
140001029,'1186810',820,,6799,8,,,0
140001029,'1186898',1722,,6801,8,,,0
140001029,'1186920',1552,,6804,8,,,0
140001029,'1186940',950,,6806,8,,,0
140001029,'1186951',835,,6807,8,,,0
140001029,'1186959',905,,6809,8,,,0
140001029,'1187022',2120,,6813,8,,,0
140001029,'1187041',2320,,6814,8,,,0
140001029,'1187085',1006,,6816,8,,,0
140001029,'1187109',920,,6817,8,,,0
140001029,'1187115',1637,,6818,8,,,0
140001029,'1187136',650,,6820,8,,,0
140001029,'1187143',1537,,6821,8,,,0
