22019,'1150441',1414,,1811,13,,,0
22019,'1150800',1014,,1812,13,,,0
22019,'1151346',1244,,1813,13,,,0
22019,'1152264',1814,,1814,13,,,0
22019,'1152425',1444,,1815,13,,,0
22019,'1152695',1814,,1816,13,,,0
22019,'1152712',1614,,1817,13,,,0
22019,'1152891',1044,,1818,13,,,0
22019,'1153159',1614,,1819,13,,,0
22019,'1153570',1214,,1820,13,,,0
22019,'1154152',1214,,1821,13,,,0
22019,'1154488',814,,1822,13,,,0
22019,'1154626',844,,1823,13,,,0
22019,'1154882',814,,1824,13,,,0
22019,'1155378',1014,,1825,13,,,0
22019,'1155508',1414,,1826,13,,,0
