10029,'1193661',1539,,7624,42,,,0
10029,'1193662',1139,,7625,42,,,0
10029,'1193664',2039,,7626,42,,,0
10029,'1193666',1339,,7627,42,,,0
10029,'1193669',2339,,7628,42,,,0
10029,'1193670',1639,,7629,42,,,0
10029,'1193671',1539,,7630,42,,,0
10029,'1193672',909,,7631,42,,,0
10029,'1193673',2139,,7632,42,,,0
10029,'1193674',1439,,7633,42,,,0
10029,'1193676',1909,,7634,42,,,0
10029,'1193677',739,,7635,42,,,0
10029,'1193683',739,,7636,42,,,0
10029,'1193684',1739,,7637,42,,,0
10029,'1193685',1039,,7638,42,,,0
10029,'1193688',939,,7639,42,,,0
10029,'1193689',809,,7640,42,,,0
10029,'1193690',2009,,7641,42,,,0
10029,'1193692',2239,,7642,42,,,0
10029,'1193693',939,,7643,42,,,0
10029,'1193694',1339,,7644,42,,,0
10029,'1193695',709,,7645,42,,,0
10029,'1193696',639,,7646,42,,,0
10029,'1193699',2109,,7647,42,,,0
10029,'1193702',1139,,7648,42,,,0
10029,'1193705',1339,,7649,42,,,0
10029,'1193706',839,,7650,42,,,0
10029,'1193712',1839,,7651,42,,,0
10029,'1193713',2309,,7652,42,,,0
10029,'1193714',1739,,7653,42,,,0
10029,'1193716',1939,,7654,42,,,0
10029,'1193719',1439,,7655,42,,,0
10029,'1193721',1039,,7656,42,,,0
10029,'1193722',1239,,7657,42,,,0
10029,'1193723',939,,7658,42,,,0
10029,'1193726',1739,,7659,42,,,0
10029,'1193727',839,,7660,42,,,0
10029,'1193728',739,,7661,42,,,0
10029,'1193729',839,,7662,42,,,0
10029,'1193736',2414,,7663,42,,,0
10029,'1193741',2209,,7664,42,,,0
10029,'1193742',2039,,7665,42,,,0
10029,'1193744',1509,,7666,42,,,0
10029,'1193745',1609,,7667,42,,,0
10029,'1193746',1139,,7668,42,,,0
10029,'1193748',2239,,7669,42,,,0
10029,'1193750',1939,,7670,42,,,0
10029,'1193751',1039,,7671,42,,,0
10029,'1193753',1639,,7672,42,,,0
10029,'1193757',1239,,7673,42,,,0
10029,'1193758',1439,,7674,42,,,0
10029,'1193760',1239,,7675,42,,,0
10029,'1193762',1539,,7676,42,,,0
10029,'1193763',1709,,7677,42,,,0
10029,'1193764',1839,,7678,42,,,0
10029,'1193775',2339,,7679,42,,,0
10029,'1193776',2139,,7680,42,,,0
10029,'1193777',1809,,7681,42,,,0
10029,'1193778',1639,,7682,42,,,0
