14029,'1150190',1827,,1534,23,,,0
14029,'1150439',827,,1538,23,,,0
14029,'1150459',1327,,1539,23,,,0
14029,'1150588',2257,,1543,23,,,0
14029,'1150672',1457,,1546,23,,,0
14029,'1150717',927,,1547,23,,,0
14029,'1150738',1957,,1548,23,,,0
14029,'1151331',1927,,1555,23,,,0
14029,'1151766',727,,1558,23,,,0
14029,'1151954',1627,,1561,23,,,0
14029,'1152193',2327,,1563,23,,,0
14029,'1152310',1427,,1566,23,,,0
14029,'1152526',1227,,1568,23,,,0
14029,'1152537',927,,1569,23,,,0
14029,'1152587',757,,1573,23,,,0
14029,'1152675',1527,,1575,23,,,0
14029,'1152745',2027,,1576,23,,,0
14029,'1152748',1527,,1577,23,,,0
14029,'1152812',627,,1578,23,,,0
14029,'1152932',2127,,1581,23,,,0
14029,'1152939',1727,,1582,23,,,0
14029,'1153024',1027,,1583,23,,,0
14029,'1153508',727,,1587,23,,,0
14029,'1153585',1557,,1591,23,,,0
14029,'1153659',1327,,1592,23,,,0
14029,'1153682',1627,,1593,23,,,0
14029,'1153912',827,,1596,23,,,0
14029,'1154347',1127,,1598,23,,,0
14029,'1154414',657,,1599,23,,,0
14029,'1154420',857,,1600,23,,,0
14029,'1154562',2227,,1602,23,,,0
14029,'1154601',2157,,1603,23,,,0
14029,'1154633',1657,,1605,23,,,0
14029,'1154637',2402,,1606,23,,,0
14029,'1154683',2057,,1607,23,,,0
14029,'1154906',1727,,1611,23,,,0
14029,'1154942',1757,,1612,23,,,0
14029,'1155036',1227,,1613,23,,,0
14029,'1155042',1027,,1614,23,,,0
14029,'1155063',1427,,1615,23,,,0
14029,'1155252',1857,,1620,23,,,0
14029,'1155490',1127,,1625,23,,,0
