27029,'1184502',2306,,5913,9,,,0
27029,'1184539',1836,,5914,9,,,0
27029,'1184568',736,,5915,9,,,0
27029,'1184658',1536,,5917,9,,,0
27029,'1184823',1236,,5922,9,,,0
27029,'1184868',1436,,5925,9,,,0
27029,'1184983',936,,5926,9,,,0
27029,'1185115',1906,,5929,9,,,0
27029,'1185209',2106,,5932,9,,,0
27029,'1185560',2006,,5936,9,,,0
27029,'1185850',1036,,5939,9,,,0
27029,'1186114',1136,,5942,9,,,0
27029,'1186373',1336,,5950,9,,,0
27029,'1186534',636,,5951,9,,,0
27029,'1186707',1736,,5954,9,,,0
27029,'1186921',1636,,5958,9,,,0
27029,'1187028',2206,,5961,9,,,0
27029,'1187145',836,,5964,9,,,0
