104019,'1184559',725,,6357,8,,,0
104019,'1184877',1457,,6361,8,,,0
104019,'1184922',755,,6362,8,,,0
104019,'1184979',1710,,6363,8,,,0
104019,'1185193',955,,6365,8,,,0
104019,'1185307',2055,,6367,8,,,0
104019,'1185701',840,,6372,8,,,0
104019,'1185733',1755,,6374,8,,,0
104019,'1186067',1242,,6376,8,,,0
104019,'1186077',640,,6377,8,,,0
104019,'1186167',1542,,6381,8,,,0
104019,'1186273',1627,,6382,8,,,0
104019,'1186364',1157,,6384,8,,,0
104019,'1186429',1112,,6385,8,,,0
104019,'1186457',2225,,6386,8,,,0
104019,'1186711',910,,6392,8,,,0
104019,'1187029',1327,,6395,8,,,0
104019,'1187094',1412,,6398,8,,,0
104019,'1187116',2400,,6399,8,,,0
104019,'1187157',1925,,6400,8,,,0
