11019,'1150143',708,,880,27,,,0
11019,'1150149',1836,,881,27,,,0
11019,'1150435',1739,,887,27,,,0
11019,'1150556',1406,,889,27,,,0
11019,'1150629',1639,,890,27,,,0
11019,'1150657',836,,891,27,,,0
11019,'1150677',2036,,892,27,,,0
11019,'1150686',2413,,893,27,,,0
11019,'1150726',1609,,894,27,,,0
11019,'1150735',1454,,895,27,,,0
11019,'1150744',1624,,896,27,,,0
11019,'1150925',1506,,899,27,,,0
11019,'1150938',1336,,901,27,,,0
11019,'1151038',938,,902,27,,,0
11019,'1151140',1023,,905,27,,,0
11019,'1151144',2223,,906,27,,,0
11019,'1151191',1224,,908,27,,,0
11019,'1151326',1953,,910,27,,,0
11019,'1151442',853,,913,27,,,0
11019,'1151502',1536,,914,27,,,0
11019,'1151687',738,,917,27,,,0
11019,'1151694',1339,,918,27,,,0
11019,'1151697',1654,,919,27,,,0
11019,'1151715',723,,920,27,,,0
11019,'1151806',838,,923,27,,,0
11019,'1151889',1236,,925,27,,,0
11019,'1151897',1709,,926,27,,,0
11019,'1151910',823,,927,27,,,0
11019,'1152031',936,,929,27,,,0
11019,'1152198',1008,,932,27,,,0
11019,'1152246',1206,,933,27,,,0
11019,'1152286',653,,934,27,,,0
11019,'1152347',2153,,936,27,,,0
11019,'1152358',1853,,937,27,,,0
11019,'1152422',2353,,939,27,,,0
11019,'1152449',1754,,940,27,,,0
11019,'1152484',1153,,941,27,,,0
11019,'1152597',1424,,943,27,,,0
11019,'1152670',1809,,944,27,,,0
11019,'1152706',1354,,945,27,,,0
11019,'1152810',1539,,947,27,,,0
11019,'1152872',1439,,948,27,,,0
11019,'1152996',923,,951,27,,,0
11019,'1153015',1306,,952,27,,,0
11019,'1153067',2236,,953,27,,,0
11019,'1153085',736,,955,27,,,0
11019,'1153098',1736,,956,27,,,0
11019,'1153395',1138,,962,27,,,0
11019,'1153405',1724,,963,27,,,0
11019,'1153484',2323,,965,27,,,0
11019,'1153506',1636,,967,27,,,0
11019,'1153527',953,,969,27,,,0
11019,'1153562',1309,,971,27,,,0
11019,'1153565',1509,,972,27,,,0
11019,'1153586',2253,,973,27,,,0
11019,'1153587',1324,,974,27,,,0
11019,'1153669',1706,,977,27,,,0
11019,'1153677',1036,,978,27,,,0
11019,'1153881',1254,,981,27,,,0
11019,'1153984',1524,,984,27,,,0
11019,'1154120',2023,,986,27,,,0
11019,'1154168',1409,,987,27,,,0
11019,'1154195',1038,,988,27,,,0
11019,'1154287',908,,989,27,,,0
11019,'1154314',1208,,990,27,,,0
11019,'1154475',1239,,991,27,,,0
11019,'1154577',2136,,993,27,,,0
11019,'1154613',1123,,994,27,,,0
11019,'1154616',808,,995,27,,,0
11019,'1154627',638,,996,27,,,0
11019,'1154690',1053,,998,27,,,0
11019,'1154863',1136,,1000,27,,,0
11019,'1154896',2123,,1001,27,,,0
11019,'1155038',1936,,1006,27,,,0
11019,'1155047',1554,,1007,27,,,0
11019,'1155187',2053,,1009,27,,,0
11019,'1155194',1606,,1010,27,,,0
11019,'1155204',1823,,1011,27,,,0
11019,'1155245',753,,1012,27,,,0
11019,'1155289',1436,,1013,27,,,0
11019,'1155293',1108,,1014,27,,,0
11019,'1155433',2336,,1016,27,,,0
11019,'1155512',1923,,1018,27,,,0
22029,'1150220',1024,,1827,6,,,0
22029,'1150933',1255,,1828,6,,,0
22029,'1150935',824,,1829,6,,,0
22029,'1151147',854,,1830,6,,,0
22029,'1151839',1054,,1832,6,,,0
22029,'1152014',1424,,1833,6,,,0
22029,'1152171',1624,,1834,6,,,0
22029,'1153526',1455,,1837,6,,,0
22029,'1154636',1824,,1840,6,,,0
22029,'1154908',1224,,1841,6,,,0
140001029,'1150107',728,,3712,20,,,0
140001029,'1150153',1629,,3714,20,,,0
140001029,'1150285',1346,,3718,20,,,0
140001029,'1150345',2403,,3720,20,,,0
140001029,'1150377',1201,,3722,20,,,0
140001029,'1150391',1828,,3725,20,,,0
140001029,'1150407',1417,,3726,20,,,0
140001029,'1150453',1644,,3727,20,,,0
140001029,'1150462',1146,,3728,20,,,0
140001029,'1150529',1900,,3730,20,,,0
140001029,'1150555',1046,,3732,20,,,0
140001029,'1150559',1116,,3733,20,,,0
140001029,'1150603',1301,,3734,20,,,0
140001029,'1150660',2015,,3736,20,,,0
140001029,'1150758',958,,3738,20,,,0
140001029,'1150812',1958,,3742,20,,,0
140001029,'1150969',1617,,3746,20,,,0
140001029,'1151075',1517,,3747,20,,,0
140001029,'1151083',1159,,3748,20,,,0
140001029,'1151132',1547,,3749,20,,,0
140001029,'1151187',1344,,3753,20,,,0
140001029,'1151190',1144,,3754,20,,,0
140001029,'1151211',959,,3755,20,,,0
140001029,'1151220',1246,,3756,20,,,0
140001029,'1151255',2000,,3758,20,,,0
140001029,'1151297',1129,,3759,20,,,0
140001029,'1151376',1830,,3763,20,,,0
140001029,'1151388',943,,3765,20,,,0
140001029,'1151430',658,,3767,20,,,0
140001029,'1151583',1714,,3772,20,,,0
140001029,'1151585',1759,,3773,20,,,0
140001029,'1151597',1559,,3774,20,,,0
140001029,'1151676',1815,,3776,20,,,0
140001029,'1151682',1316,,3777,20,,,0
140001029,'1151698',1216,,3778,20,,,0
140001029,'1151726',1732,,3781,20,,,0
140001029,'1151760',643,,3783,20,,,0
140001029,'1151781',628,,3784,20,,,0
140001029,'1151793',1659,,3786,20,,,0
140001029,'1151812',1447,,3787,20,,,0
140001029,'1151837',1229,,3790,20,,,0
140001029,'1151882',2228,,3791,20,,,0
140001029,'1151969',1432,,3792,20,,,0
140001029,'1152073',1059,,3795,20,,,0
140001029,'1152090',2128,,3796,20,,,0
140001029,'1152101',729,,3798,20,,,0
140001029,'1152157',1930,,3800,20,,,0
140001029,'1152234',1414,,3802,20,,,0
140001029,'1152255',1214,,3803,20,,,0
140001029,'1152278',1647,,3805,20,,,0
140001029,'1152287',1114,,3806,20,,,0
140001029,'1152299',713,,3807,20,,,0
140001029,'1152375',1717,,3808,20,,,0
140001029,'1152383',1101,,3809,20,,,0
140001029,'1152402',743,,3810,20,,,0
140001029,'1152437',1813,,3811,20,,,0
140001029,'1152493',1915,,3814,20,,,0
140001029,'1152528',1402,,3818,20,,,0
140001029,'1152530',2100,,3819,20,,,0
140001029,'1152532',629,,3820,20,,,0
140001029,'1152635',1031,,3824,20,,,0
140001029,'1152653',759,,3825,20,,,0
140001029,'1152735',1429,,3826,20,,,0
140001029,'1152747',2228,,3827,20,,,0
140001029,'1152751',1544,,3828,20,,,0
140001029,'1152759',828,,3829,20,,,0
140001029,'1152783',1502,,3830,20,,,0
140001029,'1152811',1329,,3833,20,,,0
140001029,'1152854',659,,3834,20,,,0
140001029,'1152865',1514,,3835,20,,,0
140001029,'1152945',1014,,3836,20,,,0
140001029,'1152973',1459,,3837,20,,,0
140001029,'1152983',2045,,3838,20,,,0
140001029,'1153104',858,,3839,20,,,0
140001029,'1153197',1928,,3841,20,,,0
140001029,'1153253',1845,,3843,20,,,0
140001029,'1153265',859,,3844,20,,,0
140001029,'1153267',1359,,3845,20,,,0
140001029,'1153287',843,,3846,20,,,0
140001029,'1153315',1800,,3847,20,,,0
140001029,'1153339',1702,,3848,20,,,0
140001029,'1153342',2030,,3850,20,,,0
140001029,'1153372',1029,,3852,20,,,0
140001029,'1153465',813,,3853,20,,,0
140001029,'1153475',1016,,3854,20,,,0
140001029,'1153486',1744,,3856,20,,,0
140001029,'1153536',2358,,3857,20,,,0
140001029,'1153567',2158,,3858,20,,,0
140001029,'1153584',2258,,3860,20,,,0
140001029,'1153592',1314,,3861,20,,,0
140001029,'1153654',1747,,3862,20,,,0
140001029,'1153683',1231,,3864,20,,,0
140001029,'1153820',1858,,3866,20,,,0
140001029,'1154107',929,,3873,20,,,0
140001029,'1154113',913,,3874,20,,,0
140001029,'1154137',1945,,3876,20,,,0
140001029,'1154215',944,,3878,20,,,0
140001029,'1154249',1331,,3879,20,,,0
140001029,'1154385',2128,,3881,20,,,0
140001029,'1154399',1843,,3882,20,,,0
140001029,'1154474',1044,,3884,20,,,0
140001029,'1154555',1532,,3886,20,,,0
140001029,'1154579',1244,,3887,20,,,0
140001029,'1154703',1444,,3890,20,,,0
140001029,'1154716',1131,,3891,20,,,0
140001029,'1154813',758,,3893,20,,,0
140001029,'1154814',2328,,3894,20,,,0
140001029,'1154828',2258,,3895,20,,,0
140001029,'1154875',2158,,3897,20,,,0
140001029,'1155029',1259,,3903,20,,,0
140001029,'1155046',1602,,3904,20,,,0
140001029,'1155054',1614,,3905,20,,,0
140001029,'1155081',928,,3906,20,,,0
140001029,'1155141',1729,,3909,20,,,0
140001029,'1155189',1632,,3911,20,,,0
140001029,'1155197',1529,,3912,20,,,0
140001029,'1155294',2058,,3915,20,,,0
140001029,'1155302',829,,3916,20,,,0
140001029,'1155305',2028,,3917,20,,,0
140001029,'1155377',2328,,3918,20,,,0
