14029,'1184744',721,,5304,12,,,0
14029,'1184869',621,,5306,12,,,0
14029,'1184981',1651,,5310,12,,,0
14029,'1184993',1721,,5311,12,,,0
14029,'1185190',1951,,5312,12,,,0
14029,'1185265',821,,5314,12,,,0
14029,'1185322',1421,,5317,12,,,0
14029,'1185408',1451,,5319,12,,,0
14029,'1185491',1621,,5322,12,,,0
14029,'1185568',1521,,5325,12,,,0
14029,'1185828',2251,,5328,12,,,0
14029,'1185866',2356,,5330,12,,,0
14029,'1186118',651,,5334,12,,,0
14029,'1186154',921,,5335,12,,,0
14029,'1186312',2151,,5336,12,,,0
14029,'1186319',1551,,5337,12,,,0
14029,'1186327',1321,,5338,12,,,0
14029,'1186377',1221,,5340,12,,,0
14029,'1186418',1021,,5341,12,,,0
14029,'1186771',751,,5348,12,,,0
14029,'1186908',851,,5353,12,,,0
14029,'1186971',2051,,5355,12,,,0
14029,'1187063',1751,,5357,12,,,0
14029,'1187137',1851,,5360,12,,,0
14029,'1187192',1121,,5361,12,,,0
