104029,'1184515',1750,,6402,27,,,0
104029,'1184569',1502,,6403,27,,,0
104029,'1184607',950,,6404,27,,,0
104029,'1184753',1035,,6406,27,,,0
104029,'1185072',1247,,6408,27,,,0
104029,'1185283',920,,6412,27,,,0
104029,'1185308',1632,,6413,27,,,0
104029,'1185376',720,,6417,27,,,0
104029,'1185608',805,,6418,27,,,0
104029,'1185732',835,,6420,27,,,0
104029,'1185743',605,,6421,27,,,0
104029,'1186088',2135,,6425,27,,,0
104029,'1186151',2305,,6426,27,,,0
104029,'1186191',1332,,6428,27,,,0
104029,'1186192',1547,,6429,27,,,0
104029,'1186354',1717,,6432,27,,,0
104029,'1186398',650,,6433,27,,,0
104029,'1186854',1417,,6439,27,,,0
104029,'1186944',1835,,6440,27,,,0
104029,'1187100',1202,,6442,27,,,0
104029,'1187128',2005,,6443,27,,,0
