13029,'1184622',1500,,5183,17,,,0
13029,'1184913',1200,,5187,17,,,0
13029,'1185007',1730,,5191,17,,,0
13029,'1185049',2128,,5192,17,,,0
13029,'1185060',2328,,5193,17,,,0
13029,'1185250',658,,5197,17,,,0
13029,'1185377',1300,,5200,17,,,0
13029,'1185394',758,,5201,17,,,0
13029,'1185484',929,,5203,17,,,0
13029,'1185580',1800,,5205,17,,,0
13029,'1185937',1700,,5210,17,,,0
13029,'1185958',828,,5211,17,,,0
13029,'1185992',2228,,5212,17,,,0
13029,'1186268',1928,,5216,17,,,0
13029,'1186340',2028,,5218,17,,,0
13029,'1186403',1028,,5219,17,,,0
13029,'1186434',1400,,5220,17,,,0
13029,'1186504',728,,5222,17,,,0
13029,'1186525',1101,,5223,17,,,0
13029,'1186673',1828,,5224,17,,,0
13029,'1186687',628,,5225,17,,,0
13029,'1186818',959,,5227,17,,,0
13029,'1186830',1531,,5228,18,,,0
13029,'1186955',1600,,5235,17,,,0
13029,'1186976',859,,5236,17,,,0
13029,'1187030',1630,,5239,17,,,0
101019,'1184796',1912,,6136,50,,,0
101019,'1184925',2111,,6139,50,,,0
101019,'1185023',1212,,6140,50,,,0
101019,'1185092',1814,,6141,50,,,0
101019,'1185625',1112,,6145,50,,,0
101019,'1185636',912,,6146,50,,,0
101019,'1185751',1514,,6148,50,,,0
101019,'1185803',1012,,6149,50,,,0
101019,'1185998',1414,,6150,50,,,0
101019,'1186087',2312,,6153,50,,,0
101019,'1186331',612,,6156,50,,,0
101019,'1186580',1614,,6157,50,,,0
101019,'1186587',1714,,6158,50,,,0
101019,'1187155',812,,6161,50,,,0
