10029,'1150182',922,,646,16,,,0
10029,'1150266',2322,,648,16,,,0
10029,'1150349',1952,,649,16,,,0
10029,'1150424',1422,,650,16,,,0
10029,'1150440',1922,,651,16,,,0
10029,'1150450',1622,,653,16,,,0
10029,'1150454',1722,,654,16,,,0
10029,'1150680',722,,656,16,,,0
10029,'1150683',1222,,657,16,,,0
10029,'1150947',1022,,659,16,,,0
10029,'1151232',2122,,662,16,,,0
10029,'1151240',922,,663,16,,,0
10029,'1151358',1022,,666,16,,,0
10029,'1151389',2152,,667,16,,,0
10029,'1151548',1322,,668,16,,,0
10029,'1151699',1422,,674,16,,,0
10029,'1151704',2357,,676,16,,,0
10029,'1151927',2052,,678,16,,,0
10029,'1152089',822,,679,16,,,0
10029,'1152120',1522,,680,16,,,0
10029,'1152213',1752,,682,16,,,0
10029,'1152237',1122,,683,16,,,0
10029,'1152276',622,,685,16,,,0
10029,'1152614',1722,,692,16,,,0
10029,'1152687',1652,,693,16,,,0
10029,'1152696',822,,694,16,,,0
10029,'1152744',1552,,697,16,,,0
10029,'1152927',1322,,700,16,,,0
10029,'1153201',722,,704,16,,,0
10029,'1153510',1622,,706,16,,,0
10029,'1153532',2022,,707,16,,,0
10029,'1153887',2222,,712,16,,,0
10029,'1154165',752,,715,16,,,0
10029,'1154182',1522,,716,16,,,0
10029,'1154281',1222,,718,16,,,0
10029,'1154360',2252,,719,16,,,0
10029,'1154531',1452,,720,16,,,0
10029,'1154688',652,,722,16,,,0
10029,'1154710',1822,,723,16,,,0
10029,'1155230',852,,733,16,,,0
10029,'1155449',1852,,734,16,,,0
10029,'1155474',1122,,735,16,,,0
