14019,'1184716',1550,,5245,11,,,0
14019,'1184750',1520,,5248,11,,,0
14019,'1184836',2019,,5249,11,,,0
14019,'1184987',1650,,5251,11,,,0
14019,'1185168',1750,,5255,11,,,0
14019,'1185211',919,,5256,11,,,0
14019,'1185255',849,,5257,11,,,0
14019,'1185335',2319,,5260,11,,,0
14019,'1185505',649,,5262,11,,,0
14019,'1185624',1150,,5266,11,,,0
14019,'1185808',1819,,5269,11,,,0
14019,'1185845',719,,5270,11,,,0
14019,'1185852',1450,,5271,11,,,0
14019,'1186014',1620,,5273,11,,,0
14019,'1186156',1350,,5277,11,,,0
14019,'1186173',1919,,5279,11,,,0
14019,'1186421',749,,5288,11,,,0
14019,'1186443',2119,,5289,11,,,0
14019,'1186532',819,,5292,11,,,0
14019,'1186609',1720,,5295,11,,,0
14019,'1186632',1050,,5296,11,,,0
14019,'1186671',2219,,5298,11,,,0
14019,'1186767',1250,,5299,11,,,0
14019,'1187071',949,,5301,11,,,0
