101029,'1184516',2419,,6162,34,,,0
101029,'1184584',1243,,6163,34,,,0
101029,'1184684',1759,,6164,34,,,0
101029,'1184724',959,,6165,34,,,0
101029,'1184785',1501,,6166,34,,,0
101029,'1184855',1443,,6167,34,,,0
101029,'1185015',759,,6169,34,,,0
101029,'1185143',2043,,6171,34,,,0
101029,'1185400',1643,,6173,34,,,0
101029,'1185619',1059,,6174,34,,,0
101029,'1185854',1843,,6178,34,,,0
101029,'1186045',843,,6179,34,,,0
101029,'1186082',1701,,6180,34,,,0
101029,'1186107',643,,6181,34,,,0
101029,'1186135',659,,6182,34,,,0
101029,'1186184',859,,6184,34,,,0
101029,'1186356',2159,,6185,34,,,0
101029,'1186597',1601,,6187,34,,,0
101029,'1186712',2243,,6188,34,,,0
101029,'1186784',1959,,6189,34,,,0
101029,'1186801',1043,,6190,34,,,0
101029,'1186815',1401,,6191,34,,,0
101029,'1187194',1301,,6192,34,,,0
