104019,'1184559',732,,6357,17,,,0
104019,'1184877',1505,,6361,17,,,0
104019,'1184922',802,,6362,17,,,0
104019,'1184979',1717,,6363,17,,,0
104019,'1185193',1002,,6365,17,,,0
104019,'1185307',2102,,6367,17,,,0
104019,'1185701',847,,6372,17,,,0
104019,'1185733',1802,,6374,17,,,0
104019,'1186067',1250,,6376,17,,,0
104019,'1186077',647,,6377,17,,,0
104019,'1186167',1550,,6381,17,,,0
104019,'1186273',1635,,6382,17,,,0
104019,'1186364',1205,,6384,17,,,0
104019,'1186429',1120,,6385,17,,,0
104019,'1186457',2232,,6386,17,,,0
104019,'1186711',917,,6392,17,,,0
104019,'1187029',1335,,6395,17,,,0
104019,'1187094',1420,,6398,17,,,0
104019,'1187116',2407,,6399,17,,,0
104019,'1187157',1932,,6400,17,,,0
