11029,'1190662',1432,,7754,20,,,0
11029,'1190674',1602,,7755,20,,,0
11029,'1190679',1232,,7756,20,,,0
11029,'1190687',2232,,7757,20,,,0
11029,'1190702',632,,7758,20,,,0
11029,'1190707',1002,,7759,20,,,0
11029,'1190740',1032,,7760,20,,,0
11029,'1190760',1402,,7761,20,,,0
11029,'1190767',1732,,7762,20,,,0
11029,'1190846',1302,,7763,20,,,0
11029,'1190868',1502,,7764,20,,,0
11029,'1190908',802,,7765,20,,,0
11029,'1190991',702,,7766,20,,,0
11029,'1191027',1332,,7767,20,,,0
11029,'1191113',1102,,7768,20,,,0
11029,'1191117',1232,,7769,20,,,0
11029,'1191127',1332,,7770,20,,,0
11029,'1191176',832,,7771,20,,,0
11029,'1191206',1932,,7772,20,,,0
11029,'1191220',1732,,7773,20,,,0
11029,'1191225',2102,,7774,20,,,0
11029,'1191261',1632,,7775,20,,,0
11029,'1191301',732,,7776,20,,,0
11029,'1191458',1602,,7777,20,,,0
11029,'1191541',2032,,7778,20,,,0
11029,'1191571',2032,,7779,20,,,0
11029,'1191589',1232,,7780,20,,,0
11029,'1191607',1702,,7781,20,,,0
11029,'1191727',1532,,7782,20,,,0
11029,'1191782',1402,,7783,20,,,0
11029,'1191889',2332,,7784,20,,,0
11029,'1191897',1202,,7785,20,,,0
11029,'1191898',1532,,7786,20,,,0
11029,'1191943',1032,,7787,20,,,0
11029,'1191963',1132,,7788,20,,,0
11029,'1191968',1132,,7789,20,,,0
11029,'1191999',2002,,7790,20,,,0
11029,'1192027',1902,,7791,20,,,0
11029,'1192028',732,,7792,20,,,0
11029,'1192111',2132,,7793,20,,,0
11029,'1192172',2407,,7794,20,,,0
11029,'1192183',932,,7795,20,,,0
11029,'1192286',832,,7796,20,,,0
11029,'1192326',1932,,7797,20,,,0
11029,'1192339',902,,7798,20,,,0
11029,'1192422',2302,,7799,20,,,0
11029,'1192445',1332,,7800,20,,,0
11029,'1192481',1632,,7801,20,,,0
11029,'1192490',2232,,7802,20,,,0
11029,'1192503',2332,,7803,20,,,0
11029,'1192528',932,,7804,20,,,0
11029,'1192532',2202,,7805,20,,,0
11029,'1192574',1132,,7806,20,,,0
11029,'1192626',1032,,7807,20,,,0
11029,'1192737',1732,,7808,20,,,0
11029,'1192757',732,,7809,20,,,0
11029,'1192779',1832,,7810,20,,,0
11029,'1192802',1202,,7811,20,,,0
11029,'1192807',1702,,7812,20,,,0
11029,'1192884',1532,,7813,20,,,0
11029,'1192947',1432,,7814,20,,,0
11029,'1193001',932,,7815,20,,,0
11029,'1193017',1632,,7816,20,,,0
11029,'1193076',1302,,7817,20,,,0
11029,'1193105',1802,,7818,20,,,0
11029,'1193146',1502,,7819,20,,,0
11029,'1193240',1432,,7820,20,,,0
11029,'1193251',2132,,7821,20,,,0
11029,'1193290',1832,,7822,20,,,0
11029,'1193300',832,,7823,20,,,0
140001029,'1190599',1155,,9532,13,,,0
140001029,'1190600',923,,9533,13,,,0
140001029,'1190621',2254,,9534,13,,,0
140001029,'1190654',2253,,9535,13,,,0
140001029,'1190676',2224,,9536,13,,,0
140001029,'1190705',1626,,9537,13,,,0
140001029,'1190711',823,,9538,13,,,0
140001029,'1190715',1641,,9539,13,,,0
140001029,'1190737',2123,,9540,13,,,0
140001029,'1190823',1109,,9541,13,,,0
140001029,'1190849',1224,,9542,13,,,0
140001029,'1190851',1709,,9543,13,,,0
140001029,'1190861',738,,9544,13,,,0
140001029,'1190919',624,,9545,13,,,0
140001029,'1190942',838,,9546,13,,,0
140001029,'1190950',1039,,9547,13,,,0
140001029,'1190977',1024,,9548,13,,,0
140001029,'1191006',1055,,9549,13,,,0
140001029,'1191022',1754,,9550,13,,,0
140001029,'1191026',1924,,9551,13,,,0
140001029,'1191051',1656,,9552,13,,,0
140001029,'1191073',1809,,9553,13,,,0
140001029,'1191077',1854,,9554,13,,,0
140001029,'1191100',1526,,9555,13,,,0
140001029,'1191110',1541,,9556,13,,,0
140001029,'1191120',2039,,9557,13,,,0
140001029,'1191183',1339,,9558,13,,,0
140001029,'1191185',1424,,9559,13,,,0
140001029,'1191195',1456,,9560,13,,,0
140001029,'1191197',1010,,9561,13,,,0
140001029,'1191229',753,,9562,13,,,0
140001029,'1191239',1009,,9563,13,,,0
140001029,'1191241',754,,9564,13,,,0
140001029,'1191249',1140,,9565,13,,,0
140001029,'1191251',854,,9566,13,,,0
140001029,'1191260',1154,,9567,13,,,0
140001029,'1191273',1255,,9568,13,,,0
140001029,'1191279',853,,9569,13,,,0
140001029,'1191347',1439,,9570,13,,,0
140001029,'1191349',1556,,9571,13,,,0
140001029,'1191357',638,,9572,13,,,0
140001029,'1191358',1539,,9573,13,,,0
140001029,'1191362',723,,9574,13,,,0
140001029,'1191369',1124,,9575,13,,,0
140001029,'1191374',708,,9576,13,,,0
140001029,'1191422',1924,,9577,13,,,0
140001029,'1191436',1609,,9578,13,,,0
140001029,'1191459',2054,,9579,13,,,0
140001029,'1191461',1724,,9580,13,,,0
140001029,'1191510',1225,,9581,13,,,0
140001029,'1191569',1824,,9582,13,,,0
140001029,'1191585',1624,,9583,13,,,0
140001029,'1191594',2358,,9584,13,,,0
140001029,'1191599',1325,,9585,13,,,0
140001029,'1191617',2224,,9586,13,,,0
140001029,'1191627',924,,9587,13,,,0
140001029,'1191654',1939,,9588,13,,,0
140001029,'1191672',1024,,9589,13,,,0
140001029,'1191688',1809,,9590,13,,,0
140001029,'1191700',2154,,9591,13,,,0
140001029,'1191703',1726,,9592,13,,,0
140001029,'1191748',724,,9593,13,,,0
140001029,'1191749',2024,,9594,13,,,0
140001029,'1191752',1954,,9595,13,,,0
140001029,'1191781',1209,,9596,13,,,0
140001029,'1191787',1909,,9597,13,,,0
140001029,'1191809',1054,,9598,13,,,0
140001029,'1191814',1924,,9599,13,,,0
140001029,'1191822',1139,,9600,13,,,0
140001029,'1191880',1426,,9601,13,,,0
140001029,'1191895',1554,,9602,13,,,0
140001029,'1191933',1441,,9603,13,,,0
140001029,'1191962',1254,,9604,13,,,0
140001029,'1191971',1524,,9605,13,,,0
140001029,'1191993',1210,,9606,13,,,0
140001029,'1192009',1239,,9607,13,,,0
140001029,'1192030',2223,,9608,13,,,0
140001029,'1192075',1711,,9609,13,,,0
140001029,'1192076',1509,,9610,13,,,0
140001029,'1192085',724,,9611,13,,,0
140001029,'1192192',1954,,9612,13,,,0
140001029,'1192204',2024,,9613,13,,,0
140001029,'1192231',953,,9614,13,,,0
140001029,'1192238',954,,9615,13,,,0
140001029,'1192242',1511,,9616,13,,,0
140001029,'1192251',2124,,9617,13,,,0
140001029,'1192270',2354,,9618,13,,,0
140001029,'1192275',1639,,9619,13,,,0
140001029,'1192298',1624,,9620,13,,,0
140001029,'1192358',1824,,9621,13,,,0
140001029,'1192364',2323,,9622,13,,,0
140001029,'1192382',1741,,9623,13,,,0
140001029,'1192427',2009,,9624,13,,,0
140001029,'1192462',1025,,9625,13,,,0
140001029,'1192467',1324,,9626,13,,,0
140001029,'1192479',2054,,9627,13,,,0
140001029,'1192506',654,,9628,13,,,0
140001029,'1192539',1124,,9629,13,,,0
140001029,'1192548',939,,9630,13,,,0
140001029,'1192550',1240,,9631,13,,,0
140001029,'1192559',938,,9632,13,,,0
140001029,'1192568',824,,9633,13,,,0
140001029,'1192571',808,,9634,13,,,0
140001029,'1192572',1524,,9635,13,,,0
140001029,'1192575',653,,9636,13,,,0
140001029,'1192584',1739,,9637,13,,,0
140001029,'1192594',1040,,9638,13,,,0
140001029,'1192612',1454,,9639,13,,,0
140001029,'1192644',1611,,9640,13,,,0
140001029,'1192648',1310,,9641,13,,,0
140001029,'1192665',908,,9642,13,,,0
140001029,'1192677',924,,9643,13,,,0
140001029,'1192732',1356,,9644,13,,,0
140001029,'1192736',1754,,9645,13,,,0
140001029,'1192755',1854,,9646,13,,,0
140001029,'1192762',1839,,9647,13,,,0
140001029,'1192794',2024,,9648,13,,,0
140001029,'1192842',1324,,9649,13,,,0
140001029,'1192858',1309,,9650,13,,,0
140001029,'1192901',1839,,9651,13,,,0
140001029,'1192907',1354,,9652,13,,,0
140001029,'1192922',1125,,9653,13,,,0
140001029,'1192938',1110,,9654,13,,,0
140001029,'1192969',1224,,9655,13,,,0
140001029,'1193035',2324,,9656,13,,,0
140001029,'1193142',1724,,9657,13,,,0
140001029,'1193157',2153,,9658,13,,,0
140001029,'1193158',2324,,9659,13,,,0
140001029,'1193196',1409,,9660,13,,,0
140001029,'1193202',2124,,9661,13,,,0
140001029,'1193206',1340,,9662,13,,,0
140001029,'1193223',1424,,9663,13,,,0
140001029,'1193237',824,,9664,13,,,0
140001029,'1193252',623,,9665,13,,,0
140001029,'1193289',1411,,9666,13,,,0
140001029,'1193293',1824,,9667,13,,,0
140001029,'1193306',1654,,9668,13,,,0
