3029,'1184601',2136,,4654,8,,,0
3029,'1184610',1408,,4655,8,,,0
3029,'1184694',736,,4658,8,,,0
3029,'1184700',1006,,4659,8,,,0
3029,'1184950',1708,,4665,8,,,0
3029,'1185088',1036,,4669,8,,,0
3029,'1185097',1936,,4670,8,,,0
3029,'1185208',906,,4672,8,,,0
3029,'1185267',1138,,4676,8,,,0
3029,'1185635',806,,4682,8,,,0
3029,'1185703',636,,4683,8,,,0
3029,'1185734',2333,,4684,8,,,0
3029,'1185742',2236,,4685,8,,,0
3029,'1185753',706,,4686,8,,,0
3029,'1185782',1608,,4687,8,,,0
3029,'1186038',1638,,4689,8,,,0
3029,'1186084',1106,,4691,8,,,0
3029,'1186099',1438,,4692,8,,,0
3029,'1186101',1508,,4693,8,,,0
3029,'1186260',936,,4699,8,,,0
3029,'1186437',1538,,4702,8,,,0
3029,'1186578',1808,,4705,8,,,0
3029,'1186659',1836,,4708,8,,,0
3029,'1186686',1308,,4709,8,,,0
3029,'1186714',1238,,4710,8,,,0
3029,'1186807',1208,,4713,8,,,0
3029,'1186848',2036,,4714,8,,,0
3029,'1186943',836,,4715,8,,,0
3029,'1187014',1738,,4716,8,,,0
3029,'1187130',1338,,4717,8,,,0
190001019,'1184477',730,,6823,15,,,0
190001019,'1184538',1117,,6825,15,,,0
190001019,'1184623',715,,6827,15,,,0
190001019,'1184686',2159,,6832,15,,,0
190001019,'1184712',930,,6834,15,,,0
190001019,'1184722',700,,6835,15,,,0
190001019,'1184775',1232,,6836,15,,,0
190001019,'1184812',1402,,6838,15,,,0
190001019,'1184841',2000,,6840,15,,,0
190001019,'1184844',800,,6841,15,,,0
190001019,'1184915',1539,,6846,15,,,0
190001019,'1184930',1439,,6847,15,,,0
190001019,'1185008',815,,6848,15,,,0
190001019,'1185052',1317,,6850,15,,,0
190001019,'1185077',2015,,6853,15,,,0
190001019,'1185090',845,,6854,15,,,0
190001019,'1185150',1754,,6855,15,,,0
190001019,'1185161',1739,,6856,15,,,0
190001019,'1185178',1930,,6857,15,,,0
190001019,'1185194',2359,,6858,15,,,0
190001019,'1185221',2100,,6859,15,,,0
190001019,'1185231',1654,,6860,15,,,0
190001019,'1185343',1609,,6864,15,,,0
190001019,'1185352',1915,,6865,15,,,0
190001019,'1185392',945,,6867,15,,,0
190001019,'1185448',915,,6868,15,,,0
190001019,'1185479',1509,,6869,15,,,0
190001019,'1185532',1000,,6872,15,,,0
190001019,'1185537',2419,,6873,15,,,0
190001019,'1185572',1639,,6875,15,,,0
190001019,'1185600',2329,,6877,15,,,0
190001019,'1185605',1724,,6878,15,,,0
190001019,'1185609',2030,,6879,15,,,0
190001019,'1185645',2144,,6882,15,,,0
190001019,'1185667',1202,,6884,15,,,0
190001019,'1185709',1709,,6886,15,,,0
190001019,'1185796',1554,,6891,15,,,0
190001019,'1185810',1032,,6892,15,,,0
190001019,'1185883',645,,6895,15,,,0
190001019,'1185950',900,,6898,15,,,0
190001019,'1186040',1247,,6902,15,,,0
190001019,'1186058',2115,,6903,15,,,0
190001019,'1186059',1815,,6904,15,,,0
190001019,'1186110',1302,,6907,15,,,0
190001019,'1186115',1102,,6908,15,,,0
190001019,'1186141',1424,,6911,15,,,0
190001019,'1186145',1900,,6912,15,,,0
190001019,'1186149',1147,,6913,15,,,0
190001019,'1186229',1132,,6918,15,,,0
190001019,'1186272',1945,,6922,15,,,0
190001019,'1186285',2045,,6923,15,,,0
190001019,'1186294',1624,,6924,15,,,0
190001019,'1186371',830,,6929,15,,,0
190001019,'1186413',2229,,6931,15,,,0
190001019,'1186619',1845,,6936,15,,,0
190001019,'1186635',745,,6937,15,,,0
190001019,'1186646',1803,,6938,15,,,0
190001019,'1186716',1217,,6939,15,,,0
190001019,'1186726',1047,,6940,15,,,0
190001019,'1186788',2129,,6943,15,,,0
190001019,'1186873',1347,,6946,15,,,0
190001019,'1186969',1830,,6948,15,,,0
190001019,'1187081',1015,,6954,15,,,0
190001019,'1187092',1524,,6955,15,,,0
190001019,'1187150',2259,,6957,15,,,0
190001019,'1187182',1454,,6959,15,,,0
190001019,'1187190',1332,,6960,15,,,0
190001029,'1187611',1540,,7082,11,,,0
190001029,'1187612',709,,7083,11,,,0
190001029,'1187613',1340,,7084,11,,,0
190001029,'1187614',2009,,7085,11,,,0
190001029,'1187616',1824,,7087,11,,,0
190001029,'1187624',1854,,7095,11,,,0
190001029,'1187625',2339,,7096,11,,,0
190001029,'1187630',824,,7101,11,,,0
190001029,'1187631',1809,,7102,11,,,0
190001029,'1187632',2139,,7103,11,,,0
190001029,'1187633',1739,,7104,11,,,0
190001029,'1187634',2109,,7105,11,,,0
190001029,'1187635',1725,,7106,11,,,0
190001029,'1187636',2124,,7107,11,,,0
190001029,'1187638',1155,,7109,11,,,0
190001029,'1187639',754,,7110,11,,,0
190001029,'1187642',1625,,7113,11,,,0
190001029,'1187649',1255,,7120,11,,,0
190001029,'1187650',909,,7121,11,,,0
190001029,'1187651',1440,,7122,11,,,0
190001029,'1187652',739,,7123,11,,,0
190001029,'1187657',854,,7128,11,,,0
190001029,'1187661',1410,,7132,11,,,0
190001029,'1187662',1325,,7133,11,,,0
190001029,'1187663',1225,,7134,11,,,0
190001029,'1187667',724,,7138,11,,,0
190001029,'1187671',2024,,7142,11,,,0
190001029,'1187672',1924,,7143,11,,,0
190001029,'1187673',1310,,7144,11,,,0
190001029,'1187675',624,,7146,11,,,0
190001029,'1187677',1240,,7148,11,,,0
190001029,'1187678',1640,,7149,11,,,0
190001029,'1187679',1754,,7150,11,,,0
190001029,'1187680',1110,,7151,11,,,0
190001029,'1187681',1710,,7152,11,,,0
190001029,'1187683',1555,,7154,11,,,0
190001029,'1187684',1954,,7155,11,,,0
190001029,'1187686',1655,,7157,11,,,0
190001029,'1187688',2359,,7159,11,,,0
190001029,'1187691',1010,,7162,11,,,0
190001029,'1187692',2054,,7163,11,,,0
190001029,'1187693',2239,,7164,11,,,0
190001029,'1187694',1125,,7165,11,,,0
190001029,'1187699',1055,,7170,11,,,0
190001029,'1187703',1355,,7174,11,,,0
190001029,'1187704',939,,7175,11,,,0
190001029,'1187705',954,,7176,11,,,0
190001029,'1187707',1839,,7178,11,,,0
190001029,'1187708',1610,,7179,11,,,0
190001029,'1187711',1525,,7182,11,,,0
190001029,'1187712',1025,,7183,11,,,0
190001029,'1187714',1455,,7185,11,,,0
190001029,'1187717',2039,,7188,11,,,0
190001029,'1187718',839,,7189,11,,,0
190001029,'1187719',1140,,7190,11,,,0
190001029,'1187721',924,,7192,11,,,0
190001029,'1187722',1040,,7193,11,,,0
190001029,'1187723',654,,7194,11,,,0
190001029,'1187724',639,,7195,11,,,0
190001029,'1187727',1939,,7198,11,,,0
190001029,'1187728',1510,,7199,11,,,0
190001029,'1187731',2209,,7202,11,,,0
190001029,'1187732',1425,,7203,11,,,0
190001029,'1187733',809,,7204,11,,,0
190001029,'1187742',1909,,7213,11,,,0
190001029,'1187744',2309,,7215,11,,,0
190001029,'1187748',1210,,7219,11,,,0
