104029,'1190618',1412,,9248,22,,,0
104029,'1190628',1801,,9249,22,,,0
104029,'1190725',801,,9250,22,,,0
104029,'1190754',1031,,9251,22,,,0
104029,'1190787',1301,,9252,22,,,0
104029,'1190793',1831,,9253,22,,,0
104029,'1190961',1646,,9254,22,,,0
104029,'1191015',1542,,9255,22,,,0
104029,'1191060',1001,,9256,22,,,0
104029,'1191138',801,,9257,22,,,0
104029,'1191264',2301,,9258,22,,,0
104029,'1191265',916,,9259,22,,,0
104029,'1191297',646,,9260,22,,,0
104029,'1191332',1627,,9261,22,,,0
104029,'1191339',831,,9262,22,,,0
104029,'1191360',1531,,9263,22,,,0
104029,'1191502',1416,,9264,22,,,0
104029,'1191606',1601,,9265,22,,,0
104029,'1191664',2031,,9266,22,,,0
104029,'1191668',2146,,9267,22,,,0
104029,'1191699',801,,9268,22,,,0
104029,'1191901',2001,,9269,22,,,0
104029,'1191931',601,,9270,22,,,0
104029,'1192136',1201,,9271,22,,,0
104029,'1192243',1801,,9272,22,,,0
104029,'1192264',1712,,9273,22,,,0
104029,'1192282',1401,,9274,22,,,0
104029,'1192296',2201,,9275,22,,,0
104029,'1192329',716,,9276,22,,,0
104029,'1192460',1031,,9277,22,,,0
104029,'1192482',1457,,9278,22,,,0
104029,'1192831',1916,,9279,22,,,0
104029,'1192874',1746,,9280,22,,,0
104029,'1192986',2001,,9281,22,,,0
104029,'1192990',646,,9282,22,,,0
104029,'1193096',946,,9283,22,,,0
104029,'1193112',916,,9284,22,,,0
104029,'1193117',1157,,9285,22,,,0
104029,'1193136',2301,,9286,22,,,0
104029,'1193149',1327,,9287,22,,,0
104029,'1193215',1242,,9288,22,,,0
104029,'1193253',2131,,9289,22,,,0
104029,'1193281',1146,,9290,22,,,0
