105029,'1190637',832,,9337,59,,,0
105029,'1190832',719,,9338,59,,,0
105029,'1190854',1522,,9339,59,,,0
105029,'1190856',1337,,9340,59,,,0
105029,'1190924',2424,,9341,59,,,0
105029,'1190926',1434,,9342,59,,,0
105029,'1190965',1452,,9343,59,,,0
105029,'1190981',649,,9344,59,,,0
105029,'1191222',2232,,9345,59,,,0
105029,'1191223',1707,,9346,59,,,0
105029,'1191285',2019,,9347,59,,,0
105029,'1191307',1552,,9348,59,,,0
105029,'1191404',1534,,9349,59,,,0
105029,'1191423',1422,,9350,59,,,0
105029,'1191572',1034,,9351,59,,,0
105029,'1191670',1749,,9352,59,,,0
105029,'1191739',1807,,9353,59,,,0
105029,'1191784',1334,,9354,59,,,0
105029,'1191846',1022,,9355,59,,,0
105029,'1191848',1237,,9356,59,,,0
105029,'1191910',2432,,9357,59,,,0
105029,'1191936',1549,,9358,59,,,0
105029,'1192016',749,,9359,59,,,0
105029,'1192019',1834,,9360,59,,,0
105029,'1192058',2349,,9361,59,,,0
105029,'1192150',749,,9362,59,,,0
105029,'1192180',1949,,9363,59,,,0
105029,'1192198',2319,,9364,59,,,0
105029,'1192205',632,,9365,59,,,0
105029,'1192224',1637,,9366,59,,,0
105029,'1192338',1849,,9367,59,,,0
105029,'1192379',2119,,9368,59,,,0
105029,'1192463',1349,,9369,59,,,0
105029,'1192488',1134,,9370,59,,,0
105029,'1192491',819,,9371,59,,,0
105029,'1192500',919,,9372,59,,,0
105029,'1192511',2032,,9373,59,,,0
105029,'1192662',1634,,9374,59,,,0
105029,'1192694',1122,,9375,59,,,0
105029,'1192728',2149,,9376,59,,,0
105029,'1193038',1234,,9377,59,,,0
105029,'1193130',1149,,9378,59,,,0
105029,'1193181',1734,,9379,59,,,0
105029,'1193225',1737,,9380,59,,,0
105029,'1193234',949,,9381,59,,,0
105029,'1193316',2219,,9382,59,,,0
