103029,'1190630',1109,,9163,21,,,0
103029,'1190665',1915,,9164,21,,,0
103029,'1190791',921,,9165,21,,,0
103029,'1190798',1137,,9166,21,,,0
103029,'1190809',1539,,9167,21,,,0
103029,'1190864',1437,,9168,21,,,0
103029,'1191002',809,,9169,21,,,0
103029,'1191061',1145,,9170,21,,,0
103029,'1191087',1445,,9171,21,,,0
103029,'1191104',2008,,9172,21,,,0
103029,'1191213',1522,,9173,21,,,0
103029,'1191266',1239,,9174,21,,,0
103029,'1191392',1015,,9175,21,,,0
103029,'1191472',2138,,9176,21,,,0
103029,'1191532',2336,,9177,21,,,0
103029,'1191567',1838,,9178,21,,,0
103029,'1191612',2045,,9179,21,,,0
103029,'1191756',2036,,9180,21,,,0
103029,'1191869',1315,,9181,21,,,0
103029,'1191909',751,,9182,21,,,0
103029,'1191948',1607,,9183,21,,,0
103029,'1192055',2206,,9184,21,,,0
103029,'1192191',2308,,9185,21,,,0
103029,'1192208',1737,,9186,21,,,0
103029,'1192508',1409,,9187,21,,,0
103029,'1192592',639,,9188,21,,,0
103029,'1192628',2215,,9189,21,,,0
103029,'1192659',706,,9190,21,,,0
103029,'1192683',1615,,9191,21,,,0
103029,'1192749',1709,,9192,21,,,0
103029,'1192860',1745,,9193,21,,,0
103029,'1192948',1307,,9194,21,,,0
103029,'1193006',845,,9195,21,,,0
103029,'1193036',1006,,9196,21,,,0
103029,'1193074',836,,9197,21,,,0
103029,'1193169',1652,,9198,21,,,0
103029,'1193174',939,,9199,21,,,0
103029,'1193259',1906,,9200,21,,,0
