23029,'1184815',1557,,5506,15,,,0
23029,'1185599',954,,5509,15,,,0
23029,'1185835',1156,,5512,15,,,0
23029,'1185916',1356,,5513,15,,,0
102029,'1184571',1652,,6236,22,,,0
102029,'1184618',1737,,6237,22,,,0
102029,'1184714',2422,,6239,22,,,0
102029,'1184773',2122,,6240,22,,,0
102029,'1184861',837,,6242,22,,,0
102029,'1184912',1952,,6243,22,,,0
102029,'1184978',1607,,6244,22,,,0
102029,'1185373',1052,,6250,22,,,0
102029,'1185461',752,,6253,22,,,0
102029,'1185534',2252,,6254,22,,,0
102029,'1185681',622,,6255,22,,,0
102029,'1185738',1522,,6256,22,,,0
102029,'1185941',1222,,6258,22,,,0
102029,'1186057',922,,6259,22,,,0
102029,'1186170',1352,,6260,22,,,0
102029,'1186432',1007,,6261,22,,,0
102029,'1186708',1437,,6265,22,,,0
102029,'1186709',1822,,6266,22,,,0
102029,'1186954',707,,6271,22,,,0
