14019,'1150200',958,,1440,32,,,0
14019,'1150262',658,,1441,32,,,0
14019,'1150337',858,,1443,32,,,0
14019,'1150348',1159,,1444,32,,,0
14019,'1150379',728,,1445,32,,,0
14019,'1150712',2058,,1451,32,,,0
14019,'1151030',1400,,1452,32,,,0
14019,'1151165',2258,,1455,32,,,0
14019,'1151250',1759,,1456,32,,,0
14019,'1151355',2128,,1458,32,,,0
14019,'1151402',2328,,1459,32,,,0
14019,'1151531',758,,1462,32,,,0
14019,'1151546',2228,,1464,32,,,0
14019,'1151663',1530,,1466,32,,,0
14019,'1151708',1730,,1468,32,,,0
14019,'1151821',1300,,1470,32,,,0
14019,'1152024',958,,1471,32,,,0
14019,'1152219',1659,,1473,32,,,0
14019,'1152241',1259,,1474,32,,,0
14019,'1152242',1800,,1475,32,,,0
14019,'1152324',2028,,1479,32,,,0
14019,'1152363',858,,1481,32,,,0
14019,'1152413',1700,,1482,32,,,0
14019,'1152541',928,,1485,32,,,0
14019,'1152725',1600,,1488,32,,,0
14019,'1152770',1630,,1490,32,,,0
14019,'1152772',1928,,1491,32,,,0
14019,'1152885',1359,,1493,32,,,0
14019,'1153060',2158,,1494,32,,,0
14019,'1153371',658,,1499,32,,,0
14019,'1153493',758,,1502,32,,,0
14019,'1153692',1500,,1505,32,,,0
14019,'1153780',1100,,1506,32,,,0
14019,'1153908',1200,,1508,32,,,0
14019,'1154077',1828,,1510,32,,,0
14019,'1154090',1559,,1511,32,,,0
14019,'1154211',1958,,1514,32,,,0
14019,'1154339',1058,,1517,32,,,0
14019,'1154509',1858,,1520,32,,,0
14019,'1154513',1459,,1521,32,,,0
14019,'1154567',828,,1522,32,,,0
14019,'1155390',2358,,1531,32,,,0
