3019,'1150305',819,,311,27,,,0
3019,'1150481',1220,,313,27,,,0
3019,'1150563',820,,315,27,,,0
3019,'1150811',1819,,317,27,,,0
3019,'1150889',1120,,319,27,,,0
3019,'1151035',1420,,321,27,,,0
3019,'1151203',950,,325,27,,,0
3019,'1151213',1520,,326,27,,,0
3019,'1151256',2319,,328,27,,,0
3019,'1151321',920,,329,27,,,0
3019,'1151393',2049,,330,27,,,0
3019,'1151400',650,,331,27,,,0
3019,'1151491',1220,,332,27,,,0
3019,'1151513',1720,,334,27,,,0
3019,'1151779',1050,,339,27,,,0
3019,'1151871',2019,,343,27,,,0
3019,'1151922',2319,,344,27,,,0
3019,'1152057',1720,,347,27,,,0
3019,'1152063',1520,,348,27,,,0
3019,'1152202',2149,,350,27,,,0
3019,'1152231',1450,,351,27,,,0
3019,'1152571',850,,352,27,,,0
3019,'1152669',1819,,354,27,,,0
3019,'1153248',1949,,365,27,,,0
3019,'1153272',719,,366,27,,,0
3019,'1153282',2019,,367,27,,,0
3019,'1153300',1320,,368,27,,,0
3019,'1153438',1650,,373,27,,,0
3019,'1153604',1750,,375,27,,,0
3019,'1153670',1019,,377,27,,,0
3019,'1153676',2219,,378,27,,,0
3019,'1153785',1350,,380,27,,,0
3019,'1153853',1620,,381,27,,,0
3019,'1154020',1120,,384,27,,,0
3019,'1154065',2419,,386,27,,,0
3019,'1154163',1919,,387,27,,,0
3019,'1154275',1250,,388,27,,,0
3019,'1154394',2119,,390,27,,,0
3019,'1154423',750,,391,27,,,0
3019,'1154499',2119,,394,27,,,0
3019,'1154600',1020,,395,27,,,0
3019,'1154623',1849,,397,27,,,0
3019,'1154659',1620,,398,27,,,0
3019,'1154779',2409,,399,27,,,0
3019,'1154791',919,,400,27,,,0
3019,'1154895',1320,,402,27,,,0
3019,'1154981',1150,,403,27,,,0
3019,'1155129',1550,,404,27,,,0
3019,'1155147',720,,405,27,,,0
3019,'1155272',1919,,407,27,,,0
3019,'1155323',1420,,408,27,,,0
3019,'1155504',2219,,412,27,,,0
4019,'1150173',1411,,519,15,,,0
4019,'1150739',742,,520,15,,,0
4019,'1150908',1741,,521,15,,,0
4019,'1150956',1611,,522,15,,,0
4019,'1151139',1541,,523,15,,,0
4019,'1151875',841,,524,15,,,0
4019,'1152822',711,,525,15,,,0
4019,'1153216',1641,,526,15,,,0
4019,'1153770',1711,,527,15,,,0
4019,'1154133',811,,528,15,,,0
4019,'1154229',1341,,529,15,,,0
4019,'1154526',911,,530,15,,,0
4019,'1154911',1511,,531,15,,,0
4019,'1155331',941,,532,15,,,0
4019,'1155513',1441,,533,15,,,0
