2029,'1150099',726,,153,7,,,0
2029,'1150204',2239,,154,7,,,0
2029,'1150205',1422,,155,7,,,0
2029,'1150235',1756,,156,7,,,0
2029,'1150264',1126,,157,7,,,0
2029,'1150359',2139,,159,7,,,0
2029,'1150387',1626,,160,7,,,0
2029,'1150399',1311,,161,7,,,0
2029,'1150596',855,,163,7,,,0
2029,'1150706',1055,,164,7,,,0
2029,'1150737',1541,,166,7,,,0
2029,'1150754',655,,167,7,,,0
2029,'1150835',1010,,171,7,,,0
2029,'1150893',2109,,172,7,,,0
2029,'1150915',1026,,173,7,,,0
2029,'1150964',2336,,174,7,,,0
2029,'1151020',925,,175,7,,,0
2029,'1151059',1611,,176,7,,,0
2029,'1151109',1256,,177,7,,,0
2029,'1151112',2326,,178,7,,,0
2029,'1151287',1156,,183,7,,,0
2029,'1151318',1811,,184,7,,,0
2029,'1151377',1252,,185,7,,,0
2029,'1151512',1741,,187,7,,,0
2029,'1151673',2039,,189,7,,,0
2029,'1151753',2411,,190,7,,,0
2029,'1151810',1140,,192,7,,,0
2029,'1151846',1722,,194,7,,,0
2029,'1151913',1025,,195,7,,,0
2029,'1151977',725,,196,7,,,0
2029,'1151981',1356,,197,7,,,0
2029,'1151987',2406,,199,7,,,0
2029,'1152028',1826,,203,7,,,0
2029,'1152045',940,,204,7,,,0
2029,'1152158',2026,,205,7,,,0
2029,'1152377',1426,,207,7,,,0
2029,'1152464',810,,210,7,,,0
2029,'1152591',1411,,213,7,,,0
2029,'1152677',1452,,217,7,,,0
2029,'1152700',1909,,218,7,,,0
2029,'1152710',1352,,220,7,,,0
2029,'1152711',1641,,221,7,,,0
2029,'1152851',640,,223,7,,,0
2029,'1152909',1110,,224,7,,,0
2029,'1152943',2209,,225,7,,,0
2029,'1152978',1456,,226,7,,,0
2029,'1153006',1511,,227,7,,,0
2029,'1153039',1552,,228,7,,,0
2029,'1153131',1341,,230,7,,,0
2029,'1153150',856,,232,7,,,0
2029,'1153234',1941,,234,7,,,0
2029,'1153375',941,,236,7,,,0
2029,'1153517',1526,,238,7,,,0
2029,'1153626',1322,,242,7,,,0
2029,'1153665',1622,,243,7,,,0
2029,'1153733',1839,,244,7,,,0
2029,'1153775',1210,,247,7,,,0
2029,'1153874',1040,,249,7,,,0
2029,'1153876',1056,,250,7,,,0
2029,'1153897',1326,,252,7,,,0
2029,'1153931',1656,,255,7,,,0
2029,'1154143',840,,257,7,,,0
2029,'1154288',1652,,261,7,,,0
2029,'1154306',1556,,263,7,,,0
2029,'1154316',1726,,264,7,,,0
2029,'1154343',641,,265,7,,,0
2029,'1154350',1155,,266,7,,,0
2029,'1154435',1711,,268,7,,,0
2029,'1154444',1939,,270,7,,,0
2029,'1154549',1752,,272,7,,,0
2029,'1154551',1522,,273,7,,,0
2029,'1154560',1125,,274,7,,,0
2029,'1154588',2309,,275,7,,,0
2029,'1154727',2009,,279,7,,,0
2029,'1154740',1225,,280,7,,,0
2029,'1154770',955,,281,7,,,0
2029,'1154848',1222,,283,7,,,0
2029,'1154950',2156,,287,7,,,0
2029,'1154993',710,,288,7,,,0
2029,'1155076',2111,,290,7,,,0
2029,'1155100',2426,,292,7,,,0
2029,'1155178',2241,,293,7,,,0
2029,'1155312',740,,296,7,,,0
2029,'1155326',1826,,297,7,,,0
2029,'1155346',1856,,298,7,,,0
2029,'1155405',811,,301,7,,,0
2029,'1155418',910,,302,7,,,0
2029,'1155423',755,,303,7,,,0
2029,'1155457',1441,,304,7,,,0
2029,'1155498',1241,,305,7,,,0
2029,'1155507',825,,306,7,,,0
23019,'1150641',1307,,1846,2,,,0
23019,'1150844',1707,,1847,2,,,0
23019,'1151865',1537,,1849,2,,,0
23019,'1152093',1107,,1850,2,,,0
23019,'1152479',1337,,1851,2,,,0
23019,'1152622',1507,,1852,2,,,0
23019,'1152908',1137,,1853,2,,,0
23019,'1153524',937,,1854,2,,,0
23019,'1153718',907,,1855,2,,,0
103019,'1150581',851,,3099,2,,,0
103019,'1150650',1406,,3100,2,,,0
103019,'1150807',2106,,3102,2,,,0
103019,'1151036',1451,,3105,2,,,0
103019,'1151535',936,,3109,2,,,0
103019,'1151614',1236,,3112,2,,,0
103019,'1151765',2136,,3115,2,,,0
103019,'1151829',1836,,3116,2,,,0
103019,'1152005',806,,3120,2,,,0
103019,'1152137',906,,3121,2,,,0
103019,'1152317',2306,,3124,2,,,0
103019,'1152724',1936,,3126,2,,,0
103019,'1152808',2236,,3128,2,,,0
103019,'1153162',1706,,3130,2,,,0
103019,'1153376',1636,,3132,2,,,0
103019,'1153872',1106,,3136,2,,,0
103019,'1153926',1206,,3137,2,,,0
103019,'1154277',1336,,3140,2,,,0
103019,'1154296',721,,3141,2,,,0
103019,'1154523',2006,,3142,2,,,0
103019,'1154594',1621,,3143,2,,,0
103019,'1154619',1536,,3144,2,,,0
103019,'1154654',736,,3145,2,,,0
103019,'1154776',636,,3146,2,,,0
103019,'1154794',1806,,3148,2,,,0
103019,'1154837',1506,,3150,2,,,0
103019,'1154924',1036,,3152,2,,,0
