104019,'1190671',938,,9201,24,,,0
104019,'1190814',2124,,9202,24,,,0
104019,'1190818',2109,,9203,24,,,0
104019,'1190892',809,,9204,24,,,0
104019,'1190936',1513,,9205,24,,,0
104019,'1190948',2338,,9206,24,,,0
104019,'1190986',1809,,9207,24,,,0
104019,'1191016',738,,9208,24,,,0
104019,'1191017',739,,9209,24,,,0
104019,'1191094',1939,,9210,24,,,0
104019,'1191310',854,,9212,24,,,0
104019,'1191311',1738,,9213,24,,,0
104019,'1191316',1558,,9214,24,,,0
104019,'1191321',2239,,9215,24,,,0
104019,'1191385',1724,,9217,24,,,0
104019,'1191418',1009,,9218,24,,,0
104019,'1191499',2354,,9219,24,,,0
104019,'1191536',1343,,9220,24,,,0
104019,'1191638',1538,,9222,24,,,0
104019,'1191722',924,,9223,24,,,0
104019,'1191770',739,,9224,24,,,0
104019,'1191825',654,,9225,24,,,0
104019,'1191885',624,,9226,24,,,0
104019,'1191947',1128,,9227,24,,,0
104019,'1191953',1239,,9228,24,,,0
104019,'1191956',1338,,9229,24,,,0
104019,'1191969',1258,,9230,24,,,0
104019,'1192007',1509,,9231,24,,,0
104019,'1192026',1854,,9232,24,,,0
104019,'1192189',2138,,9233,24,,,0
104019,'1192203',854,,9234,24,,,0
104019,'1192446',1213,,9235,24,,,0
104019,'1192457',1739,,9236,24,,,0
104019,'1192466',1354,,9237,24,,,0
104019,'1192607',1124,,9238,24,,,0
104019,'1192616',1138,,9239,24,,,0
104019,'1192795',1938,,9240,24,,,0
104019,'1192810',1428,,9241,24,,,0
104019,'1192924',2009,,9242,24,,,0
104019,'1192954',1643,,9243,24,,,0
104019,'1192997',1009,,9244,24,,,0
104019,'1193072',2414,,9245,24,,,0
104019,'1193232',2239,,9246,24,,,0
104019,'1193244',1624,,9247,24,,,0
