3019,'1184522',1801,,4586,3,,,0
3019,'1184631',1131,,4589,3,,,0
3019,'1184649',1701,,4590,3,,,0
3019,'1184676',2351,,4591,3,,,0
3019,'1184760',1901,,4592,3,,,0
3019,'1184874',1231,,4595,3,,,0
3019,'1184909',831,,4596,3,,,0
3019,'1185421',1731,,4608,3,,,0
3019,'1185443',1631,,4609,3,,,0
3019,'1185578',2001,,4612,3,,,0
3019,'1185590',1401,,4613,3,,,0
3019,'1185597',901,,4614,3,,,0
3019,'1185658',2301,,4615,3,,,0
3019,'1185706',1331,,4617,3,,,0
3019,'1185843',931,,4619,3,,,0
3019,'1185867',1301,,4620,3,,,0
3019,'1185927',1431,,4623,3,,,0
3019,'1185935',2201,,4624,3,,,0
3019,'1185979',1501,,4626,3,,,0
3019,'1186113',1031,,4627,3,,,0
3019,'1186177',631,,4628,3,,,0
3019,'1186216',1001,,4629,3,,,0
3019,'1186304',801,,4630,3,,,0
3019,'1186501',1531,,4633,3,,,0
3019,'1186516',2101,,4635,3,,,0
3019,'1186518',731,,4636,3,,,0
3019,'1186762',1201,,4642,3,,,0
3019,'1186821',1101,,4644,3,,,0
3019,'1186894',701,,4650,3,,,0
3019,'1187174',1601,,4652,3,,,0
14029,'1184744',716,,5304,3,,,0
14029,'1184869',616,,5306,3,,,0
14029,'1184981',1646,,5310,3,,,0
14029,'1184993',1716,,5311,3,,,0
14029,'1185190',1946,,5312,3,,,0
14029,'1185265',816,,5314,3,,,0
14029,'1185322',1416,,5317,3,,,0
14029,'1185408',1446,,5319,3,,,0
14029,'1185491',1616,,5322,3,,,0
14029,'1185568',1516,,5325,3,,,0
14029,'1185828',2246,,5328,3,,,0
14029,'1185866',2351,,5330,3,,,0
14029,'1186118',646,,5334,3,,,0
14029,'1186154',916,,5335,3,,,0
14029,'1186312',2146,,5336,3,,,0
14029,'1186319',1546,,5337,3,,,0
14029,'1186327',1316,,5338,3,,,0
14029,'1186377',1216,,5340,3,,,0
14029,'1186418',1016,,5341,3,,,0
14029,'1186771',746,,5348,3,,,0
14029,'1186908',846,,5353,3,,,0
14029,'1186971',2046,,5355,3,,,0
14029,'1187063',1746,,5357,3,,,0
14029,'1187137',1846,,5360,3,,,0
14029,'1187192',1116,,5361,3,,,0
