102029,'1150114',706,,3028,2,,,0
102029,'1150311',822,,3029,2,,,0
102029,'1150365',1807,,3031,2,,,0
102029,'1150624',2237,,3033,2,,,0
102029,'1151025',2206,,3035,2,,,0
102029,'1151033',1436,,3036,2,,,0
102029,'1151098',1937,,3037,2,,,0
102029,'1151612',1507,,3042,2,,,0
102029,'1151626',1606,,3043,2,,,0
102029,'1151712',625,,3045,2,,,0
102029,'1152179',1337,,3051,2,,,0
102029,'1152187',1207,,3052,2,,,0
102029,'1152338',1722,,3054,2,,,0
102029,'1152412',1906,,3055,2,,,0
102029,'1152737',2107,,3061,2,,,0
102029,'1152743',1637,,3063,2,,,0
102029,'1152778',1736,,3064,2,,,0
102029,'1152823',1006,,3065,2,,,0
102029,'1152926',2036,,3067,2,,,0
102029,'1152934',1306,,3068,2,,,0
102029,'1152972',2336,,3069,2,,,0
102029,'1152993',1136,,3070,2,,,0
102029,'1153440',836,,3074,2,,,0
102029,'1153653',652,,3075,2,,,0
102029,'1153772',2407,,3079,2,,,0
102029,'1153821',907,,3081,2,,,0
102029,'1153896',737,,3082,2,,,0
102029,'1154767',1552,,3086,2,,,0
102029,'1154835',1037,,3088,2,,,0
102029,'1154970',952,,3090,2,,,0
102029,'1155173',1422,,3092,2,,,0
102029,'1155411',607,,3093,2,,,0
