24019,'1184720',2238,,5520,13,,,0
24019,'1184783',1510,,5521,13,,,0
24019,'1185006',708,,5525,13,,,0
24019,'1185016',1710,,5526,13,,,0
24019,'1185031',1610,,5528,13,,,0
24019,'1185105',1110,,5529,13,,,0
24019,'1185134',1540,,5530,13,,,0
24019,'1185680',908,,5534,13,,,0
24019,'1185686',2138,,5535,13,,,0
24019,'1185754',638,,5536,13,,,0
24019,'1185861',838,,5538,13,,,0
24019,'1186018',1640,,5540,13,,,0
24019,'1186166',1210,,5543,13,,,0
24019,'1186359',2358,,5546,13,,,0
24019,'1186391',1310,,5547,13,,,0
24019,'1186431',1838,,5548,13,,,0
24019,'1186446',1440,,5549,13,,,0
24019,'1186515',938,,5551,13,,,0
24019,'1186633',738,,5552,13,,,0
24019,'1186693',2038,,5554,13,,,0
24019,'1186725',1410,,5556,13,,,0
24019,'1186904',1740,,5560,13,,,0
24019,'1186974',1008,,5563,13,,,0
24019,'1187078',1938,,5569,13,,,0
24019,'1187158',808,,5573,13,,,0
