101019,'1150144',1541,,2867,40,,,0
101019,'1150380',1104,,2869,40,,,0
101019,'1150746',1941,,2873,40,,,0
101019,'1150862',2141,,2874,40,,,0
101019,'1150954',604,,2875,40,,,0
101019,'1150998',1406,,2876,40,,,0
101019,'1151001',741,,2877,40,,,0
101019,'1151295',1806,,2880,40,,,0
101019,'1151359',804,,2881,40,,,0
101019,'1151610',1204,,2883,40,,,0
101019,'1151994',1741,,2886,40,,,0
101019,'1152080',1706,,2887,40,,,0
101019,'1152371',1606,,2888,40,,,0
101019,'1152676',904,,2890,40,,,0
101019,'1152765',2103,,2891,40,,,0
101019,'1152944',2341,,2893,40,,,0
101019,'1153556',2304,,2899,40,,,0
101019,'1153641',1141,,2900,40,,,0
101019,'1153864',1341,,2903,40,,,0
101019,'1154431',1506,,2908,40,,,0
101019,'1154552',1904,,2909,40,,,0
101019,'1155432',941,,2913,40,,,0
101019,'1155460',1004,,2914,40,,,0
