14029,'1150190',1832,,1534,36,,,0
14029,'1150439',832,,1538,36,,,0
14029,'1150459',1333,,1539,36,,,0
14029,'1150588',2302,,1543,36,,,0
14029,'1150672',1503,,1546,36,,,0
14029,'1150717',932,,1547,36,,,0
14029,'1150738',2002,,1548,36,,,0
14029,'1151331',1932,,1555,36,,,0
14029,'1151766',732,,1558,36,,,0
14029,'1151954',1632,,1561,36,,,0
14029,'1152193',2332,,1563,36,,,0
14029,'1152310',1432,,1566,36,,,0
14029,'1152526',1233,,1568,36,,,0
14029,'1152537',932,,1569,36,,,0
14029,'1152587',802,,1573,36,,,0
14029,'1152675',1532,,1575,36,,,0
14029,'1152745',2032,,1576,36,,,0
14029,'1152748',1533,,1577,36,,,0
14029,'1152812',632,,1578,36,,,0
14029,'1152932',2132,,1581,36,,,0
14029,'1152939',1732,,1582,36,,,0
14029,'1153024',1032,,1583,36,,,0
14029,'1153508',732,,1587,36,,,0
14029,'1153585',1603,,1591,36,,,0
14029,'1153659',1332,,1592,36,,,0
14029,'1153682',1633,,1593,36,,,0
14029,'1153912',832,,1596,36,,,0
14029,'1154347',1132,,1598,36,,,0
14029,'1154414',702,,1599,36,,,0
14029,'1154420',902,,1600,36,,,0
14029,'1154562',2232,,1602,36,,,0
14029,'1154601',2202,,1603,36,,,0
14029,'1154633',1703,,1605,36,,,0
14029,'1154637',2407,,1606,36,,,0
14029,'1154683',2102,,1607,36,,,0
14029,'1154906',1733,,1611,36,,,0
14029,'1154942',1802,,1612,36,,,0
14029,'1155036',1232,,1613,36,,,0
14029,'1155042',1033,,1614,36,,,0
14029,'1155063',1433,,1615,36,,,0
14029,'1155252',1902,,1620,36,,,0
14029,'1155490',1133,,1625,36,,,0
