101019,'1184498',2330,,6132,33,,,0
101019,'1184591',1130,,6135,33,,,0
101019,'1184796',1852,,6136,33,,,0
101019,'1184902',1530,,6137,33,,,0
101019,'1184924',930,,6138,33,,,0
101019,'1184925',2051,,6139,33,,,0
101019,'1185023',1152,,6140,33,,,0
101019,'1185092',1754,,6141,33,,,0
101019,'1185544',730,,6142,33,,,0
101019,'1185625',1052,,6145,33,,,0
101019,'1185636',852,,6146,33,,,0
101019,'1185684',1930,,6147,33,,,0
101019,'1185751',1454,,6148,33,,,0
101019,'1185803',952,,6149,33,,,0
101019,'1185998',1354,,6150,33,,,0
101019,'1186087',2252,,6153,33,,,0
101019,'1186263',2130,,6154,33,,,0
101019,'1186308',1330,,6155,33,,,0
101019,'1186331',552,,6156,33,,,0
101019,'1186580',1554,,6157,33,,,0
101019,'1186587',1654,,6158,33,,,0
101019,'1186594',1730,,6159,33,,,0
101019,'1187155',752,,6161,33,,,0
