105019,'1150133',935,,3356,7,,,0
105019,'1150519',1753,,3358,7,,,0
105019,'1150723',647,,3359,7,,,0
105019,'1150755',1438,,3360,7,,,0
105019,'1150957',835,,3364,7,,,0
105019,'1150991',1253,,3365,7,,,0
105019,'1151148',1049,,3367,7,,,0
105019,'1151174',1249,,3368,7,,,0
105019,'1151428',805,,3371,7,,,0
105019,'1151680',1823,,3374,7,,,0
105019,'1151743',735,,3375,7,,,0
105019,'1152002',2233,,3380,7,,,0
105019,'1152300',1349,,3381,7,,,0
105019,'1152360',633,,3382,7,,,0
105019,'1152386',705,,3383,7,,,0
105019,'1152506',1723,,3384,7,,,0
105019,'1152547',603,,3385,7,,,0
105019,'1152647',2133,,3386,7,,,0
105019,'1152697',2333,,3387,7,,,0
105019,'1153054',1449,,3390,7,,,0
105019,'1153337',1849,,3392,7,,,0
105019,'1153487',533,,3393,7,,,0
105019,'1153863',1149,,3395,7,,,0
105019,'1153895',1508,,3397,7,,,0
105019,'1154206',2033,,3398,7,,,0
105019,'1154598',1749,,3402,7,,,0
105019,'1154605',1649,,3403,7,,,0
105019,'1154691',1038,,3404,7,,,0
105019,'1154711',1549,,3406,7,,,0
105019,'1154821',1353,,3407,7,,,0
105019,'1154915',1903,,3409,7,,,0
105019,'1154933',1653,,3410,7,,,0
105019,'1155111',2247,,3412,7,,,0
105019,'1155143',1608,,3413,7,,,0
105019,'1155198',1138,,3415,7,,,0
105019,'1155339',1538,,3419,7,,,0
105019,'1155343',2047,,3420,7,,,0
105019,'1155497',847,,3421,7,,,0
