26019,'1184685',2105,,5755,6,,,0
26019,'1184742',705,,5756,6,,,0
26019,'1184996',1905,,5759,6,,,0
26019,'1185012',1605,,5760,6,,,0
26019,'1185046',2205,,5761,6,,,0
26019,'1185230',2305,,5763,6,,,0
26019,'1185360',1405,,5765,6,,,0
26019,'1185364',2205,,5766,6,,,0
26019,'1185370',1705,,5767,6,,,0
26019,'1185487',1905,,5770,6,,,0
26019,'1185598',905,,5773,6,,,0
26019,'1185603',1305,,5774,6,,,0
26019,'1185627',1705,,5775,6,,,0
26019,'1185632',1805,,5776,6,,,0
26019,'1185655',1005,,5777,6,,,0
26019,'1185664',1805,,5778,6,,,0
26019,'1185694',1105,,5779,6,,,0
26019,'1185728',805,,5780,6,,,0
26019,'1185873',1035,,5781,6,,,0
26019,'1186043',1235,,5782,6,,,0
26019,'1186159',1135,,5785,6,,,0
26019,'1186179',2005,,5786,6,,,0
26019,'1186208',1205,,5788,6,,,0
26019,'1186292',1505,,5790,6,,,0
26019,'1186376',1505,,5791,6,,,0
26019,'1186465',605,,5792,6,,,0
26019,'1186513',1435,,5793,6,,,0
26019,'1186522',705,,5794,6,,,0
26019,'1186524',605,,5795,6,,,0
26019,'1186682',1005,,5798,6,,,0
26019,'1186770',905,,5799,6,,,0
26019,'1186790',2305,,5800,6,,,0
26019,'1186794',805,,5801,6,,,0
26019,'1187013',1335,,5804,6,,,0
26019,'1187074',2005,,5805,6,,,0
26019,'1187076',1605,,5806,6,,,0
26019,'1187117',2105,,5807,6,,,0
