13029,'1150166',1055,,1343,13,,,0
13029,'1150192',655,,1344,13,,,0
13029,'1150236',1355,,1345,13,,,0
13029,'1150280',2255,,1346,13,,,0
13029,'1150428',2055,,1348,13,,,0
13029,'1150802',1157,,1354,13,,,0
13029,'1150970',856,,1357,13,,,0
13029,'1151261',2025,,1361,13,,,0
13029,'1151608',1757,,1365,13,,,0
13029,'1151634',1557,,1366,13,,,0
13029,'1151678',755,,1369,13,,,0
13029,'1151825',655,,1371,13,,,0
13029,'1152154',1155,,1377,13,,,0
13029,'1152196',1657,,1378,13,,,0
13029,'1152291',2225,,1379,13,,,0
13029,'1152631',2125,,1381,13,,,0
13029,'1152685',1529,,1382,14,,,0
13029,'1152832',755,,1384,13,,,0
13029,'1152857',1025,,1385,13,,,0
13029,'1152875',1925,,1386,13,,,0
13029,'1153017',1455,,1387,13,,,0
13029,'1153018',1825,,1388,13,,,0
13029,'1153194',1257,,1392,13,,,0
13029,'1153367',1457,,1395,13,,,0
13029,'1153482',1855,,1396,13,,,0
13029,'1153582',2155,,1398,13,,,0
13029,'1153914',2325,,1402,13,,,0
13029,'1153951',1727,,1403,13,,,0
13029,'1154032',956,,1406,13,,,0
13029,'1154045',1058,,1407,13,,,0
13029,'1154050',625,,1408,13,,,0
13029,'1154418',2355,,1414,13,,,0
13029,'1154462',1755,,1416,13,,,0
13029,'1154559',1255,,1419,13,,,0
13029,'1154667',1655,,1421,13,,,0
13029,'1154705',955,,1423,13,,,0
13029,'1154900',725,,1426,13,,,0
13029,'1154948',855,,1427,13,,,0
13029,'1155079',1627,,1428,13,,,0
13029,'1155165',1955,,1429,13,,,0
13029,'1155317',1357,,1433,13,,,0
13029,'1155427',1555,,1436,13,,,0
13029,'1155442',825,,1437,13,,,0
13029,'1155494',926,,1438,13,,,0
101019,'1150144',1548,,2867,46,,,0
101019,'1150380',1111,,2869,46,,,0
101019,'1150746',1948,,2873,46,,,0
101019,'1150862',2148,,2874,46,,,0
101019,'1150954',611,,2875,46,,,0
101019,'1150998',1413,,2876,46,,,0
101019,'1151001',748,,2877,46,,,0
101019,'1151295',1813,,2880,46,,,0
101019,'1151359',811,,2881,46,,,0
101019,'1151610',1211,,2883,46,,,0
101019,'1151994',1748,,2886,46,,,0
101019,'1152080',1713,,2887,46,,,0
101019,'1152371',1613,,2888,46,,,0
101019,'1152676',911,,2890,46,,,0
101019,'1152765',2110,,2891,46,,,0
101019,'1152944',2348,,2893,46,,,0
101019,'1153556',2311,,2899,46,,,0
101019,'1153641',1148,,2900,46,,,0
101019,'1153864',1348,,2903,46,,,0
101019,'1154431',1513,,2908,46,,,0
101019,'1154552',1911,,2909,46,,,0
101019,'1155432',948,,2913,46,,,0
101019,'1155460',1011,,2914,46,,,0
