101019,'1190633',1128,,8977,3,,,0
101019,'1190779',1308,,8978,3,,,0
101019,'1190804',1108,,8979,3,,,0
101019,'1190956',2108,,8980,3,,,0
101019,'1191198',528,,8981,3,,,0
101019,'1191312',908,,8982,3,,,0
101019,'1191333',2228,,8983,3,,,0
101019,'1191377',1508,,8984,3,,,0
101019,'1191380',2108,,8985,3,,,0
101019,'1191432',1708,,8986,3,,,0
101019,'1191480',1331,,8987,3,,,0
101019,'1191543',1908,,8988,3,,,0
101019,'1191977',1308,,8989,3,,,0
101019,'1192063',828,,8990,3,,,0
101019,'1192135',1028,,8991,3,,,0
101019,'1192166',1828,,8992,3,,,0
101019,'1192271',928,,8993,3,,,0
101019,'1192368',1508,,8994,3,,,0
101019,'1192448',908,,8995,3,,,0
101019,'1192613',728,,8996,3,,,0
101019,'1192782',1631,,8997,3,,,0
101019,'1192859',1108,,8998,3,,,0
101019,'1192896',1908,,8999,3,,,0
101019,'1192902',708,,9000,3,,,0
101019,'1192958',2027,,9001,3,,,0
101019,'1192961',708,,9002,3,,,0
101019,'1192963',2308,,9003,3,,,0
101019,'1193022',1431,,9004,3,,,0
101019,'1193099',1708,,9005,3,,,0
101019,'1193164',1531,,9006,3,,,0
101019,'1193193',1731,,9007,3,,,0
