27019,'1184479',2214,,5861,5,,,0
27019,'1184659',644,,5862,5,,,0
27019,'1184736',1144,,5863,5,,,0
27019,'1184892',1444,,5866,5,,,0
27019,'1184984',1914,,5868,5,,,0
27019,'1185147',2014,,5871,5,,,0
27019,'1185260',2314,,5874,5,,,0
27019,'1185328',1244,,5876,5,,,0
27019,'1185418',1044,,5879,5,,,0
27019,'1185974',844,,5889,5,,,0
27019,'1186408',2114,,5896,5,,,0
27019,'1186461',744,,5898,5,,,0
27019,'1186620',1844,,5899,5,,,0
27019,'1186677',1644,,5900,5,,,0
27019,'1186777',1544,,5902,5,,,0
27019,'1186850',1744,,5905,5,,,0
27019,'1186962',944,,5909,5,,,0
27019,'1187106',1344,,5910,5,,,0
