11029,'1184506',1352,,4908,12,,,0
11029,'1184513',822,,4909,12,,,0
11029,'1184541',622,,4910,12,,,0
11029,'1184766',1722,,4912,12,,,0
11029,'1184779',1552,,4913,12,,,0
11029,'1184878',2152,,4917,12,,,0
11029,'1184880',1322,,4918,12,,,0
11029,'1185127',1422,,4924,12,,,0
11029,'1185286',722,,4927,12,,,0
11029,'1185293',952,,4929,12,,,0
11029,'1185336',2357,,4930,12,,,0
11029,'1185344',1952,,4931,12,,,0
11029,'1185436',1452,,4932,12,,,0
11029,'1185494',1052,,4934,12,,,0
11029,'1185677',652,,4938,12,,,0
11029,'1185922',1652,,4941,12,,,0
11029,'1185961',752,,4944,12,,,0
11029,'1186219',1022,,4949,12,,,0
11029,'1186286',1122,,4950,12,,,0
11029,'1186409',922,,4953,12,,,0
11029,'1186424',2252,,4955,12,,,0
11029,'1186506',2052,,4957,12,,,0
11029,'1186509',1252,,4958,12,,,0
11029,'1186544',852,,4960,12,,,0
11029,'1186737',1522,,4966,12,,,0
11029,'1186756',1222,,4967,12,,,0
11029,'1186773',1752,,4968,12,,,0
11029,'1186855',1852,,4972,12,,,0
11029,'1186937',1622,,4975,12,,,0
11029,'1187113',1152,,4977,12,,,0
