3019,'1150305',808,,311,14,,,0
3019,'1150481',1208,,313,14,,,0
3019,'1150563',808,,315,14,,,0
3019,'1150811',1808,,317,14,,,0
3019,'1150889',1108,,319,14,,,0
3019,'1151035',1408,,321,14,,,0
3019,'1151203',938,,325,14,,,0
3019,'1151213',1508,,326,14,,,0
3019,'1151256',2308,,328,14,,,0
3019,'1151321',908,,329,14,,,0
3019,'1151393',2038,,330,14,,,0
3019,'1151400',638,,331,14,,,0
3019,'1151491',1208,,332,14,,,0
3019,'1151513',1708,,334,14,,,0
3019,'1151779',1038,,339,14,,,0
3019,'1151871',2008,,343,14,,,0
3019,'1151922',2308,,344,14,,,0
3019,'1152057',1708,,347,14,,,0
3019,'1152063',1508,,348,14,,,0
3019,'1152202',2138,,350,14,,,0
3019,'1152231',1438,,351,14,,,0
3019,'1152571',838,,352,14,,,0
3019,'1152669',1808,,354,14,,,0
3019,'1153248',1938,,365,14,,,0
3019,'1153272',708,,366,14,,,0
3019,'1153282',2008,,367,14,,,0
3019,'1153300',1308,,368,14,,,0
3019,'1153438',1638,,373,14,,,0
3019,'1153604',1738,,375,14,,,0
3019,'1153670',1008,,377,14,,,0
3019,'1153676',2208,,378,14,,,0
3019,'1153785',1338,,380,14,,,0
3019,'1153853',1608,,381,14,,,0
3019,'1154020',1108,,384,14,,,0
3019,'1154065',2408,,386,14,,,0
3019,'1154163',1908,,387,14,,,0
3019,'1154275',1238,,388,14,,,0
3019,'1154394',2108,,390,14,,,0
3019,'1154423',738,,391,14,,,0
3019,'1154499',2108,,394,14,,,0
3019,'1154600',1008,,395,14,,,0
3019,'1154623',1838,,397,14,,,0
3019,'1154659',1608,,398,14,,,0
3019,'1154779',2358,,399,14,,,0
3019,'1154791',908,,400,14,,,0
3019,'1154895',1308,,402,14,,,0
3019,'1154981',1138,,403,14,,,0
3019,'1155129',1538,,404,14,,,0
3019,'1155147',708,,405,14,,,0
3019,'1155272',1908,,407,14,,,0
3019,'1155323',1408,,408,14,,,0
3019,'1155504',2208,,412,14,,,0
