104019,'1185617',2426,,6369,11,,,0
104029,'1184515',1736,,6402,11,,,0
104029,'1184569',1446,,6403,11,,,0
104029,'1184607',936,,6404,11,,,0
104029,'1184753',1021,,6406,11,,,0
104029,'1185072',1231,,6408,11,,,0
104029,'1185283',906,,6412,11,,,0
104029,'1185308',1616,,6413,11,,,0
104029,'1185376',706,,6417,11,,,0
104029,'1185608',751,,6418,11,,,0
104029,'1185732',821,,6420,11,,,0
104029,'1185743',551,,6421,11,,,0
104029,'1186088',2121,,6425,11,,,0
104029,'1186151',2251,,6426,11,,,0
104029,'1186191',1316,,6428,11,,,0
104029,'1186192',1531,,6429,11,,,0
104029,'1186354',1701,,6432,11,,,0
104029,'1186398',636,,6433,11,,,0
104029,'1186854',1401,,6439,11,,,0
104029,'1186944',1821,,6440,11,,,0
104029,'1187100',1146,,6442,11,,,0
104029,'1187128',1951,,6443,11,,,0
