28019,'1184531',1813,,5965,11,,,0
28019,'1184536',743,,5966,11,,,0
28019,'1184586',1938,,5967,11,,,0
28019,'1184590',843,,5968,11,,,0
28019,'1184806',1413,,5969,11,,,0
28019,'1184941',2138,,5970,11,,,0
28019,'1184960',758,,5971,11,,,0
28019,'1184962',1258,,5972,11,,,0
28019,'1185009',1743,,5973,11,,,0
28019,'1185083',1313,,5974,11,,,0
28019,'1185094',1038,,5975,11,,,0
28019,'1185095',1613,,5976,11,,,0
28019,'1185107',1758,,5977,11,,,0
28019,'1185217',1438,,5978,11,,,0
28019,'1185229',1013,,5979,11,,,0
28019,'1185235',738,,5980,11,,,0
28019,'1185263',2113,,5981,11,,,0
28019,'1185291',1638,,5982,11,,,0
28019,'1185463',2358,,5983,11,,,0
28019,'1185469',1913,,5984,11,,,0
28019,'1185546',2238,,5985,11,,,0
28019,'1185615',2213,,5986,11,,,0
28019,'1185718',1338,,5987,11,,,0
28019,'1185768',643,,5988,11,,,0
28019,'1185787',1513,,5989,11,,,0
28019,'1185832',1838,,5990,11,,,0
28019,'1185834',658,,5991,11,,,0
28019,'1185836',1858,,5992,11,,,0
28019,'1185880',2013,,5993,11,,,0
28019,'1185920',2313,,5994,11,,,0
28019,'1185987',1058,,5995,11,,,0
28019,'1186020',2158,,5996,11,,,0
28019,'1186085',1113,,5997,11,,,0
28019,'1186130',1213,,5998,11,,,0
28019,'1186196',1358,,5999,11,,,0
28019,'1186203',858,,6000,11,,,0
28019,'1186206',1458,,6001,11,,,0
28019,'1186293',813,,6002,11,,,0
28019,'1186426',1658,,6003,11,,,0
28019,'1186487',1538,,6004,11,,,0
28019,'1186488',2038,,6005,11,,,0
28019,'1186500',2258,,6006,11,,,0
28019,'1186547',2058,,6007,11,,,0
28019,'1186557',1238,,6008,11,,,0
28019,'1186574',613,,6009,11,,,0
28019,'1186585',1713,,6010,11,,,0
28019,'1186695',1138,,6011,11,,,0
28019,'1186743',1643,,6012,11,,,0
28019,'1186748',1738,,6013,11,,,0
28019,'1186749',838,,6014,11,,,0
28019,'1186761',1843,,6015,11,,,0
28019,'1186800',938,,6016,11,,,0
28019,'1186844',913,,6017,11,,,0
28019,'1186887',1958,,6018,11,,,0
28019,'1187015',958,,6019,11,,,0
28019,'1187017',713,,6020,11,,,0
28019,'1187021',1158,,6021,11,,,0
28019,'1187046',1558,,6022,11,,,0
28019,'1187163',2338,,6023,11,,,0
