3019,'1184522',1816,,4586,25,,,0
3019,'1184631',1146,,4589,25,,,0
3019,'1184649',1716,,4590,25,,,0
3019,'1184676',2405,,4591,25,,,0
3019,'1184760',1916,,4592,25,,,0
3019,'1184874',1246,,4595,25,,,0
3019,'1184909',846,,4596,25,,,0
3019,'1185421',1746,,4608,25,,,0
3019,'1185443',1646,,4609,25,,,0
3019,'1185578',2016,,4612,25,,,0
3019,'1185590',1416,,4613,25,,,0
3019,'1185597',916,,4614,25,,,0
3019,'1185658',2315,,4615,25,,,0
3019,'1185706',1346,,4617,25,,,0
3019,'1185843',946,,4619,25,,,0
3019,'1185867',1316,,4620,25,,,0
3019,'1185927',1446,,4623,25,,,0
3019,'1185935',2216,,4624,25,,,0
3019,'1185979',1516,,4626,25,,,0
3019,'1186113',1046,,4627,25,,,0
3019,'1186177',646,,4628,25,,,0
3019,'1186216',1016,,4629,25,,,0
3019,'1186304',816,,4630,25,,,0
3019,'1186501',1546,,4633,25,,,0
3019,'1186516',2116,,4635,25,,,0
3019,'1186518',746,,4636,25,,,0
3019,'1186762',1216,,4642,25,,,0
3019,'1186821',1116,,4644,25,,,0
3019,'1186894',716,,4650,25,,,0
3019,'1187174',1616,,4652,25,,,0
190001019,'1184477',729,,6823,13,,,0
190001019,'1184538',1115,,6825,13,,,0
190001019,'1184623',714,,6827,13,,,0
190001019,'1184686',2158,,6832,13,,,0
190001019,'1184712',929,,6834,13,,,0
190001019,'1184722',659,,6835,13,,,0
190001019,'1184775',1230,,6836,13,,,0
190001019,'1184812',1400,,6838,13,,,0
190001019,'1184841',1959,,6840,13,,,0
190001019,'1184844',759,,6841,13,,,0
190001019,'1184915',1537,,6846,13,,,0
190001019,'1184930',1437,,6847,13,,,0
190001019,'1185008',814,,6848,13,,,0
190001019,'1185052',1315,,6850,13,,,0
190001019,'1185077',2014,,6853,13,,,0
190001019,'1185090',844,,6854,13,,,0
190001019,'1185150',1752,,6855,13,,,0
190001019,'1185161',1737,,6856,13,,,0
190001019,'1185178',1929,,6857,13,,,0
190001019,'1185194',2358,,6858,13,,,0
190001019,'1185221',2059,,6859,13,,,0
190001019,'1185231',1652,,6860,13,,,0
190001019,'1185343',1607,,6864,13,,,0
190001019,'1185352',1914,,6865,13,,,0
190001019,'1185392',944,,6867,13,,,0
190001019,'1185448',914,,6868,13,,,0
190001019,'1185479',1507,,6869,13,,,0
190001019,'1185532',959,,6872,13,,,0
190001019,'1185537',2418,,6873,13,,,0
190001019,'1185572',1637,,6875,13,,,0
190001019,'1185600',2328,,6877,13,,,0
190001019,'1185605',1722,,6878,13,,,0
190001019,'1185609',2029,,6879,13,,,0
190001019,'1185645',2143,,6882,13,,,0
190001019,'1185667',1200,,6884,13,,,0
190001019,'1185709',1707,,6886,13,,,0
190001019,'1185796',1552,,6891,13,,,0
190001019,'1185810',1030,,6892,13,,,0
190001019,'1185883',644,,6895,13,,,0
190001019,'1185950',859,,6898,13,,,0
190001019,'1186040',1245,,6902,13,,,0
190001019,'1186058',2114,,6903,13,,,0
190001019,'1186059',1814,,6904,13,,,0
190001019,'1186110',1300,,6907,13,,,0
190001019,'1186115',1100,,6908,13,,,0
190001019,'1186141',1422,,6911,13,,,0
190001019,'1186145',1859,,6912,13,,,0
190001019,'1186149',1145,,6913,13,,,0
190001019,'1186229',1130,,6918,13,,,0
190001019,'1186272',1944,,6922,13,,,0
190001019,'1186285',2044,,6923,13,,,0
190001019,'1186294',1622,,6924,13,,,0
190001019,'1186371',829,,6929,13,,,0
190001019,'1186413',2228,,6931,13,,,0
190001019,'1186619',1844,,6936,13,,,0
190001019,'1186635',744,,6937,13,,,0
190001019,'1186646',1801,,6938,13,,,0
190001019,'1186716',1215,,6939,13,,,0
190001019,'1186726',1045,,6940,13,,,0
190001019,'1186788',2128,,6943,13,,,0
190001019,'1186873',1345,,6946,13,,,0
190001019,'1186969',1829,,6948,13,,,0
190001019,'1187081',1014,,6954,13,,,0
190001019,'1187092',1522,,6955,13,,,0
190001019,'1187150',2258,,6957,13,,,0
190001019,'1187182',1452,,6959,13,,,0
190001019,'1187190',1330,,6960,13,,,0
190001029,'1187611',1538,,7082,9,,,0
190001029,'1187612',707,,7083,9,,,0
190001029,'1187613',1338,,7084,9,,,0
190001029,'1187614',2007,,7085,9,,,0
190001029,'1187616',1822,,7087,9,,,0
190001029,'1187624',1852,,7095,9,,,0
190001029,'1187625',2337,,7096,9,,,0
190001029,'1187630',822,,7101,9,,,0
190001029,'1187631',1807,,7102,9,,,0
190001029,'1187632',2137,,7103,9,,,0
190001029,'1187633',1737,,7104,9,,,0
190001029,'1187634',2107,,7105,9,,,0
190001029,'1187635',1723,,7106,9,,,0
190001029,'1187636',2122,,7107,9,,,0
190001029,'1187638',1153,,7109,9,,,0
190001029,'1187639',752,,7110,9,,,0
190001029,'1187642',1623,,7113,9,,,0
190001029,'1187649',1253,,7120,9,,,0
190001029,'1187650',907,,7121,9,,,0
190001029,'1187651',1438,,7122,9,,,0
190001029,'1187652',737,,7123,9,,,0
190001029,'1187657',852,,7128,9,,,0
190001029,'1187661',1408,,7132,9,,,0
190001029,'1187662',1323,,7133,9,,,0
190001029,'1187663',1223,,7134,9,,,0
190001029,'1187667',722,,7138,9,,,0
190001029,'1187671',2022,,7142,9,,,0
190001029,'1187672',1922,,7143,9,,,0
190001029,'1187673',1308,,7144,9,,,0
190001029,'1187675',622,,7146,9,,,0
190001029,'1187677',1238,,7148,9,,,0
190001029,'1187678',1638,,7149,9,,,0
190001029,'1187679',1752,,7150,9,,,0
190001029,'1187680',1108,,7151,9,,,0
190001029,'1187681',1708,,7152,9,,,0
190001029,'1187683',1553,,7154,9,,,0
190001029,'1187684',1952,,7155,9,,,0
190001029,'1187686',1653,,7157,9,,,0
190001029,'1187688',2357,,7159,9,,,0
190001029,'1187691',1008,,7162,9,,,0
190001029,'1187692',2052,,7163,9,,,0
190001029,'1187693',2237,,7164,9,,,0
190001029,'1187694',1123,,7165,9,,,0
190001029,'1187699',1053,,7170,9,,,0
190001029,'1187703',1353,,7174,9,,,0
190001029,'1187704',937,,7175,9,,,0
190001029,'1187705',952,,7176,9,,,0
190001029,'1187707',1837,,7178,9,,,0
190001029,'1187708',1608,,7179,9,,,0
190001029,'1187711',1523,,7182,9,,,0
190001029,'1187712',1023,,7183,9,,,0
190001029,'1187714',1453,,7185,9,,,0
190001029,'1187717',2037,,7188,9,,,0
190001029,'1187718',837,,7189,9,,,0
190001029,'1187719',1138,,7190,9,,,0
190001029,'1187721',922,,7192,9,,,0
190001029,'1187722',1038,,7193,9,,,0
190001029,'1187723',652,,7194,9,,,0
190001029,'1187724',637,,7195,9,,,0
190001029,'1187727',1937,,7198,9,,,0
190001029,'1187728',1508,,7199,9,,,0
190001029,'1187731',2207,,7202,9,,,0
190001029,'1187732',1423,,7203,9,,,0
190001029,'1187733',807,,7204,9,,,0
190001029,'1187742',1907,,7213,9,,,0
190001029,'1187744',2307,,7215,9,,,0
190001029,'1187748',1208,,7219,9,,,0
