13019,'1184512',1227,,5122,18,,,0
13019,'1184594',2256,,5124,18,,,0
13019,'1184597',626,,5125,18,,,0
13019,'1184763',656,,5130,18,,,0
13019,'1184782',1027,,5131,18,,,0
13019,'1184816',756,,5132,18,,,0
13019,'1184967',1527,,5133,18,,,0
13019,'1185101',1657,,5134,18,,,0
13019,'1185148',1756,,5135,18,,,0
13019,'1185153',926,,5136,18,,,0
13019,'1185449',2401,,5141,18,,,0
13019,'1185552',826,,5143,18,,,0
13019,'1185574',856,,5144,18,,,0
13019,'1185882',1427,,5153,18,,,0
13019,'1185890',1727,,5154,18,,,0
13019,'1185910',1327,,5157,18,,,0
13019,'1185952',2056,,5160,18,,,0
13019,'1186127',2156,,5163,18,,,0
13019,'1186271',1956,,5165,18,,,0
13019,'1186295',726,,5166,18,,,0
13019,'1186370',1127,,5168,18,,,0
13019,'1186730',956,,5172,18,,,0
13019,'1186805',1856,,5173,18,,,0
13019,'1187103',1627,,5179,18,,,0
13019,'1187170',1557,,5180,18,,,0
13019,'1187172',1457,,5181,18,,,0
