3029,'1150202',2014,,417,18,,,0
3029,'1150338',1045,,419,18,,,0
3029,'1150614',645,,422,18,,,0
3029,'1150985',1046,,425,18,,,0
3029,'1151183',1844,,429,18,,,0
3029,'1151192',1647,,430,18,,,0
3029,'1151504',1647,,432,18,,,0
3029,'1151640',1747,,435,18,,,0
3029,'1151683',1517,,437,18,,,0
3029,'1151731',1944,,438,18,,,0
3029,'1151876',2044,,442,18,,,0
3029,'1151984',816,,445,18,,,0
3029,'1152000',1147,,447,18,,,0
3029,'1152164',2245,,450,18,,,0
3029,'1152335',746,,453,18,,,0
3029,'1152374',2244,,454,18,,,0
3029,'1152494',1317,,459,18,,,0
3029,'1152784',916,,463,18,,,0
3029,'1152803',1217,,464,18,,,0
3029,'1152828',1547,,465,18,,,0
3029,'1152863',1016,,466,18,,,0
3029,'1152936',1247,,467,18,,,0
3029,'1153075',1347,,470,18,,,0
3029,'1153143',1717,,473,18,,,0
3029,'1153218',845,,474,18,,,0
3029,'1153269',1817,,475,18,,,0
3029,'1153277',2145,,476,18,,,0
3029,'1153325',945,,477,18,,,0
3029,'1153346',1347,,478,18,,,0
3029,'1153473',1617,,480,18,,,0
3029,'1153476',716,,481,18,,,0
3029,'1153644',1247,,482,18,,,0
3029,'1153678',1845,,483,18,,,0
3029,'1153903',2345,,485,18,,,0
3029,'1153992',1914,,487,18,,,0
3029,'1154123',1945,,491,18,,,0
3029,'1154264',745,,495,18,,,0
3029,'1154368',1447,,497,18,,,0
3029,'1154445',846,,498,18,,,0
3029,'1154525',2045,,500,18,,,0
3029,'1154677',2114,,502,18,,,0
3029,'1154694',1147,,503,18,,,0
3029,'1154731',1116,,504,18,,,0
3029,'1154736',2214,,505,18,,,0
3029,'1154807',646,,506,18,,,0
3029,'1154840',2341,,508,18,,,0
3029,'1155071',1547,,511,18,,,0
3029,'1155137',1417,,512,18,,,0
3029,'1155140',1447,,513,18,,,0
3029,'1155180',946,,514,18,,,0
3029,'1155345',2144,,516,18,,,0
3029,'1155451',1747,,518,18,,,0
