13029,'1184622',1452,,5183,2,,,0
13029,'1184913',1152,,5187,2,,,0
13029,'1185007',1722,,5191,2,,,0
13029,'1185049',2120,,5192,2,,,0
13029,'1185060',2320,,5193,2,,,0
13029,'1185250',650,,5197,2,,,0
13029,'1185377',1252,,5200,2,,,0
13029,'1185394',750,,5201,2,,,0
13029,'1185484',921,,5203,2,,,0
13029,'1185580',1752,,5205,2,,,0
13029,'1185937',1652,,5210,2,,,0
13029,'1185958',820,,5211,2,,,0
13029,'1185992',2220,,5212,2,,,0
13029,'1186268',1920,,5216,2,,,0
13029,'1186340',2020,,5218,2,,,0
13029,'1186403',1020,,5219,2,,,0
13029,'1186434',1352,,5220,2,,,0
13029,'1186504',720,,5222,2,,,0
13029,'1186525',1053,,5223,2,,,0
13029,'1186673',1820,,5224,2,,,0
13029,'1186687',620,,5225,2,,,0
13029,'1186818',951,,5227,2,,,0
13029,'1186830',1521,,5228,2,,,0
13029,'1186955',1552,,5235,2,,,0
13029,'1186976',851,,5236,2,,,0
13029,'1187030',1622,,5239,2,,,0
101019,'1184796',1908,,6136,44,,,0
101019,'1184925',2107,,6139,44,,,0
101019,'1185023',1208,,6140,44,,,0
101019,'1185092',1810,,6141,44,,,0
101019,'1185625',1108,,6145,44,,,0
101019,'1185636',908,,6146,44,,,0
101019,'1185751',1510,,6148,44,,,0
101019,'1185803',1008,,6149,44,,,0
101019,'1185998',1410,,6150,44,,,0
101019,'1186087',2308,,6153,44,,,0
101019,'1186331',608,,6156,44,,,0
101019,'1186580',1610,,6157,44,,,0
101019,'1186587',1710,,6158,44,,,0
101019,'1187155',808,,6161,44,,,0
