20019,'1150303',1645,,1629,14,,,0
20019,'1150364',1215,,1630,14,,,0
20019,'1150489',1515,,1631,14,,,0
20019,'1150747',2415,,1634,14,,,0
20019,'1150854',1315,,1635,14,,,0
20019,'1151024',715,,1637,14,,,0
20019,'1151122',2145,,1640,14,,,0
20019,'1151303',2245,,1643,14,,,0
20019,'1151373',1845,,1647,14,,,0
20019,'1151387',1244,,1648,14,,,0
20019,'1151433',1615,,1651,14,,,0
20019,'1151762',844,,1656,14,,,0
20019,'1151886',1115,,1658,14,,,0
20019,'1151931',1344,,1659,14,,,0
20019,'1152721',1015,,1670,14,,,0
20019,'1152762',1945,,1671,14,,,0
20019,'1152786',644,,1672,14,,,0
20019,'1152918',1415,,1675,14,,,0
20019,'1153149',1644,,1677,14,,,0
20019,'1153158',744,,1678,14,,,0
20019,'1153200',1544,,1680,14,,,0
20019,'1153211',1815,,1681,14,,,0
20019,'1153280',2045,,1683,14,,,0
20019,'1153430',1745,,1684,14,,,0
20019,'1153443',815,,1685,14,,,0
20019,'1153668',614,,1687,14,,,0
20019,'1153787',2344,,1688,14,,,0
20019,'1153845',1444,,1690,14,,,0
20019,'1153869',745,,1691,14,,,0
20019,'1154012',2015,,1692,14,,,0
20019,'1154297',1044,,1699,14,,,0
20019,'1154396',2115,,1701,14,,,0
20019,'1154561',944,,1703,14,,,0
20019,'1154717',1915,,1704,14,,,0
20019,'1154777',1144,,1705,14,,,0
20019,'1154972',2315,,1708,14,,,0
20019,'1155160',644,,1712,14,,,0
20019,'1155229',915,,1713,14,,,0
20019,'1155285',2215,,1714,14,,,0
20019,'1155406',1715,,1716,14,,,0
20019,'1155462',1744,,1717,14,,,0
