22019,'1150441',1415,,1811,15,,,0
22019,'1150800',1015,,1812,15,,,0
22019,'1151346',1245,,1813,15,,,0
22019,'1152264',1815,,1814,15,,,0
22019,'1152425',1445,,1815,15,,,0
22019,'1152695',1815,,1816,15,,,0
22019,'1152712',1615,,1817,15,,,0
22019,'1152891',1045,,1818,15,,,0
22019,'1153159',1615,,1819,15,,,0
22019,'1153570',1215,,1820,15,,,0
22019,'1154152',1215,,1821,15,,,0
22019,'1154488',815,,1822,15,,,0
22019,'1154626',845,,1823,15,,,0
22019,'1154882',815,,1824,15,,,0
22019,'1155378',1015,,1825,15,,,0
22019,'1155508',1415,,1826,15,,,0
