23029,'1190732',1354,,8352,12,,,0
23029,'1190742',1154,,8353,12,,,0
23029,'1190848',1523,,8354,12,,,0
23029,'1191071',922,,8355,12,,,0
23029,'1191280',1324,,8356,12,,,0
23029,'1191342',952,,8357,12,,,0
23029,'1191679',1723,,8358,12,,,0
23029,'1192283',1123,,8359,12,,,0
23029,'1192955',1555,,8360,12,,,0
102029,'1190835',1920,,9081,19,,,0
102029,'1190937',640,,9082,19,,,0
102029,'1191107',2220,,9083,19,,,0
102029,'1191135',750,,9084,19,,,0
102029,'1191154',1532,,9085,19,,,0
102029,'1191181',1150,,9086,19,,,0
102029,'1191262',1450,,9087,19,,,0
102029,'1191304',720,,9088,19,,,0
102029,'1191433',920,,9089,19,,,0
102029,'1191481',1232,,9090,19,,,0
102029,'1191496',2250,,9091,19,,,0
102029,'1191671',850,,9092,19,,,0
102029,'1191758',2302,,9093,19,,,0
102029,'1191805',1605,,9094,19,,,0
102029,'1191922',620,,9095,19,,,0
102029,'1191944',1402,,9096,19,,,0
102029,'1192040',1320,,9097,19,,,0
102029,'1192054',1350,,9098,19,,,0
102029,'1192104',2132,,9099,19,,,0
102029,'1192165',1020,,9100,19,,,0
102029,'1192219',2120,,9101,19,,,0
102029,'1192229',1832,,9102,19,,,0
102029,'1192269',1520,,9103,19,,,0
102029,'1192425',1220,,9104,19,,,0
102029,'1192453',2002,,9105,19,,,0
102029,'1192474',2350,,9106,19,,,0
102029,'1192505',705,,9107,19,,,0
102029,'1192509',1950,,9108,19,,,0
102029,'1192621',1735,,9109,19,,,0
102029,'1192631',1005,,9110,19,,,0
102029,'1192823',802,,9111,19,,,0
102029,'1192857',1702,,9112,19,,,0
102029,'1192870',1620,,9113,19,,,0
102029,'1192893',1820,,9114,19,,,0
102029,'1192925',1650,,9115,19,,,0
102029,'1192999',932,,9116,19,,,0
102029,'1193000',2420,,9117,19,,,0
102029,'1193010',1050,,9118,19,,,0
102029,'1193070',835,,9119,19,,,0
102029,'1193101',1102,,9120,19,,,0
102029,'1193141',2050,,9121,19,,,0
102029,'1193243',1750,,9122,19,,,0
102029,'1193313',1435,,9123,19,,,0
