29019,'1150216',1445,,2785,13,,,0
29019,'1150316',1530,,2786,13,,,0
29019,'1150542',1530,,2787,13,,,0
29019,'1150663',929,,2788,13,,,0
29019,'1150707',1330,,2789,13,,,0
29019,'1150798',1030,,2790,13,,,0
29019,'1150837',2129,,2791,13,,,0
29019,'1150850',1230,,2792,13,,,0
29019,'1151021',1730,,2793,13,,,0
29019,'1151243',945,,2794,13,,,0
29019,'1151427',729,,2795,13,,,0
29019,'1151432',929,,2796,13,,,0
29019,'1151749',1345,,2797,13,,,0
29019,'1151947',1730,,2798,13,,,0
29019,'1152147',1245,,2799,13,,,0
29019,'1152159',1929,,2800,13,,,0
29019,'1152178',2329,,2801,13,,,0
29019,'1152251',829,,2802,13,,,0
29019,'1152263',829,,2803,13,,,0
29019,'1152782',2029,,2804,13,,,0
29019,'1152790',1430,,2805,13,,,0
29019,'1152913',1829,,2806,13,,,0
29019,'1153072',1230,,2807,13,,,0
29019,'1153101',1630,,2808,13,,,0
29019,'1153250',2229,,2809,13,,,0
29019,'1153364',729,,2810,13,,,0
29019,'1153394',2029,,2811,13,,,0
29019,'1153423',1829,,2812,13,,,0
29019,'1153640',1430,,2813,13,,,0
29019,'1153817',1130,,2814,13,,,0
29019,'1153846',1929,,2815,13,,,0
29019,'1154151',1545,,2816,13,,,0
29019,'1154629',2229,,2817,13,,,0
29019,'1154646',2329,,2818,13,,,0
29019,'1154660',1145,,2819,13,,,0
29019,'1154707',1130,,2820,13,,,0
29019,'1154869',1330,,2821,13,,,0
29019,'1155024',2129,,2822,13,,,0
29019,'1155101',1630,,2823,13,,,0
29019,'1155273',1045,,2824,13,,,0
29019,'1155440',1030,,2825,13,,,0
