3029,'1190608',752,,7499,11,,,0
3029,'1190611',1938,,7500,11,,,0
3029,'1190627',1739,,7501,11,,,0
3029,'1190644',1510,,7502,11,,,0
3029,'1190703',852,,7503,11,,,0
3029,'1190736',1210,,7504,11,,,0
3029,'1190789',1639,,7505,11,,,0
3029,'1190824',2238,,7506,11,,,0
3029,'1190826',1052,,7507,11,,,0
3029,'1190828',1752,,7508,11,,,0
3029,'1190874',738,,7509,11,,,0
3029,'1190893',1152,,7510,11,,,0
3029,'1190909',1108,,7511,11,,,0
3029,'1190946',1439,,7512,11,,,0
3029,'1190994',738,,7513,11,,,0
3029,'1191014',908,,7514,11,,,0
3029,'1191024',1810,,7515,11,,,0
3029,'1191040',1540,,7516,11,,,0
3029,'1191098',1838,,7517,11,,,0
3029,'1191158',2338,,7518,11,,,0
3029,'1191226',938,,7519,11,,,0
3029,'1191231',1240,,7520,11,,,0
3029,'1191245',952,,7521,11,,,0
3029,'1191258',708,,7522,11,,,0
3029,'1191314',1440,,7523,11,,,0
3029,'1191341',1552,,7524,11,,,0
3029,'1191381',1652,,7525,11,,,0
3029,'1191407',2152,,7526,11,,,0
3029,'1191474',2352,,7527,11,,,0
3029,'1191535',1038,,7528,11,,,0
3029,'1191540',1740,,7529,11,,,0
3029,'1191586',2238,,7530,11,,,0
3029,'1191666',2138,,7531,11,,,0
3029,'1191712',1410,,7532,11,,,0
3029,'1191791',1640,,7533,11,,,0
3029,'1191888',1952,,7534,11,,,0
3029,'1191899',1938,,7535,11,,,0
3029,'1191925',1539,,7536,11,,,0
3029,'1191939',2335,,7537,11,,,0
3029,'1192011',1852,,7538,11,,,0
3029,'1192084',2138,,7539,11,,,0
3029,'1192087',938,,7540,11,,,0
3029,'1192092',1352,,7541,11,,,0
3029,'1192097',638,,7542,11,,,0
3029,'1192186',1838,,7543,11,,,0
3029,'1192237',1339,,7544,11,,,0
3029,'1192250',2252,,7545,11,,,0
3029,'1192257',1710,,7546,11,,,0
3029,'1192374',2038,,7547,11,,,0
3029,'1192469',1140,,7548,11,,,0
3029,'1192581',2052,,7549,11,,,0
3029,'1192585',1239,,7550,11,,,0
3029,'1192635',838,,7551,11,,,0
3029,'1192717',638,,7552,11,,,0
3029,'1192825',1252,,7553,11,,,0
3029,'1192832',1310,,7554,11,,,0
3029,'1192839',2038,,7555,11,,,0
3029,'1192856',1008,,7556,11,,,0
3029,'1192861',1038,,7557,11,,,0
3029,'1193034',1452,,7558,11,,,0
3029,'1193061',838,,7559,11,,,0
3029,'1193095',808,,7560,11,,,0
3029,'1193126',1610,,7561,11,,,0
3029,'1193264',1139,,7562,11,,,0
3029,'1193282',1340,,7563,11,,,0
