104029,'1190618',1422,,9248,37,,,0
104029,'1190628',1810,,9249,37,,,0
104029,'1190725',810,,9250,37,,,0
104029,'1190754',1040,,9251,37,,,0
104029,'1190787',1310,,9252,37,,,0
104029,'1190793',1840,,9253,37,,,0
104029,'1190961',1655,,9254,37,,,0
104029,'1191015',1552,,9255,37,,,0
104029,'1191060',1010,,9256,37,,,0
104029,'1191138',810,,9257,37,,,0
104029,'1191264',2310,,9258,37,,,0
104029,'1191265',925,,9259,37,,,0
104029,'1191297',655,,9260,37,,,0
104029,'1191332',1637,,9261,37,,,0
104029,'1191339',840,,9262,37,,,0
104029,'1191360',1540,,9263,37,,,0
104029,'1191502',1425,,9264,37,,,0
104029,'1191606',1610,,9265,37,,,0
104029,'1191664',2040,,9266,37,,,0
104029,'1191668',2155,,9267,37,,,0
104029,'1191699',810,,9268,37,,,0
104029,'1191901',2010,,9269,37,,,0
104029,'1191931',610,,9270,37,,,0
104029,'1192136',1210,,9271,37,,,0
104029,'1192243',1810,,9272,37,,,0
104029,'1192264',1722,,9273,37,,,0
104029,'1192282',1410,,9274,37,,,0
104029,'1192296',2210,,9275,37,,,0
104029,'1192329',725,,9276,37,,,0
104029,'1192460',1040,,9277,37,,,0
104029,'1192482',1507,,9278,37,,,0
104029,'1192831',1925,,9279,37,,,0
104029,'1192874',1755,,9280,37,,,0
104029,'1192986',2010,,9281,37,,,0
104029,'1192990',655,,9282,37,,,0
104029,'1193096',955,,9283,37,,,0
104029,'1193112',925,,9284,37,,,0
104029,'1193117',1207,,9285,37,,,0
104029,'1193136',2310,,9286,37,,,0
104029,'1193149',1337,,9287,37,,,0
104029,'1193215',1252,,9288,37,,,0
104029,'1193253',2140,,9289,37,,,0
104029,'1193281',1155,,9290,37,,,0
