25029,'1150098',849,,2156,6,,,0
25029,'1150151',648,,2157,6,,,0
25029,'1150498',1619,,2158,6,,,0
25029,'1150759',1749,,2162,6,,,0
25029,'1150775',2049,,2164,6,,,0
25029,'1150917',2249,,2165,6,,,0
25029,'1151077',2249,,2170,6,,,0
25029,'1151239',1649,,2173,6,,,0
25029,'1151248',1149,,2174,6,,,0
25029,'1151251',1519,,2175,6,,,0
25029,'1151253',819,,2176,6,,,0
25029,'1151398',1449,,2178,6,,,0
25029,'1151422',719,,2179,6,,,0
25029,'1151517',1949,,2181,6,,,0
25029,'1151881',1749,,2184,6,,,0
25029,'1152003',1219,,2187,6,,,0
25029,'1152065',2348,,2189,6,,,0
25029,'1152448',1019,,2193,6,,,0
25029,'1152495',748,,2194,6,,,0
25029,'1152593',2149,,2195,6,,,0
25029,'1152738',1419,,2198,6,,,0
25029,'1152975',2409,,2204,6,,,0
25029,'1153012',1349,,2205,6,,,0
25029,'1153020',949,,2206,6,,,0
25029,'1153090',1849,,2207,6,,,0
25029,'1153136',1949,,2208,6,,,0
25029,'1153318',849,,2211,6,,,0
25029,'1153599',1119,,2214,6,,,0
25029,'1153605',2149,,2215,6,,,0
25029,'1153798',949,,2218,6,,,0
25029,'1154201',1719,,2226,6,,,0
25029,'1154378',1849,,2227,6,,,0
25029,'1154534',2049,,2229,6,,,0
25029,'1154602',1549,,2230,6,,,0
25029,'1154749',919,,2232,6,,,0
25029,'1154753',1249,,2233,6,,,0
25029,'1154917',1319,,2237,6,,,0
25029,'1155119',1649,,2240,6,,,0
25029,'1155205',1049,,2242,6,,,0
25029,'1155264',749,,2244,6,,,0
25029,'1155316',649,,2245,6,,,0
25029,'1155410',1449,,2246,6,,,0
25029,'1155414',1549,,2247,6,,,0
26029,'1150100',1420,,2338,15,,,0
26029,'1150123',1450,,2339,15,,,0
26029,'1150271',1520,,2342,15,,,0
26029,'1150324',1320,,2343,15,,,0
26029,'1150367',2219,,2344,15,,,0
26029,'1150583',1520,,2346,15,,,0
26029,'1150914',1050,,2351,15,,,0
26029,'1151447',619,,2358,15,,,0
26029,'1151768',1020,,2361,15,,,0
26029,'1152227',1820,,2368,15,,,0
26029,'1152563',2020,,2373,15,,,0
26029,'1152589',1220,,2374,15,,,0
26029,'1152694',1620,,2376,15,,,0
26029,'1152967',1350,,2379,15,,,0
26029,'1153010',2019,,2381,15,,,0
26029,'1153161',2319,,2383,15,,,0
26029,'1153226',720,,2385,15,,,0
26029,'1153388',1621,,2386,15,,,0
26029,'1153444',719,,2388,15,,,0
26029,'1153679',1020,,2393,15,,,0
26029,'1153836',2219,,2397,15,,,0
26029,'1153996',1250,,2399,15,,,0
26029,'1154146',620,,2401,15,,,0
26029,'1154204',2119,,2402,15,,,0
26029,'1154235',1920,,2404,15,,,0
26029,'1154258',1820,,2405,15,,,0
26029,'1154345',819,,2407,15,,,0
26029,'1154397',1919,,2409,15,,,0
26029,'1154512',1120,,2410,15,,,0
26029,'1154536',1150,,2411,15,,,0
26029,'1154620',920,,2413,15,,,0
26029,'1154679',2120,,2414,15,,,0
26029,'1154682',919,,2415,15,,,0
26029,'1154861',1720,,2416,15,,,0
26029,'1155188',1720,,2420,15,,,0
26029,'1155234',820,,2421,15,,,0
26029,'1155304',2319,,2423,15,,,0
104029,'1150508',1805,,3292,41,,,0
104029,'1150833',1302,,3301,41,,,0
104029,'1150856',2319,,3302,41,,,0
104029,'1151008',1517,,3304,41,,,0
104029,'1151097',2149,,3305,41,,,0
104029,'1151285',1217,,3310,41,,,0
104029,'1151623',819,,3312,41,,,0
104029,'1151632',1647,,3313,41,,,0
104029,'1151639',1049,,3314,41,,,0
104029,'1151734',934,,3316,41,,,0
104029,'1151896',704,,3319,41,,,0
104029,'1152059',619,,3322,41,,,0
104029,'1152405',734,,3325,41,,,0
104029,'1152789',1602,,3333,41,,,0
104029,'1153825',2019,,3339,41,,,0
104029,'1154373',849,,3341,41,,,0
104029,'1154842',1004,,3344,41,,,0
104029,'1154990',1732,,3347,41,,,0
104029,'1155225',1849,,3350,41,,,0
104029,'1155342',1432,,3352,41,,,0
104029,'1155435',1347,,3353,41,,,0
104029,'1174582',1049,,4339,41,,,0
104029,'1174742',1704,,4340,41,,,0
104029,'1174783',2049,,4341,41,,,0
104029,'1174936',819,,4342,41,,,0
104029,'1175045',704,,4343,41,,,0
104029,'1175446',1819,,4344,41,,,0
104029,'1175466',1549,,4345,41,,,0
104029,'1175637',934,,4346,41,,,0
104029,'1175833',1434,,4347,41,,,0
104029,'1175995',1319,,4348,41,,,0
104029,'1176420',1934,,4349,41,,,0
104029,'1176424',1204,,4350,41,,,0
104029,'1176552',2319,,4351,41,,,0
104029,'1177233',2204,,4352,41,,,0
104029,'1181155',1432,,4353,42,,,0
104029,'1181212',1217,,4354,42,,,0
104029,'1181411',1517,,4355,42,,,0
104029,'1181445',1302,,4356,42,,,0
104029,'1181463',819,,4357,42,,,0
104029,'1181465',1049,,4358,42,,,0
104029,'1181610',1805,,4359,42,,,0
104029,'1181818',2149,,4360,42,,,0
104029,'1181976',1004,,4361,42,,,0
104029,'1181990',619,,4362,42,,,0
104029,'1182344',1347,,4363,42,,,0
104029,'1182649',934,,4364,42,,,0
104029,'1182756',2319,,4365,42,,,0
104029,'1182765',1849,,4366,42,,,0
104029,'1183191',1732,,4367,42,,,0
104029,'1183225',734,,4368,42,,,0
104029,'1183615',849,,4369,42,,,0
104029,'1183699',2019,,4370,42,,,0
104029,'1183734',1647,,4371,42,,,0
104029,'1184115',1602,,4372,42,,,0
104029,'1184200',704,,4373,42,,,0
