101019,'1150144',1528,,2867,30,,,0
101019,'1150380',1051,,2869,30,,,0
101019,'1150746',1928,,2873,30,,,0
101019,'1150862',2128,,2874,30,,,0
101019,'1150954',551,,2875,30,,,0
101019,'1150998',1353,,2876,30,,,0
101019,'1151001',728,,2877,30,,,0
101019,'1151295',1753,,2880,30,,,0
101019,'1151359',751,,2881,30,,,0
101019,'1151610',1151,,2883,30,,,0
101019,'1151994',1728,,2886,30,,,0
101019,'1152080',1653,,2887,30,,,0
101019,'1152371',1553,,2888,30,,,0
101019,'1152676',851,,2890,30,,,0
101019,'1152765',2050,,2891,30,,,0
101019,'1152944',2328,,2893,30,,,0
101019,'1153556',2251,,2899,30,,,0
101019,'1153641',1128,,2900,30,,,0
101019,'1153864',1328,,2903,30,,,0
101019,'1154431',1453,,2908,30,,,0
101019,'1154552',1851,,2909,30,,,0
101019,'1155432',928,,2913,30,,,0
101019,'1155460',951,,2914,30,,,0
