14029,'1190709',1907,,8149,43,,,0
14029,'1190764',1807,,8150,43,,,0
14029,'1190906',707,,8151,43,,,0
14029,'1190920',2335,,8152,43,,,0
14029,'1190927',1638,,8153,43,,,0
14029,'1190947',2135,,8154,43,,,0
14029,'1191037',1508,,8155,43,,,0
14029,'1191042',1137,,8156,43,,,0
14029,'1191055',1035,,8157,43,,,0
14029,'1191078',837,,8158,43,,,0
14029,'1191085',735,,8159,43,,,0
14029,'1191268',2035,,8160,43,,,0
14029,'1191308',1437,,8161,43,,,0
14029,'1191322',1038,,8162,43,,,0
14029,'1191348',1238,,8163,43,,,0
14029,'1191415',2237,,8164,43,,,0
14029,'1191429',1837,,8165,43,,,0
14029,'1191444',935,,8166,43,,,0
14029,'1191520',1438,,8167,43,,,0
14029,'1191547',1537,,8168,43,,,0
14029,'1191620',1937,,8169,43,,,0
14029,'1191630',937,,8170,43,,,0
14029,'1191685',1135,,8171,43,,,0
14029,'1191690',1535,,8172,43,,,0
14029,'1191718',2337,,8173,43,,,0
14029,'1191777',937,,8174,43,,,0
14029,'1191810',737,,8175,43,,,0
14029,'1191843',1435,,8176,43,,,0
14029,'1191865',807,,8177,43,,,0
14029,'1191921',907,,8178,43,,,0
14029,'1191937',1235,,8179,43,,,0
14029,'1191955',837,,8180,43,,,0
14029,'1191980',2412,,8181,43,,,0
14029,'1192001',2307,,8182,43,,,0
14029,'1192032',835,,8183,43,,,0
14029,'1192051',1708,,8184,43,,,0
14029,'1192126',2235,,8185,43,,,0
14029,'1192347',2207,,8186,43,,,0
14029,'1192381',1835,,8187,43,,,0
14029,'1192383',1335,,8188,43,,,0
14029,'1192388',637,,8189,43,,,0
14029,'1192435',1637,,8190,43,,,0
14029,'1192473',2037,,8191,43,,,0
14029,'1192489',1608,,8192,43,,,0
14029,'1192580',2137,,8193,43,,,0
14029,'1192589',1735,,8194,43,,,0
14029,'1192627',1337,,8195,43,,,0
14029,'1192632',1237,,8196,43,,,0
14029,'1192674',1538,,8197,43,,,0
14029,'1192744',1635,,8198,43,,,0
14029,'1192787',1935,,8199,43,,,0
14029,'1192957',1737,,8200,43,,,0
14029,'1193009',1738,,8201,43,,,0
14029,'1193016',2107,,8202,43,,,0
14029,'1193023',2007,,8203,43,,,0
14029,'1193040',1138,,8204,43,,,0
14029,'1193048',737,,8205,43,,,0
14029,'1193064',1037,,8206,43,,,0
14029,'1193291',1338,,8207,43,,,0
190001029,'1190604',1103,,9807,21,,,0
190001029,'1190620',2116,,9808,21,,,0
190001029,'1190635',1718,,9809,21,,,0
190001029,'1190652',1216,,9810,21,,,0
190001029,'1190699',2001,,9811,21,,,0
190001029,'1190704',2216,,9812,21,,,0
190001029,'1190726',1000,,9813,21,,,0
190001029,'1190746',1316,,9814,21,,,0
190001029,'1190747',1618,,9815,21,,,0
190001029,'1190752',1031,,9816,21,,,0
190001029,'1190800',1048,,9817,21,,,0
190001029,'1190837',1703,,9818,21,,,0
190001029,'1190876',2046,,9819,21,,,0
190001029,'1190881',1533,,9820,21,,,0
190001029,'1190882',2327,,9821,21,,,0
190001029,'1190898',1827,,9822,21,,,0
190001029,'1190900',1118,,9823,21,,,0
190001029,'1190913',1431,,9824,21,,,0
190001029,'1190939',1027,,9825,21,,,0
190001029,'1191041',946,,9826,21,,,0
190001029,'1191131',715,,9827,21,,,0
190001029,'1191140',1418,,9828,21,,,0
190001029,'1191151',1133,,9829,21,,,0
190001029,'1191155',1116,,9830,21,,,0
190001029,'1191175',1318,,9831,21,,,0
190001029,'1191188',1716,,9832,21,,,0
190001029,'1191192',845,,9833,21,,,0
190001029,'1191210',1701,,9834,21,,,0
190001029,'1191272',1401,,9835,21,,,0
190001029,'1191286',1616,,9836,21,,,0
190001029,'1191290',745,,9837,21,,,0
190001029,'1191343',1746,,9838,21,,,0
190001029,'1191359',1001,,9839,21,,,0
190001029,'1191421',1915,,9840,21,,,0
190001029,'1191463',2346,,9841,21,,,0
190001029,'1191487',2115,,9842,21,,,0
190001029,'1191580',1927,,9843,21,,,0
190001029,'1191605',1018,,9844,21,,,0
190001029,'1191633',1546,,9845,21,,,0
190001029,'1191662',746,,9846,21,,,0
190001029,'1191689',2016,,9847,21,,,0
190001029,'1191715',2131,,9848,21,,,0
190001029,'1191738',915,,9849,21,,,0
190001029,'1191741',2127,,9850,21,,,0
190001029,'1191763',1516,,9851,21,,,0
190001029,'1191769',1946,,9852,21,,,0
190001029,'1191772',1503,,9853,21,,,0
190001029,'1191819',727,,9854,21,,,0
190001029,'1191840',2316,,9855,21,,,0
190001029,'1191845',1203,,9856,21,,,0
190001029,'1191890',1033,,9857,21,,,0
190001029,'1191949',1731,,9858,21,,,0
190001029,'1191957',927,,9859,21,,,0
190001029,'1191961',1931,,9860,21,,,0
190001029,'1192025',1218,,9861,21,,,0
190001029,'1192034',1631,,9862,21,,,0
190001029,'1192074',815,,9863,21,,,0
190001029,'1192078',2145,,9864,21,,,0
190001029,'1192086',945,,9865,21,,,0
190001029,'1192094',1830,,9866,21,,,0
190001029,'1192100',1648,,9867,21,,,0
190001029,'1192108',1248,,9868,21,,,0
190001029,'1192115',2406,,9869,21,,,0
190001029,'1192131',1531,,9870,21,,,0
190001029,'1192167',1201,,9871,21,,,0
190001029,'1192168',1603,,9872,21,,,0
190001029,'1192196',916,,9873,21,,,0
190001029,'1192215',1101,,9874,21,,,0
190001029,'1192300',1601,,9875,21,,,0
190001029,'1192307',1446,,9876,21,,,0
190001029,'1192321',1727,,9877,21,,,0
190001029,'1192327',1127,,9878,21,,,0
190001029,'1192333',2315,,9879,21,,,0
190001029,'1192357',2215,,9880,21,,,0
190001029,'1192359',1233,,9881,21,,,0
190001029,'1192363',1427,,9882,21,,,0
190001029,'1192384',827,,9883,21,,,0
190001029,'1192390',1916,,9884,21,,,0
190001029,'1192392',1348,,9885,21,,,0
190001029,'1192394',2015,,9886,21,,,0
190001029,'1192400',1246,,9887,21,,,0
190001029,'1192402',1331,,9888,21,,,0
190001029,'1192405',1816,,9889,21,,,0
190001029,'1192414',1901,,9890,21,,,0
190001029,'1192419',1231,,9891,21,,,0
190001029,'1192438',1746,,9892,21,,,0
190001029,'1192439',1801,,9893,21,,,0
190001029,'1192455',2031,,9894,21,,,0
190001029,'1192476',901,,9895,21,,,0
190001029,'1192483',645,,9896,21,,,0
190001029,'1192502',1633,,9897,21,,,0
190001029,'1192514',2345,,9898,21,,,0
190001029,'1192552',2245,,9899,21,,,0
190001029,'1192557',1831,,9900,21,,,0
190001029,'1192563',1945,,9901,21,,,0
190001029,'1192591',2146,,9902,21,,,0
190001029,'1192595',615,,9903,21,,,0
190001029,'1192601',1327,,9904,21,,,0
190001029,'1192619',1801,,9905,21,,,0
190001029,'1192629',1416,,9906,21,,,0
190001029,'1192672',1227,,9907,21,,,0
190001029,'1192689',2101,,9908,21,,,0
190001029,'1192702',801,,9909,21,,,0
190001029,'1192706',1433,,9910,21,,,0
190001029,'1192712',716,,9911,21,,,0
190001029,'1192759',1303,,9912,21,,,0
190001029,'1192761',1146,,9913,21,,,0
190001029,'1192765',701,,9914,21,,,0
190001029,'1192818',1815,,9915,21,,,0
190001029,'1192833',846,,9916,21,,,0
190001029,'1192834',646,,9917,21,,,0
190001029,'1192883',1403,,9918,21,,,0
190001029,'1192908',1131,,9919,21,,,0
190001029,'1192931',1046,,9920,21,,,0
190001029,'1192934',831,,9921,21,,,0
190001029,'1192949',1627,,9922,21,,,0
190001029,'1192974',1301,,9923,21,,,0
190001029,'1192979',2246,,9924,21,,,0
190001029,'1192998',1646,,9925,21,,,0
190001029,'1193024',2045,,9926,21,,,0
190001029,'1193025',1548,,9927,21,,,0
190001029,'1193033',1846,,9928,21,,,0
190001029,'1193044',1518,,9929,21,,,0
190001029,'1193133',816,,9930,21,,,0
190001029,'1193135',1527,,9931,21,,,0
190001029,'1193172',1346,,9932,21,,,0
190001029,'1193204',2227,,9933,21,,,0
190001029,'1193207',1016,,9934,21,,,0
190001029,'1193228',1845,,9935,21,,,0
190001029,'1193238',1448,,9936,21,,,0
190001029,'1193246',1333,,9937,21,,,0
190001029,'1193250',731,,9938,21,,,0
190001029,'1193257',931,,9939,21,,,0
190001029,'1193265',1733,,9940,21,,,0
190001029,'1193266',1148,,9941,21,,,0
190001029,'1193267',1501,,9942,21,,,0
190001029,'1193270',2027,,9943,21,,,0
190001029,'1193276',631,,9944,21,,,0
