29029,'1184602',1051,,6109,5,,,0
29029,'1185054',951,,6112,5,,,0
29029,'1185411',1351,,6114,5,,,0
29029,'1185454',1551,,6116,5,,,0
29029,'1185817',1451,,6118,5,,,0
29029,'1186029',1151,,6120,5,,,0
29029,'1186121',1251,,6121,5,,,0
190001029,'1187611',1543,,7082,16,,,0
190001029,'1187612',712,,7083,16,,,0
190001029,'1187613',1343,,7084,16,,,0
190001029,'1187614',2012,,7085,16,,,0
190001029,'1187616',1827,,7087,16,,,0
190001029,'1187624',1857,,7095,16,,,0
190001029,'1187625',2342,,7096,16,,,0
190001029,'1187630',827,,7101,16,,,0
190001029,'1187631',1812,,7102,16,,,0
190001029,'1187632',2142,,7103,16,,,0
190001029,'1187633',1742,,7104,16,,,0
190001029,'1187634',2112,,7105,16,,,0
190001029,'1187635',1728,,7106,16,,,0
190001029,'1187636',2127,,7107,16,,,0
190001029,'1187638',1158,,7109,16,,,0
190001029,'1187639',757,,7110,16,,,0
190001029,'1187642',1628,,7113,16,,,0
190001029,'1187649',1258,,7120,16,,,0
190001029,'1187650',912,,7121,16,,,0
190001029,'1187651',1443,,7122,16,,,0
190001029,'1187652',742,,7123,16,,,0
190001029,'1187657',857,,7128,16,,,0
190001029,'1187661',1413,,7132,16,,,0
190001029,'1187662',1328,,7133,16,,,0
190001029,'1187663',1228,,7134,16,,,0
190001029,'1187667',727,,7138,16,,,0
190001029,'1187671',2027,,7142,16,,,0
190001029,'1187672',1927,,7143,16,,,0
190001029,'1187673',1313,,7144,16,,,0
190001029,'1187675',627,,7146,16,,,0
190001029,'1187677',1243,,7148,16,,,0
190001029,'1187678',1643,,7149,16,,,0
190001029,'1187679',1757,,7150,16,,,0
190001029,'1187680',1113,,7151,16,,,0
190001029,'1187681',1713,,7152,16,,,0
190001029,'1187683',1558,,7154,16,,,0
190001029,'1187684',1957,,7155,16,,,0
190001029,'1187686',1658,,7157,16,,,0
190001029,'1187688',2402,,7159,16,,,0
190001029,'1187691',1013,,7162,16,,,0
190001029,'1187692',2057,,7163,16,,,0
190001029,'1187693',2242,,7164,16,,,0
190001029,'1187694',1128,,7165,16,,,0
190001029,'1187699',1058,,7170,16,,,0
190001029,'1187703',1358,,7174,16,,,0
190001029,'1187704',942,,7175,16,,,0
190001029,'1187705',957,,7176,16,,,0
190001029,'1187707',1842,,7178,16,,,0
190001029,'1187708',1613,,7179,16,,,0
190001029,'1187711',1528,,7182,16,,,0
190001029,'1187712',1028,,7183,16,,,0
190001029,'1187714',1458,,7185,16,,,0
190001029,'1187717',2042,,7188,16,,,0
190001029,'1187718',842,,7189,16,,,0
190001029,'1187719',1143,,7190,16,,,0
190001029,'1187721',927,,7192,16,,,0
190001029,'1187722',1043,,7193,16,,,0
190001029,'1187723',657,,7194,16,,,0
190001029,'1187724',642,,7195,16,,,0
190001029,'1187727',1942,,7198,16,,,0
190001029,'1187728',1513,,7199,16,,,0
190001029,'1187731',2212,,7202,16,,,0
190001029,'1187732',1428,,7203,16,,,0
190001029,'1187733',812,,7204,16,,,0
190001029,'1187742',1912,,7213,16,,,0
190001029,'1187744',2312,,7215,16,,,0
190001029,'1187748',1213,,7219,16,,,0
