10029,'1150182',924,,646,21,,,0
10029,'1150266',2324,,648,21,,,0
10029,'1150349',1954,,649,21,,,0
10029,'1150424',1424,,650,21,,,0
10029,'1150440',1924,,651,21,,,0
10029,'1150450',1624,,653,21,,,0
10029,'1150454',1724,,654,21,,,0
10029,'1150680',724,,656,21,,,0
10029,'1150683',1224,,657,21,,,0
10029,'1150947',1024,,659,21,,,0
10029,'1151232',2124,,662,21,,,0
10029,'1151240',924,,663,21,,,0
10029,'1151358',1024,,666,21,,,0
10029,'1151389',2154,,667,21,,,0
10029,'1151548',1324,,668,21,,,0
10029,'1151699',1424,,674,21,,,0
10029,'1151704',2359,,676,21,,,0
10029,'1151927',2054,,678,21,,,0
10029,'1152089',824,,679,21,,,0
10029,'1152120',1524,,680,21,,,0
10029,'1152213',1754,,682,21,,,0
10029,'1152237',1124,,683,21,,,0
10029,'1152276',624,,685,21,,,0
10029,'1152614',1724,,692,21,,,0
10029,'1152687',1654,,693,21,,,0
10029,'1152696',824,,694,21,,,0
10029,'1152744',1554,,697,21,,,0
10029,'1152927',1324,,700,21,,,0
10029,'1153201',724,,704,21,,,0
10029,'1153510',1624,,706,21,,,0
10029,'1153532',2024,,707,21,,,0
10029,'1153887',2224,,712,21,,,0
10029,'1154165',754,,715,21,,,0
10029,'1154182',1524,,716,21,,,0
10029,'1154281',1224,,718,21,,,0
10029,'1154360',2254,,719,21,,,0
10029,'1154531',1454,,720,21,,,0
10029,'1154688',654,,722,21,,,0
10029,'1154710',1824,,723,21,,,0
10029,'1155230',854,,733,21,,,0
10029,'1155449',1854,,734,21,,,0
10029,'1155474',1124,,735,21,,,0
