2029,'1150099',723,,153,3,,,0
2029,'1150204',2236,,154,3,,,0
2029,'1150205',1418,,155,3,,,0
2029,'1150235',1751,,156,3,,,0
2029,'1150264',1123,,157,3,,,0
2029,'1150359',2136,,159,3,,,0
2029,'1150387',1621,,160,3,,,0
2029,'1150399',1306,,161,3,,,0
2029,'1150596',851,,163,3,,,0
2029,'1150706',1051,,164,3,,,0
2029,'1150737',1536,,166,3,,,0
2029,'1150754',651,,167,3,,,0
2029,'1150835',1006,,171,3,,,0
2029,'1150893',2106,,172,3,,,0
2029,'1150915',1023,,173,3,,,0
2029,'1150964',2333,,174,3,,,0
2029,'1151020',921,,175,3,,,0
2029,'1151059',1606,,176,3,,,0
2029,'1151109',1251,,177,3,,,0
2029,'1151112',2323,,178,3,,,0
2029,'1151287',1153,,183,3,,,0
2029,'1151318',1806,,184,3,,,0
2029,'1151377',1248,,185,3,,,0
2029,'1151512',1736,,187,3,,,0
2029,'1151673',2036,,189,3,,,0
2029,'1151753',2408,,190,3,,,0
2029,'1151810',1136,,192,3,,,0
2029,'1151846',1718,,194,3,,,0
2029,'1151913',1021,,195,3,,,0
2029,'1151977',721,,196,3,,,0
2029,'1151981',1351,,197,3,,,0
2029,'1151987',2403,,199,3,,,0
2029,'1152028',1821,,203,3,,,0
2029,'1152045',936,,204,3,,,0
2029,'1152158',2023,,205,3,,,0
2029,'1152377',1421,,207,3,,,0
2029,'1152464',806,,210,3,,,0
2029,'1152591',1406,,213,3,,,0
2029,'1152677',1448,,217,3,,,0
2029,'1152700',1906,,218,3,,,0
2029,'1152710',1348,,220,3,,,0
2029,'1152711',1636,,221,3,,,0
2029,'1152851',636,,223,3,,,0
2029,'1152909',1106,,224,3,,,0
2029,'1152943',2206,,225,3,,,0
2029,'1152978',1451,,226,3,,,0
2029,'1153006',1506,,227,3,,,0
2029,'1153039',1548,,228,3,,,0
2029,'1153131',1336,,230,3,,,0
2029,'1153150',853,,232,3,,,0
2029,'1153234',1938,,234,3,,,0
2029,'1153375',938,,236,3,,,0
2029,'1153517',1521,,238,3,,,0
2029,'1153626',1318,,242,3,,,0
2029,'1153665',1618,,243,3,,,0
2029,'1153733',1836,,244,3,,,0
2029,'1153775',1206,,247,3,,,0
2029,'1153874',1036,,249,3,,,0
2029,'1153876',1053,,250,3,,,0
2029,'1153897',1321,,252,3,,,0
2029,'1153931',1651,,255,3,,,0
2029,'1154143',836,,257,3,,,0
2029,'1154288',1648,,261,3,,,0
2029,'1154306',1551,,263,3,,,0
2029,'1154316',1721,,264,3,,,0
2029,'1154343',638,,265,3,,,0
2029,'1154350',1151,,266,3,,,0
2029,'1154435',1706,,268,3,,,0
2029,'1154444',1936,,270,3,,,0
2029,'1154549',1748,,272,3,,,0
2029,'1154551',1518,,273,3,,,0
2029,'1154560',1121,,274,3,,,0
2029,'1154588',2306,,275,3,,,0
2029,'1154727',2006,,279,3,,,0
2029,'1154740',1221,,280,3,,,0
2029,'1154770',951,,281,3,,,0
2029,'1154848',1218,,283,3,,,0
2029,'1154950',2153,,287,3,,,0
2029,'1154993',706,,288,3,,,0
2029,'1155076',2108,,290,3,,,0
2029,'1155100',2423,,292,3,,,0
2029,'1155178',2238,,293,3,,,0
2029,'1155312',736,,296,3,,,0
2029,'1155326',1823,,297,3,,,0
2029,'1155346',1853,,298,3,,,0
2029,'1155405',808,,301,3,,,0
2029,'1155418',906,,302,3,,,0
2029,'1155423',751,,303,3,,,0
2029,'1155457',1436,,304,3,,,0
2029,'1155498',1236,,305,3,,,0
2029,'1155507',821,,306,3,,,0
11029,'1150094',1541,,737,3,,,0
11029,'1150136',1846,,738,3,,,0
11029,'1150251',1946,,740,3,,,0
11029,'1150257',2124,,741,3,,,0
11029,'1150260',2411,,742,3,,,0
11029,'1150315',1411,,743,3,,,0
11029,'1150362',755,,744,3,,,0
11029,'1150395',1756,,746,3,,,0
11029,'1150398',740,,747,3,,,0
11029,'1150408',1626,,748,3,,,0
11029,'1150418',855,,750,3,,,0
11029,'1150503',710,,751,3,,,0
11029,'1150565',940,,752,3,,,0
11029,'1150594',1341,,753,3,,,0
11029,'1150694',1526,,755,3,,,0
11029,'1150946',1010,,761,3,,,0
11029,'1150979',1456,,762,3,,,0
11029,'1151013',1824,,763,3,,,0
11029,'1151028',1626,,764,3,,,0
11029,'1151212',1140,,767,3,,,0
11029,'1151228',810,,768,3,,,0
11029,'1151266',840,,770,3,,,0
11029,'1151288',946,,772,3,,,0
11029,'1151317',825,,773,3,,,0
11029,'1151379',1641,,775,3,,,0
11029,'1151495',1924,,776,3,,,0
11029,'1151501',1511,,777,3,,,0
11029,'1151570',1656,,778,3,,,0
11029,'1151605',1256,,780,3,,,0
11029,'1151662',1210,,781,3,,,0
11029,'1151677',1556,,782,3,,,0
11029,'1151681',1146,,783,3,,,0
11029,'1151696',1426,,784,3,,,0
11029,'1151854',1155,,786,3,,,0
11029,'1151888',2146,,787,3,,,0
11029,'1152006',2351,,792,3,,,0
11029,'1152021',2046,,794,3,,,0
11029,'1152139',1046,,796,3,,,0
11029,'1152148',1556,,797,3,,,0
11029,'1152172',1711,,798,3,,,0
11029,'1152323',955,,800,3,,,0
11029,'1152476',1326,,803,3,,,0
11029,'1152508',1125,,805,3,,,0
11029,'1152540',846,,807,3,,,0
11029,'1152655',2346,,810,3,,,0
11029,'1152678',2224,,811,3,,,0
11029,'1152705',2154,,814,3,,,0
11029,'1152829',910,,815,3,,,0
11029,'1152889',2254,,817,3,,,0
11029,'1152890',1954,,818,3,,,0
11029,'1152893',1025,,819,3,,,0
11029,'1152955',1226,,821,3,,,0
11029,'1153079',1756,,824,3,,,0
11029,'1153114',1326,,825,3,,,0
11029,'1153126',1356,,827,3,,,0
11029,'1153213',655,,830,3,,,0
11029,'1153336',646,,834,3,,,0
11029,'1153651',1726,,837,3,,,0
11029,'1153681',1426,,838,3,,,0
11029,'1153694',1040,,839,3,,,0
11029,'1153712',1456,,840,3,,,0
11029,'1153871',1241,,841,3,,,0
11029,'1153888',2321,,842,3,,,0
11029,'1153932',1611,,843,3,,,0
11029,'1154011',610,,844,3,,,0
11029,'1154028',2054,,845,3,,,0
11029,'1154067',1854,,846,3,,,0
11029,'1154075',1526,,847,3,,,0
11029,'1154129',1226,,849,3,,,0
11029,'1154218',2024,,851,3,,,0
11029,'1154331',1356,,854,3,,,0
11029,'1154388',1256,,855,3,,,0
11029,'1154440',1110,,856,3,,,0
11029,'1154442',1311,,857,3,,,0
11029,'1154675',1441,,861,3,,,0
11029,'1154748',925,,862,3,,,0
11029,'1154769',640,,864,3,,,0
11029,'1154884',1055,,867,3,,,0
11029,'1154901',2246,,868,3,,,0
11029,'1154909',1726,,869,3,,,0
11029,'1155052',1811,,871,3,,,0
11029,'1155138',746,,872,3,,,0
11029,'1155227',725,,874,3,,,0
11029,'1155231',1741,,875,3,,,0
11029,'1155469',1656,,878,3,,,0
