27029,'1184502',2305,,5913,8,,,0
27029,'1184539',1835,,5914,8,,,0
27029,'1184568',735,,5915,8,,,0
27029,'1184658',1535,,5917,8,,,0
27029,'1184665',936,,5918,8,,,0
27029,'1184731',736,,5921,8,,,0
27029,'1184823',1235,,5922,8,,,0
27029,'1184868',1435,,5925,8,,,0
27029,'1184983',935,,5926,8,,,0
27029,'1185102',1836,,5928,8,,,0
27029,'1185115',1905,,5929,8,,,0
27029,'1185195',1136,,5931,8,,,0
27029,'1185209',2105,,5932,8,,,0
27029,'1185287',636,,5933,8,,,0
27029,'1185299',1936,,5934,8,,,0
27029,'1185560',2005,,5936,8,,,0
27029,'1185750',1436,,5938,8,,,0
27029,'1185850',1035,,5939,8,,,0
27029,'1186098',1736,,5941,8,,,0
27029,'1186114',1135,,5942,8,,,0
27029,'1186168',2136,,5943,8,,,0
27029,'1186251',2036,,5945,8,,,0
27029,'1186313',1036,,5947,8,,,0
27029,'1186373',1335,,5950,8,,,0
27029,'1186534',635,,5951,8,,,0
27029,'1186558',1636,,5952,8,,,0
27029,'1186690',836,,5953,8,,,0
27029,'1186707',1735,,5954,8,,,0
27029,'1186713',1236,,5955,8,,,0
27029,'1186720',1536,,5956,8,,,0
27029,'1186816',1336,,5957,8,,,0
27029,'1186921',1635,,5958,8,,,0
27029,'1186927',2236,,5960,8,,,0
27029,'1187028',2205,,5961,8,,,0
27029,'1187134',2336,,5963,8,,,0
27029,'1187145',835,,5964,8,,,0
