25019,'1150209',1709,,2062,14,,,0
25019,'1150247',839,,2063,14,,,0
25019,'1150329',1209,,2064,14,,,0
25019,'1150363',1238,,2065,14,,,0
25019,'1150425',2039,,2066,14,,,0
25019,'1150527',1538,,2069,14,,,0
25019,'1150689',709,,2071,14,,,0
25019,'1150696',1738,,2072,14,,,0
25019,'1150730',2338,,2074,14,,,0
25019,'1150988',1438,,2075,14,,,0
25019,'1151062',2138,,2076,14,,,0
25019,'1151067',939,,2077,14,,,0
25019,'1151104',938,,2078,14,,,0
25019,'1151242',2239,,2079,14,,,0
25019,'1151384',1109,,2082,14,,,0
25019,'1151534',1338,,2085,14,,,0
25019,'1151656',2038,,2086,14,,,0
25019,'1151791',1439,,2088,14,,,0
25019,'1151809',2238,,2089,14,,,0
25019,'1151820',809,,2090,14,,,0
25019,'1151857',1838,,2091,14,,,0
25019,'1151998',838,,2093,14,,,0
25019,'1152331',1009,,2098,14,,,0
25019,'1152372',1609,,2100,14,,,0
25019,'1152581',1038,,2104,14,,,0
25019,'1152998',638,,2110,14,,,0
25019,'1153199',1938,,2114,14,,,0
25019,'1153262',1638,,2115,14,,,0
25019,'1153285',1509,,2118,14,,,0
25019,'1153297',1138,,2119,14,,,0
25019,'1153352',739,,2121,14,,,0
25019,'1153432',1539,,2123,14,,,0
25019,'1153859',2359,,2126,14,,,0
25019,'1154166',1639,,2128,14,,,0
25019,'1154390',1409,,2131,14,,,0
25019,'1154610',1839,,2135,14,,,0
25019,'1154641',909,,2136,14,,,0
25019,'1154763',1309,,2140,14,,,0
25019,'1154910',738,,2145,14,,,0
25019,'1154988',2139,,2148,14,,,0
25019,'1155012',1939,,2149,14,,,0
25019,'1155109',639,,2150,14,,,0
25019,'1155210',1739,,2151,14,,,0
