11029,'1150094',1549,,737,14,,,0
11029,'1150136',1852,,738,14,,,0
11029,'1150251',1952,,740,14,,,0
11029,'1150257',2131,,741,14,,,0
11029,'1150260',2418,,742,14,,,0
11029,'1150315',1419,,743,14,,,0
11029,'1150362',802,,744,14,,,0
11029,'1150395',1804,,746,14,,,0
11029,'1150398',747,,747,14,,,0
11029,'1150408',1634,,748,14,,,0
11029,'1150418',902,,750,14,,,0
11029,'1150503',717,,751,14,,,0
11029,'1150565',947,,752,14,,,0
11029,'1150594',1349,,753,14,,,0
11029,'1150694',1534,,755,14,,,0
11029,'1150946',1017,,761,14,,,0
11029,'1150979',1504,,762,14,,,0
11029,'1151013',1831,,763,14,,,0
11029,'1151028',1633,,764,14,,,0
11029,'1151212',1147,,767,14,,,0
11029,'1151228',817,,768,14,,,0
11029,'1151266',847,,770,14,,,0
11029,'1151288',952,,772,14,,,0
11029,'1151317',832,,773,14,,,0
11029,'1151379',1649,,775,14,,,0
11029,'1151495',1931,,776,14,,,0
11029,'1151501',1519,,777,14,,,0
11029,'1151570',1703,,778,14,,,0
11029,'1151605',1303,,780,14,,,0
11029,'1151662',1217,,781,14,,,0
11029,'1151677',1604,,782,14,,,0
11029,'1151681',1152,,783,14,,,0
11029,'1151696',1434,,784,14,,,0
11029,'1151854',1202,,786,14,,,0
11029,'1151888',2152,,787,14,,,0
11029,'1152006',2358,,792,14,,,0
11029,'1152021',2052,,794,14,,,0
11029,'1152139',1052,,796,14,,,0
11029,'1152148',1603,,797,14,,,0
11029,'1152172',1719,,798,14,,,0
11029,'1152323',1002,,800,14,,,0
11029,'1152476',1333,,803,14,,,0
11029,'1152508',1132,,805,14,,,0
11029,'1152540',852,,807,14,,,0
11029,'1152655',2352,,810,14,,,0
11029,'1152678',2231,,811,14,,,0
11029,'1152705',2201,,814,14,,,0
11029,'1152829',917,,815,14,,,0
11029,'1152889',2301,,817,14,,,0
11029,'1152890',2001,,818,14,,,0
11029,'1152893',1032,,819,14,,,0
11029,'1152955',1234,,821,14,,,0
11029,'1153079',1803,,824,14,,,0
11029,'1153114',1334,,825,14,,,0
11029,'1153126',1403,,827,14,,,0
11029,'1153213',702,,830,14,,,0
11029,'1153336',652,,834,14,,,0
11029,'1153651',1734,,837,14,,,0
11029,'1153681',1433,,838,14,,,0
11029,'1153694',1047,,839,14,,,0
11029,'1153712',1503,,840,14,,,0
11029,'1153871',1249,,841,14,,,0
11029,'1153888',2328,,842,14,,,0
11029,'1153932',1619,,843,14,,,0
11029,'1154011',617,,844,14,,,0
11029,'1154028',2101,,845,14,,,0
11029,'1154067',1901,,846,14,,,0
11029,'1154075',1533,,847,14,,,0
11029,'1154129',1232,,849,14,,,0
11029,'1154218',2031,,851,14,,,0
11029,'1154331',1404,,854,14,,,0
11029,'1154388',1304,,855,14,,,0
11029,'1154440',1117,,856,14,,,0
11029,'1154442',1319,,857,14,,,0
11029,'1154675',1449,,861,14,,,0
11029,'1154748',932,,862,14,,,0
11029,'1154769',647,,864,14,,,0
11029,'1154884',1102,,867,14,,,0
11029,'1154901',2252,,868,14,,,0
11029,'1154909',1733,,869,14,,,0
11029,'1155052',1819,,871,14,,,0
11029,'1155138',752,,872,14,,,0
11029,'1155227',732,,874,14,,,0
11029,'1155231',1749,,875,14,,,0
11029,'1155469',1704,,878,14,,,0
140001019,'1150287',643,,3510,10,,,0
140001019,'1150304',2143,,3511,10,,,0
140001019,'1150384',1728,,3513,10,,,0
140001019,'1150451',958,,3517,10,,,0
140001019,'1150506',2338,,3518,10,,,0
140001019,'1150536',1813,,3519,10,,,0
140001019,'1150598',1813,,3521,10,,,0
140001019,'1150609',858,,3522,10,,,0
140001019,'1150610',1519,,3523,10,,,0
140001019,'1150664',1013,,3524,10,,,0
140001019,'1150692',2212,,3525,10,,,0
140001019,'1150716',658,,3526,10,,,0
140001019,'1150784',1943,,3527,10,,,0
140001019,'1150853',1843,,3528,10,,,0
140001019,'1150869',1828,,3529,10,,,0
140001019,'1150882',1528,,3530,10,,,0
140001019,'1151105',1158,,3536,10,,,0
140001019,'1151119',1243,,3537,10,,,0
140001019,'1151195',1428,,3538,10,,,0
140001019,'1151208',813,,3539,10,,,0
140001019,'1151216',2043,,3541,10,,,0
140001019,'1151218',1913,,3542,10,,,0
140001019,'1151225',1558,,3543,10,,,0
140001019,'1151265',2028,,3544,10,,,0
140001019,'1151361',813,,3548,10,,,0
140001019,'1151371',1743,,3549,10,,,0
140001019,'1151441',2043,,3550,10,,,0
140001019,'1151470',1158,,3551,10,,,0
140001019,'1151474',2242,,3553,10,,,0
140001019,'1151528',1028,,3554,10,,,0
140001019,'1151558',743,,3555,10,,,0
140001019,'1151606',1358,,3559,10,,,0
140001019,'1151654',1358,,3562,10,,,0
140001019,'1151658',2058,,3563,10,,,0
140001019,'1151695',1858,,3565,10,,,0
140001019,'1151710',1228,,3567,10,,,0
140001019,'1151751',713,,3571,10,,,0
140001019,'1151754',728,,3572,10,,,0
140001019,'1151804',1634,,3573,10,,,0
140001019,'1151901',1658,,3576,10,,,0
140001019,'1152066',2412,,3579,10,,,0
140001019,'1152068',2013,,3580,10,,,0
140001019,'1152104',1828,,3581,10,,,0
140001019,'1152107',1734,,3582,10,,,0
140001019,'1152123',643,,3583,10,,,0
140001019,'1152165',1028,,3584,10,,,0
140001019,'1152232',1543,,3585,10,,,0
140001019,'1152240',2142,,3586,10,,,0
140001019,'1152423',1258,,3590,10,,,0
140001019,'1152471',1758,,3592,10,,,0
140001019,'1152480',1013,,3593,10,,,0
140001019,'1152565',1043,,3597,10,,,0
140001019,'1152674',913,,3600,10,,,0
140001019,'1152758',1213,,3604,10,,,0
140001019,'1152773',943,,3605,10,,,0
140001019,'1152818',1619,,3606,10,,,0
140001019,'1152831',2213,,3607,10,,,0
140001019,'1152874',1328,,3608,10,,,0
140001019,'1152907',1113,,3610,10,,,0
140001019,'1152920',1458,,3611,10,,,0
140001019,'1152942',1343,,3614,10,,,0
140001019,'1152950',1228,,3615,10,,,0
140001019,'1152961',1643,,3616,10,,,0
140001019,'1152981',1343,,3618,10,,,0
140001019,'1152999',2243,,3619,10,,,0
140001019,'1153096',1128,,3620,10,,,0
140001019,'1153139',958,,3622,10,,,0
140001019,'1153145',2312,,3623,10,,,0
140001019,'1153153',843,,3624,10,,,0
140001019,'1153208',1713,,3626,10,,,0
140001019,'1153252',1628,,3628,10,,,0
140001019,'1153294',1913,,3629,10,,,0
140001019,'1153322',1313,,3631,10,,,0
140001019,'1153327',843,,3632,10,,,0
140001019,'1153380',1513,,3635,10,,,0
140001019,'1153393',1943,,3637,10,,,0
140001019,'1153607',713,,3642,10,,,0
140001019,'1153629',1113,,3644,10,,,0
140001019,'1153737',1549,,3645,10,,,0
140001019,'1153742',2413,,3646,10,,,0
140001019,'1153757',1058,,3647,10,,,0
140001019,'1153879',2113,,3648,10,,,0
140001019,'1153928',1613,,3649,10,,,0
140001019,'1153949',1504,,3651,10,,,0
140001019,'1153978',1434,,3653,10,,,0
140001019,'1154051',2342,,3655,10,,,0
140001019,'1154078',1449,,3656,10,,,0
140001019,'1154230',1419,,3662,10,,,0
140001019,'1154259',1443,,3663,10,,,0
140001019,'1154323',1128,,3665,10,,,0
140001019,'1154329',2313,,3667,10,,,0
140001019,'1154451',1928,,3670,10,,,0
140001019,'1154489',1749,,3671,10,,,0
140001019,'1154490',1413,,3672,10,,,0
140001019,'1154529',1719,,3673,10,,,0
140001019,'1154538',828,,3674,10,,,0
140001019,'1154628',1704,,3676,10,,,0
140001019,'1154634',928,,3677,10,,,0
140001019,'1154642',1143,,3678,10,,,0
140001019,'1154758',1043,,3681,10,,,0
140001019,'1154789',1958,,3682,10,,,0
140001019,'1154820',758,,3683,10,,,0
140001019,'1154851',743,,3684,10,,,0
140001019,'1154866',1243,,3685,10,,,0
140001019,'1154965',1313,,3687,10,,,0
140001019,'1154991',913,,3689,10,,,0
140001019,'1154994',1843,,3690,10,,,0
140001019,'1155094',1258,,3691,10,,,0
140001019,'1155108',943,,3692,10,,,0
140001019,'1155222',2113,,3698,10,,,0
140001019,'1155223',1534,,3699,10,,,0
140001019,'1155228',1213,,3700,10,,,0
140001019,'1155236',1328,,3702,10,,,0
140001019,'1155259',2013,,3703,10,,,0
140001019,'1155279',1759,,3704,10,,,0
140001019,'1155314',1858,,3705,10,,,0
140001019,'1155327',1143,,3707,10,,,0
140001019,'1155399',1058,,3709,10,,,0
140001019,'1155422',1604,,3710,10,,,0
140001019,'1155482',1649,,3711,10,,,0
