13019,'1184512',1236,,5122,28,,,0
13019,'1184594',2304,,5124,28,,,0
13019,'1184597',634,,5125,28,,,0
13019,'1184763',704,,5130,28,,,0
13019,'1184782',1037,,5131,28,,,0
13019,'1184816',804,,5132,28,,,0
13019,'1184967',1536,,5133,28,,,0
13019,'1185101',1706,,5134,28,,,0
13019,'1185148',1804,,5135,28,,,0
13019,'1185153',935,,5136,28,,,0
13019,'1185449',2409,,5141,28,,,0
13019,'1185552',835,,5143,28,,,0
13019,'1185574',905,,5144,28,,,0
13019,'1185838',604,,5149,2,,,0
13019,'1185882',1436,,5153,28,,,0
13019,'1185890',1736,,5154,28,,,0
13019,'1185910',1336,,5157,28,,,0
13019,'1185952',2104,,5160,28,,,0
13019,'1186127',2204,,5163,28,,,0
13019,'1186271',2004,,5165,28,,,0
13019,'1186295',734,,5166,28,,,0
13019,'1186370',1136,,5168,28,,,0
13019,'1186730',1004,,5172,28,,,0
13019,'1186805',1904,,5173,28,,,0
13019,'1187103',1636,,5179,28,,,0
13019,'1187170',1606,,5180,28,,,0
13019,'1187172',1506,,5181,28,,,0
101029,'1184516',2404,,6162,19,,,0
101029,'1184684',1744,,6164,19,,,0
101029,'1184724',944,,6165,19,,,0
101029,'1184785',1446,,6166,19,,,0
101029,'1185015',744,,6169,19,,,0
101029,'1185619',1044,,6174,19,,,0
101029,'1186082',1646,,6180,19,,,0
101029,'1186135',644,,6182,19,,,0
101029,'1186184',844,,6184,19,,,0
101029,'1186356',2144,,6185,19,,,0
101029,'1186597',1546,,6187,19,,,0
101029,'1186784',1944,,6189,19,,,0
101029,'1186815',1346,,6191,19,,,0
101029,'1187194',1246,,6192,19,,,0
