3029,'1190608',754,,7499,13,,,0
3029,'1190611',1939,,7500,13,,,0
3029,'1190627',1741,,7501,13,,,0
3029,'1190644',1512,,7502,13,,,0
3029,'1190703',854,,7503,13,,,0
3029,'1190736',1212,,7504,13,,,0
3029,'1190789',1641,,7505,13,,,0
3029,'1190824',2239,,7506,13,,,0
3029,'1190826',1054,,7507,13,,,0
3029,'1190828',1754,,7508,13,,,0
3029,'1190874',740,,7509,13,,,0
3029,'1190893',1154,,7510,13,,,0
3029,'1190909',1110,,7511,13,,,0
3029,'1190946',1441,,7512,13,,,0
3029,'1190994',739,,7513,13,,,0
3029,'1191014',910,,7514,13,,,0
3029,'1191024',1812,,7515,13,,,0
3029,'1191040',1542,,7516,13,,,0
3029,'1191098',1839,,7517,13,,,0
3029,'1191158',2339,,7518,13,,,0
3029,'1191226',939,,7519,13,,,0
3029,'1191231',1242,,7520,13,,,0
3029,'1191245',954,,7521,13,,,0
3029,'1191258',710,,7522,13,,,0
3029,'1191314',1442,,7523,13,,,0
3029,'1191341',1554,,7524,13,,,0
3029,'1191381',1654,,7525,13,,,0
3029,'1191407',2154,,7526,13,,,0
3029,'1191474',2354,,7527,13,,,0
3029,'1191535',1039,,7528,13,,,0
3029,'1191540',1742,,7529,13,,,0
3029,'1191586',2239,,7530,13,,,0
3029,'1191666',2139,,7531,13,,,0
3029,'1191712',1412,,7532,13,,,0
3029,'1191791',1642,,7533,13,,,0
3029,'1191888',1954,,7534,13,,,0
3029,'1191899',1939,,7535,13,,,0
3029,'1191925',1541,,7536,13,,,0
3029,'1191939',2336,,7537,13,,,0
3029,'1192011',1854,,7538,13,,,0
3029,'1192084',2139,,7539,13,,,0
3029,'1192087',940,,7540,13,,,0
3029,'1192092',1354,,7541,13,,,0
3029,'1192097',639,,7542,13,,,0
3029,'1192186',1839,,7543,13,,,0
3029,'1192237',1341,,7544,13,,,0
3029,'1192250',2254,,7545,13,,,0
3029,'1192257',1712,,7546,13,,,0
3029,'1192374',2039,,7547,13,,,0
3029,'1192469',1142,,7548,13,,,0
3029,'1192581',2054,,7549,13,,,0
3029,'1192585',1241,,7550,13,,,0
3029,'1192635',840,,7551,13,,,0
3029,'1192717',640,,7552,13,,,0
3029,'1192825',1254,,7553,13,,,0
3029,'1192832',1312,,7554,13,,,0
3029,'1192839',2039,,7555,13,,,0
3029,'1192856',1010,,7556,13,,,0
3029,'1192861',1040,,7557,13,,,0
3029,'1193034',1454,,7558,13,,,0
3029,'1193061',839,,7559,13,,,0
3029,'1193095',810,,7560,13,,,0
3029,'1193126',1612,,7561,13,,,0
3029,'1193264',1141,,7562,13,,,0
3029,'1193282',1342,,7563,13,,,0
29019,'1190655',1233,,8929,16,4,,0
29019,'1190658',2332,,8930,16,4,,0
29019,'1190695',1348,,8931,16,4,,0
29019,'1190921',1333,,8932,16,4,,0
29019,'1190990',1448,,8933,16,4,,0
29019,'1191402',932,,8934,16,4,,0
29019,'1191425',2132,,8935,16,4,,0
29019,'1191673',1533,,8936,16,4,,0
29019,'1191834',1932,,8937,16,4,,0
29019,'1192098',2232,,8938,16,4,,0
29019,'1192125',948,,8939,16,4,,0
29019,'1192367',832,,8940,16,4,,0
29019,'1192396',1548,,8941,16,4,,0
29019,'1192451',1148,,8942,16,4,,0
29019,'1192468',1133,,8943,16,4,,0
29019,'1192512',1048,,8944,16,4,,0
29019,'1192534',2032,,8945,16,4,,0
29019,'1192606',1832,,8946,16,4,,0
29019,'1192704',732,,8947,16,4,,0
29019,'1192724',1033,,8948,16,4,,0
29019,'1193069',1733,,8949,16,4,,0
29019,'1193082',1433,,8950,16,4,,0
29019,'1193084',1248,,8951,16,4,,0
29019,'1193185',1633,,8952,16,4,,0
29029,'1190887',1248,,8953,1,,,0
29029,'1191032',1533,,8954,1,,,0
29029,'1191529',1233,,8955,1,,,0
29029,'1191760',832,,8956,1,,,0
29029,'1191762',732,,8957,1,,,0
29029,'1192140',1733,,8958,1,,,0
29029,'1192153',1448,,8959,1,,,0
29029,'1192199',1133,,8960,1,,,0
29029,'1192213',1033,,8961,1,,,0
29029,'1192256',1048,,8962,1,,,0
29029,'1192344',1333,,8963,1,,,0
29029,'1192543',2032,,8964,1,,,0
29029,'1192576',1148,,8965,1,,,0
29029,'1192590',932,,8966,1,,,0
29029,'1192605',2232,,8967,1,,,0
29029,'1192667',1932,,8968,1,,,0
29029,'1192696',2332,,8969,1,,,0
29029,'1192723',2132,,8970,1,,,0
29029,'1192731',1548,,8971,1,,,0
29029,'1192838',1832,,8972,1,,,0
29029,'1192841',1348,,8973,1,,,0
29029,'1192851',1633,,8974,1,,,0
29029,'1192881',948,,8975,1,,,0
29029,'1193079',1433,,8976,1,,,0
