10019,'1150177',1825,,551,30,,,0
10019,'1150195',2055,,552,30,,,0
10019,'1150212',1855,,553,30,,,0
10019,'1150401',1526,,556,30,,,0
10019,'1150422',1756,,557,30,,,0
10019,'1150466',655,,558,30,,,0
10019,'1150579',1355,,560,30,,,0
10019,'1150648',2125,,561,30,,,0
10019,'1150771',2255,,562,30,,,0
10019,'1150873',1656,,564,30,,,0
10019,'1151478',1555,,570,30,,,0
10019,'1151671',955,,574,30,,,0
10019,'1151864',1156,,578,30,,,0
10019,'1151877',1255,,579,30,,,0
10019,'1151907',2025,,580,30,,,0
10019,'1151917',1755,,581,30,,,0
10019,'1152017',1256,,582,30,,,0
10019,'1152060',1055,,584,30,,,0
10019,'1152311',955,,588,30,,,0
10019,'1152461',2325,,590,30,,,0
10019,'1152473',855,,591,30,,,0
10019,'1152615',1155,,593,30,,,0
10019,'1152634',2355,,594,30,,,0
10019,'1152791',1056,,597,30,,,0
10019,'1152900',925,,600,30,,,0
10019,'1152904',1955,,601,30,,,0
10019,'1153120',655,,602,30,,,0
10019,'1153228',755,,604,30,,,0
10019,'1153418',2155,,606,30,,,0
10019,'1153451',725,,607,30,,,0
10019,'1153499',855,,609,30,,,0
10019,'1153548',1925,,610,30,,,0
10019,'1153739',755,,613,30,,,0
10019,'1153751',1556,,615,30,,,0
10019,'1153967',2225,,619,30,,,0
10019,'1154257',825,,627,30,,,0
10019,'1154380',1655,,630,30,,,0
10019,'1154723',1626,,635,30,,,0
10019,'1155009',1356,,638,30,,,0
10019,'1155027',1456,,639,30,,,0
10019,'1155413',1455,,640,30,,,0
10019,'1155441',1726,,642,30,,,0
10019,'1155495',626,,643,30,,,0
