105029,'1184521',1809,,6491,62,,,0
105029,'1184537',1339,,6492,62,,,0
105029,'1184580',921,,6493,62,,,0
105029,'1184670',1554,,6494,62,,,0
105029,'1184808',2321,,6496,62,,,0
105029,'1184833',1024,,6497,62,,,0
105029,'1184834',2426,,6498,62,,,0
105029,'1184863',1239,,6499,62,,,0
105029,'1185135',721,,6501,62,,,0
105029,'1185332',1851,,6505,62,,,0
105029,'1185350',2021,,6506,62,,,0
105029,'1185359',2221,,6507,62,,,0
105029,'1185440',1639,,6510,62,,,0
105029,'1185668',751,,6513,62,,,0
105029,'1185827',2121,,6515,62,,,0
105029,'1185938',1454,,6516,62,,,0
105029,'1186005',1709,,6517,62,,,0
105029,'1186279',1524,,6519,62,,,0
105029,'1186282',1424,,6520,62,,,0
105029,'1186470',1124,,6525,62,,,0
105029,'1186861',651,,6531,62,,,0
105029,'1186874',1739,,6532,62,,,0
105029,'1187005',821,,6534,62,,,0
