13029,'1190748',1554,,8029,9,,,0
13029,'1190784',1755,,8030,9,,,0
13029,'1190796',2123,,8031,9,,,0
13029,'1190929',1054,,8032,9,,,0
13029,'1190969',1023,,8033,9,,,0
13029,'1191018',1254,,8034,9,,,0
13029,'1191033',623,,8035,9,,,0
13029,'1191057',1754,,8036,9,,,0
13029,'1191072',2053,,8037,9,,,0
13029,'1191114',1255,,8038,9,,,0
13029,'1191152',2154,,8039,9,,,0
13029,'1191172',754,,8040,9,,,0
13029,'1191186',1455,,8041,9,,,0
13029,'1191234',2354,,8042,9,,,0
13029,'1191244',2254,,8043,9,,,0
13029,'1191326',2054,,8044,9,,,0
13029,'1191368',1625,,8045,9,,,0
13029,'1191623',1155,,8046,9,,,0
13029,'1191693',1654,,8047,9,,,0
13029,'1191716',753,,8048,9,,,0
13029,'1191725',653,,8049,9,,,0
13029,'1191812',653,,8050,9,,,0
13029,'1191861',1953,,8051,9,,,0
13029,'1191866',753,,8052,9,,,0
13029,'1191929',1555,,8053,9,,,0
13029,'1191941',1853,,8054,9,,,0
13029,'1191987',1454,,8055,9,,,0
13029,'1192037',1354,,8056,9,,,0
13029,'1192114',1954,,8057,9,,,0
13029,'1192117',853,,8058,9,,,0
13029,'1192120',1354,,8059,9,,,0
13029,'1192134',2253,,8060,9,,,0
13029,'1192157',954,,8061,9,,,0
13029,'1192158',1454,,8062,9,,,0
13029,'1192164',854,,8063,9,,,0
13029,'1192190',1154,,8064,9,,,0
13029,'1192202',2153,,8065,9,,,0
13029,'1192230',1355,,8066,9,,,0
13029,'1192308',1854,,8067,9,,,0
13029,'1192320',823,,8068,9,,,0
13029,'1192403',924,,8069,9,,,0
13029,'1192519',1554,,8070,9,,,0
13029,'1192654',1725,,8071,9,,,0
13029,'1192739',2223,,8072,9,,,0
13029,'1192740',2323,,8073,9,,,0
13029,'1192743',1053,,8074,9,,,0
13029,'1192770',1654,,8075,9,,,0
13029,'1192773',1655,,8076,9,,,0
13029,'1192843',2353,,8077,9,,,0
13029,'1192910',953,,8078,9,,,0
13029,'1192970',1526,,8079,10,,,0
13029,'1192977',1923,,8080,9,,,0
13029,'1193002',1154,,8081,9,,,0
13029,'1193005',1056,,8082,9,,,0
13029,'1193028',1823,,8083,9,,,0
13029,'1193062',723,,8084,9,,,0
13029,'1193086',2023,,8085,9,,,0
13029,'1193110',1754,,8086,9,,,0
13029,'1193245',954,,8087,9,,,0
13029,'1193295',1254,,8088,9,,,0
13029,'1193310',854,,8089,9,,,0
