105029,'1184521',1739,,6491,12,,,0
105029,'1184537',1309,,6492,12,,,0
105029,'1184580',853,,6493,12,,,0
105029,'1184670',1524,,6494,12,,,0
105029,'1184808',2253,,6496,12,,,0
105029,'1184833',954,,6497,12,,,0
105029,'1184834',2358,,6498,12,,,0
105029,'1184863',1209,,6499,12,,,0
105029,'1185135',653,,6501,12,,,0
105029,'1185332',1823,,6505,12,,,0
105029,'1185350',1953,,6506,12,,,0
105029,'1185359',2153,,6507,12,,,0
105029,'1185440',1609,,6510,12,,,0
105029,'1185668',723,,6513,12,,,0
105029,'1185827',2053,,6515,12,,,0
105029,'1185938',1424,,6516,12,,,0
105029,'1186005',1639,,6517,12,,,0
105029,'1186279',1454,,6519,12,,,0
105029,'1186282',1354,,6520,12,,,0
105029,'1186470',1054,,6525,12,,,0
105029,'1186861',623,,6531,12,,,0
105029,'1186874',1709,,6532,12,,,0
105029,'1187005',753,,6534,12,,,0
106019,'1185164',1654,,6537,12,,,0
106019,'1185303',1809,,6538,12,,,0
106019,'1185356',708,,6539,12,,,0
106019,'1185885',823,,6540,12,,,0
106019,'1186388',938,,6541,12,,,0
106019,'1186998',1539,,6542,12,,,0
