12029,'1190603',1225,,7896,15,,,0
12029,'1190623',924,,7897,15,,,0
12029,'1190638',1824,,7898,15,,,0
12029,'1190684',2225,,7899,15,,,0
12029,'1190691',2054,,7900,15,,,0
12029,'1190731',1624,,7901,15,,,0
12029,'1190743',1924,,7902,15,,,0
12029,'1190753',2125,,7903,15,,,0
12029,'1190777',754,,7904,15,,,0
12029,'1190812',2254,,7905,15,,,0
12029,'1190880',2154,,7906,15,,,0
12029,'1190932',1425,,7907,15,,,0
12029,'1190940',1754,,7908,15,,,0
12029,'1191029',1354,,7909,15,,,0
12029,'1191043',1724,,7910,15,,,0
12029,'1191093',1654,,7911,15,,,0
12029,'1191133',1054,,7912,15,,,0
12029,'1191256',925,,7913,15,,,0
12029,'1191281',1124,,7914,15,,,0
12029,'1191303',824,,7915,15,,,0
12029,'1191335',1624,,7916,15,,,0
12029,'1191382',1054,,7917,15,,,0
12029,'1191410',1654,,7918,15,,,0
12029,'1191500',1154,,7919,15,,,0
12029,'1191501',2025,,7920,15,,,0
12029,'1191528',1424,,7921,15,,,0
12029,'1191555',2124,,7922,15,,,0
12029,'1191588',2359,,7923,15,,,0
12029,'1191595',1324,,7924,15,,,0
12029,'1191653',624,,7925,15,,,0
12029,'1191692',825,,7926,15,,,0
12029,'1191696',1925,,7927,15,,,0
12029,'1191708',2024,,7928,15,,,0
12029,'1191789',1525,,7929,15,,,0
12029,'1191811',1125,,7930,15,,,0
12029,'1191813',924,,7931,15,,,0
12029,'1191831',1025,,7932,15,,,0
12029,'1191874',1354,,7933,15,,,0
12029,'1191998',1724,,7934,15,,,0
12029,'1192059',2325,,7935,15,,,0
12029,'1192129',1825,,7936,15,,,0
12029,'1192133',1124,,7937,15,,,0
12029,'1192152',1554,,7938,15,,,0
12029,'1192260',854,,7939,15,,,0
12029,'1192279',1254,,7940,15,,,0
12029,'1192294',725,,7941,15,,,0
12029,'1192306',954,,7942,15,,,0
12029,'1192361',1254,,7943,15,,,0
12029,'1192410',824,,7944,15,,,0
12029,'1192567',1224,,7945,15,,,0
12029,'1192578',1625,,7946,15,,,0
12029,'1192673',1154,,7947,15,,,0
12029,'1192741',1424,,7948,15,,,0
12029,'1192809',654,,7949,15,,,0
12029,'1192877',2324,,7950,15,,,0
12029,'1192898',1454,,7951,15,,,0
12029,'1192950',724,,7952,15,,,0
12029,'1193043',724,,7953,15,,,0
12029,'1193053',1024,,7954,15,,,0
12029,'1193054',1954,,7955,15,,,0
12029,'1193056',1554,,7956,15,,,0
12029,'1193058',1325,,7957,15,,,0
12029,'1193093',1725,,7958,15,,,0
12029,'1193102',1524,,7959,15,,,0
12029,'1193103',1454,,7960,15,,,0
12029,'1193156',1024,,7961,15,,,0
12029,'1193195',1324,,7962,15,,,0
12029,'1193220',1224,,7963,15,,,0
12029,'1193227',1854,,7964,15,,,0
12029,'1193272',1524,,7965,15,,,0
12029,'1193321',2224,,7966,15,,,0
