28019,'1150119',2014,,2597,13,,,0
28019,'1150253',2259,,2600,13,,,0
28019,'1150637',1259,,2603,13,,,0
28019,'1150649',2114,,2604,13,,,0
28019,'1150668',814,,2605,13,,,0
28019,'1150701',859,,2606,13,,,0
28019,'1150944',1959,,2609,13,,,0
28019,'1151017',1314,,2610,13,,,0
28019,'1151345',914,,2615,13,,,0
28019,'1151408',1744,,2619,13,,,0
28019,'1151418',1814,,2620,13,,,0
28019,'1151480',2314,,2623,13,,,0
28019,'1151539',2359,,2626,13,,,0
28019,'1151607',2159,,2627,13,,,0
28019,'1151707',659,,2629,13,,,0
28019,'1151756',644,,2630,13,,,0
28019,'1151817',959,,2631,13,,,0
28019,'1151995',1059,,2632,13,,,0
28019,'1152009',1214,,2633,13,,,0
28019,'1152288',1359,,2637,13,,,0
28019,'1152327',1114,,2639,13,,,0
28019,'1152496',844,,2643,13,,,0
28019,'1153084',614,,2648,13,,,0
28019,'1153391',1844,,2650,13,,,0
28019,'1153447',1014,,2651,13,,,0
28019,'1153809',759,,2655,13,,,0
28019,'1154018',1659,,2659,13,,,0
28019,'1154326',714,,2667,13,,,0
28019,'1154366',1614,,2668,13,,,0
28019,'1154415',1514,,2670,13,,,0
28019,'1154553',744,,2671,13,,,0
28019,'1154597',1759,,2672,13,,,0
28019,'1154599',1159,,2673,13,,,0
28019,'1154608',1859,,2674,13,,,0
28019,'1154700',1644,,2675,13,,,0
28019,'1154792',1559,,2677,13,,,0
28019,'1154878',2214,,2678,13,,,0
28019,'1154929',2059,,2679,13,,,0
28019,'1155022',1714,,2681,13,,,0
28019,'1155051',1459,,2682,13,,,0
28019,'1155256',1414,,2685,13,,,0
28019,'1155361',1914,,2686,13,,,0
