14029,'1190709',1901,,8149,33,,,0
14029,'1190764',1801,,8150,33,,,0
14029,'1190906',701,,8151,33,,,0
14029,'1190920',2330,,8152,33,,,0
14029,'1190927',1632,,8153,33,,,0
14029,'1190947',2130,,8154,33,,,0
14029,'1191037',1502,,8155,33,,,0
14029,'1191042',1131,,8156,33,,,0
14029,'1191055',1030,,8157,33,,,0
14029,'1191078',831,,8158,33,,,0
14029,'1191085',730,,8159,33,,,0
14029,'1191268',2030,,8160,33,,,0
14029,'1191308',1431,,8161,33,,,0
14029,'1191322',1032,,8162,33,,,0
14029,'1191348',1232,,8163,33,,,0
14029,'1191415',2231,,8164,33,,,0
14029,'1191429',1831,,8165,33,,,0
14029,'1191444',930,,8166,33,,,0
14029,'1191520',1432,,8167,33,,,0
14029,'1191547',1531,,8168,33,,,0
14029,'1191620',1931,,8169,33,,,0
14029,'1191630',931,,8170,33,,,0
14029,'1191685',1130,,8171,33,,,0
14029,'1191690',1530,,8172,33,,,0
14029,'1191718',2331,,8173,33,,,0
14029,'1191777',931,,8174,33,,,0
14029,'1191810',731,,8175,33,,,0
14029,'1191843',1430,,8176,33,,,0
14029,'1191865',801,,8177,33,,,0
14029,'1191921',901,,8178,33,,,0
14029,'1191937',1230,,8179,33,,,0
14029,'1191955',831,,8180,33,,,0
14029,'1191980',2406,,8181,33,,,0
14029,'1192001',2301,,8182,33,,,0
14029,'1192032',830,,8183,33,,,0
14029,'1192051',1702,,8184,33,,,0
14029,'1192126',2230,,8185,33,,,0
14029,'1192347',2201,,8186,33,,,0
14029,'1192381',1830,,8187,33,,,0
14029,'1192383',1330,,8188,33,,,0
14029,'1192388',631,,8189,33,,,0
14029,'1192435',1631,,8190,33,,,0
14029,'1192473',2031,,8191,33,,,0
14029,'1192489',1602,,8192,33,,,0
14029,'1192580',2131,,8193,33,,,0
14029,'1192589',1730,,8194,33,,,0
14029,'1192627',1331,,8195,33,,,0
14029,'1192632',1231,,8196,33,,,0
14029,'1192674',1532,,8197,33,,,0
14029,'1192744',1630,,8198,33,,,0
14029,'1192787',1930,,8199,33,,,0
14029,'1192957',1731,,8200,33,,,0
14029,'1193009',1732,,8201,33,,,0
14029,'1193016',2101,,8202,33,,,0
14029,'1193023',2001,,8203,33,,,0
14029,'1193040',1132,,8204,33,,,0
14029,'1193048',731,,8205,33,,,0
14029,'1193064',1031,,8206,33,,,0
14029,'1193291',1332,,8207,33,,,0
