14019,'1184716',1601,,5245,35,,,0
14019,'1184750',1531,,5248,35,,,0
14019,'1184836',2029,,5249,35,,,0
14019,'1184987',1701,,5251,35,,,0
14019,'1185168',1801,,5255,35,,,0
14019,'1185211',929,,5256,35,,,0
14019,'1185255',859,,5257,35,,,0
14019,'1185335',2329,,5260,35,,,0
14019,'1185505',659,,5262,35,,,0
14019,'1185624',1201,,5266,35,,,0
14019,'1185808',1829,,5269,35,,,0
14019,'1185845',729,,5270,35,,,0
14019,'1185852',1501,,5271,35,,,0
14019,'1186014',1631,,5273,35,,,0
14019,'1186156',1401,,5277,35,,,0
14019,'1186173',1929,,5279,35,,,0
14019,'1186421',759,,5288,35,,,0
14019,'1186443',2129,,5289,35,,,0
14019,'1186532',829,,5292,35,,,0
14019,'1186609',1731,,5295,35,,,0
14019,'1186632',1101,,5296,35,,,0
14019,'1186671',2229,,5298,35,,,0
14019,'1186767',1301,,5299,35,,,0
14019,'1187071',959,,5301,35,,,0
