10019,'1193663',2216,,7564,9,,,0
10019,'1193665',1751,,7565,9,,,0
10019,'1193667',616,,7566,9,,,0
10019,'1193668',946,,7567,9,,,0
10019,'1193675',2246,,7568,9,,,0
10019,'1193678',2146,,7569,9,,,0
10019,'1193679',1821,,7570,9,,,0
10019,'1193680',746,,7571,9,,,0
10019,'1193681',1551,,7572,9,,,0
10019,'1193682',646,,7573,9,,,0
10019,'1193686',1051,,7574,9,,,0
10019,'1193687',1051,,7575,9,,,0
10019,'1193691',1751,,7576,9,,,0
10019,'1193697',1851,,7577,9,,,0
10019,'1193698',1916,,7578,9,,,0
10019,'1193700',2046,,7579,9,,,0
10019,'1193701',846,,7580,9,,,0
10019,'1193703',1451,,7581,9,,,0
10019,'1193704',746,,7582,9,,,0
10019,'1193707',946,,7583,9,,,0
10019,'1193708',846,,7584,9,,,0
10019,'1193709',946,,7585,9,,,0
10019,'1193710',1251,,7586,9,,,0
10019,'1193711',1251,,7587,9,,,0
10019,'1193715',1251,,7588,9,,,0
10019,'1193717',2116,,7589,9,,,0
10019,'1193718',1351,,7590,9,,,0
10019,'1193720',1616,,7591,9,,,0
10019,'1193724',1451,,7592,9,,,0
10019,'1193725',2016,,7593,9,,,0
10019,'1193730',1946,,7594,9,,,0
10019,'1193731',1451,,7595,9,,,0
10019,'1193732',2316,,7596,9,,,0
10019,'1193733',1751,,7597,9,,,0
10019,'1193734',1151,,7598,9,,,0
10019,'1193735',1151,,7599,9,,,0
10019,'1193737',1051,,7600,9,,,0
10019,'1193738',1151,,7601,9,,,0
10019,'1193739',2246,,7602,9,,,0
10019,'1193740',1651,,7603,9,,,0
10019,'1193743',1516,,7604,9,,,0
10019,'1193747',2346,,7605,9,,,0
10019,'1193749',1946,,7606,9,,,0
10019,'1193752',716,,7607,9,,,0
10019,'1193754',1716,,7608,9,,,0
10019,'1193755',1551,,7609,9,,,0
10019,'1193756',1851,,7610,9,,,0
10019,'1193759',1351,,7611,9,,,0
10019,'1193761',1651,,7612,9,,,0
10019,'1193765',646,,7613,9,,,0
10019,'1193766',2046,,7614,9,,,0
10019,'1193767',816,,7615,9,,,0
10019,'1193768',916,,7616,9,,,0
10019,'1193769',2346,,7617,9,,,0
10019,'1193770',1351,,7618,9,,,0
10019,'1193771',746,,7619,9,,,0
10019,'1193772',1551,,7620,9,,,0
10019,'1193773',2146,,7621,9,,,0
10019,'1193774',1651,,7622,9,,,0
10019,'1193779',846,,7623,9,,,0
103029,'1190630',1106,,9163,15,,,0
103029,'1190665',1913,,9164,15,,,0
103029,'1190791',918,,9165,15,,,0
103029,'1190798',1134,,9166,15,,,0
103029,'1190809',1536,,9167,15,,,0
103029,'1190864',1434,,9168,15,,,0
103029,'1191002',806,,9169,15,,,0
103029,'1191061',1143,,9170,15,,,0
103029,'1191087',1443,,9171,15,,,0
103029,'1191104',2005,,9172,15,,,0
103029,'1191213',1519,,9173,15,,,0
103029,'1191266',1236,,9174,15,,,0
103029,'1191392',1013,,9175,15,,,0
103029,'1191472',2135,,9176,15,,,0
103029,'1191532',2333,,9177,15,,,0
103029,'1191567',1835,,9178,15,,,0
103029,'1191612',2043,,9179,15,,,0
103029,'1191756',2033,,9180,15,,,0
103029,'1191869',1313,,9181,15,,,0
103029,'1191909',748,,9182,15,,,0
103029,'1191948',1604,,9183,15,,,0
103029,'1192055',2203,,9184,15,,,0
103029,'1192191',2305,,9185,15,,,0
103029,'1192208',1734,,9186,15,,,0
103029,'1192508',1406,,9187,15,,,0
103029,'1192592',636,,9188,15,,,0
103029,'1192628',2213,,9189,15,,,0
103029,'1192659',703,,9190,15,,,0
103029,'1192683',1613,,9191,15,,,0
103029,'1192749',1706,,9192,15,,,0
103029,'1192860',1743,,9193,15,,,0
103029,'1192948',1304,,9194,15,,,0
103029,'1193006',843,,9195,15,,,0
103029,'1193036',1003,,9196,15,,,0
103029,'1193074',833,,9197,15,,,0
103029,'1193169',1649,,9198,15,,,0
103029,'1193174',936,,9199,15,,,0
103029,'1193259',1903,,9200,15,,,0
