22019,'1150441',1416,,1811,16,,,0
22019,'1150800',1016,,1812,16,,,0
22019,'1151346',1246,,1813,16,,,0
22019,'1152264',1816,,1814,16,,,0
22019,'1152425',1446,,1815,16,,,0
22019,'1152695',1816,,1816,16,,,0
22019,'1152712',1616,,1817,16,,,0
22019,'1152891',1046,,1818,16,,,0
22019,'1153159',1616,,1819,16,,,0
22019,'1153570',1216,,1820,16,,,0
22019,'1154152',1216,,1821,16,,,0
22019,'1154488',816,,1822,16,,,0
22019,'1154626',846,,1823,16,,,0
22019,'1154882',816,,1824,16,,,0
22019,'1155378',1016,,1825,16,,,0
22019,'1155508',1416,,1826,16,,,0
