105029,'1184521',1746,,6491,17,,,0
105029,'1184537',1316,,6492,17,,,0
105029,'1184580',900,,6493,17,,,0
105029,'1184670',1531,,6494,17,,,0
105029,'1184808',2300,,6496,17,,,0
105029,'1184833',1001,,6497,17,,,0
105029,'1184834',2405,,6498,17,,,0
105029,'1184863',1216,,6499,17,,,0
105029,'1185135',700,,6501,17,,,0
105029,'1185332',1830,,6505,17,,,0
105029,'1185350',2000,,6506,17,,,0
105029,'1185359',2200,,6507,17,,,0
105029,'1185440',1616,,6510,17,,,0
105029,'1185668',730,,6513,17,,,0
105029,'1185827',2100,,6515,17,,,0
105029,'1185938',1431,,6516,17,,,0
105029,'1186005',1646,,6517,17,,,0
105029,'1186279',1501,,6519,17,,,0
105029,'1186282',1401,,6520,17,,,0
105029,'1186470',1101,,6525,17,,,0
105029,'1186861',630,,6531,17,,,0
105029,'1186874',1716,,6532,17,,,0
105029,'1187005',800,,6534,17,,,0
106019,'1185164',1700,,6537,17,,,0
106019,'1185303',1815,,6538,17,,,0
106019,'1185356',714,,6539,17,,,0
106019,'1185885',829,,6540,17,,,0
106019,'1186388',944,,6541,17,,,0
106019,'1186998',1545,,6542,17,,,0
