14019,'1150200',946,,1440,7,,,0
14019,'1150262',646,,1441,7,,,0
14019,'1150337',846,,1443,7,,,0
14019,'1150348',1146,,1444,7,,,0
14019,'1150379',716,,1445,7,,,0
14019,'1150712',2046,,1451,7,,,0
14019,'1151030',1347,,1452,7,,,0
14019,'1151165',2246,,1455,7,,,0
14019,'1151250',1746,,1456,7,,,0
14019,'1151355',2116,,1458,7,,,0
14019,'1151402',2316,,1459,7,,,0
14019,'1151531',746,,1462,7,,,0
14019,'1151546',2216,,1464,7,,,0
14019,'1151663',1517,,1466,7,,,0
14019,'1151708',1717,,1468,7,,,0
14019,'1151821',1247,,1470,7,,,0
14019,'1152024',946,,1471,7,,,0
14019,'1152219',1646,,1473,7,,,0
14019,'1152241',1246,,1474,7,,,0
14019,'1152242',1747,,1475,7,,,0
14019,'1152324',2016,,1479,7,,,0
14019,'1152363',846,,1481,7,,,0
14019,'1152413',1647,,1482,7,,,0
14019,'1152541',916,,1485,7,,,0
14019,'1152725',1547,,1488,7,,,0
14019,'1152770',1617,,1490,7,,,0
14019,'1152772',1916,,1491,7,,,0
14019,'1152885',1346,,1493,7,,,0
14019,'1153060',2146,,1494,7,,,0
14019,'1153371',646,,1499,7,,,0
14019,'1153493',746,,1502,7,,,0
14019,'1153692',1447,,1505,7,,,0
14019,'1153780',1047,,1506,7,,,0
14019,'1153908',1147,,1508,7,,,0
14019,'1154077',1816,,1510,7,,,0
14019,'1154090',1546,,1511,7,,,0
14019,'1154211',1946,,1514,7,,,0
14019,'1154339',1046,,1517,7,,,0
14019,'1154509',1846,,1520,7,,,0
14019,'1154513',1446,,1521,7,,,0
14019,'1154567',816,,1522,7,,,0
14019,'1155390',2346,,1531,7,,,0
29019,'1150216',1439,,2785,7,,,0
29019,'1150542',1524,,2787,7,,,0
29019,'1150663',924,,2788,7,,,0
29019,'1150707',1324,,2789,7,,,0
29019,'1150798',1024,,2790,7,,,0
29019,'1150837',2124,,2791,7,,,0
29019,'1150850',1224,,2792,7,,,0
29019,'1151243',939,,2794,7,,,0
29019,'1151749',1339,,2797,7,,,0
29019,'1151947',1724,,2798,7,,,0
29019,'1152147',1239,,2799,7,,,0
29019,'1152178',2324,,2801,7,,,0
29019,'1152251',824,,2802,7,,,0
29019,'1152782',2024,,2804,7,,,0
29019,'1152790',1424,,2805,7,,,0
29019,'1152913',1824,,2806,7,,,0
29019,'1153101',1624,,2808,7,,,0
29019,'1153250',2224,,2809,7,,,0
29019,'1153364',724,,2810,7,,,0
29019,'1153817',1124,,2814,7,,,0
29019,'1153846',1924,,2815,7,,,0
29019,'1154151',1539,,2816,7,,,0
29019,'1154660',1139,,2819,7,,,0
29019,'1155273',1039,,2824,7,,,0
