20019,'1184488',2007,,5362,2,,,0
20019,'1184554',1707,,5363,2,,,0
20019,'1184897',1007,,5370,2,,,0
20019,'1184938',1737,,5371,2,,,0
20019,'1184957',1207,,5373,2,,,0
20019,'1184999',737,,5375,2,,,0
20019,'1185144',1637,,5379,2,,,0
20019,'1185227',1807,,5380,2,,,0
20019,'1185251',1107,,5381,2,,,0
20019,'1185282',907,,5382,2,,,0
20019,'1185337',636,,5384,2,,,0
20019,'1185458',807,,5386,2,,,0
20019,'1185592',2107,,5391,2,,,0
20019,'1185700',2307,,5393,2,,,0
20019,'1185747',1307,,5394,2,,,0
20019,'1185789',1507,,5396,2,,,0
20019,'1185888',606,,5397,2,,,0
20019,'1186063',2407,,5403,2,,,0
20019,'1186155',1607,,5404,2,,,0
20019,'1186680',707,,5411,2,,,0
20019,'1186734',2207,,5413,2,,,0
20019,'1186752',1407,,5414,2,,,0
20019,'1186775',1907,,5415,2,,,0
102019,'1184544',1621,,6194,2,,,0
102019,'1184798',2221,,6201,2,,,0
102019,'1184845',936,,6202,2,,,0
102019,'1184904',2351,,6203,2,,,0
102019,'1185093',1536,,6205,2,,,0
102019,'1185114',1751,,6206,2,,,0
102019,'1185228',1451,,6207,2,,,0
102019,'1185323',1151,,6209,2,,,0
102019,'1185453',551,,6210,2,,,0
102019,'1185693',721,,6212,2,,,0
102019,'1186046',1706,,6218,2,,,0
102019,'1186119',1406,,6219,2,,,0
102019,'1186150',806,,6220,2,,,0
102019,'1186325',1021,,6221,2,,,0
102019,'1186567',1921,,6225,2,,,0
102019,'1186658',1321,,6226,2,,,0
102019,'1186774',851,,6229,2,,,0
102019,'1186786',636,,6230,2,,,0
102019,'1186915',2051,,6232,2,,,0
