24019,'1150105',804,,1871,5,,,0
24019,'1150252',1306,,1872,5,,,0
24019,'1150297',1704,,1873,5,,,0
24019,'1150370',1736,,1876,5,,,0
24019,'1150419',1804,,1877,5,,,0
24019,'1150426',1206,,1878,5,,,0
24019,'1150718',2234,,1885,5,,,0
24019,'1150819',2034,,1887,5,,,0
24019,'1151157',2304,,1890,5,,,0
24019,'1151201',1834,,1891,5,,,0
24019,'1151268',1304,,1893,5,,,0
24019,'1151299',1904,,1894,5,,,0
24019,'1151600',1004,,1897,5,,,0
24019,'1151675',1104,,1898,5,,,0
24019,'1151788',2004,,1901,5,,,0
24019,'1151937',1536,,1903,5,,,0
24019,'1152096',2104,,1907,5,,,0
24019,'1152175',1636,,1908,5,,,0
24019,'1152438',704,,1911,5,,,0
24019,'1152463',1506,,1913,5,,,0
24019,'1152569',1504,,1915,5,,,0
24019,'1152830',804,,1917,5,,,0
24019,'1153165',1404,,1922,5,,,0
24019,'1153232',1706,,1924,5,,,0
24019,'1153313',634,,1926,5,,,0
24019,'1153329',1406,,1927,5,,,0
24019,'1153504',1204,,1929,5,,,0
24019,'1153783',734,,1934,5,,,0
24019,'1153981',2134,,1941,5,,,0
24019,'1154057',2204,,1943,5,,,0
24019,'1154255',934,,1944,5,,,0
24019,'1154332',604,,1945,5,,,0
24019,'1154432',1436,,1946,5,,,0
24019,'1154504',1004,,1947,5,,,0
24019,'1154528',904,,1949,5,,,0
24019,'1154718',704,,1952,5,,,0
24019,'1154886',1606,,1953,5,,,0
24019,'1154890',1934,,1954,5,,,0
24019,'1154891',904,,1955,5,,,0
24019,'1155021',2354,,1956,5,,,0
24019,'1155162',1604,,1959,5,,,0
24019,'1155258',834,,1962,5,,,0
24019,'1155344',1106,,1965,5,,,0
