190001029,'1184490',1649,,6961,5,,,0
190001029,'1184527',1149,,6962,5,,,0
190001029,'1184534',849,,6963,5,,,0
190001029,'1184609',634,,6964,5,,,0
190001029,'1184616',1034,,6965,5,,,0
190001029,'1184651',2034,,6966,5,,,0
190001029,'1184661',1619,,6967,5,,,0
190001029,'1184721',2334,,6968,5,,,0
190001029,'1184789',634,,6969,5,,,0
190001029,'1184791',2134,,6970,5,,,0
190001029,'1184794',1334,,6971,5,,,0
190001029,'1184799',1249,,6972,5,,,0
190001029,'1184802',2354,,6973,5,,,0
190001029,'1184839',819,,6974,5,,,0
190001029,'1184889',2204,,6975,5,,,0
190001029,'1184906',1234,,6976,5,,,0
190001029,'1184944',1434,,6977,5,,,0
190001029,'1184980',1949,,6978,5,,,0
190001029,'1184997',1449,,6979,5,,,0
190001029,'1185017',2134,,6980,5,,,0
190001029,'1185025',1349,,6981,5,,,0
190001029,'1185053',1219,,6982,5,,,0
190001029,'1185071',1649,,6983,5,,,0
190001029,'1185119',2234,,6984,5,,,0
190001029,'1185120',1619,,6985,5,,,0
190001029,'1185125',1104,,6986,5,,,0
190001029,'1185166',1049,,6987,5,,,0
190001029,'1185167',1749,,6988,5,,,0
190001029,'1185180',2034,,6989,5,,,0
190001029,'1185201',1819,,6990,5,,,0
190001029,'1185223',1734,,6991,5,,,0
190001029,'1185234',919,,6992,5,,,0
190001029,'1185246',704,,6993,5,,,0
190001029,'1185252',1004,,6994,5,,,0
190001029,'1185262',1249,,6995,5,,,0
190001029,'1185321',2004,,6996,5,,,0
190001029,'1185331',1919,,6997,5,,,0
190001029,'1185351',904,,6998,5,,,0
190001029,'1185355',1519,,6999,5,,,0
190001029,'1185367',904,,7000,5,,,0
190001029,'1185389',2104,,7001,5,,,0
190001029,'1185390',1804,,7002,5,,,0
190001029,'1185410',2304,,7003,5,,,0
190001029,'1185424',804,,7004,5,,,0
190001029,'1185432',734,,7005,5,,,0
190001029,'1185483',1119,,7006,5,,,0
190001029,'1185504',1604,,7007,5,,,0
190001029,'1185587',1504,,7008,5,,,0
190001029,'1185591',1319,,7009,5,,,0
190001029,'1185606',1549,,7010,5,,,0
190001029,'1185626',1834,,7011,5,,,0
190001029,'1185646',1219,,7012,5,,,0
190001029,'1185689',1504,,7013,5,,,0
190001029,'1185714',1134,,7014,5,,,0
190001029,'1185744',1349,,7015,5,,,0
190001029,'1185775',1534,,7016,5,,,0
190001029,'1185855',1404,,7017,5,,,0
190001029,'1185865',949,,7018,5,,,0
190001029,'1185898',1634,,7019,5,,,0
190001029,'1185905',1849,,7020,5,,,0
190001029,'1185932',1634,,7021,5,,,0
190001029,'1185962',749,,7022,5,,,0
190001029,'1186000',1134,,7023,5,,,0
190001029,'1186001',719,,7024,5,,,0
190001029,'1186004',1204,,7025,5,,,0
190001029,'1186023',1234,,7026,5,,,0
190001029,'1186073',1449,,7027,5,,,0
190001029,'1186074',604,,7028,5,,,0
190001029,'1186081',934,,7029,5,,,0
190001029,'1186094',2049,,7030,5,,,0
190001029,'1186100',1719,,7031,5,,,0
190001029,'1186108',1149,,7032,5,,,0
190001029,'1186109',1704,,7033,5,,,0
190001029,'1186134',1304,,7034,5,,,0
190001029,'1186143',1404,,7035,5,,,0
190001029,'1186171',1749,,7036,5,,,0
190001029,'1186182',1019,,7037,5,,,0
190001029,'1186183',2019,,7038,5,,,0
190001029,'1186248',619,,7039,5,,,0
190001029,'1186250',1319,,7040,5,,,0
190001029,'1186307',1904,,7041,5,,,0
190001029,'1186324',2004,,7042,5,,,0
190001029,'1186336',649,,7043,5,,,0
190001029,'1186400',734,,7044,5,,,0
190001029,'1186407',1519,,7045,5,,,0
190001029,'1186448',1549,,7046,5,,,0
190001029,'1186468',1604,,7047,5,,,0
190001029,'1186469',1019,,7048,5,,,0
190001029,'1186472',1819,,7049,5,,,0
190001029,'1186480',1904,,7050,5,,,0
190001029,'1186542',1004,,7051,5,,,0
190001029,'1186570',834,,7052,5,,,0
190001029,'1186592',1719,,7053,5,,,0
190001029,'1186617',1434,,7054,5,,,0
190001029,'1186627',2119,,7055,5,,,0
190001029,'1186718',2304,,7056,5,,,0
190001029,'1186758',1034,,7057,5,,,0
190001029,'1186764',1104,,7058,5,,,0
190001029,'1186808',2234,,7059,5,,,0
190001029,'1186828',1334,,7060,5,,,0
190001029,'1186840',934,,7061,5,,,0
190001029,'1186842',1934,,7062,5,,,0
190001029,'1186847',2104,,7063,5,,,0
190001029,'1186858',1304,,7064,5,,,0
190001029,'1186862',949,,7065,5,,,0
190001029,'1186865',1419,,7066,5,,,0
190001029,'1186868',1934,,7067,5,,,0
190001029,'1186899',1804,,7068,5,,,0
190001029,'1186910',2204,,7069,5,,,0
190001029,'1186923',804,,7070,5,,,0
190001029,'1186947',704,,7071,5,,,0
190001029,'1186965',1534,,7072,5,,,0
190001029,'1186988',1049,,7073,5,,,0
190001029,'1186997',1119,,7074,5,,,0
190001029,'1187034',834,,7075,5,,,0
190001029,'1187119',1204,,7076,5,,,0
190001029,'1187129',1734,,7077,5,,,0
190001029,'1187140',2334,,7078,5,,,0
190001029,'1187146',1704,,7079,5,,,0
190001029,'1187167',1834,,7080,5,,,0
190001029,'1187176',1419,,7081,5,,,0
190001029,'1187611',1534,,7082,5,,,0
190001029,'1187612',704,,7083,5,,,0
190001029,'1187613',1334,,7084,5,,,0
190001029,'1187614',2004,,7085,5,,,0
190001029,'1187615',1749,,7086,5,,,0
190001029,'1187616',1819,,7087,5,,,0
190001029,'1187617',1149,,7088,5,,,0
190001029,'1187618',1249,,7089,5,,,0
190001029,'1187619',1834,,7090,5,,,0
190001029,'1187620',1034,,7091,5,,,0
190001029,'1187621',1704,,7092,5,,,0
190001029,'1187622',804,,7093,5,,,0
190001029,'1187623',1049,,7094,5,,,0
190001029,'1187624',1849,,7095,5,,,0
190001029,'1187625',2334,,7096,5,,,0
190001029,'1187626',934,,7097,5,,,0
190001029,'1187627',1418,,7098,5,,,0
190001029,'1187628',2018,,7099,5,,,0
190001029,'1187629',1634,,7100,5,,,0
190001029,'1187630',819,,7101,5,,,0
190001029,'1187631',1804,,7102,5,,,0
190001029,'1187632',2134,,7103,5,,,0
190001029,'1187633',1734,,7104,5,,,0
190001029,'1187634',2104,,7105,5,,,0
190001029,'1187635',1719,,7106,5,,,0
190001029,'1187636',2119,,7107,5,,,0
190001029,'1187637',2334,,7108,5,,,0
190001029,'1187638',1149,,7109,5,,,0
190001029,'1187639',749,,7110,5,,,0
190001029,'1187640',1434,,7111,5,,,0
190001029,'1187641',2204,,7112,5,,,0
190001029,'1187642',1619,,7113,5,,,0
190001029,'1187643',704,,7114,5,,,0
190001029,'1187644',918,,7115,5,,,0
190001029,'1187645',1334,,7116,5,,,0
190001029,'1187646',1219,,7117,5,,,0
190001029,'1187647',1318,,7118,5,,,0
190001029,'1187648',1118,,7119,5,,,0
190001029,'1187649',1249,,7120,5,,,0
190001029,'1187650',904,,7121,5,,,0
190001029,'1187651',1434,,7122,5,,,0
190001029,'1187652',734,,7123,5,,,0
190001029,'1187653',818,,7124,5,,,0
190001029,'1187654',2304,,7125,5,,,0
190001029,'1187655',1119,,7126,5,,,0
190001029,'1187656',2134,,7127,5,,,0
190001029,'1187657',849,,7128,5,,,0
190001029,'1187658',2034,,7129,5,,,0
190001029,'1187659',1619,,7130,5,,,0
190001029,'1187660',1104,,7131,5,,,0
190001029,'1187661',1404,,7132,5,,,0
190001029,'1187662',1319,,7133,5,,,0
190001029,'1187663',1219,,7134,5,,,0
190001029,'1187664',2218,,7135,5,,,0
190001029,'1187665',1534,,7136,5,,,0
190001029,'1187666',1404,,7137,5,,,0
190001029,'1187667',719,,7138,5,,,0
190001029,'1187668',2104,,7139,5,,,0
190001029,'1187669',904,,7140,5,,,0
190001029,'1187670',1519,,7141,5,,,0
190001029,'1187671',2019,,7142,5,,,0
190001029,'1187672',1919,,7143,5,,,0
190001029,'1187673',1304,,7144,5,,,0
190001029,'1187674',634,,7145,5,,,0
190001029,'1187675',619,,7146,5,,,0
190001029,'1187676',1734,,7147,5,,,0
190001029,'1187677',1234,,7148,5,,,0
190001029,'1187678',1634,,7149,5,,,0
190001029,'1187679',1749,,7150,5,,,0
190001029,'1187680',1104,,7151,5,,,0
190001029,'1187681',1704,,7152,5,,,0
190001029,'1187682',1018,,7153,5,,,0
190001029,'1187683',1549,,7154,5,,,0
190001029,'1187684',1949,,7155,5,,,0
190001029,'1187685',2118,,7156,5,,,0
190001029,'1187686',1649,,7157,5,,,0
190001029,'1187687',1719,,7158,5,,,0
190001029,'1187688',2354,,7159,5,,,0
190001029,'1187689',1819,,7160,5,,,0
190001029,'1187690',2318,,7161,5,,,0
190001029,'1187691',1004,,7162,5,,,0
190001029,'1187692',2049,,7163,5,,,0
190001029,'1187693',2234,,7164,5,,,0
190001029,'1187694',1119,,7165,5,,,0
190001029,'1187695',1234,,7166,5,,,0
190001029,'1187696',1134,,7167,5,,,0
190001029,'1187697',1504,,7168,5,,,0
190001029,'1187698',604,,7169,5,,,0
190001029,'1187699',1049,,7170,5,,,0
190001029,'1187700',1604,,7171,5,,,0
190001029,'1187701',1319,,7172,5,,,0
190001029,'1187702',1918,,7173,5,,,0
190001029,'1187703',1349,,7174,5,,,0
190001029,'1187704',934,,7175,5,,,0
190001029,'1187705',949,,7176,5,,,0
190001029,'1187706',1549,,7177,5,,,0
190001029,'1187707',1834,,7178,5,,,0
190001029,'1187708',1604,,7179,5,,,0
190001029,'1187709',2234,,7180,5,,,0
190001029,'1187710',1349,,7181,5,,,0
190001029,'1187711',1519,,7182,5,,,0
190001029,'1187712',1019,,7183,5,,,0
190001029,'1187713',1904,,7184,5,,,0
190001029,'1187714',1449,,7185,5,,,0
190001029,'1187715',1204,,7186,5,,,0
190001029,'1187716',949,,7187,5,,,0
190001029,'1187717',2034,,7188,5,,,0
190001029,'1187718',834,,7189,5,,,0
190001029,'1187719',1134,,7190,5,,,0
190001029,'1187720',1818,,7191,5,,,0
190001029,'1187721',919,,7192,5,,,0
190001029,'1187722',1034,,7193,5,,,0
190001029,'1187723',649,,7194,5,,,0
190001029,'1187724',634,,7195,5,,,0
190001029,'1187725',1019,,7196,5,,,0
190001029,'1187726',1718,,7197,5,,,0
190001029,'1187727',1934,,7198,5,,,0
190001029,'1187728',1504,,7199,5,,,0
190001029,'1187729',834,,7200,5,,,0
190001029,'1187730',1618,,7201,5,,,0
190001029,'1187731',2204,,7202,5,,,0
190001029,'1187732',1419,,7203,5,,,0
190001029,'1187733',804,,7204,5,,,0
190001029,'1187734',1934,,7205,5,,,0
190001029,'1187735',1218,,7206,5,,,0
190001029,'1187736',1004,,7207,5,,,0
190001029,'1187737',1804,,7208,5,,,0
190001029,'1187738',1649,,7209,5,,,0
190001029,'1187739',1419,,7210,5,,,0
190001029,'1187740',1449,,7211,5,,,0
190001029,'1187741',2004,,7212,5,,,0
190001029,'1187742',1904,,7213,5,,,0
190001029,'1187743',1304,,7214,5,,,0
190001029,'1187744',2304,,7215,5,,,0
190001029,'1187745',1518,,7216,5,,,0
190001029,'1187746',734,,7217,5,,,0
190001029,'1187747',718,,7218,5,,,0
190001029,'1187748',1204,,7219,5,,,0
