104029,'1190618',1417,,9248,29,,,0
104029,'1190628',1806,,9249,29,,,0
104029,'1190725',806,,9250,29,,,0
104029,'1190754',1036,,9251,29,,,0
104029,'1190787',1306,,9252,29,,,0
104029,'1190793',1836,,9253,29,,,0
104029,'1190961',1651,,9254,29,,,0
104029,'1191015',1547,,9255,29,,,0
104029,'1191060',1006,,9256,29,,,0
104029,'1191138',806,,9257,29,,,0
104029,'1191264',2306,,9258,29,,,0
104029,'1191265',921,,9259,29,,,0
104029,'1191297',651,,9260,29,,,0
104029,'1191332',1632,,9261,29,,,0
104029,'1191339',836,,9262,29,,,0
104029,'1191360',1536,,9263,29,,,0
104029,'1191502',1421,,9264,29,,,0
104029,'1191606',1606,,9265,29,,,0
104029,'1191664',2036,,9266,29,,,0
104029,'1191668',2151,,9267,29,,,0
104029,'1191699',806,,9268,29,,,0
104029,'1191901',2006,,9269,29,,,0
104029,'1191931',606,,9270,29,,,0
104029,'1192136',1206,,9271,29,,,0
104029,'1192243',1806,,9272,29,,,0
104029,'1192264',1717,,9273,29,,,0
104029,'1192282',1406,,9274,29,,,0
104029,'1192296',2206,,9275,29,,,0
104029,'1192329',721,,9276,29,,,0
104029,'1192460',1036,,9277,29,,,0
104029,'1192482',1502,,9278,29,,,0
104029,'1192831',1921,,9279,29,,,0
104029,'1192874',1751,,9280,29,,,0
104029,'1192986',2006,,9281,29,,,0
104029,'1192990',651,,9282,29,,,0
104029,'1193096',951,,9283,29,,,0
104029,'1193112',921,,9284,29,,,0
104029,'1193117',1202,,9285,29,,,0
104029,'1193136',2306,,9286,29,,,0
104029,'1193149',1332,,9287,29,,,0
104029,'1193215',1247,,9288,29,,,0
104029,'1193253',2136,,9289,29,,,0
104029,'1193281',1151,,9290,29,,,0
