25019,'1184495',708,,5635,11,,,0
25019,'1184514',1837,,5636,11,,,0
25019,'1184642',1137,,5638,11,,,0
25019,'1184757',1538,,5639,11,,,0
25019,'1184771',1708,,5640,11,,,0
25019,'1184811',637,,5641,11,,,0
25019,'1184903',2238,,5642,11,,,0
25019,'1184942',837,,5643,11,,,0
25019,'1184959',937,,5644,11,,,0
25019,'1185039',1437,,5646,11,,,0
25019,'1185100',1738,,5648,11,,,0
25019,'1185110',1638,,5649,11,,,0
25019,'1185173',938,,5650,11,,,0
25019,'1185179',2138,,5651,11,,,0
25019,'1185182',2337,,5652,11,,,0
25019,'1185244',738,,5654,11,,,0
25019,'1185338',908,,5655,11,,,0
25019,'1185434',1108,,5657,11,,,0
25019,'1185566',2137,,5660,11,,,0
25019,'1185653',1008,,5661,11,,,0
25019,'1185731',1208,,5663,11,,,0
25019,'1185741',2038,,5665,11,,,0
25019,'1185764',2237,,5666,11,,,0
25019,'1185802',1037,,5667,11,,,0
25019,'1185991',838,,5668,11,,,0
25019,'1186008',1637,,5669,11,,,0
25019,'1186131',1838,,5670,11,,,0
25019,'1186381',1237,,5672,11,,,0
25019,'1186473',1937,,5674,11,,,0
25019,'1186484',737,,5675,11,,,0
25019,'1186541',1337,,5676,11,,,0
25019,'1186625',1308,,5677,11,,,0
25019,'1186803',638,,5682,11,,,0
25019,'1186914',1438,,5684,11,,,0
25019,'1186957',808,,5685,11,,,0
25019,'1186996',1408,,5687,11,,,0
25019,'1187059',1608,,5688,11,,,0
25019,'1187075',1737,,5689,11,,,0
25019,'1187077',1537,,5690,11,,,0
25019,'1187086',1508,,5691,11,,,0
25019,'1187122',2037,,5692,11,,,0
25019,'1187127',1938,,5693,11,,,0
25019,'1187154',2358,,5694,11,,,0
