104019,'1150219',2237,,3218,22,,,0
104019,'1150233',1556,,3219,22,,,0
104019,'1150270',1122,,3220,22,,,0
104019,'1150434',1737,,3222,22,,,0
104019,'1150608',2107,,3223,22,,,0
104019,'1151426',737,,3230,22,,,0
104019,'1151651',1641,,3233,22,,,0
104019,'1151672',1937,,3234,22,,,0
104019,'1151690',922,,3235,22,,,0
104019,'1151783',2007,,3237,22,,,0
104019,'1152092',1722,,3242,22,,,0
104019,'1152111',1852,,3243,22,,,0
104019,'1152610',2412,,3248,22,,,0
104019,'1152754',1007,,3249,22,,,0
104019,'1152794',852,,3251,22,,,0
104019,'1152800',2237,,3252,22,,,0
104019,'1152901',1352,,3253,22,,,0
104019,'1153030',1426,,3257,22,,,0
104019,'1153383',1007,,3259,22,,,0
104019,'1153572',652,,3261,22,,,0
104019,'1153574',1807,,3262,22,,,0
104019,'1153609',1126,,3263,22,,,0
104019,'1154064',1256,,3265,22,,,0
104019,'1154112',1211,,3267,22,,,0
104019,'1154354',737,,3268,22,,,0
104019,'1154530',2122,,3272,22,,,0
104019,'1154669',1341,,3273,22,,,0
104019,'1154762',1237,,3274,22,,,0
104019,'1155060',622,,3276,22,,,0
104019,'1155114',1511,,3277,22,,,0
104019,'1155175',2352,,3278,22,,,0
104019,'1155177',807,,3279,22,,,0
104019,'1155190',1507,,3280,22,,,0
104019,'1155233',852,,3284,22,,,0
104019,'1155306',1622,,3287,22,,,0
