20019,'1184488',2022,,5362,25,,,0
20019,'1184554',1722,,5363,25,,,0
20019,'1184748',2151,,5366,25,,,0
20019,'1184821',1851,,5368,25,,,0
20019,'1184897',1022,,5370,25,,,0
20019,'1184938',1752,,5371,25,,,0
20019,'1184957',1222,,5373,25,,,0
20019,'1184972',1650,,5374,25,,,0
20019,'1184999',751,,5375,25,,,0
20019,'1185051',1150,,5377,25,,,0
20019,'1185144',1652,,5379,25,,,0
20019,'1185227',1822,,5380,25,,,0
20019,'1185251',1122,,5381,25,,,0
20019,'1185282',922,,5382,25,,,0
20019,'1185289',1050,,5383,25,,,0
20019,'1185337',650,,5384,25,,,0
20019,'1185458',822,,5386,25,,,0
20019,'1185518',1550,,5387,25,,,0
20019,'1185553',950,,5390,25,,,0
20019,'1185592',2121,,5391,25,,,0
20019,'1185700',2321,,5393,25,,,0
20019,'1185747',1322,,5394,25,,,0
20019,'1185774',1951,,5395,25,,,0
20019,'1185789',1523,,5396,25,,,0
20019,'1185888',620,,5397,25,,,0
20019,'1185929',1350,,5398,25,,,0
20019,'1185943',1750,,5399,25,,,0
20019,'1185949',850,,5400,25,,,0
20019,'1185968',2051,,5401,25,,,0
20019,'1186055',1450,,5402,25,,,0
20019,'1186063',2421,,5403,25,,,0
20019,'1186155',1622,,5404,25,,,0
20019,'1186449',650,,5409,25,,,0
20019,'1186680',721,,5411,25,,,0
20019,'1186692',2350,,5412,25,,,0
20019,'1186734',2221,,5413,25,,,0
20019,'1186752',1422,,5414,25,,,0
20019,'1186775',1922,,5415,25,,,0
20019,'1186893',1250,,5417,25,,,0
20019,'1186932',750,,5418,25,,,0
20019,'1187026',2251,,5419,25,,,0
