25029,'1150098',850,,2156,7,,,0
25029,'1150151',649,,2157,7,,,0
25029,'1150498',1621,,2158,7,,,0
25029,'1150759',1751,,2162,7,,,0
25029,'1150775',2050,,2164,7,,,0
25029,'1150917',2250,,2165,7,,,0
25029,'1151077',2250,,2170,7,,,0
25029,'1151239',1651,,2173,7,,,0
25029,'1151248',1151,,2174,7,,,0
25029,'1151251',1521,,2175,7,,,0
25029,'1151253',821,,2176,7,,,0
25029,'1151398',1451,,2178,7,,,0
25029,'1151422',721,,2179,7,,,0
25029,'1151517',1950,,2181,7,,,0
25029,'1151881',1750,,2184,7,,,0
25029,'1152003',1221,,2187,7,,,0
25029,'1152065',2349,,2189,7,,,0
25029,'1152448',1021,,2193,7,,,0
25029,'1152495',749,,2194,7,,,0
25029,'1152593',2150,,2195,7,,,0
25029,'1152738',1421,,2198,7,,,0
25029,'1152975',2410,,2204,7,,,0
25029,'1153012',1351,,2205,7,,,0
25029,'1153020',951,,2206,7,,,0
25029,'1153090',1850,,2207,7,,,0
25029,'1153136',1950,,2208,7,,,0
25029,'1153318',851,,2211,7,,,0
25029,'1153599',1121,,2214,7,,,0
25029,'1153605',2150,,2215,7,,,0
25029,'1153798',951,,2218,7,,,0
25029,'1154201',1721,,2226,7,,,0
25029,'1154378',1850,,2227,7,,,0
25029,'1154534',2050,,2229,7,,,0
25029,'1154602',1551,,2230,7,,,0
25029,'1154749',921,,2232,7,,,0
25029,'1154753',1251,,2233,7,,,0
25029,'1154917',1321,,2237,7,,,0
25029,'1155119',1651,,2240,7,,,0
25029,'1155205',1051,,2242,7,,,0
25029,'1155264',751,,2244,7,,,0
25029,'1155316',651,,2245,7,,,0
25029,'1155410',1451,,2246,7,,,0
25029,'1155414',1551,,2247,7,,,0
26029,'1150100',1421,,2338,16,,,0
26029,'1150123',1451,,2339,16,,,0
26029,'1150271',1521,,2342,16,,,0
26029,'1150324',1321,,2343,16,,,0
26029,'1150367',2220,,2344,16,,,0
26029,'1150583',1521,,2346,16,,,0
26029,'1150914',1051,,2351,16,,,0
26029,'1151447',620,,2358,16,,,0
26029,'1151768',1021,,2361,16,,,0
26029,'1152227',1821,,2368,16,,,0
26029,'1152563',2021,,2373,16,,,0
26029,'1152589',1221,,2374,16,,,0
26029,'1152694',1621,,2376,16,,,0
26029,'1152967',1351,,2379,16,,,0
26029,'1153010',2021,,2381,16,,,0
26029,'1153161',2321,,2383,16,,,0
26029,'1153226',721,,2385,16,,,0
26029,'1153388',1622,,2386,16,,,0
26029,'1153444',720,,2388,16,,,0
26029,'1153679',1021,,2393,16,,,0
26029,'1153836',2221,,2397,16,,,0
26029,'1153996',1251,,2399,16,,,0
26029,'1154146',621,,2401,16,,,0
26029,'1154204',2121,,2402,16,,,0
26029,'1154235',1921,,2404,16,,,0
26029,'1154258',1821,,2405,16,,,0
26029,'1154345',820,,2407,16,,,0
26029,'1154397',1921,,2409,16,,,0
26029,'1154512',1121,,2410,16,,,0
26029,'1154536',1151,,2411,16,,,0
26029,'1154620',921,,2413,16,,,0
26029,'1154679',2121,,2414,16,,,0
26029,'1154682',920,,2415,16,,,0
26029,'1154861',1721,,2416,16,,,0
26029,'1155188',1721,,2420,16,,,0
26029,'1155234',821,,2421,16,,,0
26029,'1155304',2320,,2423,16,,,0
104029,'1150508',1806,,3292,42,,,0
104029,'1150833',1303,,3301,42,,,0
104029,'1150856',2320,,3302,42,,,0
104029,'1151008',1518,,3304,42,,,0
104029,'1151097',2150,,3305,42,,,0
104029,'1151285',1218,,3310,42,,,0
104029,'1151623',820,,3312,42,,,0
104029,'1151632',1648,,3313,42,,,0
104029,'1151639',1050,,3314,42,,,0
104029,'1151734',935,,3316,42,,,0
104029,'1151896',705,,3319,42,,,0
104029,'1152059',620,,3322,42,,,0
104029,'1152405',735,,3325,42,,,0
104029,'1152789',1603,,3333,42,,,0
104029,'1153825',2020,,3339,42,,,0
104029,'1154373',850,,3341,42,,,0
104029,'1154842',1005,,3344,42,,,0
104029,'1154990',1733,,3347,42,,,0
104029,'1155225',1850,,3350,42,,,0
104029,'1155342',1433,,3352,42,,,0
104029,'1155435',1348,,3353,42,,,0
104029,'1174582',1050,,4339,42,,,0
104029,'1174742',1705,,4340,42,,,0
104029,'1174783',2050,,4341,42,,,0
104029,'1174936',820,,4342,42,,,0
104029,'1175045',705,,4343,42,,,0
104029,'1175446',1820,,4344,42,,,0
104029,'1175466',1550,,4345,42,,,0
104029,'1175637',935,,4346,42,,,0
104029,'1175833',1435,,4347,42,,,0
104029,'1175995',1320,,4348,42,,,0
104029,'1176420',1935,,4349,42,,,0
104029,'1176424',1205,,4350,42,,,0
104029,'1176552',2320,,4351,42,,,0
104029,'1177233',2205,,4352,42,,,0
104029,'1181155',1433,,4353,43,,,0
104029,'1181212',1218,,4354,43,,,0
104029,'1181411',1518,,4355,43,,,0
104029,'1181445',1303,,4356,43,,,0
104029,'1181463',820,,4357,43,,,0
104029,'1181465',1050,,4358,43,,,0
104029,'1181610',1806,,4359,43,,,0
104029,'1181818',2150,,4360,43,,,0
104029,'1181976',1005,,4361,43,,,0
104029,'1181990',620,,4362,43,,,0
104029,'1182344',1348,,4363,43,,,0
104029,'1182649',935,,4364,43,,,0
104029,'1182756',2320,,4365,43,,,0
104029,'1182765',1850,,4366,43,,,0
104029,'1183191',1733,,4367,43,,,0
104029,'1183225',735,,4368,43,,,0
104029,'1183615',850,,4369,43,,,0
104029,'1183699',2020,,4370,43,,,0
104029,'1183734',1648,,4371,43,,,0
104029,'1184115',1603,,4372,43,,,0
104029,'1184200',705,,4373,43,,,0
