28019,'1184531',1818,,5965,20,,,0
28019,'1184536',748,,5966,20,,,0
28019,'1184590',848,,5968,20,,,0
28019,'1184806',1418,,5969,20,,,0
28019,'1184960',803,,5971,20,,,0
28019,'1184962',1303,,5972,20,,,0
28019,'1185009',1748,,5973,20,,,0
28019,'1185083',1318,,5974,20,,,0
28019,'1185095',1618,,5976,20,,,0
28019,'1185107',1803,,5977,20,,,0
28019,'1185229',1018,,5979,20,,,0
28019,'1185263',2118,,5981,20,,,0
28019,'1185463',2403,,5983,20,,,0
28019,'1185469',1918,,5984,20,,,0
28019,'1185615',2218,,5986,20,,,0
28019,'1185768',648,,5988,20,,,0
28019,'1185787',1518,,5989,20,,,0
28019,'1185834',703,,5991,20,,,0
28019,'1185836',1903,,5992,20,,,0
28019,'1185880',2018,,5993,20,,,0
28019,'1185920',2318,,5994,20,,,0
28019,'1185987',1103,,5995,20,,,0
28019,'1186020',2203,,5996,20,,,0
28019,'1186085',1118,,5997,20,,,0
28019,'1186130',1218,,5998,20,,,0
28019,'1186196',1403,,5999,20,,,0
28019,'1186203',903,,6000,20,,,0
28019,'1186206',1503,,6001,20,,,0
28019,'1186293',818,,6002,20,,,0
28019,'1186426',1703,,6003,20,,,0
28019,'1186500',2303,,6006,20,,,0
28019,'1186547',2103,,6007,20,,,0
28019,'1186574',618,,6009,20,,,0
28019,'1186585',1718,,6010,20,,,0
28019,'1186743',1648,,6012,20,,,0
28019,'1186761',1848,,6015,20,,,0
28019,'1186844',918,,6017,20,,,0
28019,'1186887',2003,,6018,20,,,0
28019,'1187015',1003,,6019,20,,,0
28019,'1187017',718,,6020,20,,,0
28019,'1187021',1203,,6021,20,,,0
28019,'1187046',1603,,6022,20,,,0
