29029,'1156000',1452,,2826,6,,,0
29029,'1156001',1537,,2827,6,,,0
29029,'1156003',952,,2828,6,,,0
29029,'1156005',1152,,2830,6,,,0
29029,'1156007',1936,,2831,6,,,0
29029,'1156008',1352,,2832,6,,,0
29029,'1156010',1637,,2834,6,,,0
29029,'1156011',2036,,2835,6,,,0
29029,'1156014',1737,,2838,6,,,0
29029,'1156017',1137,,2841,6,,,0
29029,'1156018',2236,,2842,6,,,0
29029,'1156019',836,,2843,6,,,0
29029,'1156022',1337,,2846,6,,,0
29029,'1156023',1237,,2847,6,,,0
29029,'1156025',1052,,2848,6,,,0
29029,'1156030',2136,,2852,6,,,0
29029,'1156032',736,,2854,6,,,0
29029,'1156034',1836,,2856,6,,,0
29029,'1156037',1552,,2859,6,,,0
29029,'1156043',936,,2862,6,,,0
29029,'1156044',2336,,2863,6,,,0
29029,'1156045',1252,,2864,6,,,0
29029,'1156046',1037,,2865,6,,,0
29029,'1156047',1437,,2866,6,,,0
190001029,'1150129',1528,,3923,17,,,0
190001029,'1150221',1614,,3928,17,,,0
190001029,'1150261',658,,3932,17,,,0
190001029,'1150317',1828,,3934,17,,,0
190001029,'1150323',1043,,3936,17,,,0
190001029,'1150326',1328,,3937,17,,,0
190001029,'1150371',1643,,3939,17,,,0
190001029,'1150463',1913,,3946,17,,,0
190001029,'1150467',2313,,3948,17,,,0
190001029,'1150530',1942,,3951,17,,,0
190001029,'1150605',828,,3959,17,,,0
190001029,'1150700',1443,,3970,17,,,0
190001029,'1150770',1013,,3975,17,,,0
190001029,'1150865',2312,,3982,17,,,0
190001029,'1150887',1359,,3984,17,,,0
190001029,'1150891',1728,,3985,17,,,0
190001029,'1150910',2342,,3987,17,,,0
190001029,'1151015',628,,3994,17,,,0
190001029,'1151019',1644,,3995,17,,,0
190001029,'1151022',2343,,3996,17,,,0
190001029,'1151146',713,,4006,17,,,0
190001029,'1151308',1928,,4012,17,,,0
190001029,'1151334',1444,,4013,17,,,0
190001029,'1151383',2143,,4017,17,,,0
190001029,'1151399',1144,,4018,17,,,0
190001029,'1151410',1413,,4019,17,,,0
190001029,'1151450',812,,4024,17,,,0
190001029,'1151461',957,,4025,17,,,0
190001029,'1151471',1113,,4026,17,,,0
190001029,'1151532',2142,,4029,17,,,0
190001029,'1151622',1228,,4033,17,,,0
190001029,'1151649',1143,,4035,17,,,0
190001029,'1151652',1629,,4037,17,,,0
190001029,'1151755',1813,,4042,17,,,0
190001029,'1151778',842,,4044,17,,,0
190001029,'1151835',928,,4053,17,,,0
190001029,'1151851',1758,,4055,17,,,0
190001029,'1151867',1029,,4057,17,,,0
190001029,'1151941',1343,,4059,17,,,0
190001029,'1152013',2212,,4063,17,,,0
190001029,'1152049',1229,,4067,17,,,0
190001029,'1152277',1559,,4081,17,,,0
190001029,'1152292',1244,,4083,17,,,0
190001029,'1152433',1529,,4091,17,,,0
190001029,'1152611',1743,,4096,17,,,0
190001029,'1152619',958,,4098,17,,,0
190001029,'1152641',1329,,4099,17,,,0
190001029,'1152642',1428,,4100,17,,,0
190001029,'1152671',1843,,4101,17,,,0
190001029,'1152729',642,,4105,17,,,0
190001029,'1152816',758,,4110,17,,,0
190001029,'1152836',1313,,4112,17,,,0
190001029,'1152897',1314,,4120,17,,,0
190001029,'1152898',1713,,4121,17,,,0
190001029,'1152903',1459,,4122,17,,,0
190001029,'1152933',942,,4123,17,,,0
190001029,'1152946',1858,,4124,17,,,0
190001029,'1152957',1714,,4125,17,,,0
190001029,'1152979',643,,4130,17,,,0
190001029,'1153028',913,,4137,17,,,0
190001029,'1153063',1059,,4140,17,,,0
190001029,'1153069',1743,,4142,17,,,0
190001029,'1153087',1128,,4144,17,,,0
190001029,'1153094',1213,,4145,17,,,0
190001029,'1153180',2242,,4151,17,,,0
190001029,'1153259',1912,,4158,17,,,0
190001029,'1153305',1014,,4162,17,,,0
190001029,'1153328',1659,,4166,17,,,0
190001029,'1153379',2058,,4168,17,,,0
190001029,'1153468',1812,,4170,17,,,0
190001029,'1153471',1414,,4172,17,,,0
190001029,'1153535',2043,,4178,17,,,0
190001029,'1153710',1429,,4185,17,,,0
190001029,'1153717',1543,,4188,17,,,0
190001029,'1153754',2112,,4192,17,,,0
190001029,'1153759',712,,4195,17,,,0
190001029,'1153779',1058,,4198,17,,,0
190001029,'1153791',1613,,4201,17,,,0
190001029,'1153796',1044,,4203,17,,,0
190001029,'1154047',1458,,4216,17,,,0
190001029,'1154056',728,,4217,17,,,0
190001029,'1154092',1114,,4219,17,,,0
190001029,'1154144',2013,,4221,17,,,0
190001029,'1154192',2012,,4226,17,,,0
190001029,'1154194',1958,,4227,17,,,0
190001029,'1154283',858,,4236,17,,,0
190001029,'1154294',912,,4237,17,,,0
190001029,'1154319',743,,4239,17,,,0
190001029,'1154363',1258,,4244,17,,,0
190001029,'1154387',843,,4245,17,,,0
190001029,'1154428',1758,,4249,17,,,0
190001029,'1154446',1827,,4251,17,,,0
190001029,'1154457',612,,4253,17,,,0
190001029,'1154476',2213,,4255,17,,,0
190001029,'1154483',1628,,4256,17,,,0
190001029,'1154606',1129,,4259,17,,,0
190001029,'1154631',2113,,4262,17,,,0
190001029,'1154666',1158,,4267,17,,,0
190001029,'1154698',1159,,4268,17,,,0
190001029,'1154735',2128,,4272,17,,,0
190001029,'1154819',1544,,4277,17,,,0
190001029,'1154825',1028,,4278,17,,,0
190001029,'1154967',1259,,4289,17,,,0
190001029,'1154974',2403,,4291,17,,,0
190001029,'1154982',1943,,4292,17,,,0
190001029,'1155035',1729,,4297,17,,,0
190001029,'1155059',2243,,4298,17,,,0
190001029,'1155085',1214,,4302,17,,,0
190001029,'1155117',1842,,4303,17,,,0
190001029,'1155121',1658,,4304,17,,,0
190001029,'1155122',813,,4305,17,,,0
190001029,'1155134',1514,,4307,17,,,0
190001029,'1155216',1243,,4315,17,,,0
190001029,'1155287',2028,,4319,17,,,0
190001029,'1155299',1358,,4322,17,,,0
190001029,'1155348',2042,,4324,17,,,0
190001029,'1155357',1344,,4326,17,,,0
190001029,'1155358',1558,,4327,17,,,0
190001029,'1155429',943,,4332,17,,,0
190001029,'1155491',742,,4333,17,,,0
190001029,'1155499',1513,,4335,17,,,0
