26029,'1150100',1418,,2338,12,,,0
26029,'1150123',1447,,2339,12,,,0
26029,'1150271',1518,,2342,12,,,0
26029,'1150324',1318,,2343,12,,,0
26029,'1150367',2217,,2344,12,,,0
26029,'1150583',1517,,2346,12,,,0
26029,'1150914',1047,,2351,12,,,0
26029,'1151447',617,,2358,12,,,0
26029,'1151768',1017,,2361,12,,,0
26029,'1152227',1817,,2368,12,,,0
26029,'1152563',2018,,2373,12,,,0
26029,'1152589',1218,,2374,12,,,0
26029,'1152694',1618,,2376,12,,,0
26029,'1152967',1347,,2379,12,,,0
26029,'1153010',2017,,2381,12,,,0
26029,'1153161',2317,,2383,12,,,0
26029,'1153226',717,,2385,12,,,0
26029,'1153388',1618,,2386,12,,,0
26029,'1153444',717,,2388,12,,,0
26029,'1153679',1018,,2393,12,,,0
26029,'1153836',2217,,2397,12,,,0
26029,'1153996',1247,,2399,12,,,0
26029,'1154146',617,,2401,12,,,0
26029,'1154204',2117,,2402,12,,,0
26029,'1154235',1918,,2404,12,,,0
26029,'1154258',1818,,2405,12,,,0
26029,'1154345',817,,2407,12,,,0
26029,'1154397',1917,,2409,12,,,0
26029,'1154512',1118,,2410,12,,,0
26029,'1154536',1147,,2411,12,,,0
26029,'1154620',917,,2413,12,,,0
26029,'1154679',2118,,2414,12,,,0
26029,'1154682',917,,2415,12,,,0
26029,'1154861',1718,,2416,12,,,0
26029,'1155188',1717,,2420,12,,,0
26029,'1155234',817,,2421,12,,,0
26029,'1155304',2317,,2423,12,,,0
