10019,'1193663',2213,,7564,1,,,0
10019,'1193665',1748,,7565,1,,,0
10019,'1193667',613,,7566,1,,,0
10019,'1193668',943,,7567,1,,,0
10019,'1193675',2243,,7568,1,,,0
10019,'1193678',2143,,7569,1,,,0
10019,'1193679',1818,,7570,1,,,0
10019,'1193680',743,,7571,1,,,0
10019,'1193681',1548,,7572,1,,,0
10019,'1193682',643,,7573,1,,,0
10019,'1193686',1048,,7574,1,,,0
10019,'1193687',1048,,7575,1,,,0
10019,'1193691',1748,,7576,1,,,0
10019,'1193697',1848,,7577,1,,,0
10019,'1193698',1913,,7578,1,,,0
10019,'1193700',2043,,7579,1,,,0
10019,'1193701',843,,7580,1,,,0
10019,'1193703',1448,,7581,1,,,0
10019,'1193704',743,,7582,1,,,0
10019,'1193707',943,,7583,1,,,0
10019,'1193708',843,,7584,1,,,0
10019,'1193709',943,,7585,1,,,0
10019,'1193710',1248,,7586,1,,,0
10019,'1193711',1248,,7587,1,,,0
10019,'1193715',1248,,7588,1,,,0
10019,'1193717',2113,,7589,1,,,0
10019,'1193718',1348,,7590,1,,,0
10019,'1193720',1613,,7591,1,,,0
10019,'1193724',1448,,7592,1,,,0
10019,'1193725',2013,,7593,1,,,0
10019,'1193730',1943,,7594,1,,,0
10019,'1193731',1448,,7595,1,,,0
10019,'1193732',2313,,7596,1,,,0
10019,'1193733',1748,,7597,1,,,0
10019,'1193734',1148,,7598,1,,,0
10019,'1193735',1148,,7599,1,,,0
10019,'1193737',1048,,7600,1,,,0
10019,'1193738',1148,,7601,1,,,0
10019,'1193739',2243,,7602,1,,,0
10019,'1193740',1648,,7603,1,,,0
10019,'1193743',1513,,7604,1,,,0
10019,'1193747',2343,,7605,1,,,0
10019,'1193749',1943,,7606,1,,,0
10019,'1193752',713,,7607,1,,,0
10019,'1193754',1713,,7608,1,,,0
10019,'1193755',1548,,7609,1,,,0
10019,'1193756',1848,,7610,1,,,0
10019,'1193759',1348,,7611,1,,,0
10019,'1193761',1648,,7612,1,,,0
10019,'1193765',643,,7613,1,,,0
10019,'1193766',2043,,7614,1,,,0
10019,'1193767',813,,7615,1,,,0
10019,'1193768',913,,7616,1,,,0
10019,'1193769',2343,,7617,1,,,0
10019,'1193770',1348,,7618,1,,,0
10019,'1193771',743,,7619,1,,,0
10019,'1193772',1548,,7620,1,,,0
10019,'1193773',2143,,7621,1,,,0
10019,'1193774',1648,,7622,1,,,0
10019,'1193779',843,,7623,1,,,0
10029,'1193661',1548,,7624,50,4,,0
10029,'1193662',1148,,7625,50,4,,0
10029,'1193664',2043,,7626,49,4,,0
10029,'1193666',1348,,7627,50,4,,0
10029,'1193669',2343,,7628,49,4,,0
10029,'1193670',1648,,7629,50,4,,0
10029,'1193671',1548,,7630,50,4,,0
10029,'1193672',913,,7631,49,4,,0
10029,'1193673',2143,,7632,49,4,,0
10029,'1193674',1448,,7633,50,4,,0
10029,'1193676',1913,,7634,49,4,,0
10029,'1193677',743,,7635,49,4,,0
10029,'1193683',742,,7636,49,4,,0
10029,'1193684',1748,,7637,50,4,,0
10029,'1193685',1048,,7638,50,4,,0
10029,'1193688',943,,7639,49,4,,0
10029,'1193689',813,,7640,49,4,,0
10029,'1193690',2013,,7641,49,4,,0
10029,'1193692',2243,,7642,49,4,,0
10029,'1193693',943,,7643,49,4,,0
10029,'1193694',1348,,7644,50,4,,0
10029,'1193695',713,,7645,49,4,,0
10029,'1193696',643,,7646,49,4,,0
10029,'1193699',2113,,7647,49,4,,0
10029,'1193702',1148,,7648,50,4,,0
10029,'1193705',1348,,7649,50,4,,0
10029,'1193706',843,,7650,49,4,,0
10029,'1193712',1848,,7651,50,4,,0
10029,'1193713',2313,,7652,49,4,,0
10029,'1193714',1748,,7653,50,4,,0
10029,'1193716',1943,,7654,49,4,,0
10029,'1193719',1448,,7655,50,4,,0
10029,'1193721',1048,,7656,50,4,,0
10029,'1193722',1248,,7657,50,4,,0
10029,'1193723',942,,7658,49,4,,0
10029,'1193726',1748,,7659,50,4,,0
10029,'1193727',843,,7660,49,4,,0
10029,'1193728',743,,7661,49,4,,0
10029,'1193729',842,,7662,49,4,,0
10029,'1193736',2418,,7663,49,4,,0
10029,'1193741',2213,,7664,49,4,,0
10029,'1193742',2042,,7665,49,4,,0
10029,'1193744',1513,,7666,49,4,,0
10029,'1193745',1613,,7667,49,4,,0
10029,'1193746',1148,,7668,50,4,,0
10029,'1193748',2242,,7669,49,4,,0
10029,'1193750',1942,,7670,49,4,,0
10029,'1193751',1048,,7671,50,4,,0
10029,'1193753',1648,,7672,50,4,,0
10029,'1193757',1248,,7673,50,4,,0
10029,'1193758',1448,,7674,50,4,,0
10029,'1193760',1248,,7675,50,4,,0
10029,'1193762',1548,,7676,50,4,,0
10029,'1193763',1713,,7677,49,4,,0
10029,'1193764',1848,,7678,50,4,,0
10029,'1193775',2342,,7679,49,4,,0
10029,'1193776',2142,,7680,49,4,,0
10029,'1193777',1818,,7681,50,4,,0
10029,'1193778',1648,,7682,50,4,,0
103029,'1190630',1103,,9163,7,,,0
103029,'1190665',1910,,9164,7,,,0
103029,'1190791',915,,9165,7,,,0
103029,'1190798',1131,,9166,7,,,0
103029,'1190809',1533,,9167,7,,,0
103029,'1190864',1431,,9168,7,,,0
103029,'1191002',803,,9169,7,,,0
103029,'1191061',1140,,9170,7,,,0
103029,'1191087',1440,,9171,7,,,0
103029,'1191104',2002,,9172,7,,,0
103029,'1191213',1516,,9173,7,,,0
103029,'1191266',1233,,9174,7,,,0
103029,'1191392',1010,,9175,7,,,0
103029,'1191472',2132,,9176,7,,,0
103029,'1191532',2330,,9177,7,,,0
103029,'1191567',1832,,9178,7,,,0
103029,'1191612',2040,,9179,7,,,0
103029,'1191756',2030,,9180,7,,,0
103029,'1191869',1310,,9181,7,,,0
103029,'1191909',745,,9182,7,,,0
103029,'1191948',1601,,9183,7,,,0
103029,'1192055',2200,,9184,7,,,0
103029,'1192191',2302,,9185,7,,,0
103029,'1192208',1731,,9186,7,,,0
103029,'1192508',1403,,9187,7,,,0
103029,'1192592',633,,9188,7,,,0
103029,'1192628',2210,,9189,7,,,0
103029,'1192659',700,,9190,7,,,0
103029,'1192683',1610,,9191,7,,,0
103029,'1192749',1703,,9192,7,,,0
103029,'1192860',1740,,9193,7,,,0
103029,'1192948',1301,,9194,7,,,0
103029,'1193006',840,,9195,7,,,0
103029,'1193036',1000,,9196,7,,,0
103029,'1193074',830,,9197,7,,,0
103029,'1193169',1646,,9198,7,,,0
103029,'1193174',933,,9199,7,,,0
103029,'1193259',1900,,9200,7,,,0
