27029,'1150111',933,,2511,4,,,0
27029,'1150239',2103,,2512,4,,,0
27029,'1150341',2033,,2515,4,,,0
27029,'1150413',2303,,2517,4,,,0
27029,'1150719',2003,,2522,4,,,0
27029,'1150826',1133,,2524,4,,,0
27029,'1150872',1833,,2526,4,,,0
27029,'1151039',1433,,2529,4,,,0
27029,'1151078',2333,,2531,4,,,0
27029,'1151186',1433,,2532,4,,,0
27029,'1151193',1533,,2533,4,,,0
27029,'1151202',1133,,2534,4,,,0
27029,'1151342',1033,,2536,4,,,0
27029,'1151557',1633,,2538,4,,,0
27029,'1151573',1333,,2539,4,,,0
27029,'1151880',1233,,2544,4,,,0
27029,'1151964',2133,,2546,4,,,0
27029,'1152141',633,,2550,4,,,0
27029,'1152349',733,,2551,4,,,0
27029,'1152497',1633,,2555,4,,,0
27029,'1152928',1733,,2559,4,,,0
27029,'1152982',933,,2560,4,,,0
27029,'1152989',1333,,2561,4,,,0
27029,'1153133',1033,,2563,4,,,0
27029,'1153160',833,,2564,4,,,0
27029,'1153488',633,,2567,4,,,0
27029,'1153743',1933,,2571,4,,,0
27029,'1154044',733,,2574,4,,,0
27029,'1154181',1733,,2577,4,,,0
27029,'1154348',1233,,2580,4,,,0
27029,'1154516',1833,,2582,4,,,0
27029,'1154754',2233,,2586,4,,,0
27029,'1155224',2203,,2592,4,,,0
27029,'1155349',1533,,2594,4,,,0
27029,'1155360',833,,2595,4,,,0
27029,'1155459',1903,,2596,4,,,0
