26029,'1184587',1243,,5812,3,,,0
26029,'1184730',2013,,5815,3,,,0
26029,'1184884',913,,5817,3,,,0
26029,'1184890',813,,5818,3,,,0
26029,'1184923',1343,,5819,3,,,0
26029,'1185261',1713,,5825,3,,,0
26029,'1185279',1513,,5826,3,,,0
26029,'1185365',613,,5827,3,,,0
26029,'1185507',2313,,5831,3,,,0
26029,'1185525',1913,,5832,3,,,0
26029,'1185621',2113,,5835,3,,,0
26029,'1185697',1813,,5837,3,,,0
26029,'1185769',2213,,5838,3,,,0
26029,'1185849',713,,5841,3,,,0
26029,'1185956',1443,,5842,3,,,0
26029,'1186441',1614,,5848,3,,,0
26029,'1186684',1143,,5854,3,,,0
26029,'1186884',1043,,5856,3,,,0
26029,'1186941',1013,,5857,3,,,0
