13019,'1184512',1219,,5122,4,,,0
13019,'1184594',2248,,5124,4,,,0
13019,'1184597',618,,5125,4,,,0
13019,'1184763',648,,5130,4,,,0
13019,'1184782',1019,,5131,4,,,0
13019,'1184816',748,,5132,4,,,0
13019,'1184967',1519,,5133,4,,,0
13019,'1185101',1649,,5134,4,,,0
13019,'1185148',1748,,5135,4,,,0
13019,'1185153',918,,5136,4,,,0
13019,'1185449',2353,,5141,4,,,0
13019,'1185552',818,,5143,4,,,0
13019,'1185574',848,,5144,4,,,0
13019,'1185882',1419,,5153,4,,,0
13019,'1185890',1719,,5154,4,,,0
13019,'1185910',1319,,5157,4,,,0
13019,'1185952',2048,,5160,4,,,0
13019,'1186127',2148,,5163,4,,,0
13019,'1186271',1948,,5165,4,,,0
13019,'1186295',718,,5166,4,,,0
13019,'1186370',1119,,5168,4,,,0
13019,'1186730',948,,5172,4,,,0
13019,'1186805',1848,,5173,4,,,0
13019,'1187103',1619,,5179,4,,,0
13019,'1187170',1549,,5180,4,,,0
13019,'1187172',1449,,5181,4,,,0
101029,'1184516',2353,,6162,4,,,0
101029,'1184684',1733,,6164,4,,,0
101029,'1184724',933,,6165,4,,,0
101029,'1184785',1434,,6166,4,,,0
101029,'1185015',733,,6169,4,,,0
101029,'1185619',1033,,6174,4,,,0
101029,'1186082',1634,,6180,4,,,0
101029,'1186135',633,,6182,4,,,0
101029,'1186184',833,,6184,4,,,0
101029,'1186356',2133,,6185,4,,,0
101029,'1186597',1534,,6187,4,,,0
101029,'1186784',1933,,6189,4,,,0
101029,'1186815',1334,,6191,4,,,0
101029,'1187194',1234,,6192,4,,,0
