11019,'1150143',704,,880,22,,,0
11019,'1150149',1833,,881,22,,,0
11019,'1150435',1735,,887,22,,,0
11019,'1150556',1403,,889,22,,,0
11019,'1150629',1635,,890,22,,,0
11019,'1150657',833,,891,22,,,0
11019,'1150677',2033,,892,22,,,0
11019,'1150686',2409,,893,22,,,0
11019,'1150726',1605,,894,22,,,0
11019,'1150735',1450,,895,22,,,0
11019,'1150744',1620,,896,22,,,0
11019,'1150925',1503,,899,22,,,0
11019,'1150938',1333,,901,22,,,0
11019,'1151038',934,,902,22,,,0
11019,'1151140',1019,,905,22,,,0
11019,'1151144',2219,,906,22,,,0
11019,'1151191',1220,,908,22,,,0
11019,'1151326',1949,,910,22,,,0
11019,'1151442',849,,913,22,,,0
11019,'1151502',1533,,914,22,,,0
11019,'1151687',734,,917,22,,,0
11019,'1151694',1335,,918,22,,,0
11019,'1151697',1650,,919,22,,,0
11019,'1151715',719,,920,22,,,0
11019,'1151806',834,,923,22,,,0
11019,'1151889',1233,,925,22,,,0
11019,'1151897',1705,,926,22,,,0
11019,'1151910',819,,927,22,,,0
11019,'1152031',933,,929,22,,,0
11019,'1152198',1004,,932,22,,,0
11019,'1152246',1203,,933,22,,,0
11019,'1152286',649,,934,22,,,0
11019,'1152347',2149,,936,22,,,0
11019,'1152358',1849,,937,22,,,0
11019,'1152422',2349,,939,22,,,0
11019,'1152449',1750,,940,22,,,0
11019,'1152484',1149,,941,22,,,0
11019,'1152597',1420,,943,22,,,0
11019,'1152670',1805,,944,22,,,0
11019,'1152706',1350,,945,22,,,0
11019,'1152810',1535,,947,22,,,0
11019,'1152872',1435,,948,22,,,0
11019,'1152996',919,,951,22,,,0
11019,'1153015',1303,,952,22,,,0
11019,'1153067',2233,,953,22,,,0
11019,'1153085',733,,955,22,,,0
11019,'1153098',1733,,956,22,,,0
11019,'1153395',1134,,962,22,,,0
11019,'1153405',1720,,963,22,,,0
11019,'1153484',2319,,965,22,,,0
11019,'1153506',1633,,967,22,,,0
11019,'1153527',949,,969,22,,,0
11019,'1153562',1305,,971,22,,,0
11019,'1153565',1505,,972,22,,,0
11019,'1153586',2249,,973,22,,,0
11019,'1153587',1320,,974,22,,,0
11019,'1153669',1703,,977,22,,,0
11019,'1153677',1033,,978,22,,,0
11019,'1153881',1250,,981,22,,,0
11019,'1153984',1520,,984,22,,,0
11019,'1154120',2019,,986,22,,,0
11019,'1154168',1405,,987,22,,,0
11019,'1154195',1034,,988,22,,,0
11019,'1154287',904,,989,22,,,0
11019,'1154314',1204,,990,22,,,0
11019,'1154475',1235,,991,22,,,0
11019,'1154577',2133,,993,22,,,0
11019,'1154613',1119,,994,22,,,0
11019,'1154616',804,,995,22,,,0
11019,'1154627',634,,996,22,,,0
11019,'1154690',1049,,998,22,,,0
11019,'1154863',1133,,1000,22,,,0
11019,'1154896',2119,,1001,22,,,0
11019,'1155038',1933,,1006,22,,,0
11019,'1155047',1550,,1007,22,,,0
11019,'1155187',2049,,1009,22,,,0
11019,'1155194',1603,,1010,22,,,0
11019,'1155204',1819,,1011,22,,,0
11019,'1155245',749,,1012,22,,,0
11019,'1155289',1433,,1013,22,,,0
11019,'1155293',1104,,1014,22,,,0
11019,'1155433',2333,,1016,22,,,0
11019,'1155512',1919,,1018,22,,,0
140001029,'1150107',724,,3712,15,,,0
140001029,'1150153',1625,,3714,15,,,0
140001029,'1150285',1342,,3718,15,,,0
140001029,'1150345',2359,,3720,15,,,0
140001029,'1150377',1157,,3722,15,,,0
140001029,'1150391',1824,,3725,15,,,0
140001029,'1150407',1413,,3726,15,,,0
140001029,'1150453',1640,,3727,15,,,0
140001029,'1150462',1142,,3728,15,,,0
140001029,'1150529',1856,,3730,15,,,0
140001029,'1150555',1042,,3732,15,,,0
140001029,'1150559',1112,,3733,15,,,0
140001029,'1150603',1257,,3734,15,,,0
140001029,'1150660',2011,,3736,15,,,0
140001029,'1150758',954,,3738,15,,,0
140001029,'1150812',1954,,3742,15,,,0
140001029,'1150969',1613,,3746,15,,,0
140001029,'1151075',1513,,3747,15,,,0
140001029,'1151083',1155,,3748,15,,,0
140001029,'1151132',1543,,3749,15,,,0
140001029,'1151187',1340,,3753,15,,,0
140001029,'1151190',1140,,3754,15,,,0
140001029,'1151211',955,,3755,15,,,0
140001029,'1151220',1242,,3756,15,,,0
140001029,'1151255',1956,,3758,15,,,0
140001029,'1151297',1125,,3759,15,,,0
140001029,'1151376',1826,,3763,15,,,0
140001029,'1151388',939,,3765,15,,,0
140001029,'1151430',654,,3767,15,,,0
140001029,'1151583',1710,,3772,15,,,0
140001029,'1151585',1755,,3773,15,,,0
140001029,'1151597',1555,,3774,15,,,0
140001029,'1151676',1811,,3776,15,,,0
140001029,'1151682',1312,,3777,15,,,0
140001029,'1151698',1212,,3778,15,,,0
140001029,'1151726',1728,,3781,15,,,0
140001029,'1151760',639,,3783,15,,,0
140001029,'1151781',624,,3784,15,,,0
140001029,'1151793',1655,,3786,15,,,0
140001029,'1151812',1443,,3787,15,,,0
140001029,'1151837',1225,,3790,15,,,0
140001029,'1151882',2224,,3791,15,,,0
140001029,'1151969',1428,,3792,15,,,0
140001029,'1152073',1055,,3795,15,,,0
140001029,'1152090',2124,,3796,15,,,0
140001029,'1152101',725,,3798,15,,,0
140001029,'1152157',1926,,3800,15,,,0
140001029,'1152234',1410,,3802,15,,,0
140001029,'1152255',1210,,3803,15,,,0
140001029,'1152278',1643,,3805,15,,,0
140001029,'1152287',1110,,3806,15,,,0
140001029,'1152299',709,,3807,15,,,0
140001029,'1152375',1713,,3808,15,,,0
140001029,'1152383',1057,,3809,15,,,0
140001029,'1152402',739,,3810,15,,,0
140001029,'1152437',1809,,3811,15,,,0
140001029,'1152493',1911,,3814,15,,,0
140001029,'1152528',1358,,3818,15,,,0
140001029,'1152530',2056,,3819,15,,,0
140001029,'1152532',625,,3820,15,,,0
140001029,'1152635',1027,,3824,15,,,0
140001029,'1152653',755,,3825,15,,,0
140001029,'1152735',1425,,3826,15,,,0
140001029,'1152747',2224,,3827,15,,,0
140001029,'1152751',1540,,3828,15,,,0
140001029,'1152759',824,,3829,15,,,0
140001029,'1152783',1458,,3830,15,,,0
140001029,'1152811',1325,,3833,15,,,0
140001029,'1152854',655,,3834,15,,,0
140001029,'1152865',1510,,3835,15,,,0
140001029,'1152945',1010,,3836,15,,,0
140001029,'1152973',1455,,3837,15,,,0
140001029,'1152983',2041,,3838,15,,,0
140001029,'1153104',854,,3839,15,,,0
140001029,'1153197',1924,,3841,15,,,0
140001029,'1153253',1841,,3843,15,,,0
140001029,'1153265',855,,3844,15,,,0
140001029,'1153267',1355,,3845,15,,,0
140001029,'1153287',839,,3846,15,,,0
140001029,'1153315',1756,,3847,15,,,0
140001029,'1153339',1658,,3848,15,,,0
140001029,'1153342',2026,,3850,15,,,0
140001029,'1153372',1025,,3852,15,,,0
140001029,'1153465',809,,3853,15,,,0
140001029,'1153475',1012,,3854,15,,,0
140001029,'1153486',1740,,3856,15,,,0
140001029,'1153536',2354,,3857,15,,,0
140001029,'1153567',2154,,3858,15,,,0
140001029,'1153584',2254,,3860,15,,,0
140001029,'1153592',1310,,3861,15,,,0
140001029,'1153654',1743,,3862,15,,,0
140001029,'1153683',1227,,3864,15,,,0
140001029,'1153820',1854,,3866,15,,,0
140001029,'1154107',925,,3873,15,,,0
140001029,'1154113',909,,3874,15,,,0
140001029,'1154137',1941,,3876,15,,,0
140001029,'1154215',940,,3878,15,,,0
140001029,'1154249',1327,,3879,15,,,0
140001029,'1154385',2124,,3881,15,,,0
140001029,'1154399',1839,,3882,15,,,0
140001029,'1154474',1040,,3884,15,,,0
140001029,'1154555',1528,,3886,15,,,0
140001029,'1154579',1240,,3887,15,,,0
140001029,'1154703',1440,,3890,15,,,0
140001029,'1154716',1127,,3891,15,,,0
140001029,'1154813',754,,3893,15,,,0
140001029,'1154814',2324,,3894,15,,,0
140001029,'1154828',2254,,3895,15,,,0
140001029,'1154875',2154,,3897,15,,,0
140001029,'1155029',1255,,3903,15,,,0
140001029,'1155046',1558,,3904,15,,,0
140001029,'1155054',1610,,3905,15,,,0
140001029,'1155081',924,,3906,15,,,0
140001029,'1155141',1725,,3909,15,,,0
140001029,'1155189',1628,,3911,15,,,0
140001029,'1155197',1525,,3912,15,,,0
140001029,'1155294',2054,,3915,15,,,0
140001029,'1155302',825,,3916,15,,,0
140001029,'1155305',2024,,3917,15,,,0
140001029,'1155377',2324,,3918,15,,,0
