14029,'1184567',2025,,5303,20,,,0
14029,'1184744',725,,5304,20,,,0
14029,'1184869',625,,5306,20,,,0
14029,'1184894',1625,,5307,20,,,0
14029,'1184948',2125,,5308,20,,,0
14029,'1184981',1656,,5310,20,,,0
14029,'1184993',1726,,5311,20,,,0
14029,'1185190',1955,,5312,20,,,0
14029,'1185265',825,,5314,20,,,0
14029,'1185266',2225,,5315,20,,,0
14029,'1185306',725,,5316,20,,,0
14029,'1185322',1426,,5317,20,,,0
14029,'1185345',1325,,5318,20,,,0
14029,'1185408',1456,,5319,20,,,0
14029,'1185480',1225,,5321,20,,,0
14029,'1185491',1626,,5322,20,,,0
14029,'1185496',1825,,5323,20,,,0
14029,'1185512',1925,,5324,20,,,0
14029,'1185568',1526,,5325,20,,,0
14029,'1185647',1025,,5326,20,,,0
14029,'1185828',2255,,5328,20,,,0
14029,'1185866',2400,,5330,20,,,0
14029,'1185960',825,,5331,20,,,0
14029,'1185970',925,,5332,20,,,0
14029,'1186076',1725,,5333,20,,,0
14029,'1186118',655,,5334,20,,,0
14029,'1186154',925,,5335,20,,,0
14029,'1186312',2155,,5336,20,,,0
14029,'1186319',1556,,5337,20,,,0
14029,'1186327',1326,,5338,20,,,0
14029,'1186377',1226,,5340,20,,,0
14029,'1186418',1026,,5341,20,,,0
14029,'1186554',1525,,5343,20,,,0
14029,'1186577',2325,,5344,20,,,0
14029,'1186746',1425,,5346,20,,,0
14029,'1186757',1125,,5347,20,,,0
14029,'1186771',755,,5348,20,,,0
14029,'1186908',855,,5353,20,,,0
14029,'1186971',2055,,5355,20,,,0
14029,'1187063',1755,,5357,20,,,0
14029,'1187137',1855,,5360,20,,,0
14029,'1187192',1126,,5361,20,,,0
