11019,'1150143',708,,880,26,,,0
11019,'1150149',1836,,881,26,,,0
11019,'1150435',1739,,887,26,,,0
11019,'1150556',1406,,889,26,,,0
11019,'1150629',1639,,890,26,,,0
11019,'1150657',836,,891,26,,,0
11019,'1150677',2036,,892,26,,,0
11019,'1150686',2413,,893,26,,,0
11019,'1150726',1609,,894,26,,,0
11019,'1150735',1454,,895,26,,,0
11019,'1150744',1624,,896,26,,,0
11019,'1150925',1506,,899,26,,,0
11019,'1150938',1336,,901,26,,,0
11019,'1151038',938,,902,26,,,0
11019,'1151140',1023,,905,26,,,0
11019,'1151144',2223,,906,26,,,0
11019,'1151191',1224,,908,26,,,0
11019,'1151326',1953,,910,26,,,0
11019,'1151442',853,,913,26,,,0
11019,'1151502',1536,,914,26,,,0
11019,'1151687',738,,917,26,,,0
11019,'1151694',1339,,918,26,,,0
11019,'1151697',1654,,919,26,,,0
11019,'1151715',723,,920,26,,,0
11019,'1151806',838,,923,26,,,0
11019,'1151889',1236,,925,26,,,0
11019,'1151897',1709,,926,26,,,0
11019,'1151910',823,,927,26,,,0
11019,'1152031',936,,929,26,,,0
11019,'1152198',1008,,932,26,,,0
11019,'1152246',1206,,933,26,,,0
11019,'1152286',653,,934,26,,,0
11019,'1152347',2153,,936,26,,,0
11019,'1152358',1853,,937,26,,,0
11019,'1152422',2353,,939,26,,,0
11019,'1152449',1754,,940,26,,,0
11019,'1152484',1153,,941,26,,,0
11019,'1152597',1424,,943,26,,,0
11019,'1152670',1809,,944,26,,,0
11019,'1152706',1354,,945,26,,,0
11019,'1152810',1539,,947,26,,,0
11019,'1152872',1439,,948,26,,,0
11019,'1152996',923,,951,26,,,0
11019,'1153015',1306,,952,26,,,0
11019,'1153067',2236,,953,26,,,0
11019,'1153085',736,,955,26,,,0
11019,'1153098',1736,,956,26,,,0
11019,'1153395',1138,,962,26,,,0
11019,'1153405',1724,,963,26,,,0
11019,'1153484',2323,,965,26,,,0
11019,'1153506',1636,,967,26,,,0
11019,'1153527',953,,969,26,,,0
11019,'1153562',1309,,971,26,,,0
11019,'1153565',1509,,972,26,,,0
11019,'1153586',2253,,973,26,,,0
11019,'1153587',1324,,974,26,,,0
11019,'1153669',1706,,977,26,,,0
11019,'1153677',1036,,978,26,,,0
11019,'1153881',1254,,981,26,,,0
11019,'1153984',1524,,984,26,,,0
11019,'1154120',2023,,986,26,,,0
11019,'1154168',1409,,987,26,,,0
11019,'1154195',1038,,988,26,,,0
11019,'1154287',908,,989,26,,,0
11019,'1154314',1208,,990,26,,,0
11019,'1154475',1239,,991,26,,,0
11019,'1154577',2136,,993,26,,,0
11019,'1154613',1123,,994,26,,,0
11019,'1154616',808,,995,26,,,0
11019,'1154627',638,,996,26,,,0
11019,'1154690',1053,,998,26,,,0
11019,'1154863',1136,,1000,26,,,0
11019,'1154896',2123,,1001,26,,,0
11019,'1155038',1936,,1006,26,,,0
11019,'1155047',1554,,1007,26,,,0
11019,'1155187',2053,,1009,26,,,0
11019,'1155194',1606,,1010,26,,,0
11019,'1155204',1823,,1011,26,,,0
11019,'1155245',753,,1012,26,,,0
11019,'1155289',1436,,1013,26,,,0
11019,'1155293',1108,,1014,26,,,0
11019,'1155433',2336,,1016,26,,,0
11019,'1155512',1923,,1018,26,,,0
22029,'1150220',1024,,1827,5,,,0
22029,'1150933',1254,,1828,5,,,0
22029,'1150935',823,,1829,5,,,0
22029,'1151147',854,,1830,5,,,0
22029,'1151839',1054,,1832,5,,,0
22029,'1152014',1424,,1833,5,,,0
22029,'1152171',1624,,1834,5,,,0
22029,'1153526',1454,,1837,5,,,0
22029,'1154636',1824,,1840,5,,,0
22029,'1154908',1224,,1841,5,,,0
140001029,'1150107',727,,3712,19,,,0
140001029,'1150153',1628,,3714,19,,,0
140001029,'1150285',1345,,3718,19,,,0
140001029,'1150345',2402,,3720,19,,,0
140001029,'1150377',1200,,3722,19,,,0
140001029,'1150391',1827,,3725,19,,,0
140001029,'1150407',1416,,3726,19,,,0
140001029,'1150453',1643,,3727,19,,,0
140001029,'1150462',1145,,3728,19,,,0
140001029,'1150529',1859,,3730,19,,,0
140001029,'1150555',1045,,3732,19,,,0
140001029,'1150559',1115,,3733,19,,,0
140001029,'1150603',1300,,3734,19,,,0
140001029,'1150660',2014,,3736,19,,,0
140001029,'1150758',957,,3738,19,,,0
140001029,'1150812',1957,,3742,19,,,0
140001029,'1150969',1616,,3746,19,,,0
140001029,'1151075',1516,,3747,19,,,0
140001029,'1151083',1158,,3748,19,,,0
140001029,'1151132',1546,,3749,19,,,0
140001029,'1151187',1343,,3753,19,,,0
140001029,'1151190',1143,,3754,19,,,0
140001029,'1151211',958,,3755,19,,,0
140001029,'1151220',1245,,3756,19,,,0
140001029,'1151255',1959,,3758,19,,,0
140001029,'1151297',1128,,3759,19,,,0
140001029,'1151376',1829,,3763,19,,,0
140001029,'1151388',942,,3765,19,,,0
140001029,'1151430',657,,3767,19,,,0
140001029,'1151583',1713,,3772,19,,,0
140001029,'1151585',1758,,3773,19,,,0
140001029,'1151597',1558,,3774,19,,,0
140001029,'1151676',1814,,3776,19,,,0
140001029,'1151682',1315,,3777,19,,,0
140001029,'1151698',1215,,3778,19,,,0
140001029,'1151726',1731,,3781,19,,,0
140001029,'1151760',642,,3783,19,,,0
140001029,'1151781',627,,3784,19,,,0
140001029,'1151793',1658,,3786,19,,,0
140001029,'1151812',1446,,3787,19,,,0
140001029,'1151837',1228,,3790,19,,,0
140001029,'1151882',2227,,3791,19,,,0
140001029,'1151969',1431,,3792,19,,,0
140001029,'1152073',1058,,3795,19,,,0
140001029,'1152090',2127,,3796,19,,,0
140001029,'1152101',728,,3798,19,,,0
140001029,'1152157',1929,,3800,19,,,0
140001029,'1152234',1413,,3802,19,,,0
140001029,'1152255',1213,,3803,19,,,0
140001029,'1152278',1646,,3805,19,,,0
140001029,'1152287',1113,,3806,19,,,0
140001029,'1152299',712,,3807,19,,,0
140001029,'1152375',1716,,3808,19,,,0
140001029,'1152383',1100,,3809,19,,,0
140001029,'1152402',742,,3810,19,,,0
140001029,'1152437',1812,,3811,19,,,0
140001029,'1152493',1914,,3814,19,,,0
140001029,'1152528',1401,,3818,19,,,0
140001029,'1152530',2059,,3819,19,,,0
140001029,'1152532',628,,3820,19,,,0
140001029,'1152635',1030,,3824,19,,,0
140001029,'1152653',758,,3825,19,,,0
140001029,'1152735',1428,,3826,19,,,0
140001029,'1152747',2227,,3827,19,,,0
140001029,'1152751',1543,,3828,19,,,0
140001029,'1152759',827,,3829,19,,,0
140001029,'1152783',1501,,3830,19,,,0
140001029,'1152811',1328,,3833,19,,,0
140001029,'1152854',658,,3834,19,,,0
140001029,'1152865',1513,,3835,19,,,0
140001029,'1152945',1013,,3836,19,,,0
140001029,'1152973',1458,,3837,19,,,0
140001029,'1152983',2044,,3838,19,,,0
140001029,'1153104',857,,3839,19,,,0
140001029,'1153197',1927,,3841,19,,,0
140001029,'1153253',1844,,3843,19,,,0
140001029,'1153265',858,,3844,19,,,0
140001029,'1153267',1358,,3845,19,,,0
140001029,'1153287',842,,3846,19,,,0
140001029,'1153315',1759,,3847,19,,,0
140001029,'1153339',1701,,3848,19,,,0
140001029,'1153342',2029,,3850,19,,,0
140001029,'1153372',1028,,3852,19,,,0
140001029,'1153465',812,,3853,19,,,0
140001029,'1153475',1015,,3854,19,,,0
140001029,'1153486',1743,,3856,19,,,0
140001029,'1153536',2357,,3857,19,,,0
140001029,'1153567',2157,,3858,19,,,0
140001029,'1153584',2257,,3860,19,,,0
140001029,'1153592',1313,,3861,19,,,0
140001029,'1153654',1746,,3862,19,,,0
140001029,'1153683',1230,,3864,19,,,0
140001029,'1153820',1857,,3866,19,,,0
140001029,'1154107',928,,3873,19,,,0
140001029,'1154113',912,,3874,19,,,0
140001029,'1154137',1944,,3876,19,,,0
140001029,'1154215',943,,3878,19,,,0
140001029,'1154249',1330,,3879,19,,,0
140001029,'1154385',2127,,3881,19,,,0
140001029,'1154399',1842,,3882,19,,,0
140001029,'1154474',1043,,3884,19,,,0
140001029,'1154555',1531,,3886,19,,,0
140001029,'1154579',1243,,3887,19,,,0
140001029,'1154703',1443,,3890,19,,,0
140001029,'1154716',1130,,3891,19,,,0
140001029,'1154813',757,,3893,19,,,0
140001029,'1154814',2327,,3894,19,,,0
140001029,'1154828',2257,,3895,19,,,0
140001029,'1154875',2157,,3897,19,,,0
140001029,'1155029',1258,,3903,19,,,0
140001029,'1155046',1601,,3904,19,,,0
140001029,'1155054',1613,,3905,19,,,0
140001029,'1155081',927,,3906,19,,,0
140001029,'1155141',1728,,3909,19,,,0
140001029,'1155189',1631,,3911,19,,,0
140001029,'1155197',1528,,3912,19,,,0
140001029,'1155294',2057,,3915,19,,,0
140001029,'1155302',828,,3916,19,,,0
140001029,'1155305',2027,,3917,19,,,0
140001029,'1155377',2327,,3918,19,,,0
