2029,'1150099',728,,153,9,,,0
2029,'1150204',2241,,154,9,,,0
2029,'1150205',1423,,155,9,,,0
2029,'1150235',1757,,156,9,,,0
2029,'1150264',1128,,157,9,,,0
2029,'1150359',2141,,159,9,,,0
2029,'1150387',1627,,160,9,,,0
2029,'1150399',1312,,161,9,,,0
2029,'1150596',857,,163,9,,,0
2029,'1150706',1057,,164,9,,,0
2029,'1150737',1542,,166,9,,,0
2029,'1150754',657,,167,9,,,0
2029,'1150835',1012,,171,9,,,0
2029,'1150893',2111,,172,9,,,0
2029,'1150915',1028,,173,9,,,0
2029,'1150964',2337,,174,9,,,0
2029,'1151020',927,,175,9,,,0
2029,'1151059',1612,,176,9,,,0
2029,'1151109',1257,,177,9,,,0
2029,'1151112',2328,,178,9,,,0
2029,'1151287',1158,,183,9,,,0
2029,'1151318',1812,,184,9,,,0
2029,'1151377',1253,,185,9,,,0
2029,'1151512',1742,,187,9,,,0
2029,'1151673',2041,,189,9,,,0
2029,'1151753',2413,,190,9,,,0
2029,'1151810',1142,,192,9,,,0
2029,'1151846',1723,,194,9,,,0
2029,'1151913',1027,,195,9,,,0
2029,'1151977',727,,196,9,,,0
2029,'1151981',1357,,197,9,,,0
2029,'1151987',2407,,199,9,,,0
2029,'1152028',1827,,203,9,,,0
2029,'1152045',942,,204,9,,,0
2029,'1152158',2028,,205,9,,,0
2029,'1152377',1427,,207,9,,,0
2029,'1152464',812,,210,9,,,0
2029,'1152591',1412,,213,9,,,0
2029,'1152677',1453,,217,9,,,0
2029,'1152700',1911,,218,9,,,0
2029,'1152710',1353,,220,9,,,0
2029,'1152711',1642,,221,9,,,0
2029,'1152851',642,,223,9,,,0
2029,'1152909',1112,,224,9,,,0
2029,'1152943',2211,,225,9,,,0
2029,'1152978',1457,,226,9,,,0
2029,'1153006',1512,,227,9,,,0
2029,'1153039',1553,,228,9,,,0
2029,'1153131',1342,,230,9,,,0
2029,'1153150',858,,232,9,,,0
2029,'1153234',1943,,234,9,,,0
2029,'1153375',943,,236,9,,,0
2029,'1153517',1527,,238,9,,,0
2029,'1153626',1323,,242,9,,,0
2029,'1153665',1623,,243,9,,,0
2029,'1153733',1841,,244,9,,,0
2029,'1153775',1212,,247,9,,,0
2029,'1153874',1042,,249,9,,,0
2029,'1153876',1058,,250,9,,,0
2029,'1153897',1327,,252,9,,,0
2029,'1153931',1657,,255,9,,,0
2029,'1154143',842,,257,9,,,0
2029,'1154288',1653,,261,9,,,0
2029,'1154306',1557,,263,9,,,0
2029,'1154316',1727,,264,9,,,0
2029,'1154343',643,,265,9,,,0
2029,'1154350',1157,,266,9,,,0
2029,'1154435',1712,,268,9,,,0
2029,'1154444',1941,,270,9,,,0
2029,'1154549',1753,,272,9,,,0
2029,'1154551',1523,,273,9,,,0
2029,'1154560',1127,,274,9,,,0
2029,'1154588',2311,,275,9,,,0
2029,'1154727',2011,,279,9,,,0
2029,'1154740',1227,,280,9,,,0
2029,'1154770',957,,281,9,,,0
2029,'1154848',1223,,283,9,,,0
2029,'1154950',2158,,287,9,,,0
2029,'1154993',712,,288,9,,,0
2029,'1155076',2113,,290,9,,,0
2029,'1155100',2427,,292,9,,,0
2029,'1155178',2243,,293,9,,,0
2029,'1155312',742,,296,9,,,0
2029,'1155326',1828,,297,9,,,0
2029,'1155346',1858,,298,9,,,0
2029,'1155405',813,,301,9,,,0
2029,'1155418',912,,302,9,,,0
2029,'1155423',757,,303,9,,,0
2029,'1155457',1442,,304,9,,,0
2029,'1155498',1242,,305,9,,,0
2029,'1155507',827,,306,9,,,0
103019,'1150581',852,,3099,4,,,0
103019,'1150650',1407,,3100,4,,,0
103019,'1150807',2107,,3102,4,,,0
103019,'1151036',1452,,3105,4,,,0
103019,'1151535',937,,3109,4,,,0
103019,'1151614',1237,,3112,4,,,0
103019,'1151765',2137,,3115,4,,,0
103019,'1151829',1837,,3116,4,,,0
103019,'1152005',807,,3120,4,,,0
103019,'1152137',907,,3121,4,,,0
103019,'1152317',2307,,3124,4,,,0
103019,'1152724',1937,,3126,4,,,0
103019,'1152808',2237,,3128,4,,,0
103019,'1153162',1707,,3130,4,,,0
103019,'1153376',1637,,3132,4,,,0
103019,'1153872',1107,,3136,4,,,0
103019,'1153926',1207,,3137,4,,,0
103019,'1154277',1337,,3140,4,,,0
103019,'1154296',722,,3141,4,,,0
103019,'1154523',2007,,3142,4,,,0
103019,'1154594',1622,,3143,4,,,0
103019,'1154619',1537,,3144,4,,,0
103019,'1154654',737,,3145,4,,,0
103019,'1154776',637,,3146,4,,,0
103019,'1154794',1807,,3148,4,,,0
103019,'1154837',1507,,3150,4,,,0
103019,'1154924',1037,,3152,4,,,0
