3019,'1184522',1815,,4586,23,,,0
3019,'1184631',1145,,4589,23,,,0
3019,'1184649',1715,,4590,23,,,0
3019,'1184676',2404,,4591,23,,,0
3019,'1184760',1915,,4592,23,,,0
3019,'1184874',1245,,4595,23,,,0
3019,'1184909',845,,4596,23,,,0
3019,'1185421',1745,,4608,23,,,0
3019,'1185443',1645,,4609,23,,,0
3019,'1185578',2015,,4612,23,,,0
3019,'1185590',1415,,4613,23,,,0
3019,'1185597',915,,4614,23,,,0
3019,'1185658',2314,,4615,23,,,0
3019,'1185706',1345,,4617,23,,,0
3019,'1185843',945,,4619,23,,,0
3019,'1185867',1315,,4620,23,,,0
3019,'1185927',1445,,4623,23,,,0
3019,'1185935',2215,,4624,23,,,0
3019,'1185979',1515,,4626,23,,,0
3019,'1186113',1045,,4627,23,,,0
3019,'1186177',645,,4628,23,,,0
3019,'1186216',1015,,4629,23,,,0
3019,'1186304',815,,4630,23,,,0
3019,'1186501',1545,,4633,23,,,0
3019,'1186516',2115,,4635,23,,,0
3019,'1186518',745,,4636,23,,,0
3019,'1186762',1215,,4642,23,,,0
3019,'1186821',1115,,4644,23,,,0
3019,'1186894',715,,4650,23,,,0
3019,'1187174',1615,,4652,23,,,0
190001019,'1184477',728,,6823,11,,,0
190001019,'1184538',1114,,6825,11,,,0
190001019,'1184623',713,,6827,11,,,0
190001019,'1184686',2157,,6832,11,,,0
190001019,'1184712',928,,6834,11,,,0
190001019,'1184722',658,,6835,11,,,0
190001019,'1184775',1229,,6836,11,,,0
190001019,'1184812',1359,,6838,11,,,0
190001019,'1184841',1958,,6840,11,,,0
190001019,'1184844',758,,6841,11,,,0
190001019,'1184915',1535,,6846,11,,,0
190001019,'1184930',1435,,6847,11,,,0
190001019,'1185008',813,,6848,11,,,0
190001019,'1185052',1314,,6850,11,,,0
190001019,'1185077',2013,,6853,11,,,0
190001019,'1185090',843,,6854,11,,,0
190001019,'1185150',1750,,6855,11,,,0
190001019,'1185161',1735,,6856,11,,,0
190001019,'1185178',1928,,6857,11,,,0
190001019,'1185194',2357,,6858,11,,,0
190001019,'1185221',2058,,6859,11,,,0
190001019,'1185231',1650,,6860,11,,,0
190001019,'1185343',1605,,6864,11,,,0
190001019,'1185352',1913,,6865,11,,,0
190001019,'1185392',943,,6867,11,,,0
190001019,'1185448',913,,6868,11,,,0
190001019,'1185479',1505,,6869,11,,,0
190001019,'1185532',958,,6872,11,,,0
190001019,'1185537',2417,,6873,11,,,0
190001019,'1185572',1635,,6875,11,,,0
190001019,'1185600',2327,,6877,11,,,0
190001019,'1185605',1720,,6878,11,,,0
190001019,'1185609',2028,,6879,11,,,0
190001019,'1185645',2142,,6882,11,,,0
190001019,'1185667',1159,,6884,11,,,0
190001019,'1185709',1705,,6886,11,,,0
190001019,'1185796',1550,,6891,11,,,0
190001019,'1185810',1029,,6892,11,,,0
190001019,'1185883',643,,6895,11,,,0
190001019,'1185950',858,,6898,11,,,0
190001019,'1186040',1244,,6902,11,,,0
190001019,'1186058',2113,,6903,11,,,0
190001019,'1186059',1813,,6904,11,,,0
190001019,'1186110',1259,,6907,11,,,0
190001019,'1186115',1059,,6908,11,,,0
190001019,'1186141',1420,,6911,11,,,0
190001019,'1186145',1858,,6912,11,,,0
190001019,'1186149',1144,,6913,11,,,0
190001019,'1186229',1129,,6918,11,,,0
190001019,'1186272',1943,,6922,11,,,0
190001019,'1186285',2043,,6923,11,,,0
190001019,'1186294',1620,,6924,11,,,0
190001019,'1186371',828,,6929,11,,,0
190001019,'1186413',2227,,6931,11,,,0
190001019,'1186619',1843,,6936,11,,,0
190001019,'1186635',743,,6937,11,,,0
190001019,'1186646',1759,,6938,11,,,0
190001019,'1186716',1214,,6939,11,,,0
190001019,'1186726',1044,,6940,11,,,0
190001019,'1186788',2127,,6943,11,,,0
190001019,'1186873',1344,,6946,11,,,0
190001019,'1186969',1828,,6948,11,,,0
190001019,'1187081',1013,,6954,11,,,0
190001019,'1187092',1520,,6955,11,,,0
190001019,'1187150',2257,,6957,11,,,0
190001019,'1187182',1450,,6959,11,,,0
190001019,'1187190',1329,,6960,11,,,0
