20029,'1190601',2058,,8266,11,,,0
20029,'1190617',1929,,8267,11,,,0
20029,'1190701',2158,,8268,11,,,0
20029,'1190776',957,,8269,11,,,0
20029,'1190792',1829,,8270,11,,,0
20029,'1190813',857,,8271,11,,,0
20029,'1190850',758,,8272,11,,,0
20029,'1190896',1230,,8273,11,,,0
20029,'1190928',1357,,8274,11,,,0
20029,'1190954',1557,,8275,11,,,0
20029,'1190972',751,,8276,11,,,0
20029,'1190985',2251,,8277,11,,,0
20029,'1191010',2351,,8278,11,,,0
20029,'1191028',757,,8279,11,,,0
20029,'1191030',929,,8280,11,,,0
20029,'1191193',1729,,8281,11,,,0
20029,'1191205',1700,,8282,11,,,0
20029,'1191242',1858,,8283,11,,,0
20029,'1191325',2357,,8284,11,,,0
20029,'1191388',1029,,8285,11,,,0
20029,'1191416',2228,,8286,11,,,0
20029,'1191462',728,,8287,11,,,0
20029,'1191465',1051,,8288,11,,,0
20029,'1191523',1457,,8289,11,,,0
20029,'1191554',1531,,8290,11,,,0
20029,'1191562',1451,,8291,11,,,0
20029,'1191581',1657,,8292,11,,,0
20029,'1191604',1057,,8293,11,,,0
20029,'1191631',2258,,8294,11,,,0
20029,'1191694',829,,8295,11,,,0
20029,'1191776',1958,,8296,11,,,0
20029,'1191795',1751,,8297,11,,,0
20029,'1191838',1151,,8298,11,,,0
20029,'1192020',1351,,8299,11,,,0
20029,'1192033',1129,,8300,11,,,0
20029,'1192043',1257,,8301,11,,,0
20029,'1192073',1759,,8302,11,,,0
20029,'1192116',1951,,8303,11,,,0
20029,'1192128',1551,,8304,11,,,0
20029,'1192169',657,,8305,11,,,0
20029,'1192195',1157,,8306,11,,,0
20029,'1192226',1430,,8307,11,,,0
20029,'1192516',2029,,8308,11,,,0
20029,'1192542',1757,,8309,11,,,0
20029,'1192679',2128,,8310,11,,,0
20029,'1192686',851,,8311,11,,,0
20029,'1192703',2051,,8312,11,,,0
20029,'1192826',1630,,8313,11,,,0
20029,'1192941',2151,,8314,11,,,0
20029,'1193004',951,,8315,11,,,0
20029,'1193037',2328,,8316,11,,,0
20029,'1193138',627,,8317,11,,,0
20029,'1193150',657,,8318,11,,,0
20029,'1193152',1330,,8319,11,,,0
20029,'1193218',1851,,8320,11,,,0
20029,'1193285',1651,,8321,11,,,0
20029,'1193304',1251,,8322,11,,,0
23029,'1190732',1358,,8352,17,,,0
23029,'1190742',1158,,8353,17,,,0
23029,'1190848',1527,,8354,17,,,0
23029,'1191071',926,,8355,17,,,0
23029,'1191280',1328,,8356,17,,,0
23029,'1191342',956,,8357,17,,,0
23029,'1191679',1727,,8358,17,,,0
23029,'1192283',1127,,8359,17,,,0
23029,'1192955',1559,,8360,17,,,0
102029,'1190835',1924,,9081,24,,,0
102029,'1190937',644,,9082,24,,,0
102029,'1191107',2224,,9083,24,,,0
102029,'1191135',754,,9084,24,,,0
102029,'1191154',1536,,9085,24,,,0
102029,'1191181',1154,,9086,24,,,0
102029,'1191262',1454,,9087,24,,,0
102029,'1191304',724,,9088,24,,,0
102029,'1191433',924,,9089,24,,,0
102029,'1191481',1236,,9090,24,,,0
102029,'1191496',2254,,9091,24,,,0
102029,'1191671',854,,9092,24,,,0
102029,'1191758',2306,,9093,24,,,0
102029,'1191805',1609,,9094,24,,,0
102029,'1191922',624,,9095,24,,,0
102029,'1191944',1406,,9096,24,,,0
102029,'1192040',1324,,9097,24,,,0
102029,'1192054',1354,,9098,24,,,0
102029,'1192104',2136,,9099,24,,,0
102029,'1192165',1024,,9100,24,,,0
102029,'1192219',2124,,9101,24,,,0
102029,'1192229',1836,,9102,24,,,0
102029,'1192269',1524,,9103,24,,,0
102029,'1192425',1224,,9104,24,,,0
102029,'1192453',2006,,9105,24,,,0
102029,'1192474',2354,,9106,24,,,0
102029,'1192505',709,,9107,24,,,0
102029,'1192509',1954,,9108,24,,,0
102029,'1192621',1739,,9109,24,,,0
102029,'1192631',1009,,9110,24,,,0
102029,'1192823',806,,9111,24,,,0
102029,'1192857',1706,,9112,24,,,0
102029,'1192870',1624,,9113,24,,,0
102029,'1192893',1824,,9114,24,,,0
102029,'1192925',1654,,9115,24,,,0
102029,'1192999',936,,9116,24,,,0
102029,'1193000',2424,,9117,24,,,0
102029,'1193010',1054,,9118,24,,,0
102029,'1193070',839,,9119,24,,,0
102029,'1193101',1106,,9120,24,,,0
102029,'1193141',2054,,9121,24,,,0
102029,'1193243',1754,,9122,24,,,0
102029,'1193313',1439,,9123,24,,,0
