22019,'1150441',1412,,1811,10,,,0
22019,'1150800',1012,,1812,10,,,0
22019,'1151346',1242,,1813,10,,,0
22019,'1152264',1812,,1814,10,,,0
22019,'1152425',1442,,1815,10,,,0
22019,'1152695',1812,,1816,10,,,0
22019,'1152712',1612,,1817,10,,,0
22019,'1152891',1042,,1818,10,,,0
22019,'1153159',1612,,1819,10,,,0
22019,'1153570',1212,,1820,10,,,0
22019,'1154152',1212,,1821,10,,,0
22019,'1154488',812,,1822,10,,,0
22019,'1154626',842,,1823,10,,,0
22019,'1154882',812,,1824,10,,,0
22019,'1155378',1012,,1825,10,,,0
22019,'1155508',1412,,1826,10,,,0
