105029,'1184521',1752,,6491,28,,,0
105029,'1184537',1322,,6492,28,,,0
105029,'1184580',906,,6493,28,,,0
105029,'1184670',1537,,6494,28,,,0
105029,'1184808',2306,,6496,28,,,0
105029,'1184833',1007,,6497,28,,,0
105029,'1184834',2411,,6498,28,,,0
105029,'1184863',1222,,6499,28,,,0
105029,'1185104',1721,,6500,28,,,0
105029,'1185135',706,,6501,28,,,0
105029,'1185184',1321,,6502,28,,,0
105029,'1185215',1621,,6503,28,,,0
105029,'1185332',1836,,6505,28,,,0
105029,'1185350',2006,,6506,28,,,0
105029,'1185359',2206,,6507,28,,,0
105029,'1185398',1021,,6508,28,,,0
105029,'1185412',819,,6509,28,,,0
105029,'1185440',1622,,6510,28,,,0
105029,'1185523',1421,,6511,28,,,0
105029,'1185668',736,,6513,28,,,0
105029,'1185827',2106,,6515,28,,,0
105029,'1185938',1437,,6516,28,,,0
105029,'1186005',1652,,6517,28,,,0
105029,'1186007',619,,6518,28,,,0
105029,'1186279',1507,,6519,28,,,0
105029,'1186282',1407,,6520,28,,,0
105029,'1186299',1521,,6521,28,,,0
105029,'1186335',2419,,6522,28,,,0
105029,'1186387',1121,,6524,28,,,0
105029,'1186470',1107,,6525,28,,,0
105029,'1186485',2219,,6526,28,,,0
105029,'1186740',1221,,6530,28,,,0
105029,'1186861',636,,6531,28,,,0
105029,'1186874',1722,,6532,28,,,0
105029,'1186924',1821,,6533,28,,,0
105029,'1187005',806,,6534,28,,,0
105029,'1187132',2019,,6536,28,,,0
106019,'1185164',1715,,6537,32,,,0
106019,'1185303',1830,,6538,32,,,0
106019,'1185356',728,,6539,32,,,0
106019,'1185885',843,,6540,32,,,0
106019,'1186388',958,,6541,32,,,0
106019,'1186998',1600,,6542,32,,,0
