103029,'1155767',929,,3159,4,,,0
103029,'1155769',1727,,3160,4,,,0
103029,'1155770',826,,3161,4,,,0
103029,'1155780',2258,,3163,4,,,0
103029,'1155784',956,,3165,4,,,0
103029,'1155785',1512,,3166,4,,,0
103029,'1155786',2128,,3167,4,,,0
103029,'1155788',1127,,3169,4,,,0
103029,'1155799',656,,3173,4,,,0
103029,'1155807',1856,,3176,4,,,0
103029,'1155808',2156,,3177,4,,,0
103029,'1155815',2326,,3180,4,,,0
103029,'1155818',1529,,3181,4,,,0
103029,'1155823',911,,3184,4,,,0
103029,'1155825',1659,,3185,4,,,0
103029,'1155828',1958,,3186,4,,,0
103029,'1155835',1059,,3189,4,,,0
103029,'1155847',1427,,3191,4,,,0
103029,'1155858',629,,3194,4,,,0
103029,'1155885',1257,,3198,4,,,0
103029,'1155900',759,,3201,4,,,0
103029,'1155902',1229,,3202,4,,,0
103029,'1155922',1828,,3204,4,,,0
103029,'1155923',741,,3205,4,,,0
103029,'1155944',1557,,3208,4,,,0
103029,'1155948',1642,,3210,4,,,0
103029,'1155949',1359,,3211,4,,,0
103029,'1155958',2026,,3214,4,,,0
