105019,'1190616',2248,,9291,86,,,0
105019,'1190769',1444,,9292,86,,,0
105019,'1190825',1648,,9293,86,,,0
105019,'1190865',1844,,9294,86,,,0
105019,'1190975',1914,,9295,86,,,0
105019,'1190992',1834,,9296,86,,,0
105019,'1190998',1234,,9297,86,,,0
105019,'1191007',1744,,9298,86,,,0
105019,'1191038',1534,,9299,86,,,0
105019,'1191063',1026,,9300,86,,,0
105019,'1191065',1344,,9301,86,,,0
105019,'1191145',719,,9302,86,,,0
105019,'1191217',2333,,9303,86,,,0
105019,'1191294',1434,,9304,86,,,0
105019,'1191329',933,,9305,86,,,0
105019,'1191413',1048,,9306,86,,,0
105019,'1191457',1334,,9307,86,,,0
105019,'1191557',926,,9308,86,,,0
105019,'1191709',826,,9309,86,,,0
105019,'1191750',2319,,9310,86,,,0
105019,'1191859',733,,9311,86,,,0
105019,'1191891',1814,,9312,86,,,0
105019,'1192052',1934,,9313,86,,,0
105019,'1192113',649,,9314,86,,,0
105019,'1192142',1634,,9315,86,,,0
105019,'1192176',848,,9316,86,,,0
105019,'1192218',2419,,9317,86,,,0
105019,'1192236',1448,,9318,86,,,0
105019,'1192248',2119,,9319,86,,,0
105019,'1192267',1734,,9320,86,,,0
105019,'1192318',1134,,9321,86,,,0
105019,'1192337',1659,,9322,86,,,0
105019,'1192353',1529,,9323,86,,,0
105019,'1192579',1229,,9324,86,,,0
105019,'1192586',1248,,9325,86,,,0
105019,'1192598',2048,,9326,86,,,0
105019,'1192614',756,,9327,86,,,0
105019,'1192661',2219,,9328,86,,,0
105019,'1192725',1559,,9329,86,,,0
105019,'1192735',1949,,9330,86,,,0
105019,'1192821',2133,,9331,86,,,0
105019,'1192836',1848,,9332,86,,,0
105019,'1192847',619,,9333,86,,,0
105019,'1192875',1629,,9334,86,,,0
105019,'1193045',856,,9335,86,,,0
105019,'1193298',1129,,9336,86,,,0
106019,'1190751',727,,9383,29,,,0
106019,'1190960',1713,,9384,29,,,0
106019,'1191191',1828,,9385,29,,,0
106019,'1191645',957,,9386,29,,,0
106019,'1192317',1558,,9387,29,,,0
106019,'1192475',842,,9388,29,,,0
