105019,'1150133',935,,3356,3,,,0
105019,'1150519',1753,,3358,3,,,0
105019,'1150723',646,,3359,3,,,0
105019,'1150755',1438,,3360,3,,,0
105019,'1150957',835,,3364,3,,,0
105019,'1150991',1253,,3365,3,,,0
105019,'1151148',1048,,3367,3,,,0
105019,'1151174',1248,,3368,3,,,0
105019,'1151428',805,,3371,3,,,0
105019,'1151680',1823,,3374,3,,,0
105019,'1151743',735,,3375,3,,,0
105019,'1152002',2233,,3380,3,,,0
105019,'1152300',1348,,3381,3,,,0
105019,'1152360',633,,3382,3,,,0
105019,'1152386',705,,3383,3,,,0
105019,'1152506',1723,,3384,3,,,0
105019,'1152547',603,,3385,3,,,0
105019,'1152647',2133,,3386,3,,,0
105019,'1152697',2333,,3387,3,,,0
105019,'1153054',1448,,3390,3,,,0
105019,'1153337',1848,,3392,3,,,0
105019,'1153487',533,,3393,3,,,0
105019,'1153863',1148,,3395,3,,,0
105019,'1153895',1508,,3397,3,,,0
105019,'1154206',2033,,3398,3,,,0
105019,'1154598',1748,,3402,3,,,0
105019,'1154605',1648,,3403,3,,,0
105019,'1154691',1038,,3404,3,,,0
105019,'1154711',1548,,3406,3,,,0
105019,'1154821',1353,,3407,3,,,0
105019,'1154915',1903,,3409,3,,,0
105019,'1154933',1653,,3410,3,,,0
105019,'1155111',2246,,3412,3,,,0
105019,'1155143',1608,,3413,3,,,0
105019,'1155198',1138,,3415,3,,,0
105019,'1155339',1538,,3419,3,,,0
105019,'1155343',2046,,3420,3,,,0
105019,'1155497',846,,3421,3,,,0
