102029,'1190835',1914,,9081,13,,,0
102029,'1190937',634,,9082,13,,,0
102029,'1191107',2214,,9083,13,,,0
102029,'1191135',744,,9084,13,,,0
102029,'1191154',1527,,9085,13,,,0
102029,'1191181',1144,,9086,13,,,0
102029,'1191262',1444,,9087,13,,,0
102029,'1191304',714,,9088,13,,,0
102029,'1191433',914,,9089,13,,,0
102029,'1191481',1227,,9090,13,,,0
102029,'1191496',2244,,9091,13,,,0
102029,'1191671',844,,9092,13,,,0
102029,'1191758',2257,,9093,13,,,0
102029,'1191805',1559,,9094,13,,,0
102029,'1191922',614,,9095,13,,,0
102029,'1191944',1357,,9096,13,,,0
102029,'1192040',1314,,9097,13,,,0
102029,'1192054',1344,,9098,13,,,0
102029,'1192104',2127,,9099,13,,,0
102029,'1192165',1014,,9100,13,,,0
102029,'1192219',2114,,9101,13,,,0
102029,'1192229',1827,,9102,13,,,0
102029,'1192269',1514,,9103,13,,,0
102029,'1192425',1214,,9104,13,,,0
102029,'1192453',1957,,9105,13,,,0
102029,'1192474',2344,,9106,13,,,0
102029,'1192505',659,,9107,13,,,0
102029,'1192509',1944,,9108,13,,,0
102029,'1192621',1729,,9109,13,,,0
102029,'1192631',959,,9110,13,,,0
102029,'1192823',757,,9111,13,,,0
102029,'1192857',1657,,9112,13,,,0
102029,'1192870',1614,,9113,13,,,0
102029,'1192893',1814,,9114,13,,,0
102029,'1192925',1644,,9115,13,,,0
102029,'1192999',927,,9116,13,,,0
102029,'1193000',2414,,9117,13,,,0
102029,'1193010',1044,,9118,13,,,0
102029,'1193070',829,,9119,13,,,0
102029,'1193101',1057,,9120,13,,,0
102029,'1193141',2044,,9121,13,,,0
102029,'1193243',1744,,9122,13,,,0
102029,'1193313',1429,,9123,13,,,0
