20019,'1184488',2014,,5362,12,,,0
20019,'1184554',1714,,5363,12,,,0
20019,'1184897',1014,,5370,12,,,0
20019,'1184938',1744,,5371,12,,,0
20019,'1184957',1214,,5373,12,,,0
20019,'1184999',743,,5375,12,,,0
20019,'1185144',1644,,5379,12,,,0
20019,'1185227',1814,,5380,12,,,0
20019,'1185251',1114,,5381,12,,,0
20019,'1185282',914,,5382,12,,,0
20019,'1185337',642,,5384,12,,,0
20019,'1185458',814,,5386,12,,,0
20019,'1185592',2113,,5391,12,,,0
20019,'1185700',2313,,5393,12,,,0
20019,'1185747',1314,,5394,12,,,0
20019,'1185789',1514,,5396,12,,,0
20019,'1185888',612,,5397,12,,,0
20019,'1186063',2413,,5403,12,,,0
20019,'1186155',1614,,5404,12,,,0
20019,'1186680',713,,5411,12,,,0
20019,'1186734',2213,,5413,12,,,0
20019,'1186752',1414,,5414,12,,,0
20019,'1186775',1914,,5415,12,,,0
