25019,'1184495',717,,5635,27,4,,0
25019,'1184757',1547,,5639,27,4,,0
25019,'1184771',1717,,5640,27,4,,0
25019,'1184903',2247,,5642,27,4,,0
25019,'1185100',1747,,5648,27,4,,0
25019,'1185110',1647,,5649,27,4,,0
25019,'1185173',947,,5650,27,4,,0
25019,'1185179',2147,,5651,27,4,,0
25019,'1185244',747,,5654,27,4,,0
25019,'1185338',917,,5655,27,4,,0
25019,'1185434',1117,,5657,27,4,,0
25019,'1185653',1017,,5661,27,4,,0
25019,'1185731',1217,,5663,27,4,,0
25019,'1185741',2047,,5665,27,4,,0
25019,'1185991',847,,5668,27,4,,0
25019,'1186131',1847,,5670,27,4,,0
25019,'1186625',1317,,5677,27,4,,0
25019,'1186803',647,,5682,27,4,,0
25019,'1186914',1447,,5684,27,4,,0
25019,'1186957',817,,5685,27,4,,0
25019,'1186996',1417,,5687,27,4,,0
25019,'1187059',1617,,5688,27,4,,0
25019,'1187086',1517,,5691,27,4,,0
25019,'1187127',1947,,5693,27,4,,0
25019,'1187154',2407,,5694,27,4,,0
25029,'1184624',747,,5697,1,,,0
25029,'1184660',1647,,5699,1,,,0
25029,'1184741',847,,5701,1,,,0
25029,'1184768',1017,,5703,1,,,0
25029,'1184805',1947,,5704,1,,,0
25029,'1184807',917,,5705,1,,,0
25029,'1184936',1517,,5707,1,,,0
25029,'1185050',1117,,5710,1,,,0
25029,'1185055',2247,,5711,1,,,0
25029,'1185112',1747,,5713,1,,,0
25029,'1185133',1847,,5714,1,,,0
25029,'1185317',947,,5716,1,,,0
25029,'1185327',1717,,5717,1,,,0
25029,'1185362',647,,5718,1,,,0
25029,'1185464',1417,,5720,1,,,0
25029,'1185478',1217,,5721,1,,,0
25029,'1185508',1547,,5722,1,,,0
25029,'1185642',1617,,5723,1,,,0
25029,'1185971',717,,5730,1,,,0
25029,'1185996',817,,5731,1,,,0
25029,'1186161',2047,,5735,1,,,0
25029,'1186207',2407,,5737,1,,,0
25029,'1186360',1447,,5742,1,,,0
25029,'1186605',2147,,5745,1,,,0
25029,'1186665',1317,,5747,1,,,0
