105019,'1150133',936,,3356,11,,,0
105019,'1150519',1754,,3358,11,,,0
105019,'1150723',648,,3359,11,,,0
105019,'1150755',1439,,3360,11,,,0
105019,'1150957',836,,3364,11,,,0
105019,'1150991',1254,,3365,11,,,0
105019,'1151148',1050,,3367,11,,,0
105019,'1151174',1250,,3368,11,,,0
105019,'1151428',806,,3371,11,,,0
105019,'1151680',1824,,3374,11,,,0
105019,'1151743',736,,3375,11,,,0
105019,'1152002',2234,,3380,11,,,0
105019,'1152300',1350,,3381,11,,,0
105019,'1152360',634,,3382,11,,,0
105019,'1152386',706,,3383,11,,,0
105019,'1152506',1724,,3384,11,,,0
105019,'1152547',604,,3385,11,,,0
105019,'1152647',2134,,3386,11,,,0
105019,'1152697',2334,,3387,11,,,0
105019,'1153054',1450,,3390,11,,,0
105019,'1153337',1850,,3392,11,,,0
105019,'1153487',534,,3393,11,,,0
105019,'1153863',1150,,3395,11,,,0
105019,'1153895',1509,,3397,11,,,0
105019,'1154206',2034,,3398,11,,,0
105019,'1154598',1750,,3402,11,,,0
105019,'1154605',1650,,3403,11,,,0
105019,'1154691',1039,,3404,11,,,0
105019,'1154711',1550,,3406,11,,,0
105019,'1154821',1354,,3407,11,,,0
105019,'1154915',1904,,3409,11,,,0
105019,'1154933',1654,,3410,11,,,0
105019,'1155111',2248,,3412,11,,,0
105019,'1155143',1609,,3413,11,,,0
105019,'1155198',1139,,3415,11,,,0
105019,'1155339',1539,,3419,11,,,0
105019,'1155343',2048,,3420,11,,,0
105019,'1155497',848,,3421,11,,,0
