3029,'1150202',2021,,417,29,,,0
3029,'1150338',1052,,419,29,,,0
3029,'1150614',652,,422,29,,,0
3029,'1150985',1053,,425,29,,,0
3029,'1151183',1851,,429,29,,,0
3029,'1151192',1654,,430,29,,,0
3029,'1151504',1654,,432,29,,,0
3029,'1151640',1754,,435,29,,,0
3029,'1151683',1524,,437,29,,,0
3029,'1151731',1951,,438,29,,,0
3029,'1151876',2051,,442,29,,,0
3029,'1151984',823,,445,29,,,0
3029,'1152000',1154,,447,29,,,0
3029,'1152164',2252,,450,29,,,0
3029,'1152335',753,,453,29,,,0
3029,'1152374',2251,,454,29,,,0
3029,'1152494',1324,,459,29,,,0
3029,'1152784',923,,463,29,,,0
3029,'1152803',1224,,464,29,,,0
3029,'1152828',1554,,465,29,,,0
3029,'1152863',1023,,466,29,,,0
3029,'1152936',1254,,467,29,,,0
3029,'1153075',1354,,470,29,,,0
3029,'1153143',1724,,473,29,,,0
3029,'1153218',852,,474,29,,,0
3029,'1153269',1824,,475,29,,,0
3029,'1153277',2152,,476,29,,,0
3029,'1153325',952,,477,29,,,0
3029,'1153346',1354,,478,29,,,0
3029,'1153473',1624,,480,29,,,0
3029,'1153476',723,,481,29,,,0
3029,'1153644',1254,,482,29,,,0
3029,'1153678',1852,,483,29,,,0
3029,'1153903',2352,,485,29,,,0
3029,'1153992',1921,,487,29,,,0
3029,'1154123',1952,,491,29,,,0
3029,'1154264',752,,495,29,,,0
3029,'1154368',1454,,497,29,,,0
3029,'1154445',853,,498,29,,,0
3029,'1154525',2052,,500,29,,,0
3029,'1154677',2121,,502,29,,,0
3029,'1154694',1154,,503,29,,,0
3029,'1154731',1123,,504,29,,,0
3029,'1154736',2221,,505,29,,,0
3029,'1154807',653,,506,29,,,0
3029,'1154840',2347,,508,29,,,0
3029,'1155071',1554,,511,29,,,0
3029,'1155137',1424,,512,29,,,0
3029,'1155140',1454,,513,29,,,0
3029,'1155180',953,,514,29,,,0
3029,'1155345',2151,,516,29,,,0
3029,'1155451',1754,,518,29,,,0
4029,'1150488',1438,,534,17,,,0
4029,'1150534',1008,,535,17,,,0
4029,'1150809',838,,536,17,,,0
4029,'1150905',1539,,537,17,,,0
4029,'1151009',738,,538,17,,,0
4029,'1151572',908,,539,17,,,0
4029,'1151800',1509,,540,17,,,0
4029,'1152734',938,,541,17,,,0
4029,'1152848',1408,,542,17,,,0
4029,'1153740',1708,,543,17,,,0
4029,'1154197',1609,,544,17,,,0
4029,'1154409',808,,545,17,,,0
4029,'1154674',1639,,546,17,,,0
4029,'1155056',1808,,547,17,,,0
4029,'1155206',1738,,548,17,,,0
10019,'1150177',1831,,551,37,,,0
10019,'1150195',2100,,552,37,,,0
10019,'1150212',1900,,553,37,,,0
10019,'1150401',1532,,556,37,,,0
10019,'1150422',1802,,557,37,,,0
10019,'1150466',701,,558,37,,,0
10019,'1150579',1401,,560,37,,,0
10019,'1150648',2131,,561,37,,,0
10019,'1150771',2300,,562,37,,,0
10019,'1150873',1702,,564,37,,,0
10019,'1151478',1601,,570,37,,,0
10019,'1151671',1000,,574,37,,,0
10019,'1151864',1202,,578,37,,,0
10019,'1151877',1301,,579,37,,,0
10019,'1151907',2031,,580,37,,,0
10019,'1151917',1801,,581,37,,,0
10019,'1152017',1302,,582,37,,,0
10019,'1152060',1101,,584,37,,,0
10019,'1152311',1001,,588,37,,,0
10019,'1152461',2331,,590,37,,,0
10019,'1152473',901,,591,37,,,0
10019,'1152615',1201,,593,37,,,0
10019,'1152634',2400,,594,37,,,0
10019,'1152791',1102,,597,37,,,0
10019,'1152900',931,,600,37,,,0
10019,'1152904',2000,,601,37,,,0
10019,'1153120',700,,602,37,,,0
10019,'1153228',801,,604,37,,,0
10019,'1153418',2200,,606,37,,,0
10019,'1153451',731,,607,37,,,0
10019,'1153499',900,,609,37,,,0
10019,'1153548',1931,,610,37,,,0
10019,'1153739',800,,613,37,,,0
10019,'1153751',1602,,615,37,,,0
10019,'1153967',2231,,619,37,,,0
10019,'1154257',831,,627,37,,,0
10019,'1154380',1701,,630,37,,,0
10019,'1154723',1632,,635,37,,,0
10019,'1155009',1402,,638,37,,,0
10019,'1155027',1502,,639,37,,,0
10019,'1155413',1501,,640,37,,,0
10019,'1155441',1732,,642,37,,,0
10019,'1155495',632,,643,37,,,0
13029,'1150166',1104,,1343,26,,,0
13029,'1150192',704,,1344,26,,,0
13029,'1150236',1405,,1345,26,,,0
13029,'1150280',2304,,1346,26,,,0
13029,'1150428',2104,,1348,26,,,0
13029,'1150802',1207,,1354,26,,,0
13029,'1150970',906,,1357,26,,,0
13029,'1151261',2034,,1361,26,,,0
13029,'1151608',1807,,1365,26,,,0
13029,'1151634',1607,,1366,26,,,0
13029,'1151678',805,,1369,26,,,0
13029,'1151825',705,,1371,26,,,0
13029,'1152154',1205,,1377,26,,,0
13029,'1152196',1707,,1378,26,,,0
13029,'1152291',2234,,1379,26,,,0
13029,'1152631',2134,,1381,26,,,0
13029,'1152685',1539,,1382,27,,,0
13029,'1152832',804,,1384,26,,,0
13029,'1152857',1035,,1385,26,,,0
13029,'1152875',1934,,1386,26,,,0
13029,'1153017',1505,,1387,26,,,0
13029,'1153018',1834,,1388,26,,,0
13029,'1153194',1307,,1392,26,,,0
13029,'1153367',1507,,1395,26,,,0
13029,'1153482',1904,,1396,26,,,0
13029,'1153582',2204,,1398,26,,,0
13029,'1153914',2334,,1402,26,,,0
13029,'1153951',1737,,1403,26,,,0
13029,'1154032',1006,,1406,26,,,0
13029,'1154045',1108,,1407,26,,,0
13029,'1154050',635,,1408,26,,,0
13029,'1154418',2404,,1414,26,,,0
13029,'1154462',1805,,1416,26,,,0
13029,'1154559',1305,,1419,26,,,0
13029,'1154667',1705,,1421,26,,,0
13029,'1154705',1004,,1423,26,,,0
13029,'1154900',735,,1426,26,,,0
13029,'1154948',904,,1427,26,,,0
13029,'1155079',1637,,1428,26,,,0
13029,'1155165',2004,,1429,26,,,0
13029,'1155317',1407,,1433,26,,,0
13029,'1155427',1605,,1436,26,,,0
13029,'1155442',835,,1437,26,,,0
13029,'1155494',936,,1438,26,,,0
14019,'1150200',1007,,1440,46,,,0
14019,'1150262',707,,1441,46,,,0
14019,'1150337',907,,1443,46,,,0
14019,'1150348',1208,,1444,46,,,0
14019,'1150379',737,,1445,46,,,0
14019,'1150712',2107,,1451,46,,,0
14019,'1151030',1409,,1452,46,,,0
14019,'1151165',2307,,1455,46,,,0
14019,'1151250',1808,,1456,46,,,0
14019,'1151355',2137,,1458,46,,,0
14019,'1151402',2337,,1459,46,,,0
14019,'1151531',807,,1462,46,,,0
14019,'1151546',2237,,1464,46,,,0
14019,'1151663',1539,,1466,46,,,0
14019,'1151708',1739,,1468,46,,,0
14019,'1151821',1309,,1470,46,,,0
14019,'1152024',1007,,1471,46,,,0
14019,'1152219',1708,,1473,46,,,0
14019,'1152241',1308,,1474,46,,,0
14019,'1152242',1809,,1475,46,,,0
14019,'1152324',2037,,1479,46,,,0
14019,'1152363',907,,1481,46,,,0
14019,'1152413',1709,,1482,46,,,0
14019,'1152541',937,,1485,46,,,0
14019,'1152725',1609,,1488,46,,,0
14019,'1152770',1639,,1490,46,,,0
14019,'1152772',1937,,1491,46,,,0
14019,'1152885',1408,,1493,46,,,0
14019,'1153060',2207,,1494,46,,,0
14019,'1153371',707,,1499,46,,,0
14019,'1153493',807,,1502,46,,,0
14019,'1153692',1509,,1505,46,,,0
14019,'1153780',1109,,1506,46,,,0
14019,'1153908',1209,,1508,46,,,0
14019,'1154077',1837,,1510,46,,,0
14019,'1154090',1608,,1511,46,,,0
14019,'1154211',2007,,1514,46,,,0
14019,'1154339',1107,,1517,46,,,0
14019,'1154509',1907,,1520,46,,,0
14019,'1154513',1508,,1521,46,,,0
14019,'1154567',837,,1522,46,,,0
14019,'1155390',2407,,1531,46,,,0
26029,'1150100',1424,,2338,19,,,0
26029,'1150123',1454,,2339,19,,,0
26029,'1150271',1524,,2342,19,,,0
26029,'1150324',1324,,2343,19,,,0
26029,'1150367',2222,,2344,19,,,0
26029,'1150583',1524,,2346,19,,,0
26029,'1150914',1054,,2351,19,,,0
26029,'1151447',622,,2358,19,,,0
26029,'1151768',1024,,2361,19,,,0
26029,'1152227',1824,,2368,19,,,0
26029,'1152563',2023,,2373,19,,,0
26029,'1152589',1224,,2374,19,,,0
26029,'1152694',1623,,2376,19,,,0
26029,'1152967',1354,,2379,19,,,0
26029,'1153010',2023,,2381,19,,,0
26029,'1153161',2323,,2383,19,,,0
26029,'1153226',724,,2385,19,,,0
26029,'1153388',1625,,2386,19,,,0
26029,'1153444',722,,2388,19,,,0
26029,'1153679',1023,,2393,19,,,0
26029,'1153836',2223,,2397,19,,,0
26029,'1153996',1254,,2399,19,,,0
26029,'1154146',624,,2401,19,,,0
26029,'1154204',2123,,2402,19,,,0
26029,'1154235',1923,,2404,19,,,0
26029,'1154258',1823,,2405,19,,,0
26029,'1154345',822,,2407,19,,,0
26029,'1154397',1923,,2409,19,,,0
26029,'1154512',1124,,2410,19,,,0
26029,'1154536',1154,,2411,19,,,0
26029,'1154620',924,,2413,19,,,0
26029,'1154679',2123,,2414,19,,,0
26029,'1154682',922,,2415,19,,,0
26029,'1154861',1723,,2416,19,,,0
26029,'1155188',1724,,2420,19,,,0
26029,'1155234',824,,2421,19,,,0
26029,'1155304',2322,,2423,19,,,0
