10029,'1184529',1610,,4778,44,,,0
10029,'1184564',1640,,4782,44,,,0
10029,'1184573',1140,,4783,44,,,0
10029,'1184943',740,,4788,44,,,0
10029,'1185175',2010,,4795,44,,,0
10029,'1185177',940,,4796,44,,,0
10029,'1185497',840,,4798,44,,,0
10029,'1185542',2415,,4800,44,,,0
10029,'1185616',1710,,4802,44,,,0
10029,'1185656',910,,4803,44,,,0
10029,'1185786',810,,4807,44,,,0
10029,'1185809',2310,,4808,44,,,0
10029,'1185856',640,,4809,44,,,0
10029,'1186049',1740,,4812,44,,,0
10029,'1186157',1510,,4814,44,,,0
10029,'1186205',1340,,4815,44,,,0
10029,'1186261',1810,,4817,44,,,0
10029,'1186450',1540,,4819,44,,,0
10029,'1186478',1040,,4820,44,,,0
10029,'1186548',2110,,4822,44,,,0
10029,'1186573',1910,,4824,44,,,0
10029,'1186648',1440,,4826,44,,,0
10029,'1186655',1240,,4828,44,,,0
10029,'1186719',710,,4830,44,,,0
10029,'1187133',2210,,4836,44,,,0
103019,'1184504',1416,,6279,11,,,0
103019,'1184910',1116,,6281,11,,,0
103019,'1184918',645,,6282,11,,,0
103019,'1185273',2145,,6285,11,,,0
103019,'1185405',1845,,6287,11,,,0
103019,'1185533',900,,6289,11,,,0
103019,'1185539',2015,,6290,11,,,0
103019,'1185749',1546,,6293,11,,,0
103019,'1185800',730,,6294,11,,,0
103019,'1185862',1246,,6296,11,,,0
103019,'1186013',945,,6299,11,,,0
103019,'1186148',1501,,6300,11,,,0
103019,'1186231',815,,6302,11,,,0
103019,'1186278',2315,,6304,11,,,0
103019,'1186561',1631,,6307,11,,,0
103019,'1186769',1716,,6312,11,,,0
