101029,'1184516',2414,,6162,29,,,0
101029,'1184584',1238,,6163,29,,,0
101029,'1184684',1754,,6164,29,,,0
101029,'1184724',954,,6165,29,,,0
101029,'1184785',1456,,6166,29,,,0
101029,'1184855',1438,,6167,29,,,0
101029,'1185015',754,,6169,29,,,0
101029,'1185143',2038,,6171,29,,,0
101029,'1185400',1638,,6173,29,,,0
101029,'1185619',1054,,6174,29,,,0
101029,'1185854',1838,,6178,29,,,0
101029,'1186045',838,,6179,29,,,0
101029,'1186082',1656,,6180,29,,,0
101029,'1186107',638,,6181,29,,,0
101029,'1186135',654,,6182,29,,,0
101029,'1186184',854,,6184,29,,,0
101029,'1186356',2154,,6185,29,,,0
101029,'1186597',1556,,6187,29,,,0
101029,'1186712',2238,,6188,29,,,0
101029,'1186784',1954,,6189,29,,,0
101029,'1186801',1038,,6190,29,,,0
101029,'1186815',1356,,6191,29,,,0
101029,'1187194',1256,,6192,29,,,0
