28019,'1150119',2020,,2597,23,4,,0
28019,'1150253',2305,,2600,23,4,,0
28019,'1150637',1305,,2603,23,4,,0
28019,'1150649',2120,,2604,23,4,,0
28019,'1150668',820,,2605,23,4,,0
28019,'1150701',905,,2606,23,4,,0
28019,'1150944',2005,,2609,23,4,,0
28019,'1151017',1320,,2610,23,4,,0
28019,'1151345',920,,2615,23,4,,0
28019,'1151408',1750,,2619,23,4,,0
28019,'1151418',1820,,2620,23,4,,0
28019,'1151480',2320,,2623,23,4,,0
28019,'1151539',2405,,2626,23,4,,0
28019,'1151607',2205,,2627,23,4,,0
28019,'1151707',705,,2629,23,4,,0
28019,'1151756',650,,2630,23,4,,0
28019,'1151817',1005,,2631,23,4,,0
28019,'1151995',1105,,2632,23,4,,0
28019,'1152009',1220,,2633,23,4,,0
28019,'1152288',1405,,2637,23,4,,0
28019,'1152327',1120,,2639,23,4,,0
28019,'1152496',850,,2643,23,4,,0
28019,'1153084',620,,2648,23,4,,0
28019,'1153391',1850,,2650,23,4,,0
28019,'1153447',1020,,2651,23,4,,0
28019,'1153809',805,,2655,23,4,,0
28019,'1154018',1705,,2659,23,4,,0
28019,'1154326',720,,2667,23,4,,0
28019,'1154366',1620,,2668,23,4,,0
28019,'1154415',1520,,2670,23,4,,0
28019,'1154553',750,,2671,23,4,,0
28019,'1154597',1805,,2672,23,4,,0
28019,'1154599',1205,,2673,23,4,,0
28019,'1154608',1905,,2674,23,4,,0
28019,'1154700',1650,,2675,23,4,,0
28019,'1154792',1605,,2677,23,4,,0
28019,'1154878',2220,,2678,23,4,,0
28019,'1154929',2105,,2679,23,4,,0
28019,'1155022',1720,,2681,23,4,,0
28019,'1155051',1505,,2682,23,4,,0
28019,'1155256',1421,,2685,23,4,,0
28019,'1155361',1920,,2686,23,4,,0
28029,'1156056',705,,2693,1,,,0
28029,'1156061',1506,,2698,1,,,0
28029,'1156062',650,,2699,1,,,0
28029,'1156063',1320,,2700,1,,,0
28029,'1156069',1805,,2706,1,,,0
28029,'1156070',1850,,2707,1,,,0
28029,'1156076',2405,,2713,1,,,0
28029,'1156078',2020,,2715,1,,,0
28029,'1156079',1406,,2716,1,,,0
28029,'1156083',1520,,2720,1,,,0
28029,'1156084',1620,,2721,1,,,0
28029,'1156089',2320,,2726,1,,,0
28029,'1156091',920,,2728,1,,,0
28029,'1156093',1005,,2730,1,,,0
28029,'1156094',620,,2731,1,,,0
28029,'1156095',1606,,2732,1,,,0
28029,'1156096',2120,,2733,1,,,0
28029,'1156098',1820,,2735,1,,,0
28029,'1156100',805,,2737,1,,,0
28029,'1156103',1750,,2740,1,,,0
28029,'1156105',1720,,2742,1,,,0
28029,'1156106',1206,,2743,1,,,0
28029,'1156107',1905,,2744,1,,,0
28029,'1156111',1020,,2748,1,,,0
28029,'1156117',905,,2754,1,,,0
28029,'1156118',820,,2755,1,,,0
28029,'1156120',2005,,2757,1,,,0
28029,'1156121',1105,,2758,1,,,0
28029,'1156124',1306,,2761,1,,,0
28029,'1156125',2105,,2762,1,,,0
28029,'1156126',1424,,2763,1,,,0
28029,'1156127',720,,2764,1,,,0
28029,'1156128',1920,,2765,1,,,0
28029,'1156130',2220,,2767,1,,,0
28029,'1156133',1220,,2770,1,,,0
28029,'1156134',850,,2771,1,,,0
28029,'1156135',750,,2772,1,,,0
28029,'1156136',1705,,2773,1,,,0
28029,'1156138',2305,,2775,1,,,0
28029,'1156140',1650,,2777,1,,,0
28029,'1156142',2205,,2779,1,,,0
28029,'1156143',1120,,2780,1,,,0
