24019,'1184720',2240,,5520,15,,,0
24019,'1184783',1512,,5521,15,,,0
24019,'1185006',710,,5525,15,,,0
24019,'1185016',1712,,5526,15,,,0
24019,'1185031',1612,,5528,15,,,0
24019,'1185105',1112,,5529,15,,,0
24019,'1185134',1542,,5530,15,,,0
24019,'1185680',910,,5534,15,,,0
24019,'1185686',2140,,5535,15,,,0
24019,'1185754',640,,5536,15,,,0
24019,'1185861',840,,5538,15,,,0
24019,'1186018',1642,,5540,15,,,0
24019,'1186166',1212,,5543,15,,,0
24019,'1186359',2400,,5546,15,,,0
24019,'1186391',1312,,5547,15,,,0
24019,'1186431',1840,,5548,15,,,0
24019,'1186446',1442,,5549,15,,,0
24019,'1186515',940,,5551,15,,,0
24019,'1186633',740,,5552,15,,,0
24019,'1186693',2040,,5554,15,,,0
24019,'1186725',1412,,5556,15,,,0
24019,'1186904',1742,,5560,15,,,0
24019,'1186974',1010,,5563,15,,,0
24019,'1187078',1940,,5569,15,,,0
24019,'1187158',810,,5573,15,,,0
