13019,'1190607',935,,7967,30,,,0
13019,'1190622',835,,7968,30,,,0
13019,'1190640',1636,,7969,30,,,0
13019,'1190733',1035,,7970,30,,,0
13019,'1190801',1236,,7971,30,,,0
13019,'1190811',1935,,7972,30,,,0
13019,'1190911',735,,7973,30,,,0
13019,'1191064',1005,,7974,30,,,0
13019,'1191079',906,,7975,30,,,0
13019,'1191259',735,,7976,30,,,0
13019,'1191324',735,,7977,30,,,0
13019,'1191439',1737,,7978,30,,,0
13019,'1191443',605,,7979,4,,,0
13019,'1191477',2335,,7980,30,,,0
13019,'1191498',2235,,7981,30,,,0
13019,'1191524',635,,7982,4,,,0
13019,'1191613',1537,,7983,30,,,0
13019,'1191629',2235,,7984,30,,,0
13019,'1191635',2135,,7985,30,,,0
13019,'1191643',2105,,7986,30,,,0
13019,'1191663',1237,,7987,30,,,0
13019,'1191733',1038,,7988,30,,,0
13019,'1191945',1336,,7989,30,,,0
13019,'1192060',805,,7990,30,,,0
13019,'1192062',2205,,7991,30,,,0
13019,'1192072',1137,,7992,30,,,0
13019,'1192088',635,,7993,30,,,0
13019,'1192127',1507,,7994,30,,,0
13019,'1192154',1437,,7995,30,,,0
13019,'1192163',1436,,7996,30,,,0
13019,'1192228',836,,7997,30,,,0
13019,'1192253',1335,,7998,30,,,0
13019,'1192292',1635,,7999,30,,,0
13019,'1192313',835,,8000,30,,,0
13019,'1192426',1607,,8001,30,,,0
13019,'1192486',1707,,8002,30,,,0
13019,'1192492',1905,,8003,30,,,0
13019,'1192497',1136,,8004,30,,,0
13019,'1192498',1736,,8005,30,,,0
13019,'1192501',1805,,8006,30,,,0
13019,'1192533',1735,,8007,30,,,0
13019,'1192536',1035,,8008,30,,,0
13019,'1192544',2035,,8009,30,,,0
13019,'1192608',1435,,8010,30,,,0
13019,'1192610',935,,8011,30,,,0
13019,'1192637',2135,,8012,30,,,0
13019,'1192651',1835,,8013,30,,,0
13019,'1192715',2305,,8014,30,,,0
13019,'1192764',1935,,8015,30,,,0
13019,'1192811',2035,,8016,30,,,0
13019,'1192876',1637,,8017,30,,,0
13019,'1192895',936,,8018,30,,,0
13019,'1192920',1135,,8019,30,,,0
13019,'1192984',1235,,8020,30,,,0
13019,'1193039',1536,,8021,30,,,0
13019,'1193073',2005,,8022,30,,,0
13019,'1193083',2335,,8023,30,,,0
13019,'1193111',1535,,8024,30,,,0
13019,'1193132',705,,8025,30,,,0
13019,'1193188',1835,,8026,30,,,0
13019,'1193199',2410,,8027,30,,,0
13019,'1193221',1337,,8028,30,,,0
