13019,'1190607',926,,7967,20,,,0
13019,'1190622',827,,7968,20,,,0
13019,'1190640',1627,,7969,20,,,0
13019,'1190733',1026,,7970,20,,,0
13019,'1190801',1227,,7971,20,,,0
13019,'1190811',1926,,7972,20,,,0
13019,'1190911',727,,7973,20,,,0
13019,'1191064',956,,7974,20,,,0
13019,'1191079',856,,7975,20,,,0
13019,'1191259',726,,7976,20,,,0
13019,'1191324',726,,7977,20,,,0
13019,'1191439',1728,,7978,20,,,0
13019,'1191477',2327,,7980,20,,,0
13019,'1191498',2227,,7981,20,,,0
13019,'1191613',1528,,7983,20,,,0
13019,'1191629',2226,,7984,20,,,0
13019,'1191635',2127,,7985,20,,,0
13019,'1191643',2056,,7986,20,,,0
13019,'1191663',1228,,7987,20,,,0
13019,'1191733',1028,,7988,20,,,0
13019,'1191945',1327,,7989,20,,,0
13019,'1192060',756,,7990,20,,,0
13019,'1192062',2156,,7991,20,,,0
13019,'1192072',1128,,7992,20,,,0
13019,'1192088',626,,7993,20,,,0
13019,'1192127',1458,,7994,20,,,0
13019,'1192154',1428,,7995,20,,,0
13019,'1192163',1427,,7996,20,,,0
13019,'1192228',826,,7997,20,,,0
13019,'1192253',1327,,7998,20,,,0
13019,'1192292',1627,,7999,20,,,0
13019,'1192313',826,,8000,20,,,0
13019,'1192426',1558,,8001,20,,,0
13019,'1192486',1658,,8002,20,,,0
13019,'1192492',1856,,8003,20,,,0
13019,'1192497',1127,,8004,20,,,0
13019,'1192498',1727,,8005,20,,,0
13019,'1192501',1756,,8006,20,,,0
13019,'1192533',1727,,8007,20,,,0
13019,'1192536',1027,,8008,20,,,0
13019,'1192544',2027,,8009,20,,,0
13019,'1192608',1427,,8010,20,,,0
13019,'1192610',927,,8011,20,,,0
13019,'1192637',2126,,8012,20,,,0
13019,'1192651',1827,,8013,20,,,0
13019,'1192715',2256,,8014,20,,,0
13019,'1192764',1927,,8015,20,,,0
13019,'1192811',2026,,8016,20,,,0
13019,'1192876',1628,,8017,20,,,0
13019,'1192895',926,,8018,20,,,0
13019,'1192920',1127,,8019,20,,,0
13019,'1192984',1227,,8020,20,,,0
13019,'1193039',1527,,8021,20,,,0
13019,'1193073',1956,,8022,20,,,0
13019,'1193083',2326,,8023,20,,,0
13019,'1193111',1527,,8024,20,,,0
13019,'1193132',656,,8025,20,,,0
13019,'1193188',1826,,8026,20,,,0
13019,'1193199',2401,,8027,20,,,0
13019,'1193221',1328,,8028,20,,,0
