190001019,'1190598',1802,,9669,14,,,0
190001019,'1190613',2159,,9670,14,,,0
190001019,'1190615',915,,9671,14,,,0
190001019,'1190624',1903,,9672,14,,,0
190001019,'1190632',1538,,9673,14,,,0
190001019,'1190653',1401,,9674,14,,,0
190001019,'1190666',1303,,9675,14,,,0
190001019,'1190680',2129,,9676,14,,,0
190001019,'1190692',1531,,9677,14,,,0
190001019,'1190714',1830,,9678,14,,,0
190001019,'1190729',1631,,9679,14,,,0
190001019,'1190735',2303,,9680,14,,,0
190001019,'1190745',2203,,9681,14,,,0
190001019,'1190783',659,,9682,14,,,0
190001019,'1190786',1716,,9683,14,,,0
190001019,'1190790',1508,,9684,14,,,0
190001019,'1190808',1453,,9685,14,,,0
190001019,'1190834',1416,,9686,14,,,0
190001019,'1190840',1401,,9687,14,,,0
190001019,'1190855',1131,,9688,14,,,0
190001019,'1190862',1701,,9689,14,,,0
190001019,'1190871',929,,9690,14,,,0
190001019,'1190886',1116,,9691,14,,,0
190001019,'1190903',1000,,9692,14,,,0
190001019,'1190944',1014,,9693,14,,,0
190001019,'1190949',959,,9694,14,,,0
190001019,'1190964',1046,,9695,14,,,0
190001019,'1190983',1900,,9696,14,,,0
190001019,'1190984',1231,,9697,14,,,0
190001019,'1190988',2045,,9698,14,,,0
190001019,'1190993',1146,,9699,14,,,0
190001019,'1191036',1103,,9700,14,,,0
190001019,'1191044',2144,,9701,14,,,0
190001019,'1191070',1431,,9702,14,,,0
190001019,'1191112',1959,,9703,14,,,0
190001019,'1191119',2029,,9704,14,,,0
190001019,'1191129',629,,9705,14,,,0
190001019,'1191166',2329,,9706,14,,,0
190001019,'1191178',1616,,9707,14,,,0
190001019,'1191219',803,,9708,14,,,0
190001019,'1191250',945,,9709,14,,,0
190001019,'1191298',1708,,9710,14,,,0
190001019,'1191309',1031,,9711,14,,,0
190001019,'1191315',1403,,9712,14,,,0
190001019,'1191323',2003,,9713,14,,,0
190001019,'1191330',1131,,9714,14,,,0
190001019,'1191334',815,,9715,14,,,0
190001019,'1191371',1703,,9716,14,,,0
190001019,'1191372',700,,9717,14,,,0
190001019,'1191373',1501,,9718,14,,,0
190001019,'1191411',800,,9719,14,,,0
190001019,'1191412',1608,,9720,14,,,0
190001019,'1191437',1723,,9721,14,,,0
190001019,'1191442',1246,,9722,14,,,0
190001019,'1191490',1101,,9723,14,,,0
190001019,'1191493',1446,,9724,14,,,0
190001019,'1191506',2129,,9725,14,,,0
190001019,'1191521',830,,9726,14,,,0
190001019,'1191531',1516,,9727,14,,,0
190001019,'1191568',1844,,9728,14,,,0
190001019,'1191583',1331,,9729,14,,,0
190001019,'1191618',1731,,9730,14,,,0
190001019,'1191655',1816,,9731,14,,,0
190001019,'1191682',1653,,9732,14,,,0
190001019,'1191728',2103,,9733,14,,,0
190001019,'1191731',1146,,9734,14,,,0
190001019,'1191732',1815,,9735,14,,,0
190001019,'1191858',1646,,9736,14,,,0
190001019,'1191862',1601,,9737,14,,,0
190001019,'1191875',1546,,9738,14,,,0
190001019,'1191876',2000,,9739,14,,,0
190001019,'1191896',1523,,9740,14,,,0
190001019,'1191906',1231,,9741,14,,,0
190001019,'1191913',1203,,9742,14,,,0
190001019,'1191916',2159,,9743,14,,,0
190001019,'1191951',2229,,9744,14,,,0
190001019,'1191981',2259,,9745,14,,,0
190001019,'1192041',1503,,9746,14,,,0
190001019,'1192042',845,,9747,14,,,0
190001019,'1192048',2259,,9748,14,,,0
190001019,'1192068',1046,,9749,14,,,0
190001019,'1192122',1346,,9750,14,,,0
190001019,'1192149',2419,,9751,14,,,0
190001019,'1192170',1859,,9752,14,,,0
190001019,'1192174',1945,,9753,14,,,0
190001019,'1192178',859,,9754,14,,,0
190001019,'1192182',1746,,9755,14,,,0
190001019,'1192193',2015,,9756,14,,,0
190001019,'1192214',759,,9757,14,,,0
190001019,'1192221',1346,,9758,14,,,0
190001019,'1192232',745,,9759,14,,,0
190001019,'1192258',1638,,9760,14,,,0
190001019,'1192297',1216,,9761,14,,,0
190001019,'1192312',1845,,9762,14,,,0
190001019,'1192323',1015,,9763,14,,,0
190001019,'1192325',645,,9764,14,,,0
190001019,'1192328',1753,,9765,14,,,0
190001019,'1192331',2229,,9766,14,,,0
190001019,'1192342',1301,,9767,14,,,0
190001019,'1192373',729,,9768,14,,,0
190001019,'1192418',2329,,9769,14,,,0
190001019,'1192495',1201,,9770,14,,,0
190001019,'1192499',829,,9771,14,,,0
190001019,'1192504',1201,,9772,14,,,0
190001019,'1192510',1930,,9773,14,,,0
190001019,'1192549',1316,,9774,14,,,0
190001019,'1192555',1331,,9775,14,,,0
190001019,'1192562',1301,,9776,14,,,0
190001019,'1192597',2359,,9777,14,,,0
190001019,'1192623',930,,9778,14,,,0
190001019,'1192634',1603,,9779,14,,,0
190001019,'1192700',2059,,9780,14,,,0
190001019,'1192705',1929,,9781,14,,,0
190001019,'1192721',1738,,9782,14,,,0
190001019,'1192738',1623,,9783,14,,,0
190001019,'1192780',1423,,9784,14,,,0
190001019,'1192804',900,,9785,14,,,0
190001019,'1192819',2403,,9786,14,,,0
190001019,'1192850',1829,,9787,14,,,0
190001019,'1192871',1553,,9788,14,,,0
190001019,'1192899',1801,,9789,14,,,0
190001019,'1192937',1216,,9790,14,,,0
190001019,'1192956',1803,,9791,14,,,0
190001019,'1192985',730,,9792,14,,,0
190001019,'1193021',1116,,9793,14,,,0
190001019,'1193026',1915,,9794,14,,,0
190001019,'1193027',1031,,9795,14,,,0
190001019,'1193047',2115,,9796,14,,,0
190001019,'1193085',903,,9797,14,,,0
190001019,'1193107',1246,,9798,14,,,0
190001019,'1193134',2100,,9799,14,,,0
190001019,'1193154',2030,,9800,14,,,0
190001019,'1193155',1316,,9801,14,,,0
190001019,'1193192',1003,,9802,14,,,0
190001019,'1193224',1101,,9803,14,,,0
190001019,'1193286',2359,,9804,14,,,0
190001019,'1193303',715,,9805,14,,,0
190001019,'1193314',1438,,9806,14,,,0
190001029,'1190604',1054,,9807,10,,,0
190001029,'1190620',2108,,9808,10,,,0
190001029,'1190635',1709,,9809,10,,,0
190001029,'1190652',1208,,9810,10,,,0
190001029,'1190699',1953,,9811,10,,,0
190001029,'1190704',2208,,9812,10,,,0
190001029,'1190726',953,,9813,10,,,0
190001029,'1190746',1308,,9814,10,,,0
190001029,'1190747',1609,,9815,10,,,0
190001029,'1190752',1023,,9816,10,,,0
190001029,'1190800',1039,,9817,10,,,0
190001029,'1190837',1654,,9818,10,,,0
190001029,'1190876',2038,,9819,10,,,0
190001029,'1190881',1524,,9820,10,,,0
190001029,'1190882',2322,,9821,10,,,0
190001029,'1190898',1822,,9822,10,,,0
190001029,'1190900',1109,,9823,10,,,0
190001029,'1190913',1423,,9824,10,,,0
190001029,'1190939',1022,,9825,10,,,0
190001029,'1191041',938,,9826,10,,,0
190001029,'1191131',708,,9827,10,,,0
190001029,'1191140',1409,,9828,10,,,0
190001029,'1191151',1124,,9829,10,,,0
190001029,'1191155',1108,,9830,10,,,0
190001029,'1191175',1309,,9831,10,,,0
190001029,'1191188',1708,,9832,10,,,0
190001029,'1191192',838,,9833,10,,,0
190001029,'1191210',1653,,9834,10,,,0
190001029,'1191272',1353,,9835,10,,,0
190001029,'1191286',1608,,9836,10,,,0
190001029,'1191290',738,,9837,10,,,0
190001029,'1191343',1738,,9838,10,,,0
190001029,'1191359',953,,9839,10,,,0
190001029,'1191421',1908,,9840,10,,,0
190001029,'1191463',2338,,9841,10,,,0
190001029,'1191487',2108,,9842,10,,,0
190001029,'1191580',1922,,9843,10,,,0
190001029,'1191605',1009,,9844,10,,,0
190001029,'1191633',1538,,9845,10,,,0
190001029,'1191662',738,,9846,10,,,0
190001029,'1191689',2008,,9847,10,,,0
190001029,'1191715',2123,,9848,10,,,0
190001029,'1191738',908,,9849,10,,,0
190001029,'1191741',2122,,9850,10,,,0
190001029,'1191763',1508,,9851,10,,,0
190001029,'1191769',1938,,9852,10,,,0
190001029,'1191772',1454,,9853,10,,,0
190001029,'1191819',722,,9854,10,,,0
190001029,'1191840',2308,,9855,10,,,0
190001029,'1191845',1154,,9856,10,,,0
190001029,'1191890',1024,,9857,10,,,0
190001029,'1191949',1723,,9858,10,,,0
190001029,'1191957',922,,9859,10,,,0
190001029,'1191961',1923,,9860,10,,,0
190001029,'1192025',1209,,9861,10,,,0
190001029,'1192034',1623,,9862,10,,,0
190001029,'1192074',808,,9863,10,,,0
190001029,'1192078',2138,,9864,10,,,0
190001029,'1192086',938,,9865,10,,,0
190001029,'1192094',1823,,9866,10,,,0
190001029,'1192100',1639,,9867,10,,,0
190001029,'1192108',1239,,9868,10,,,0
190001029,'1192115',2358,,9869,10,,,0
190001029,'1192131',1523,,9870,10,,,0
190001029,'1192167',1153,,9871,10,,,0
190001029,'1192168',1554,,9872,10,,,0
190001029,'1192196',908,,9873,10,,,0
190001029,'1192215',1053,,9874,10,,,0
190001029,'1192300',1553,,9875,10,,,0
190001029,'1192307',1438,,9876,10,,,0
190001029,'1192321',1722,,9877,10,,,0
190001029,'1192327',1122,,9878,10,,,0
190001029,'1192333',2308,,9879,10,,,0
190001029,'1192357',2208,,9880,10,,,0
190001029,'1192359',1224,,9881,10,,,0
190001029,'1192363',1422,,9882,10,,,0
190001029,'1192384',822,,9883,10,,,0
190001029,'1192390',1908,,9884,10,,,0
190001029,'1192392',1339,,9885,10,,,0
190001029,'1192394',2008,,9886,10,,,0
190001029,'1192400',1238,,9887,10,,,0
190001029,'1192402',1323,,9888,10,,,0
190001029,'1192405',1808,,9889,10,,,0
190001029,'1192414',1853,,9890,10,,,0
190001029,'1192419',1223,,9891,10,,,0
190001029,'1192438',1738,,9892,10,,,0
190001029,'1192439',1753,,9893,10,,,0
190001029,'1192455',2023,,9894,10,,,0
190001029,'1192476',853,,9895,10,,,0
190001029,'1192483',638,,9896,10,,,0
190001029,'1192502',1624,,9897,10,,,0
190001029,'1192514',2338,,9898,10,,,0
190001029,'1192552',2238,,9899,10,,,0
190001029,'1192557',1823,,9900,10,,,0
190001029,'1192563',1938,,9901,10,,,0
190001029,'1192591',2138,,9902,10,,,0
190001029,'1192595',608,,9903,10,,,0
190001029,'1192601',1322,,9904,10,,,0
190001029,'1192619',1753,,9905,10,,,0
190001029,'1192629',1408,,9906,10,,,0
190001029,'1192672',1222,,9907,10,,,0
190001029,'1192689',2053,,9908,10,,,0
190001029,'1192702',753,,9909,10,,,0
190001029,'1192706',1424,,9910,10,,,0
190001029,'1192712',708,,9911,10,,,0
190001029,'1192759',1254,,9912,10,,,0
190001029,'1192761',1138,,9913,10,,,0
190001029,'1192765',653,,9914,10,,,0
190001029,'1192818',1808,,9915,10,,,0
190001029,'1192833',838,,9916,10,,,0
190001029,'1192834',638,,9917,10,,,0
190001029,'1192883',1354,,9918,10,,,0
190001029,'1192908',1123,,9919,10,,,0
190001029,'1192931',1038,,9920,10,,,0
190001029,'1192934',823,,9921,10,,,0
190001029,'1192949',1622,,9922,10,,,0
190001029,'1192974',1253,,9923,10,,,0
190001029,'1192979',2238,,9924,10,,,0
190001029,'1192998',1638,,9925,10,,,0
190001029,'1193024',2038,,9926,10,,,0
190001029,'1193025',1539,,9927,10,,,0
190001029,'1193033',1838,,9928,10,,,0
190001029,'1193044',1509,,9929,10,,,0
190001029,'1193133',808,,9930,10,,,0
190001029,'1193135',1522,,9931,10,,,0
190001029,'1193172',1338,,9932,10,,,0
190001029,'1193204',2222,,9933,10,,,0
190001029,'1193207',1008,,9934,10,,,0
190001029,'1193228',1838,,9935,10,,,0
190001029,'1193238',1439,,9936,10,,,0
190001029,'1193246',1324,,9937,10,,,0
190001029,'1193250',723,,9938,10,,,0
190001029,'1193257',923,,9939,10,,,0
190001029,'1193265',1724,,9940,10,,,0
190001029,'1193266',1139,,9941,10,,,0
190001029,'1193267',1453,,9942,10,,,0
190001029,'1193270',2022,,9943,10,,,0
190001029,'1193276',623,,9944,10,,,0
