14019,'1184716',1554,,5245,20,,,0
14019,'1184750',1524,,5248,20,,,0
14019,'1184836',2023,,5249,20,,,0
14019,'1184987',1654,,5251,20,,,0
14019,'1185168',1754,,5255,20,,,0
14019,'1185211',923,,5256,20,,,0
14019,'1185255',853,,5257,20,,,0
14019,'1185335',2323,,5260,20,,,0
14019,'1185505',653,,5262,20,,,0
14019,'1185624',1154,,5266,20,,,0
14019,'1185808',1823,,5269,20,,,0
14019,'1185845',723,,5270,20,,,0
14019,'1185852',1454,,5271,20,,,0
14019,'1186014',1624,,5273,20,,,0
14019,'1186156',1354,,5277,20,,,0
14019,'1186173',1923,,5279,20,,,0
14019,'1186421',753,,5288,20,,,0
14019,'1186443',2123,,5289,20,,,0
14019,'1186532',823,,5292,20,,,0
14019,'1186609',1724,,5295,20,,,0
14019,'1186632',1054,,5296,20,,,0
14019,'1186671',2223,,5298,20,,,0
14019,'1186767',1254,,5299,20,,,0
14019,'1187071',953,,5301,20,,,0
