12029,'1184508',858,,5051,25,,,0
12029,'1184705',658,,5055,25,,,0
12029,'1184792',1858,,5056,25,,,0
12029,'1184793',1428,,5057,25,,,0
12029,'1184946',728,,5060,25,,,0
12029,'1184990',958,,5062,25,,,0
12029,'1185014',2403,,5063,25,,,0
12029,'1185264',1728,,5068,25,,,0
12029,'1185324',1328,,5070,25,,,0
12029,'1185471',2158,,5072,25,,,0
12029,'1185613',1028,,5077,25,,,0
12029,'1185758',1658,,5082,25,,,0
12029,'1185875',2058,,5083,25,,,0
12029,'1185933',1258,,5085,25,,,0
12029,'1185999',1458,,5087,25,,,0
12029,'1186050',828,,5088,25,,,0
12029,'1186139',628,,5089,25,,,0
12029,'1186210',1158,,5090,25,,,0
12029,'1186423',1758,,5092,25,,,0
12029,'1186551',1528,,5098,25,,,0
12029,'1186588',1358,,5099,25,,,0
12029,'1186638',1628,,5101,25,,,0
12029,'1186814',1128,,5106,25,,,0
12029,'1186824',1228,,5107,25,,,0
12029,'1186878',1958,,5109,25,,,0
12029,'1186973',2258,,5112,25,,,0
12029,'1187141',1058,,5116,25,,,0
12029,'1187166',1558,,5117,25,,,0
12029,'1187188',928,,5119,25,,,0
12029,'1187196',758,,5120,25,,,0
