101019,'1150144',1523,,2867,20,,,0
101019,'1150380',1045,,2869,20,,,0
101019,'1150746',1923,,2873,20,,,0
101019,'1150862',2123,,2874,20,,,0
101019,'1150954',545,,2875,20,,,0
101019,'1150998',1347,,2876,20,,,0
101019,'1151001',723,,2877,20,,,0
101019,'1151295',1747,,2880,20,,,0
101019,'1151359',745,,2881,20,,,0
101019,'1151610',1145,,2883,20,,,0
101019,'1151994',1723,,2886,20,,,0
101019,'1152080',1647,,2887,20,,,0
101019,'1152371',1547,,2888,20,,,0
101019,'1152676',845,,2890,20,,,0
101019,'1152765',2044,,2891,20,,,0
101019,'1152944',2323,,2893,20,,,0
101019,'1153556',2245,,2899,20,,,0
101019,'1153641',1123,,2900,20,,,0
101019,'1153864',1323,,2903,20,,,0
101019,'1154431',1447,,2908,20,,,0
101019,'1154552',1845,,2909,20,,,0
101019,'1155432',923,,2913,20,,,0
101019,'1155460',945,,2914,20,,,0
101029,'1150355',911,,2916,49,,,0
101029,'1150535',1011,,2919,49,,,0
101029,'1150632',1454,,2920,49,,,0
101029,'1151005',1054,,2922,49,,,0
101029,'1151171',1811,,2924,49,,,0
101029,'1151294',811,,2925,49,,,0
101029,'1151635',2211,,2927,49,,,0
101029,'1151840',711,,2929,49,,,0
101029,'1152316',1854,,2930,49,,,0
101029,'1152666',1111,,2933,49,,,0
101029,'1152802',1713,,2934,49,,,0
101029,'1153001',2011,,2938,49,,,0
101029,'1153050',1313,,2939,49,,,0
101029,'1153195',654,,2941,49,,,0
101029,'1153306',1654,,2942,49,,,0
101029,'1153598',2254,,2945,49,,,0
101029,'1153935',1613,,2949,49,,,0
101029,'1154557',2054,,2953,49,,,0
101029,'1154632',2431,,2954,49,,,0
101029,'1154742',1413,,2955,49,,,0
101029,'1154771',854,,2956,49,,,0
101029,'1154943',1254,,2958,49,,,0
101029,'1155502',1513,,2962,49,,,0
