105019,'1190616',2236,,9291,64,,,0
105019,'1190769',1428,,9292,64,,,0
105019,'1190825',1636,,9293,64,,,0
105019,'1190865',1828,,9294,64,,,0
105019,'1190975',1858,,9295,64,,,0
105019,'1190992',1820,,9296,64,,,0
105019,'1190998',1220,,9297,64,,,0
105019,'1191007',1728,,9298,64,,,0
105019,'1191038',1520,,9299,64,,,0
105019,'1191063',1010,,9300,64,,,0
105019,'1191065',1328,,9301,64,,,0
105019,'1191145',706,,9302,64,,,0
105019,'1191217',2318,,9303,64,,,0
105019,'1191294',1420,,9304,64,,,0
105019,'1191329',918,,9305,64,,,0
105019,'1191413',1036,,9306,64,,,0
105019,'1191457',1320,,9307,64,,,0
105019,'1191557',910,,9308,64,,,0
105019,'1191709',810,,9309,64,,,0
105019,'1191750',2305,,9310,64,,,0
105019,'1191859',718,,9311,64,,,0
105019,'1191891',1758,,9312,64,,,0
105019,'1192052',1920,,9313,64,,,0
105019,'1192113',636,,9314,64,,,0
105019,'1192142',1620,,9315,64,,,0
105019,'1192176',836,,9316,64,,,0
105019,'1192218',2405,,9317,64,,,0
105019,'1192236',1436,,9318,64,,,0
105019,'1192248',2105,,9319,64,,,0
105019,'1192267',1720,,9320,64,,,0
105019,'1192318',1120,,9321,64,,,0
105019,'1192337',1643,,9322,64,,,0
105019,'1192353',1513,,9323,64,,,0
105019,'1192579',1213,,9324,64,,,0
105019,'1192586',1236,,9325,64,,,0
105019,'1192598',2036,,9326,64,,,0
105019,'1192614',740,,9327,64,,,0
105019,'1192661',2205,,9328,64,,,0
105019,'1192725',1543,,9329,64,,,0
105019,'1192735',1935,,9330,64,,,0
105019,'1192821',2118,,9331,64,,,0
105019,'1192836',1836,,9332,64,,,0
105019,'1192847',606,,9333,64,,,0
105019,'1192875',1613,,9334,64,,,0
105019,'1193045',840,,9335,64,,,0
105019,'1193298',1113,,9336,64,,,0
106029,'1190782',744,,9389,15,,,0
106029,'1191556',1846,,9390,15,,,0
106029,'1191771',1616,,9391,15,,,0
106029,'1192044',1731,,9392,15,,,0
106029,'1192429',859,,9393,15,,,0
106029,'1193063',1014,,9394,15,,,0
