10029,'1184529',1551,,4778,12,,,0
10029,'1184533',2221,,4779,12,,,0
10029,'1184556',1221,,4781,12,,,0
10029,'1184564',1621,,4782,12,,,0
10029,'1184573',1121,,4783,12,,,0
10029,'1184797',1021,,4786,12,,,0
10029,'1184859',1321,,4787,12,,,0
10029,'1184943',721,,4788,12,,,0
10029,'1185045',2321,,4792,12,,,0
10029,'1185131',1821,,4793,12,,,0
10029,'1185170',721,,4794,12,,,0
10029,'1185175',1951,,4795,12,,,0
10029,'1185177',921,,4796,12,,,0
10029,'1185497',821,,4798,12,,,0
10029,'1185531',1721,,4799,12,,,0
10029,'1185542',2356,,4800,12,,,0
10029,'1185576',1121,,4801,12,,,0
10029,'1185616',1651,,4802,12,,,0
10029,'1185656',851,,4803,12,,,0
10029,'1185755',1621,,4805,12,,,0
10029,'1185786',751,,4807,12,,,0
10029,'1185809',2251,,4808,12,,,0
10029,'1185856',621,,4809,12,,,0
10029,'1186049',1721,,4812,12,,,0
10029,'1186157',1451,,4814,12,,,0
10029,'1186205',1321,,4815,12,,,0
10029,'1186237',2021,,4816,12,,,0
10029,'1186261',1751,,4817,12,,,0
10029,'1186406',1921,,4818,12,,,0
10029,'1186450',1521,,4819,12,,,0
10029,'1186478',1021,,4820,12,,,0
10029,'1186481',1521,,4821,12,,,0
10029,'1186548',2051,,4822,12,,,0
10029,'1186573',1851,,4824,12,,,0
10029,'1186648',1421,,4826,12,,,0
10029,'1186649',921,,4827,12,,,0
10029,'1186655',1221,,4828,12,,,0
10029,'1186719',651,,4830,12,,,0
10029,'1186827',821,,4831,12,,,0
10029,'1186869',1421,,4832,12,,,0
10029,'1186902',2121,,4833,12,,,0
10029,'1187133',2151,,4836,12,,,0
