12019,'1150154',1315,,1020,1,,,0
12019,'1150175',1845,,1022,1,,,0
12019,'1150184',1915,,1023,1,,,0
12019,'1150234',1445,,1024,1,,,0
12019,'1150259',2315,,1025,1,,,0
12019,'1150277',2145,,1026,1,,,0
12019,'1150366',1015,,1027,1,,,0
12019,'1150385',1215,,1028,1,,,0
12019,'1150392',745,,1029,1,,,0
12019,'1150604',645,,1033,1,,,0
12019,'1150653',1615,,1034,1,,,0
12019,'1150742',1415,,1035,1,,,0
12019,'1150791',1315,,1038,1,,,0
12019,'1150924',1945,,1042,1,,,0
12019,'1151080',1515,,1043,1,,,0
12019,'1151133',1645,,1045,1,,,0
12019,'1151142',1115,,1046,1,,,0
12019,'1151177',1215,,1047,1,,,0
12019,'1151270',745,,1049,1,,,0
12019,'1151362',1245,,1050,1,,,0
12019,'1151391',845,,1051,1,,,0
12019,'1151499',647,,1053,1,,,0
12019,'1151718',1515,,1059,1,,,0
12019,'1152145',1815,,1067,1,,,0
12019,'1152225',1645,,1068,1,,,0
12019,'1152395',1745,,1073,1,,,0
12019,'1152487',1545,,1075,1,,,0
12019,'1152602',2115,,1079,1,,,0
12019,'1152688',1145,,1080,1,,,0
12019,'1152713',1345,,1081,1,,,0
12019,'1152992',1145,,1082,1,,,0
12019,'1153089',1715,,1086,1,,,0
12019,'1153148',845,,1087,1,,,0
12019,'1153225',945,,1088,1,,,0
12019,'1153303',1345,,1089,1,,,0
12019,'1153363',945,,1091,1,,,0
12019,'1153936',1615,,1101,1,,,0
12019,'1153983',715,,1102,1,,,0
12019,'1154016',1745,,1103,1,,,0
12019,'1154114',1115,,1105,1,,,0
12019,'1154338',1045,,1106,1,,,0
12019,'1154371',2015,,1108,1,,,0
12019,'1154398',1445,,1109,1,,,0
12019,'1154614',615,,1113,1,,,0
12019,'1154699',2245,,1114,1,,,0
12019,'1154864',2215,,1118,1,,,0
12019,'1154979',2345,,1119,1,,,0
12019,'1154992',1545,,1120,1,,,0
12019,'1155019',1415,,1122,1,,,0
12019,'1155075',815,,1123,1,,,0
12019,'1155095',1045,,1124,1,,,0
12019,'1155235',1715,,1126,1,,,0
12019,'1155248',2045,,1127,1,,,0
12019,'1155350',1245,,1131,1,,,0
12019,'1155503',915,,1133,1,,,0
12029,'1155758',2012,,1134,43,4,,0
12029,'1155760',1143,,1135,43,4,,0
12029,'1155761',1043,,1136,43,4,,0
12029,'1155763',1513,,1137,43,4,,0
12029,'1155764',843,,1138,43,4,,0
12029,'1155766',1313,,1139,43,4,,0
12029,'1155772',2212,,1141,43,4,,0
12029,'1155776',1413,,1143,43,4,,0
12029,'1155779',2112,,1145,43,4,,0
12029,'1155795',1613,,1150,43,4,,0
12029,'1155797',1643,,1151,43,4,,0
12029,'1155798',1812,,1152,43,4,,0
12029,'1155804',1643,,1155,43,4,,0
12029,'1155821',2142,,1161,43,4,,0
12029,'1155822',1243,,1162,43,4,,0
12029,'1155827',1743,,1164,43,4,,0
12029,'1155832',1443,,1167,43,4,,0
12029,'1155838',1543,,1170,43,4,,0
12029,'1155840',1713,,1172,43,4,,0
12029,'1155845',1113,,1175,43,4,,0
12029,'1155848',913,,1176,43,4,,0
12029,'1155849',713,,1177,43,4,,0
12029,'1155850',1443,,1178,43,4,,0
12029,'1155852',1143,,1179,43,4,,0
12029,'1155860',943,,1182,43,4,,0
12029,'1155861',743,,1183,43,4,,0
12029,'1155868',2042,,1185,43,4,,0
12029,'1155871',942,,1187,43,4,,0
12029,'1155872',1013,,1188,43,4,,0
12029,'1155878',1343,,1193,43,4,,0
12029,'1155879',742,,1194,43,4,,0
12029,'1155880',1743,,1195,43,4,,0
12029,'1155882',842,,1196,43,4,,0
12029,'1155883',1113,,1197,43,4,,0
12029,'1155884',643,,1198,43,4,,0
12029,'1155886',1942,,1199,43,4,,0
12029,'1155891',1213,,1202,43,4,,0
12029,'1155901',2312,,1207,43,4,,0
12029,'1155903',1842,,1208,43,4,,0
12029,'1155908',1613,,1211,43,4,,0
12029,'1155909',1912,,1212,43,4,,0
12029,'1155915',1713,,1214,43,4,,0
12029,'1155917',1043,,1216,43,4,,0
12029,'1155920',813,,1218,43,4,,0
12029,'1155927',2342,,1223,43,4,,0
12029,'1155930',1313,,1226,43,4,,0
12029,'1155932',1513,,1227,43,4,,0
12029,'1155934',1413,,1229,43,4,,0
12029,'1155940',1243,,1232,43,4,,0
12029,'1155942',1543,,1233,43,4,,0
12029,'1155945',2417,,1234,43,4,,0
12029,'1155953',1213,,1236,43,4,,0
12029,'1155963',2242,,1242,43,4,,0
12029,'1155964',1343,,1243,43,4,,0
102019,'1150569',1550,,2964,1,,,0
102019,'1150627',1320,,2965,1,,,0
102019,'1150699',1450,,2966,1,,,0
102019,'1150863',950,,2967,1,,,0
102019,'1151084',1020,,2969,1,,,0
102019,'1151787',1150,,2975,1,,,0
102019,'1151885',805,,2976,1,,,0
102019,'1152084',1720,,2978,1,,,0
102019,'1152215',550,,2986,1,,,0
102019,'1152229',1405,,2987,1,,,0
102019,'1152320',2020,,2988,1,,,0
102019,'1152337',1535,,2989,1,,,0
102019,'1152355',2320,,2990,1,,,0
102019,'1152636',2050,,2991,1,,,0
102019,'1152650',650,,2992,1,,,0
102019,'1152929',1120,,2996,1,,,0
102019,'1153088',1420,,2999,1,,,0
102019,'1153135',2220,,3000,1,,,0
102019,'1153320',820,,3001,1,,,0
102019,'1153698',1750,,3006,1,,,0
102019,'1153746',1850,,3008,1,,,0
102019,'1154007',1705,,3012,1,,,0
102019,'1154026',1250,,3013,1,,,0
102019,'1154131',720,,3015,1,,,0
102019,'1154161',2150,,3016,1,,,0
102019,'1154713',2350,,3020,1,,,0
102019,'1154782',1920,,3021,1,,,0
102019,'1154957',850,,3022,1,,,0
102019,'1155014',635,,3023,1,,,0
102019,'1155062',1620,,3024,1,,,0
102019,'1155467',935,,3027,1,,,0
102029,'1151712',644,,3045,27,4,,0
103029,'1155767',947,,3159,32,4,,0
103029,'1155769',1747,,3160,32,4,,0
103029,'1155770',845,,3161,32,4,,0
103029,'1155780',2315,,3163,32,4,,0
103029,'1155784',1015,,3165,32,4,,0
103029,'1155785',1532,,3166,32,4,,0
103029,'1155786',2146,,3167,32,4,,0
103029,'1155788',1147,,3169,32,4,,0
103029,'1155799',715,,3173,32,4,,0
103029,'1155807',1915,,3176,32,4,,0
103029,'1155808',2215,,3177,32,4,,0
103029,'1155815',2345,,3180,32,4,,0
103029,'1155818',1548,,3181,32,4,,0
103029,'1155823',930,,3184,32,4,,0
103029,'1155825',1718,,3185,32,4,,0
103029,'1155828',2017,,3186,32,4,,0
103029,'1155835',1118,,3189,32,4,,0
103029,'1155847',1447,,3191,32,4,,0
103029,'1155858',646,,3194,32,4,,0
103029,'1155885',1317,,3198,32,4,,0
103029,'1155900',816,,3201,32,4,,0
103029,'1155902',1248,,3202,32,4,,0
103029,'1155922',1847,,3204,32,4,,0
103029,'1155923',800,,3205,32,4,,0
103029,'1155944',1617,,3208,32,4,,0
103029,'1155948',1702,,3210,32,4,,0
103029,'1155949',1418,,3211,32,4,,0
103029,'1155958',2045,,3214,32,4,,0
