11029,'1150094',1605,,737,31,,,0
11029,'1150136',1907,,738,31,,,0
11029,'1150251',2007,,740,31,,,0
11029,'1150257',2147,,741,31,,,0
11029,'1150260',2434,,742,31,,,0
11029,'1150315',1435,,743,31,,,0
11029,'1150362',818,,744,31,,,0
11029,'1150395',1820,,746,31,,,0
11029,'1150398',803,,747,31,,,0
11029,'1150408',1650,,748,31,,,0
11029,'1150418',918,,750,31,,,0
11029,'1150503',733,,751,31,,,0
11029,'1150565',1003,,752,31,,,0
11029,'1150594',1405,,753,31,,,0
11029,'1150694',1550,,755,31,,,0
11029,'1150946',1033,,761,31,,,0
11029,'1150979',1520,,762,31,,,0
11029,'1151013',1847,,763,31,,,0
11029,'1151028',1649,,764,31,,,0
11029,'1151212',1203,,767,31,,,0
11029,'1151228',833,,768,31,,,0
11029,'1151266',903,,770,31,,,0
11029,'1151288',1007,,772,31,,,0
11029,'1151317',848,,773,31,,,0
11029,'1151379',1705,,775,31,,,0
11029,'1151495',1947,,776,31,,,0
11029,'1151501',1535,,777,31,,,0
11029,'1151570',1719,,778,31,,,0
11029,'1151605',1319,,780,31,,,0
11029,'1151662',1233,,781,31,,,0
11029,'1151677',1620,,782,31,,,0
11029,'1151681',1207,,783,31,,,0
11029,'1151696',1450,,784,31,,,0
11029,'1151854',1218,,786,31,,,0
11029,'1151888',2207,,787,31,,,0
11029,'1152006',2414,,792,31,,,0
11029,'1152021',2107,,794,31,,,0
11029,'1152139',1107,,796,31,,,0
11029,'1152148',1619,,797,31,,,0
11029,'1152172',1735,,798,31,,,0
11029,'1152323',1018,,800,31,,,0
11029,'1152476',1349,,803,31,,,0
11029,'1152508',1148,,805,31,,,0
11029,'1152540',907,,807,31,,,0
11029,'1152655',2407,,810,31,,,0
11029,'1152678',2247,,811,31,,,0
11029,'1152705',2217,,814,31,,,0
11029,'1152829',933,,815,31,,,0
11029,'1152889',2317,,817,31,,,0
11029,'1152890',2017,,818,31,,,0
11029,'1152893',1048,,819,31,,,0
11029,'1152955',1250,,821,31,,,0
11029,'1153079',1819,,824,31,,,0
11029,'1153114',1350,,825,31,,,0
11029,'1153126',1419,,827,31,,,0
11029,'1153213',718,,830,31,,,0
11029,'1153336',707,,834,31,,,0
11029,'1153651',1750,,837,31,,,0
11029,'1153681',1449,,838,31,,,0
11029,'1153694',1103,,839,31,,,0
11029,'1153712',1519,,840,31,,,0
11029,'1153871',1305,,841,31,,,0
11029,'1153888',2344,,842,31,,,0
11029,'1153932',1635,,843,31,,,0
11029,'1154011',633,,844,31,,,0
11029,'1154028',2117,,845,31,,,0
11029,'1154067',1917,,846,31,,,0
11029,'1154075',1549,,847,31,,,0
11029,'1154129',1247,,849,31,,,0
11029,'1154218',2047,,851,31,,,0
11029,'1154331',1420,,854,31,,,0
11029,'1154388',1320,,855,31,,,0
11029,'1154440',1133,,856,31,,,0
11029,'1154442',1335,,857,31,,,0
11029,'1154675',1505,,861,31,,,0
11029,'1154748',948,,862,31,,,0
11029,'1154769',703,,864,31,,,0
11029,'1154884',1118,,867,31,,,0
11029,'1154901',2307,,868,31,,,0
11029,'1154909',1749,,869,31,,,0
11029,'1155052',1835,,871,31,,,0
11029,'1155138',807,,872,31,,,0
11029,'1155227',748,,874,31,,,0
11029,'1155231',1805,,875,31,,,0
11029,'1155469',1720,,878,31,,,0
