25019,'1184495',716,,5635,26,,,0
25019,'1184757',1546,,5639,26,,,0
25019,'1184771',1716,,5640,26,,,0
25019,'1184903',2246,,5642,26,,,0
25019,'1185100',1746,,5648,26,,,0
25019,'1185110',1646,,5649,26,,,0
25019,'1185173',946,,5650,26,,,0
25019,'1185179',2146,,5651,26,,,0
25019,'1185244',746,,5654,26,,,0
25019,'1185338',916,,5655,26,,,0
25019,'1185434',1116,,5657,26,,,0
25019,'1185653',1016,,5661,26,,,0
25019,'1185731',1216,,5663,26,,,0
25019,'1185741',2046,,5665,26,,,0
25019,'1185991',846,,5668,26,,,0
25019,'1186131',1846,,5670,26,,,0
25019,'1186625',1316,,5677,26,,,0
25019,'1186803',646,,5682,26,,,0
25019,'1186914',1446,,5684,26,,,0
25019,'1186957',816,,5685,26,,,0
25019,'1186996',1416,,5687,26,,,0
25019,'1187059',1616,,5688,26,,,0
25019,'1187086',1516,,5691,26,,,0
25019,'1187127',1946,,5693,26,,,0
25019,'1187154',2406,,5694,26,,,0
