14029,'1150190',1828,,1534,26,,,0
14029,'1150439',828,,1538,26,,,0
14029,'1150459',1329,,1539,26,,,0
14029,'1150588',2258,,1543,26,,,0
14029,'1150672',1459,,1546,26,,,0
14029,'1150717',928,,1547,26,,,0
14029,'1150738',1958,,1548,26,,,0
14029,'1151331',1928,,1555,26,,,0
14029,'1151766',728,,1558,26,,,0
14029,'1151954',1628,,1561,26,,,0
14029,'1152193',2328,,1563,26,,,0
14029,'1152310',1428,,1566,26,,,0
14029,'1152526',1229,,1568,26,,,0
14029,'1152537',928,,1569,26,,,0
14029,'1152587',758,,1573,26,,,0
14029,'1152675',1528,,1575,26,,,0
14029,'1152745',2028,,1576,26,,,0
14029,'1152748',1529,,1577,26,,,0
14029,'1152812',628,,1578,26,,,0
14029,'1152932',2128,,1581,26,,,0
14029,'1152939',1728,,1582,26,,,0
14029,'1153024',1028,,1583,26,,,0
14029,'1153508',728,,1587,26,,,0
14029,'1153585',1559,,1591,26,,,0
14029,'1153659',1328,,1592,26,,,0
14029,'1153682',1629,,1593,26,,,0
14029,'1153912',828,,1596,26,,,0
14029,'1154347',1128,,1598,26,,,0
14029,'1154414',658,,1599,26,,,0
14029,'1154420',858,,1600,26,,,0
14029,'1154562',2228,,1602,26,,,0
14029,'1154601',2158,,1603,26,,,0
14029,'1154633',1659,,1605,26,,,0
14029,'1154637',2403,,1606,26,,,0
14029,'1154683',2058,,1607,26,,,0
14029,'1154906',1729,,1611,26,,,0
14029,'1154942',1758,,1612,26,,,0
14029,'1155036',1228,,1613,26,,,0
14029,'1155042',1029,,1614,26,,,0
14029,'1155063',1429,,1615,26,,,0
14029,'1155252',1858,,1620,26,,,0
14029,'1155490',1129,,1625,26,,,0
