10019,'1184691',1346,,4721,8,,,0
10019,'1184710',2116,,4722,8,,,0
10019,'1184932',1246,,4726,8,,,0
10019,'1185103',2216,,4729,8,,,0
10019,'1185108',1046,,4730,8,,,0
10019,'1185124',1916,,4731,8,,,0
10019,'1185169',1816,,4734,8,,,0
10019,'1185191',1546,,4735,8,,,0
10019,'1185284',816,,4737,8,,,0
10019,'1185473',1516,,4740,8,,,0
10019,'1185618',1646,,4745,8,,,0
10019,'1185672',646,,4747,8,,,0
10019,'1185811',1616,,4751,8,,,0
10019,'1185902',1446,,4753,8,,,0
10019,'1186039',846,,4754,8,,,0
10019,'1186042',1716,,4755,8,,,0
10019,'1186096',2016,,4757,8,,,0
10019,'1186123',946,,4758,8,,,0
10019,'1186300',716,,4763,8,,,0
10019,'1186511',916,,4766,8,,,0
10019,'1186560',1746,,4768,8,,,0
10019,'1186575',616,,4769,8,,,0
10019,'1186626',2316,,4770,8,,,0
10019,'1186729',1146,,4772,8,,,0
10019,'1187036',746,,4775,8,,,0
103029,'1184553',1903,,6317,14,,,0
103029,'1184582',1434,,6318,14,,,0
103029,'1184852',1734,,6321,14,,,0
103029,'1184872',1649,,6322,14,,,0
103029,'1185063',2203,,6324,14,,,0
103029,'1185363',1519,,6330,14,,,0
103029,'1185419',1003,,6333,14,,,0
103029,'1185520',1304,,6334,14,,,0
103029,'1185558',748,,6335,14,,,0
103029,'1185765',1134,,6337,14,,,0
103029,'1185899',1604,,6338,14,,,0
103029,'1185963',2033,,6339,14,,,0
103029,'1186147',918,,6342,14,,,0
103029,'1186270',2333,,6343,14,,,0
103029,'1186405',833,,6349,14,,,0
103029,'1186699',703,,6350,14,,,0
