24029,'1184518',1017,,5575,2,,,0
24029,'1184606',2146,,5577,2,,,0
24029,'1184633',1916,,5578,2,,,0
24029,'1184866',2116,,5580,2,,,0
24029,'1184886',2046,,5581,2,,,0
24029,'1184935',1448,,5582,2,,,0
24029,'1185126',1816,,5584,2,,,0
24029,'1185145',1548,,5585,2,,,0
24029,'1185149',1417,,5586,2,,,0
24029,'1185155',2316,,5587,2,,,0
24029,'1185269',646,,5589,2,,,0
24029,'1185575',1846,,5593,2,,,0
24029,'1185722',716,,5594,2,,,0
24029,'1185736',1517,,5595,2,,,0
24029,'1185748',615,,5596,2,,,0
24029,'1185804',946,,5598,2,,,0
24029,'1185826',1118,,5599,2,,,0
24029,'1185858',1218,,5600,2,,,0
24029,'1185863',816,,5601,2,,,0
24029,'1185926',1748,,5602,2,,,0
24029,'1185940',1418,,5603,2,,,0
24029,'1185977',1318,,5605,2,,,0
24029,'1186056',1648,,5606,2,,,0
24029,'1186126',2406,,5607,2,,,0
24029,'1186129',1716,,5608,2,,,0
24029,'1186212',1718,,5610,2,,,0
24029,'1186221',1616,,5611,2,,,0
24029,'1186298',1317,,5613,2,,,0
24029,'1186320',1217,,5614,2,,,0
24029,'1186372',715,,5615,2,,,0
24029,'1186489',917,,5617,2,,,0
24029,'1186512',1117,,5619,2,,,0
24029,'1186553',1618,,5620,2,,,0
24029,'1186579',916,,5621,2,,,0
24029,'1186656',1016,,5622,2,,,0
24029,'1186661',1518,,5623,2,,,0
24029,'1186683',846,,5624,2,,,0
24029,'1186739',816,,5625,2,,,0
24029,'1186839',2216,,5627,2,,,0
24029,'1186885',746,,5628,2,,,0
24029,'1186912',2246,,5629,2,,,0
24029,'1186935',2016,,5631,2,,,0
24029,'1187186',1946,,5634,2,,,0
105019,'1184475',1929,,6445,104,,,0
105019,'1184709',1859,,6446,104,,,0
105019,'1184754',1146,,6447,104,,,0
105019,'1184819',841,,6448,104,,,0
105019,'1184825',2332,,6449,104,,,0
105019,'1184879',1544,,6450,104,,,0
105019,'1184888',1041,,6451,104,,,0
105019,'1184928',1246,,6452,104,,,0
105019,'1184969',2345,,6453,104,,,0
105019,'1185022',2145,,6454,104,,,0
105019,'1185176',733,,6455,104,,,0
105019,'1185212',703,,6456,104,,,0
105019,'1185354',1946,,6457,104,,,0
105019,'1185498',2002,,6458,104,,,0
105019,'1185550',1446,,6460,104,,,0
105019,'1185569',1829,,6462,104,,,0
105019,'1185641',941,,6463,104,,,0
105019,'1185695',1359,,6465,104,,,0
105019,'1185708',2132,,6466,104,,,0
105019,'1185822',1346,,6468,104,,,0
105019,'1185894',1244,,6469,104,,,0
105019,'1186015',1459,,6470,104,,,0
105019,'1186061',1644,,6471,104,,,0
105019,'1186380',1144,,6473,104,,,0
105019,'1186477',1714,,6475,104,,,0
105019,'1186519',1746,,6477,104,,,0
105019,'1186601',1759,,6478,104,,,0
105019,'1186602',811,,6479,104,,,0
105019,'1186624',1646,,6481,104,,,0
105019,'1186706',1846,,6482,104,,,0
105019,'1186813',945,,6483,104,,,0
105019,'1186864',2432,,6484,104,,,0
105019,'1186870',633,,6485,104,,,0
105019,'1186896',911,,6486,104,,,0
105019,'1187008',745,,6487,104,,,0
105019,'1187009',2232,,6488,104,,,0
105019,'1187061',1614,,6489,104,,,0
105019,'1187069',1546,,6490,104,,,0
106029,'1184503',1028,,6543,35,,,0
106029,'1184668',1900,,6544,35,,,0
106029,'1185934',1745,,6545,35,,,0
106029,'1185946',1630,,6546,35,,,0
106029,'1186791',913,,6547,35,,,0
106029,'1186882',758,,6548,35,,,0
140001019,'1184509',2215,,6549,14,,,0
140001019,'1184540',1946,,6550,14,,,0
140001019,'1184562',1638,,6551,14,,,0
140001019,'1184578',1623,,6552,14,,,0
140001019,'1184595',1608,,6553,14,,,0
140001019,'1184599',2245,,6554,14,,,0
140001019,'1184612',1845,,6555,14,,,0
140001019,'1184630',1830,,6556,14,,,0
140001019,'1184647',1015,,6558,14,,,0
140001019,'1184675',2115,,6559,14,,,0
140001019,'1184702',1817,,6560,14,,,0
140001019,'1184718',1115,,6561,14,,,0
140001019,'1184734',1747,,6562,14,,,0
140001019,'1184738',1202,,6563,14,,,0
140001019,'1184745',2215,,6564,14,,,0
140001019,'1184778',945,,6566,14,,,0
140001019,'1184790',645,,6567,14,,,0
140001019,'1184803',1402,,6568,14,,,0
140001019,'1184853',1915,,6569,14,,,0
140001019,'1184914',815,,6570,14,,,0
140001019,'1184921',730,,6571,14,,,0
140001019,'1184937',1523,,6572,14,,,0
140001019,'1184963',1147,,6573,14,,,0
140001019,'1185036',1347,,6575,14,,,0
140001019,'1185057',1900,,6576,14,,,0
140001019,'1185129',1753,,6577,14,,,0
140001019,'1185140',1217,,6578,14,,,0
140001019,'1185142',1602,,6579,14,,,0
140001019,'1185160',2046,,6580,14,,,0
140001019,'1185207',1831,,6581,14,,,0
140001019,'1185222',1347,,6582,14,,,0
140001019,'1185243',1100,,6583,14,,,0
140001019,'1185258',1547,,6584,14,,,0
140001019,'1185294',1931,,6586,14,,,0
140001019,'1185295',1502,,6587,14,,,0
140001019,'1185300',1553,,6588,14,,,0
140001019,'1185361',1332,,6590,14,,,0
140001019,'1185372',2015,,6591,14,,,0
140001019,'1185417',1453,,6592,14,,,0
140001019,'1185437',1532,,6593,14,,,0
140001019,'1185447',2101,,6594,14,,,0
140001019,'1185481',2116,,6595,14,,,0
140001019,'1185482',1538,,6596,14,,,0
140001019,'1185489',745,,6597,14,,,0
140001019,'1185490',700,,6598,14,,,0
140001019,'1185517',1802,,6599,14,,,0
140001019,'1185524',1816,,6600,14,,,0
140001019,'1185526',815,,6601,14,,,0
140001019,'1185529',845,,6602,14,,,0
140001019,'1185583',1032,,6603,14,,,0
140001019,'1185602',915,,6604,14,,,0
140001019,'1185685',1702,,6605,14,,,0
140001019,'1185692',2145,,6607,14,,,0
140001019,'1185707',1117,,6608,14,,,0
140001019,'1185713',1945,,6609,14,,,0
140001019,'1185792',1045,,6610,14,,,0
140001019,'1185801',1232,,6611,14,,,0
140001019,'1185833',1102,,6613,14,,,0
140001019,'1185847',1000,,6614,14,,,0
140001019,'1185859',1738,,6615,14,,,0
140001019,'1185906',1717,,6616,14,,,0
140001019,'1185973',745,,6617,14,,,0
140001019,'1185983',1647,,6618,14,,,0
140001019,'1185989',1302,,6619,14,,,0
140001019,'1186033',2345,,6620,14,,,0
140001019,'1186044',1302,,6621,14,,,0
140001019,'1186068',715,,6623,14,,,0
140001019,'1186078',1317,,6624,14,,,0
140001019,'1186080',2315,,6625,14,,,0
140001019,'1186083',1517,,6626,14,,,0
140001019,'1186095',800,,6627,14,,,0
140001019,'1186144',915,,6629,14,,,0
140001019,'1186163',845,,6630,14,,,0
140001019,'1186172',1132,,6631,14,,,0
140001019,'1186199',2415,,6633,14,,,0
140001019,'1186209',1423,,6634,14,,,0
140001019,'1186213',1247,,6635,14,,,0
140001019,'1186245',1317,,6637,14,,,0
140001019,'1186275',1217,,6638,14,,,0
140001019,'1186281',1632,,6639,14,,,0
140001019,'1186287',1432,,6640,14,,,0
140001019,'1186309',2031,,6641,14,,,0
140001019,'1186322',1132,,6642,14,,,0
140001019,'1186357',2245,,6643,14,,,0
140001019,'1186365',1653,,6644,14,,,0
140001019,'1186390',1000,,6646,14,,,0
140001019,'1186402',715,,6647,14,,,0
140001019,'1186436',1030,,6648,14,,,0
140001019,'1186451',2145,,6649,14,,,0
140001019,'1186459',1247,,6650,14,,,0
140001019,'1186490',1916,,6651,14,,,0
140001019,'1186521',930,,6652,14,,,0
140001019,'1186591',1508,,6653,14,,,0
140001019,'1186644',1147,,6654,14,,,0
140001019,'1186710',645,,6655,14,,,0
140001019,'1186778',1332,,6656,14,,,0
140001019,'1186796',945,,6657,14,,,0
140001019,'1186812',1901,,6658,14,,,0
140001019,'1186825',1732,,6659,14,,,0
140001019,'1186877',2016,,6661,14,,,0
140001019,'1186946',1047,,6662,14,,,0
140001019,'1186987',900,,6663,14,,,0
140001019,'1186991',1617,,6664,14,,,0
140001019,'1186995',1438,,6665,14,,,0
140001019,'1187006',2415,,6666,14,,,0
140001019,'1187023',1015,,6667,14,,,0
140001019,'1187024',1417,,6668,14,,,0
140001019,'1187027',1708,,6669,14,,,0
140001019,'1187043',2045,,6670,14,,,0
140001019,'1187049',2340,,6671,14,,,0
140001019,'1187052',1402,,6672,14,,,0
140001019,'1187055',1723,,6673,14,,,0
140001019,'1187073',2315,,6676,14,,,0
140001019,'1187080',2001,,6677,14,,,0
140001019,'1187102',1232,,6679,14,,,0
140001019,'1187156',1447,,6681,14,,,0
140001019,'1187161',1805,,6682,14,,,0
140001019,'1187178',1846,,6683,14,,,0
140001019,'1187181',830,,6684,14,,,0
140001019,'1187193',1202,,6685,14,,,0
