27019,'1190698',1917,,8707,9,,,0
27019,'1190710',1747,,8708,9,,,0
27019,'1190723',2246,,8709,9,,,0
27019,'1190917',2317,,8710,9,,,0
27019,'1190974',1701,,8711,9,,,0
27019,'1190996',746,,8712,9,,,0
27019,'1191047',1746,,8713,9,,,0
27019,'1191101',647,,8714,9,,,0
27019,'1191139',2217,,8715,9,,,0
27019,'1191143',1301,,8716,9,,,0
27019,'1191157',1501,,8717,9,,,0
27019,'1191209',1646,,8718,9,,,0
27019,'1191318',801,,8719,9,,,0
27019,'1191346',1147,,8720,9,,,0
27019,'1191460',1346,,8721,9,,,0
27019,'1191513',1446,,8722,9,,,0
27019,'1191616',946,,8723,9,,,0
27019,'1191713',1101,,8724,9,,,0
27019,'1191740',947,,8725,9,,,0
27019,'1191746',846,,8726,9,,,0
27019,'1191829',2017,,8727,9,,,0
27019,'1191871',1447,,8728,9,,,0
27019,'1191893',901,,8729,9,,,0
27019,'1191926',1001,,8730,9,,,0
27019,'1191982',2001,,8731,9,,,0
27019,'1191990',2301,,8732,9,,,0
27019,'1192003',1901,,8733,9,,,0
27019,'1192181',2201,,8734,9,,,0
27019,'1192223',1046,,8735,9,,,0
27019,'1192272',1347,,8736,9,,,0
27019,'1192334',646,,8737,9,,,0
27019,'1192456',1246,,8738,9,,,0
27019,'1192470',1047,,8739,9,,,0
27019,'1192604',847,,8740,9,,,0
27019,'1192609',1547,,8741,9,,,0
27019,'1192670',2346,,8742,9,,,0
27019,'1192710',1247,,8743,9,,,0
27019,'1192777',1601,,8744,9,,,0
27019,'1192814',1946,,8745,9,,,0
27019,'1192867',1847,,8746,9,,,0
27019,'1192887',747,,8747,9,,,0
27019,'1192919',2146,,8748,9,,,0
27019,'1192945',1846,,8749,9,,,0
27019,'1192996',1801,,8750,9,,,0
27019,'1193065',2046,,8751,9,,,0
27019,'1193091',2101,,8752,9,,,0
27019,'1193100',1401,,8753,9,,,0
27019,'1193144',1546,,8754,9,,,0
27019,'1193173',1201,,8755,9,,,0
27019,'1193212',2117,,8756,9,,,0
27019,'1193249',1146,,8757,9,,,0
27019,'1193273',1647,,8758,9,,,0
