26019,'1150268',1002,,2251,3,,,0
26019,'1150318',1902,,2252,3,,,0
26019,'1150654',2002,,2253,3,,,0
26019,'1150906',2302,,2257,3,,,0
26019,'1151018',1432,,2260,3,,,0
26019,'1151114',1602,,2261,3,,,0
26019,'1151349',2002,,2265,3,,,0
26019,'1151444',1702,,2267,3,,,0
26019,'1151445',1502,,2268,3,,,0
26019,'1151705',1132,,2273,3,,,0
26019,'1151777',2102,,2276,3,,,0
26019,'1151814',1302,,2278,3,,,0
26019,'1152149',602,,2280,3,,,0
26019,'1152176',1702,,2281,3,,,0
26019,'1152424',2202,,2285,3,,,0
26019,'1152562',802,,2287,3,,,0
26019,'1152577',802,,2289,3,,,0
26019,'1152595',1602,,2290,3,,,0
26019,'1152690',1032,,2291,3,,,0
26019,'1152910',1902,,2295,3,,,0
26019,'1152959',602,,2297,3,,,0
26019,'1153348',1102,,2302,3,,,0
26019,'1153366',1502,,2303,3,,,0
26019,'1153674',902,,2307,3,,,0
26019,'1154254',2302,,2313,3,,,0
26019,'1154274',2202,,2314,3,,,0
26019,'1154301',1332,,2316,3,,,0
26019,'1154312',902,,2317,3,,,0
26019,'1154417',1202,,2318,3,,,0
26019,'1154436',1802,,2319,3,,,0
26019,'1154437',2102,,2320,3,,,0
26019,'1154565',1002,,2324,3,,,0
26019,'1154582',702,,2325,3,,,0
26019,'1154611',1802,,2326,3,,,0
26019,'1154622',702,,2327,3,,,0
26019,'1155308',1402,,2334,3,,,0
26019,'1155354',1232,,2335,3,,,0
