11029,'1150094',1546,,737,12,,,0
11029,'1150136',1850,,738,12,,,0
11029,'1150251',1950,,740,12,,,0
11029,'1150257',2129,,741,12,,,0
11029,'1150260',2416,,742,12,,,0
11029,'1150315',1416,,743,12,,,0
11029,'1150362',800,,744,12,,,0
11029,'1150395',1801,,746,12,,,0
11029,'1150398',745,,747,12,,,0
11029,'1150408',1631,,748,12,,,0
11029,'1150418',900,,750,12,,,0
11029,'1150503',715,,751,12,,,0
11029,'1150565',945,,752,12,,,0
11029,'1150594',1346,,753,12,,,0
11029,'1150694',1531,,755,12,,,0
11029,'1150946',1015,,761,12,,,0
11029,'1150979',1501,,762,12,,,0
11029,'1151013',1829,,763,12,,,0
11029,'1151028',1631,,764,12,,,0
11029,'1151212',1145,,767,12,,,0
11029,'1151228',815,,768,12,,,0
11029,'1151266',845,,770,12,,,0
11029,'1151288',950,,772,12,,,0
11029,'1151317',830,,773,12,,,0
11029,'1151379',1646,,775,12,,,0
11029,'1151495',1929,,776,12,,,0
11029,'1151501',1516,,777,12,,,0
11029,'1151570',1701,,778,12,,,0
11029,'1151605',1301,,780,12,,,0
11029,'1151662',1215,,781,12,,,0
11029,'1151677',1601,,782,12,,,0
11029,'1151681',1150,,783,12,,,0
11029,'1151696',1431,,784,12,,,0
11029,'1151854',1200,,786,12,,,0
11029,'1151888',2150,,787,12,,,0
11029,'1152006',2356,,792,12,,,0
11029,'1152021',2050,,794,12,,,0
11029,'1152139',1050,,796,12,,,0
11029,'1152148',1601,,797,12,,,0
11029,'1152172',1716,,798,12,,,0
11029,'1152323',1000,,800,12,,,0
11029,'1152476',1331,,803,12,,,0
11029,'1152508',1130,,805,12,,,0
11029,'1152540',850,,807,12,,,0
11029,'1152655',2350,,810,12,,,0
11029,'1152678',2229,,811,12,,,0
11029,'1152705',2159,,814,12,,,0
11029,'1152829',915,,815,12,,,0
11029,'1152889',2259,,817,12,,,0
11029,'1152890',1959,,818,12,,,0
11029,'1152893',1030,,819,12,,,0
11029,'1152955',1231,,821,12,,,0
11029,'1153079',1801,,824,12,,,0
11029,'1153114',1331,,825,12,,,0
11029,'1153126',1401,,827,12,,,0
11029,'1153213',700,,830,12,,,0
11029,'1153336',650,,834,12,,,0
11029,'1153651',1731,,837,12,,,0
11029,'1153681',1431,,838,12,,,0
11029,'1153694',1045,,839,12,,,0
11029,'1153712',1501,,840,12,,,0
11029,'1153871',1246,,841,12,,,0
11029,'1153888',2326,,842,12,,,0
11029,'1153932',1616,,843,12,,,0
11029,'1154011',615,,844,12,,,0
11029,'1154028',2059,,845,12,,,0
11029,'1154067',1859,,846,12,,,0
11029,'1154075',1531,,847,12,,,0
11029,'1154129',1230,,849,12,,,0
11029,'1154218',2029,,851,12,,,0
11029,'1154331',1401,,854,12,,,0
11029,'1154388',1301,,855,12,,,0
11029,'1154440',1115,,856,12,,,0
11029,'1154442',1316,,857,12,,,0
11029,'1154675',1446,,861,12,,,0
11029,'1154748',930,,862,12,,,0
11029,'1154769',645,,864,12,,,0
11029,'1154884',1100,,867,12,,,0
11029,'1154901',2250,,868,12,,,0
11029,'1154909',1731,,869,12,,,0
11029,'1155052',1816,,871,12,,,0
11029,'1155138',750,,872,12,,,0
11029,'1155227',730,,874,12,,,0
11029,'1155231',1746,,875,12,,,0
11029,'1155469',1701,,878,12,,,0
140001019,'1150287',640,,3510,8,,,0
140001019,'1150304',2140,,3511,8,,,0
140001019,'1150384',1726,,3513,8,,,0
140001019,'1150451',955,,3517,8,,,0
140001019,'1150506',2335,,3518,8,,,0
140001019,'1150536',1811,,3519,8,,,0
140001019,'1150598',1810,,3521,8,,,0
140001019,'1150609',855,,3522,8,,,0
140001019,'1150610',1516,,3523,8,,,0
140001019,'1150664',1010,,3524,8,,,0
140001019,'1150692',2210,,3525,8,,,0
140001019,'1150716',655,,3526,8,,,0
140001019,'1150784',1940,,3527,8,,,0
140001019,'1150853',1840,,3528,8,,,0
140001019,'1150869',1825,,3529,8,,,0
140001019,'1150882',1526,,3530,8,,,0
140001019,'1151105',1156,,3536,8,,,0
140001019,'1151119',1241,,3537,8,,,0
140001019,'1151195',1426,,3538,8,,,0
140001019,'1151208',810,,3539,8,,,0
140001019,'1151216',2040,,3541,8,,,0
140001019,'1151218',1910,,3542,8,,,0
140001019,'1151225',1556,,3543,8,,,0
140001019,'1151265',2025,,3544,8,,,0
140001019,'1151361',810,,3548,8,,,0
140001019,'1151371',1741,,3549,8,,,0
140001019,'1151441',2040,,3550,8,,,0
140001019,'1151470',1156,,3551,8,,,0
140001019,'1151474',2240,,3553,8,,,0
140001019,'1151528',1026,,3554,8,,,0
140001019,'1151558',740,,3555,8,,,0
140001019,'1151606',1356,,3559,8,,,0
140001019,'1151654',1356,,3562,8,,,0
140001019,'1151658',2055,,3563,8,,,0
140001019,'1151695',1855,,3565,8,,,0
140001019,'1151710',1226,,3567,8,,,0
140001019,'1151751',710,,3571,8,,,0
140001019,'1151754',725,,3572,8,,,0
140001019,'1151804',1631,,3573,8,,,0
140001019,'1151901',1656,,3576,8,,,0
140001019,'1152066',2410,,3579,8,,,0
140001019,'1152068',2010,,3580,8,,,0
140001019,'1152104',1825,,3581,8,,,0
140001019,'1152107',1731,,3582,8,,,0
140001019,'1152123',640,,3583,8,,,0
140001019,'1152165',1025,,3584,8,,,0
140001019,'1152232',1541,,3585,8,,,0
140001019,'1152240',2140,,3586,8,,,0
140001019,'1152423',1256,,3590,8,,,0
140001019,'1152471',1756,,3592,8,,,0
140001019,'1152480',1010,,3593,8,,,0
140001019,'1152565',1040,,3597,8,,,0
140001019,'1152674',910,,3600,8,,,0
140001019,'1152758',1211,,3604,8,,,0
140001019,'1152773',940,,3605,8,,,0
140001019,'1152818',1616,,3606,8,,,0
140001019,'1152831',2210,,3607,8,,,0
140001019,'1152874',1326,,3608,8,,,0
140001019,'1152907',1110,,3610,8,,,0
140001019,'1152920',1456,,3611,8,,,0
140001019,'1152942',1341,,3614,8,,,0
140001019,'1152950',1226,,3615,8,,,0
140001019,'1152961',1641,,3616,8,,,0
140001019,'1152981',1341,,3618,8,,,0
140001019,'1152999',2240,,3619,8,,,0
140001019,'1153096',1126,,3620,8,,,0
140001019,'1153139',955,,3622,8,,,0
140001019,'1153145',2310,,3623,8,,,0
140001019,'1153153',840,,3624,8,,,0
140001019,'1153208',1711,,3626,8,,,0
140001019,'1153252',1626,,3628,8,,,0
140001019,'1153294',1910,,3629,8,,,0
140001019,'1153322',1311,,3631,8,,,0
140001019,'1153327',840,,3632,8,,,0
140001019,'1153380',1511,,3635,8,,,0
140001019,'1153393',1940,,3637,8,,,0
140001019,'1153607',710,,3642,8,,,0
140001019,'1153629',1111,,3644,8,,,0
140001019,'1153737',1546,,3645,8,,,0
140001019,'1153742',2410,,3646,8,,,0
140001019,'1153757',1055,,3647,8,,,0
140001019,'1153879',2110,,3648,8,,,0
140001019,'1153928',1611,,3649,8,,,0
140001019,'1153949',1501,,3651,8,,,0
140001019,'1153978',1431,,3653,8,,,0
140001019,'1154051',2340,,3655,8,,,0
140001019,'1154078',1446,,3656,8,,,0
140001019,'1154230',1416,,3662,8,,,0
140001019,'1154259',1441,,3663,8,,,0
140001019,'1154323',1126,,3665,8,,,0
140001019,'1154329',2310,,3667,8,,,0
140001019,'1154451',1925,,3670,8,,,0
140001019,'1154489',1746,,3671,8,,,0
140001019,'1154490',1411,,3672,8,,,0
140001019,'1154529',1716,,3673,8,,,0
140001019,'1154538',825,,3674,8,,,0
140001019,'1154628',1701,,3676,8,,,0
140001019,'1154634',925,,3677,8,,,0
140001019,'1154642',1141,,3678,8,,,0
140001019,'1154758',1041,,3681,8,,,0
140001019,'1154789',1955,,3682,8,,,0
140001019,'1154820',755,,3683,8,,,0
140001019,'1154851',740,,3684,8,,,0
140001019,'1154866',1241,,3685,8,,,0
140001019,'1154965',1311,,3687,8,,,0
140001019,'1154991',910,,3689,8,,,0
140001019,'1154994',1840,,3690,8,,,0
140001019,'1155094',1256,,3691,8,,,0
140001019,'1155108',940,,3692,8,,,0
140001019,'1155222',2110,,3698,8,,,0
140001019,'1155223',1531,,3699,8,,,0
140001019,'1155228',1211,,3700,8,,,0
140001019,'1155236',1326,,3702,8,,,0
140001019,'1155259',2010,,3703,8,,,0
140001019,'1155279',1756,,3704,8,,,0
140001019,'1155314',1855,,3705,8,,,0
140001019,'1155327',1141,,3707,8,,,0
140001019,'1155399',1056,,3709,8,,,0
140001019,'1155422',1601,,3710,8,,,0
140001019,'1155482',1646,,3711,8,,,0
