29029,'1184602',1052,,6109,7,,,0
29029,'1185054',952,,6112,7,,,0
29029,'1185411',1352,,6114,7,,,0
29029,'1185454',1552,,6116,7,,,0
29029,'1185817',1452,,6118,7,,,0
29029,'1186029',1152,,6120,7,,,0
29029,'1186121',1252,,6121,7,,,0
190001029,'1187611',1545,,7082,18,,,0
190001029,'1187612',713,,7083,18,,,0
190001029,'1187613',1345,,7084,18,,,0
190001029,'1187614',2013,,7085,18,,,0
190001029,'1187616',1828,,7087,18,,,0
190001029,'1187624',1858,,7095,18,,,0
190001029,'1187625',2343,,7096,18,,,0
190001029,'1187630',828,,7101,18,,,0
190001029,'1187631',1813,,7102,18,,,0
190001029,'1187632',2143,,7103,18,,,0
190001029,'1187633',1743,,7104,18,,,0
190001029,'1187634',2113,,7105,18,,,0
190001029,'1187635',1730,,7106,18,,,0
190001029,'1187636',2128,,7107,18,,,0
190001029,'1187638',1200,,7109,18,,,0
190001029,'1187639',758,,7110,18,,,0
190001029,'1187642',1630,,7113,18,,,0
190001029,'1187649',1300,,7120,18,,,0
190001029,'1187650',913,,7121,18,,,0
190001029,'1187651',1445,,7122,18,,,0
190001029,'1187652',743,,7123,18,,,0
190001029,'1187657',858,,7128,18,,,0
190001029,'1187661',1415,,7132,18,,,0
190001029,'1187662',1330,,7133,18,,,0
190001029,'1187663',1230,,7134,18,,,0
190001029,'1187667',728,,7138,18,,,0
190001029,'1187671',2028,,7142,18,,,0
190001029,'1187672',1928,,7143,18,,,0
190001029,'1187673',1315,,7144,18,,,0
190001029,'1187675',628,,7146,18,,,0
190001029,'1187677',1245,,7148,18,,,0
190001029,'1187678',1645,,7149,18,,,0
190001029,'1187679',1758,,7150,18,,,0
190001029,'1187680',1115,,7151,18,,,0
190001029,'1187681',1715,,7152,18,,,0
190001029,'1187683',1600,,7154,18,,,0
190001029,'1187684',1958,,7155,18,,,0
190001029,'1187686',1700,,7157,18,,,0
190001029,'1187688',2403,,7159,18,,,0
190001029,'1187691',1015,,7162,18,,,0
190001029,'1187692',2058,,7163,18,,,0
190001029,'1187693',2243,,7164,18,,,0
190001029,'1187694',1130,,7165,18,,,0
190001029,'1187699',1100,,7170,18,,,0
190001029,'1187703',1400,,7174,18,,,0
190001029,'1187704',943,,7175,18,,,0
190001029,'1187705',958,,7176,18,,,0
190001029,'1187707',1843,,7178,18,,,0
190001029,'1187708',1615,,7179,18,,,0
190001029,'1187711',1530,,7182,18,,,0
190001029,'1187712',1030,,7183,18,,,0
190001029,'1187714',1500,,7185,18,,,0
190001029,'1187717',2043,,7188,18,,,0
190001029,'1187718',843,,7189,18,,,0
190001029,'1187719',1145,,7190,18,,,0
190001029,'1187721',928,,7192,18,,,0
190001029,'1187722',1045,,7193,18,,,0
190001029,'1187723',658,,7194,18,,,0
190001029,'1187724',643,,7195,18,,,0
190001029,'1187727',1943,,7198,18,,,0
190001029,'1187728',1515,,7199,18,,,0
190001029,'1187731',2213,,7202,18,,,0
190001029,'1187732',1430,,7203,18,,,0
190001029,'1187733',813,,7204,18,,,0
190001029,'1187742',1913,,7213,18,,,0
190001029,'1187744',2313,,7215,18,,,0
190001029,'1187748',1215,,7219,18,,,0
