23029,'1184815',1558,,5506,16,,,0
23029,'1185599',955,,5509,16,,,0
23029,'1185835',1157,,5512,16,,,0
23029,'1185916',1357,,5513,16,,,0
102029,'1184571',1653,,6236,23,,,0
102029,'1184618',1738,,6237,23,,,0
102029,'1184714',2423,,6239,23,,,0
102029,'1184773',2123,,6240,23,,,0
102029,'1184861',838,,6242,23,,,0
102029,'1184912',1953,,6243,23,,,0
102029,'1184978',1608,,6244,23,,,0
102029,'1185373',1053,,6250,23,,,0
102029,'1185461',753,,6253,23,,,0
102029,'1185534',2253,,6254,23,,,0
102029,'1185681',623,,6255,23,,,0
102029,'1185738',1523,,6256,23,,,0
102029,'1185941',1223,,6258,23,,,0
102029,'1186057',923,,6259,23,,,0
102029,'1186170',1353,,6260,23,,,0
102029,'1186432',1008,,6261,23,,,0
102029,'1186708',1438,,6265,23,,,0
102029,'1186709',1823,,6266,23,,,0
102029,'1186954',708,,6271,23,,,0
