104019,'1150219',2229,,3218,10,,,0
104019,'1150233',1547,,3219,10,,,0
104019,'1150270',1114,,3220,10,,,0
104019,'1150434',1729,,3222,10,,,0
104019,'1150608',2059,,3223,10,,,0
104019,'1151426',729,,3230,10,,,0
104019,'1151651',1632,,3233,10,,,0
104019,'1151672',1929,,3234,10,,,0
104019,'1151690',914,,3235,10,,,0
104019,'1151783',1959,,3237,10,,,0
104019,'1152092',1714,,3242,10,,,0
104019,'1152111',1844,,3243,10,,,0
104019,'1152610',2404,,3248,10,,,0
104019,'1152754',959,,3249,10,,,0
104019,'1152794',844,,3251,10,,,0
104019,'1152800',2229,,3252,10,,,0
104019,'1152901',1344,,3253,10,,,0
104019,'1153030',1417,,3257,10,,,0
104019,'1153383',959,,3259,10,,,0
104019,'1153572',644,,3261,10,,,0
104019,'1153574',1759,,3262,10,,,0
104019,'1153609',1117,,3263,10,,,0
104019,'1154064',1247,,3265,10,,,0
104019,'1154112',1202,,3267,10,,,0
104019,'1154354',729,,3268,10,,,0
104019,'1154530',2114,,3272,10,,,0
104019,'1154669',1332,,3273,10,,,0
104019,'1154762',1229,,3274,10,,,0
104019,'1155060',614,,3276,10,,,0
104019,'1155114',1502,,3277,10,,,0
104019,'1155175',2344,,3278,10,,,0
104019,'1155177',759,,3279,10,,,0
104019,'1155190',1459,,3280,10,,,0
104019,'1155233',844,,3284,10,,,0
104019,'1155306',1614,,3287,10,,,0
