105019,'1184475',1824,,6445,10,,,0
105019,'1184709',1754,,6446,10,,,0
105019,'1184819',736,,6448,10,,,0
105019,'1184825',2234,,6449,10,,,0
105019,'1184879',1439,,6450,10,,,0
105019,'1184888',936,,6451,10,,,0
105019,'1185176',634,,6455,10,,,0
105019,'1185212',604,,6456,10,,,0
105019,'1185498',1904,,6458,10,,,0
105019,'1185569',1724,,6462,10,,,0
105019,'1185641',836,,6463,10,,,0
105019,'1185695',1254,,6465,10,,,0
105019,'1185708',2034,,6466,10,,,0
105019,'1185894',1139,,6469,10,,,0
105019,'1186015',1354,,6470,10,,,0
105019,'1186061',1539,,6471,10,,,0
105019,'1186380',1039,,6473,10,,,0
105019,'1186477',1609,,6475,10,,,0
105019,'1186601',1654,,6478,10,,,0
105019,'1186602',706,,6479,10,,,0
105019,'1186864',2334,,6484,10,,,0
105019,'1186870',534,,6485,10,,,0
105019,'1186896',806,,6486,10,,,0
105019,'1187009',2134,,6488,10,,,0
105019,'1187061',1509,,6489,10,,,0
