105019,'1184475',1921,,6445,98,,,0
105019,'1184709',1851,,6446,98,,,0
105019,'1184819',833,,6448,98,,,0
105019,'1184825',2326,,6449,98,,,0
105019,'1184879',1536,,6450,98,,,0
105019,'1184888',1033,,6451,98,,,0
105019,'1185176',726,,6455,98,,,0
105019,'1185212',656,,6456,98,,,0
105019,'1185498',1956,,6458,98,,,0
105019,'1185569',1821,,6462,98,,,0
105019,'1185641',933,,6463,98,,,0
105019,'1185695',1351,,6465,98,,,0
105019,'1185708',2126,,6466,98,,,0
105019,'1185894',1236,,6469,98,,,0
105019,'1186015',1451,,6470,98,,,0
105019,'1186061',1636,,6471,98,,,0
105019,'1186380',1136,,6473,98,,,0
105019,'1186477',1706,,6475,98,,,0
105019,'1186601',1751,,6478,98,,,0
105019,'1186602',803,,6479,98,,,0
105019,'1186864',2426,,6484,98,,,0
105019,'1186870',626,,6485,98,,,0
105019,'1186896',903,,6486,98,,,0
105019,'1187009',2226,,6488,98,,,0
105019,'1187061',1606,,6489,98,,,0
106029,'1184503',1022,,6543,29,,,0
106029,'1184668',1854,,6544,29,,,0
106029,'1185934',1739,,6545,29,,,0
106029,'1185946',1624,,6546,29,,,0
106029,'1186791',907,,6547,29,,,0
106029,'1186882',752,,6548,29,,,0
