105019,'1184475',1859,,6445,67,,,0
105019,'1184709',1829,,6446,67,,,0
105019,'1184819',811,,6448,67,,,0
105019,'1184825',2306,,6449,67,,,0
105019,'1184879',1514,,6450,67,,,0
105019,'1184888',1011,,6451,67,,,0
105019,'1185176',707,,6455,67,,,0
105019,'1185212',637,,6456,67,,,0
105019,'1185498',1936,,6458,67,,,0
105019,'1185569',1759,,6462,67,,,0
105019,'1185641',911,,6463,67,,,0
105019,'1185695',1329,,6465,67,,,0
105019,'1185708',2106,,6466,67,,,0
105019,'1185894',1214,,6469,67,,,0
105019,'1186015',1429,,6470,67,,,0
105019,'1186061',1614,,6471,67,,,0
105019,'1186380',1114,,6473,67,,,0
105019,'1186477',1644,,6475,67,,,0
105019,'1186601',1729,,6478,67,,,0
105019,'1186602',741,,6479,67,,,0
105019,'1186864',2406,,6484,67,,,0
105019,'1186870',607,,6485,67,,,0
105019,'1186896',841,,6486,67,,,0
105019,'1187009',2206,,6488,67,,,0
105019,'1187061',1544,,6489,67,,,0
106029,'1184503',1015,,6543,18,,,0
106029,'1184668',1847,,6544,18,,,0
106029,'1185934',1732,,6545,18,,,0
106029,'1185946',1617,,6546,18,,,0
106029,'1186791',900,,6547,18,,,0
106029,'1186882',745,,6548,18,,,0
