104019,'1184559',742,,6357,29,,,0
104019,'1184877',1516,,6361,29,,,0
104019,'1184922',812,,6362,29,,,0
104019,'1184979',1727,,6363,29,,,0
104019,'1185193',1012,,6365,29,,,0
104019,'1185307',2112,,6367,29,,,0
104019,'1185701',857,,6372,29,,,0
104019,'1185733',1812,,6374,29,,,0
104019,'1186067',1301,,6376,29,,,0
104019,'1186077',657,,6377,29,,,0
104019,'1186167',1601,,6381,29,,,0
104019,'1186273',1646,,6382,29,,,0
104019,'1186364',1216,,6384,29,,,0
104019,'1186429',1131,,6385,29,,,0
104019,'1186457',2242,,6386,29,,,0
104019,'1186711',927,,6392,29,,,0
104019,'1187029',1346,,6395,29,,,0
104019,'1187094',1431,,6398,29,,,0
104019,'1187116',2417,,6399,29,,,0
104019,'1187157',1942,,6400,29,,,0
