105019,'1150133',1017,,3356,76,,,0
105019,'1150519',1835,,3358,76,,,0
105019,'1150723',724,,3359,76,,,0
105019,'1150755',1520,,3360,76,,,0
105019,'1150957',917,,3364,76,,,0
105019,'1150991',1335,,3365,76,,,0
105019,'1151148',1126,,3367,76,,,0
105019,'1151174',1326,,3368,76,,,0
105019,'1151428',847,,3371,76,,,0
105019,'1151680',1905,,3374,76,,,0
105019,'1151743',817,,3375,76,,,0
105019,'1152002',2311,,3380,76,,,0
105019,'1152300',1426,,3381,76,,,0
105019,'1152360',713,,3382,76,,,0
105019,'1152386',747,,3383,76,,,0
105019,'1152506',1805,,3384,76,,,0
105019,'1152547',643,,3385,76,,,0
105019,'1152647',2211,,3386,76,,,0
105019,'1152697',2411,,3387,76,,,0
105019,'1153054',1526,,3390,76,,,0
105019,'1153337',1926,,3392,76,,,0
105019,'1153487',613,,3393,76,,,0
105019,'1153863',1226,,3395,76,,,0
105019,'1153895',1550,,3397,76,,,0
105019,'1154206',2111,,3398,76,,,0
105019,'1154598',1826,,3402,76,,,0
105019,'1154605',1726,,3403,76,,,0
105019,'1154691',1120,,3404,76,,,0
105019,'1154711',1626,,3406,76,,,0
105019,'1154821',1435,,3407,76,,,0
105019,'1154915',1941,,3409,76,,,0
105019,'1154933',1735,,3410,76,,,0
105019,'1155111',2324,,3412,76,,,0
105019,'1155143',1650,,3413,76,,,0
105019,'1155198',1220,,3415,76,,,0
105019,'1155339',1620,,3419,76,,,0
105019,'1155343',2124,,3420,76,,,0
105019,'1155497',924,,3421,76,,,0
