12019,'1184525',1327,,4978,15,,,0
12019,'1184629',1826,,4980,15,,,0
12019,'1184761',1657,,4983,15,,,0
12019,'1184786',1257,,4985,15,,,0
12019,'1184787',1057,,4986,15,,,0
12019,'1184885',1457,,4988,15,,,0
12019,'1184933',626,,4989,15,,,0
12019,'1185003',826,,4991,15,,,0
12019,'1185098',1926,,4995,15,,,0
12019,'1185121',726,,4996,15,,,0
12019,'1185271',2226,,4999,15,,,0
12019,'1185305',1757,,5000,15,,,0
12019,'1185383',956,,5001,15,,,0
12019,'1185614',1727,,5007,15,,,0
12019,'1185634',1527,,5008,15,,,0
12019,'1185678',1026,,5009,15,,,0
12019,'1185724',1427,,5010,15,,,0
12019,'1185785',2026,,5012,15,,,0
12019,'1185860',1627,,5013,15,,,0
12019,'1185982',1357,,5015,15,,,0
12019,'1186032',2326,,5018,15,,,0
12019,'1186235',1227,,5024,15,,,0
12019,'1186399',856,,5028,15,,,0
12019,'1186555',756,,5030,15,,,0
12019,'1186611',2126,,5031,15,,,0
12019,'1186615',1157,,5032,15,,,0
12019,'1186667',926,,5035,15,,,0
12019,'1186735',1127,,5039,15,,,0
12019,'1186753',1557,,5040,15,,,0
12019,'1186907',656,,5043,15,,,0
