2029,'1184566',2206,,4482,24,,,0
2029,'1184598',1523,,4484,24,,,0
2029,'1184638',953,,4486,24,,,0
2029,'1184654',1453,,4487,24,,,0
2029,'1184698',1738,,4489,24,,,0
2029,'1184706',838,,4491,24,,,0
2029,'1184876',2336,,4494,24,,,0
2029,'1184908',1623,,4498,24,,,0
2029,'1184917',1153,,4500,24,,,0
2029,'1185001',1238,,4502,24,,,0
2029,'1185029',823,,4503,24,,,0
2029,'1185044',1423,,4504,24,,,0
2029,'1185070',1008,,4505,24,,,0
2029,'1185172',1208,,4507,24,,,0
2029,'1185219',1308,,4508,24,,,0
2029,'1185249',1508,,4510,24,,,0
2029,'1185288',1553,,4511,24,,,0
2029,'1185446',938,,4517,24,,,0
2029,'1185462',2136,,4518,24,,,0
2029,'1185467',1053,,4519,24,,,0
2029,'1185472',908,,4520,24,,,0
2029,'1185582',1723,,4523,24,,,0
2029,'1185696',1708,,4524,24,,,0
2029,'1185770',1323,,4527,24,,,0
2029,'1185818',1408,,4529,24,,,0
2029,'1185829',1138,,4530,24,,,0
2029,'1185846',1937,,4531,24,,,0
2029,'1185976',723,,4534,24,,,0
2029,'1185986',708,,4535,24,,,0
2029,'1185988',1808,,4536,24,,,0
2029,'1186019',1837,,4537,24,,,0
2029,'1186024',853,,4538,24,,,0
2029,'1186217',1023,,4542,24,,,0
2029,'1186239',1338,,4543,24,,,0
2029,'1186355',1223,,4546,24,,,0
2029,'1186379',1653,,4547,24,,,0
2029,'1186386',2037,,4548,24,,,0
2029,'1186404',2406,,4549,24,,,0
2029,'1186428',1253,,4550,24,,,0
2029,'1186455',738,,4552,24,,,0
2029,'1186482',1753,,4553,24,,,0
2029,'1186498',1123,,4555,24,,,0
2029,'1186508',1538,,4557,24,,,0
2029,'1186636',1038,,4558,24,,,0
2029,'1186650',1823,,4559,24,,,0
2029,'1186652',808,,4560,24,,,0
2029,'1186678',2426,,4563,24,,,0
2029,'1186698',653,,4565,24,,,0
2029,'1186780',1907,,4566,24,,,0
2029,'1186820',2236,,4568,24,,,0
2029,'1186843',1638,,4570,24,,,0
2029,'1186942',1608,,4574,24,,,0
2029,'1186967',923,,4575,24,,,0
2029,'1186984',2107,,4576,24,,,0
2029,'1186986',2306,,4577,24,,,0
2029,'1187003',1438,,4578,24,,,0
2029,'1187004',1353,,4579,24,,,0
2029,'1187018',753,,4580,24,,,0
2029,'1187126',2007,,4582,24,,,0
2029,'1187168',1108,,4585,24,,,0
12019,'1184525',1340,,4978,39,,,0
12019,'1184629',1838,,4980,39,,,0
12019,'1184761',1710,,4983,39,,,0
12019,'1184786',1310,,4985,39,,,0
12019,'1184787',1110,,4986,39,,,0
12019,'1184885',1510,,4988,39,,,0
12019,'1184933',639,,4989,39,,,0
12019,'1185003',839,,4991,39,,,0
12019,'1185098',1938,,4995,39,,,0
12019,'1185121',739,,4996,39,,,0
12019,'1185271',2238,,4999,39,,,0
12019,'1185305',1810,,5000,39,,,0
12019,'1185383',1009,,5001,39,,,0
12019,'1185614',1740,,5007,39,,,0
12019,'1185634',1540,,5008,39,,,0
12019,'1185678',1039,,5009,39,,,0
12019,'1185724',1440,,5010,39,,,0
12019,'1185785',2038,,5012,39,,,0
12019,'1185860',1640,,5013,39,,,0
12019,'1185982',1410,,5015,39,,,0
12019,'1186032',2338,,5018,39,,,0
12019,'1186235',1240,,5024,39,,,0
12019,'1186399',909,,5028,39,,,0
12019,'1186555',809,,5030,39,,,0
12019,'1186611',2138,,5031,39,,,0
12019,'1186615',1210,,5032,39,,,0
12019,'1186667',939,,5035,39,,,0
12019,'1186735',1140,,5039,39,,,0
12019,'1186753',1610,,5040,39,,,0
12019,'1186907',709,,5043,39,,,0
