105019,'1150133',1022,,3356,79,,,0
105019,'1150519',1840,,3358,79,,,0
105019,'1150723',729,,3359,79,,,0
105019,'1150755',1525,,3360,79,,,0
105019,'1150957',922,,3364,79,,,0
105019,'1150991',1340,,3365,79,,,0
105019,'1151148',1130,,3367,79,,,0
105019,'1151174',1330,,3368,79,,,0
105019,'1151428',852,,3371,79,,,0
105019,'1151680',1910,,3374,79,,,0
105019,'1151743',822,,3375,79,,,0
105019,'1152002',2315,,3380,79,,,0
105019,'1152300',1430,,3381,79,,,0
105019,'1152360',715,,3382,79,,,0
105019,'1152386',752,,3383,79,,,0
105019,'1152506',1810,,3384,79,,,0
105019,'1152547',645,,3385,79,,,0
105019,'1152647',2215,,3386,79,,,0
105019,'1152697',2415,,3387,79,,,0
105019,'1153054',1530,,3390,79,,,0
105019,'1153337',1930,,3392,79,,,0
105019,'1153487',615,,3393,79,,,0
105019,'1153863',1230,,3395,79,,,0
105019,'1153895',1555,,3397,79,,,0
105019,'1154206',2115,,3398,79,,,0
105019,'1154598',1830,,3402,79,,,0
105019,'1154605',1730,,3403,79,,,0
105019,'1154691',1125,,3404,79,,,0
105019,'1154711',1630,,3406,79,,,0
105019,'1154821',1440,,3407,79,,,0
105019,'1154915',1945,,3409,79,,,0
105019,'1154933',1740,,3410,79,,,0
105019,'1155111',2329,,3412,79,,,0
105019,'1155143',1655,,3413,79,,,0
105019,'1155198',1225,,3415,79,,,0
105019,'1155339',1625,,3419,79,,,0
105019,'1155343',2129,,3420,79,,,0
105019,'1155497',929,,3421,79,,,0
