14029,'1150190',1826,,1534,21,,,0
14029,'1150439',826,,1538,21,,,0
14029,'1150459',1326,,1539,21,,,0
14029,'1150588',2256,,1543,21,,,0
14029,'1150672',1456,,1546,21,,,0
14029,'1150717',926,,1547,21,,,0
14029,'1150738',1956,,1548,21,,,0
14029,'1151331',1926,,1555,21,,,0
14029,'1151766',726,,1558,21,,,0
14029,'1151954',1626,,1561,21,,,0
14029,'1152193',2326,,1563,21,,,0
14029,'1152310',1426,,1566,21,,,0
14029,'1152526',1226,,1568,21,,,0
14029,'1152537',926,,1569,21,,,0
14029,'1152587',756,,1573,21,,,0
14029,'1152675',1526,,1575,21,,,0
14029,'1152745',2026,,1576,21,,,0
14029,'1152748',1526,,1577,21,,,0
14029,'1152812',626,,1578,21,,,0
14029,'1152932',2126,,1581,21,,,0
14029,'1152939',1726,,1582,21,,,0
14029,'1153024',1026,,1583,21,,,0
14029,'1153508',726,,1587,21,,,0
14029,'1153585',1556,,1591,21,,,0
14029,'1153659',1326,,1592,21,,,0
14029,'1153682',1626,,1593,21,,,0
14029,'1153912',826,,1596,21,,,0
14029,'1154347',1126,,1598,21,,,0
14029,'1154414',656,,1599,21,,,0
14029,'1154420',856,,1600,21,,,0
14029,'1154562',2226,,1602,21,,,0
14029,'1154601',2156,,1603,21,,,0
14029,'1154633',1656,,1605,21,,,0
14029,'1154637',2401,,1606,21,,,0
14029,'1154683',2056,,1607,21,,,0
14029,'1154906',1726,,1611,21,,,0
14029,'1154942',1756,,1612,21,,,0
14029,'1155036',1226,,1613,21,,,0
14029,'1155042',1026,,1614,21,,,0
14029,'1155063',1426,,1615,21,,,0
14029,'1155252',1856,,1620,21,,,0
14029,'1155490',1126,,1625,21,,,0
