2019,'1150113',1534,,1,6,,,0
2019,'1150127',919,,2,6,,,0
2019,'1150145',1704,,3,6,,,0
2019,'1150159',2349,,4,6,,,0
2019,'1150185',1804,,5,6,,,0
2019,'1150334',1134,,8,6,,,0
2019,'1150346',2204,,9,6,,,0
2019,'1150354',1634,,10,6,,,0
2019,'1150373',1604,,11,6,,,0
2019,'1150544',1719,,14,6,,,0
2019,'1150626',834,,16,6,,,0
2019,'1150633',934,,17,6,,,0
2019,'1150888',1204,,21,6,,,0
2019,'1150927',634,,22,6,,,0
2019,'1150962',749,,23,6,,,0
2019,'1150968',1649,,24,6,,,0
2019,'1150996',1049,,25,6,,,0
2019,'1151007',1619,,26,6,,,0
2019,'1151436',2104,,29,6,,,0
2019,'1151448',1549,,30,6,,,0
2019,'1151460',1204,,31,6,,,0
2019,'1151566',1234,,33,6,,,0
2019,'1151592',1734,,34,6,,,0
2019,'1151689',1334,,36,6,,,0
2019,'1151728',1219,,38,6,,,0
2019,'1152109',1634,,45,6,,,0
2019,'1152151',1419,,47,6,,,0
2019,'1152161',1404,,48,6,,,0
2019,'1152206',849,,50,6,,,0
2019,'1152208',1149,,51,6,,,0
2019,'1152274',1119,,53,6,,,0
2019,'1152290',1534,,54,6,,,0
2019,'1152296',1904,,55,6,,,0
2019,'1152309',1034,,56,6,,,0
2019,'1152398',1604,,57,6,,,0
2019,'1152414',2004,,58,6,,,0
2019,'1152435',1519,,59,6,,,0
2019,'1152475',1834,,62,6,,,0
2019,'1152625',804,,65,6,,,0
2019,'1152627',1004,,66,6,,,0
2019,'1152633',1834,,67,6,,,0
2019,'1152645',1919,,69,6,,,0
2019,'1152714',1004,,70,6,,,0
2019,'1152842',2354,,72,6,,,0
2019,'1153005',1734,,75,6,,,0
2019,'1153049',1434,,76,6,,,0
2019,'1153134',1934,,77,6,,,0
2019,'1153154',649,,78,6,,,0
2019,'1153166',2304,,79,6,,,0
2019,'1153254',904,,81,6,,,0
2019,'1153309',1504,,82,6,,,0
2019,'1153345',719,,83,6,,,0
2019,'1153437',704,,84,6,,,0
2019,'1153490',1249,,85,6,,,0
2019,'1153575',1404,,91,6,,,0
2019,'1153580',749,,92,6,,,0
2019,'1153597',949,,93,6,,,0
2019,'1153634',1104,,95,6,,,0
2019,'1153734',819,,98,6,,,0
2019,'1153808',1134,,100,6,,,0
2019,'1153812',1304,,101,6,,,0
2019,'1153843',2049,,103,6,,,0
2019,'1153849',1434,,104,6,,,0
2019,'1153857',2334,,105,6,,,0
2019,'1153933',1704,,106,6,,,0
2019,'1154005',1319,,108,6,,,0
2019,'1154135',2219,,111,6,,,0
2019,'1154176',734,,114,6,,,0
2019,'1154184',1749,,115,6,,,0
2019,'1154213',1449,,118,6,,,0
2019,'1154261',1504,,119,6,,,0
2019,'1154395',1349,,122,6,,,0
2019,'1154406',1334,,123,6,,,0
2019,'1154427',2004,,124,6,,,0
2019,'1154537',2304,,126,6,,,0
2019,'1154545',704,,127,6,,,0
2019,'1154578',1234,,129,6,,,0
2019,'1154617',1034,,130,6,,,0
2019,'1154656',1304,,131,6,,,0
2019,'1154684',834,,132,6,,,0
2019,'1154726',1804,,133,6,,,0
2019,'1154850',2034,,135,6,,,0
2019,'1154999',1104,,138,6,,,0
2019,'1155070',919,,140,6,,,0
2019,'1155246',2134,,143,6,,,0
2019,'1155364',2134,,146,6,,,0
2019,'1155383',1019,,147,6,,,0
2019,'1155465',2234,,152,6,,,0
12029,'1155758',1949,,1134,6,,,0
12029,'1155760',1119,,1135,6,,,0
12029,'1155761',1019,,1136,6,,,0
12029,'1155763',1449,,1137,6,,,0
12029,'1155764',819,,1138,6,,,0
12029,'1155766',1249,,1139,6,,,0
12029,'1155772',2149,,1141,6,,,0
12029,'1155776',1349,,1143,6,,,0
12029,'1155779',2049,,1145,6,,,0
12029,'1155795',1549,,1150,6,,,0
12029,'1155797',1619,,1151,6,,,0
12029,'1155798',1749,,1152,6,,,0
12029,'1155804',1619,,1155,6,,,0
12029,'1155821',2119,,1161,6,,,0
12029,'1155822',1219,,1162,6,,,0
12029,'1155827',1719,,1164,6,,,0
12029,'1155832',1419,,1167,6,,,0
12029,'1155838',1519,,1170,6,,,0
12029,'1155840',1649,,1172,6,,,0
12029,'1155845',1049,,1175,6,,,0
12029,'1155848',849,,1176,6,,,0
12029,'1155849',649,,1177,6,,,0
12029,'1155850',1419,,1178,6,,,0
12029,'1155852',1119,,1179,6,,,0
12029,'1155860',919,,1182,6,,,0
12029,'1155861',719,,1183,6,,,0
12029,'1155868',2019,,1185,6,,,0
12029,'1155871',919,,1187,6,,,0
12029,'1155872',949,,1188,6,,,0
12029,'1155878',1319,,1193,6,,,0
12029,'1155879',719,,1194,6,,,0
12029,'1155880',1719,,1195,6,,,0
12029,'1155882',819,,1196,6,,,0
12029,'1155883',1049,,1197,6,,,0
12029,'1155884',619,,1198,6,,,0
12029,'1155886',1919,,1199,6,,,0
12029,'1155891',1149,,1202,6,,,0
12029,'1155901',2249,,1207,6,,,0
12029,'1155903',1819,,1208,6,,,0
12029,'1155908',1549,,1211,6,,,0
12029,'1155909',1849,,1212,6,,,0
12029,'1155915',1649,,1214,6,,,0
12029,'1155917',1019,,1216,6,,,0
12029,'1155920',749,,1218,6,,,0
12029,'1155927',2319,,1223,6,,,0
12029,'1155930',1249,,1226,6,,,0
12029,'1155932',1449,,1227,6,,,0
12029,'1155934',1349,,1229,6,,,0
12029,'1155940',1219,,1232,6,,,0
12029,'1155942',1519,,1233,6,,,0
12029,'1155945',2354,,1234,6,,,0
12029,'1155953',1149,,1236,6,,,0
12029,'1155963',2219,,1242,6,,,0
12029,'1155964',1319,,1243,6,,,0
