22019,'1150441',1412,,1811,9,,,0
22019,'1150800',1012,,1812,9,,,0
22019,'1151346',1242,,1813,9,,,0
22019,'1152264',1812,,1814,9,,,0
22019,'1152425',1442,,1815,9,,,0
22019,'1152695',1812,,1816,9,,,0
22019,'1152712',1612,,1817,9,,,0
22019,'1152891',1042,,1818,9,,,0
22019,'1153159',1612,,1819,9,,,0
22019,'1153570',1212,,1820,9,,,0
22019,'1154152',1212,,1821,9,,,0
22019,'1154488',812,,1822,9,,,0
22019,'1154626',842,,1823,9,,,0
22019,'1154882',812,,1824,9,,,0
22019,'1155378',1012,,1825,9,,,0
22019,'1155508',1412,,1826,9,,,0
