105019,'1184475',1852,,6445,51,,,0
105019,'1184709',1822,,6446,51,,,0
105019,'1184819',804,,6448,51,,,0
105019,'1184825',2300,,6449,51,,,0
105019,'1184879',1507,,6450,51,,,0
105019,'1184888',1004,,6451,51,,,0
105019,'1185176',700,,6455,51,,,0
105019,'1185212',630,,6456,51,,,0
105019,'1185498',1930,,6458,51,,,0
105019,'1185569',1752,,6462,51,,,0
105019,'1185641',904,,6463,51,,,0
105019,'1185695',1322,,6465,51,,,0
105019,'1185708',2100,,6466,51,,,0
105019,'1185894',1207,,6469,51,,,0
105019,'1186015',1422,,6470,51,,,0
105019,'1186061',1607,,6471,51,,,0
105019,'1186380',1107,,6473,51,,,0
105019,'1186477',1637,,6475,51,,,0
105019,'1186601',1722,,6478,51,,,0
105019,'1186602',734,,6479,51,,,0
105019,'1186864',2400,,6484,51,,,0
105019,'1186870',600,,6485,51,,,0
105019,'1186896',834,,6486,51,,,0
105019,'1187009',2200,,6488,51,,,0
105019,'1187061',1537,,6489,51,,,0
106029,'1184503',1008,,6543,2,,,0
106029,'1184668',1840,,6544,2,,,0
106029,'1185934',1725,,6545,2,,,0
106029,'1185946',1610,,6546,2,,,0
106029,'1186791',853,,6547,2,,,0
106029,'1186882',738,,6548,2,,,0
