105019,'1150133',1006,,3356,57,,,0
105019,'1150519',1824,,3358,57,,,0
105019,'1150723',715,,3359,57,,,0
105019,'1150755',1509,,3360,57,,,0
105019,'1150957',906,,3364,57,,,0
105019,'1150991',1324,,3365,57,,,0
105019,'1151148',1117,,3367,57,,,0
105019,'1151174',1317,,3368,57,,,0
105019,'1151428',836,,3371,57,,,0
105019,'1151680',1854,,3374,57,,,0
105019,'1151743',806,,3375,57,,,0
105019,'1152002',2302,,3380,57,,,0
105019,'1152300',1417,,3381,57,,,0
105019,'1152360',702,,3382,57,,,0
105019,'1152386',736,,3383,57,,,0
105019,'1152506',1754,,3384,57,,,0
105019,'1152547',632,,3385,57,,,0
105019,'1152647',2202,,3386,57,,,0
105019,'1152697',2402,,3387,57,,,0
105019,'1153054',1517,,3390,57,,,0
105019,'1153337',1917,,3392,57,,,0
105019,'1153487',602,,3393,57,,,0
105019,'1153863',1217,,3395,57,,,0
105019,'1153895',1539,,3397,57,,,0
105019,'1154206',2102,,3398,57,,,0
105019,'1154598',1817,,3402,57,,,0
105019,'1154605',1717,,3403,57,,,0
105019,'1154691',1109,,3404,57,,,0
105019,'1154711',1617,,3406,57,,,0
105019,'1154821',1424,,3407,57,,,0
105019,'1154915',1932,,3409,57,,,0
105019,'1154933',1724,,3410,57,,,0
105019,'1155111',2315,,3412,57,,,0
105019,'1155143',1639,,3413,57,,,0
105019,'1155198',1209,,3415,57,,,0
105019,'1155339',1609,,3419,57,,,0
105019,'1155343',2115,,3420,57,,,0
105019,'1155497',915,,3421,57,,,0
106029,'1150415',740,,3497,8,,,0
106029,'1152319',1010,,3498,8,,,0
106029,'1153399',1727,,3499,8,,,0
106029,'1153977',1612,,3500,8,,,0
106029,'1155105',1842,,3501,8,,,0
106029,'1155380',855,,3502,8,,,0
