105029,'1184521',1758,,6491,40,,,0
105029,'1184537',1328,,6492,40,,,0
105029,'1184580',911,,6493,40,,,0
105029,'1184670',1543,,6494,40,,,0
105029,'1184808',2311,,6496,40,,,0
105029,'1184833',1013,,6497,40,,,0
105029,'1184834',2416,,6498,40,,,0
105029,'1184863',1228,,6499,40,,,0
105029,'1185135',711,,6501,40,,,0
105029,'1185332',1841,,6505,40,,,0
105029,'1185350',2011,,6506,40,,,0
105029,'1185359',2211,,6507,40,,,0
105029,'1185440',1628,,6510,40,,,0
105029,'1185668',741,,6513,40,,,0
105029,'1185827',2111,,6515,40,,,0
105029,'1185938',1443,,6516,40,,,0
105029,'1186005',1658,,6517,40,,,0
105029,'1186279',1513,,6519,40,,,0
105029,'1186282',1413,,6520,40,,,0
105029,'1186470',1113,,6525,40,,,0
105029,'1186861',641,,6531,40,,,0
105029,'1186874',1728,,6532,40,,,0
105029,'1187005',811,,6534,40,,,0
