14029,'1184567',2031,,5303,32,,,0
14029,'1184744',731,,5304,32,,,0
14029,'1184869',631,,5306,32,,,0
14029,'1184894',1631,,5307,32,,,0
14029,'1184948',2131,,5308,32,,,0
14029,'1184981',1702,,5310,32,,,0
14029,'1184993',1732,,5311,32,,,0
14029,'1185190',2001,,5312,32,,,0
14029,'1185265',831,,5314,32,,,0
14029,'1185266',2231,,5315,32,,,0
14029,'1185306',731,,5316,32,,,0
14029,'1185322',1432,,5317,32,,,0
14029,'1185345',1331,,5318,32,,,0
14029,'1185408',1502,,5319,32,,,0
14029,'1185480',1231,,5321,32,,,0
14029,'1185491',1632,,5322,32,,,0
14029,'1185496',1831,,5323,32,,,0
14029,'1185512',1931,,5324,32,,,0
14029,'1185568',1532,,5325,32,,,0
14029,'1185647',1031,,5326,32,,,0
14029,'1185828',2301,,5328,32,,,0
14029,'1185866',2406,,5330,32,,,0
14029,'1185960',831,,5331,32,,,0
14029,'1185970',931,,5332,32,,,0
14029,'1186076',1731,,5333,32,,,0
14029,'1186118',701,,5334,32,,,0
14029,'1186154',931,,5335,32,,,0
14029,'1186312',2201,,5336,32,,,0
14029,'1186319',1602,,5337,32,,,0
14029,'1186327',1332,,5338,32,,,0
14029,'1186377',1232,,5340,32,,,0
14029,'1186418',1032,,5341,32,,,0
14029,'1186554',1531,,5343,32,,,0
14029,'1186577',2331,,5344,32,,,0
14029,'1186746',1431,,5346,32,,,0
14029,'1186757',1131,,5347,32,,,0
14029,'1186771',801,,5348,32,,,0
14029,'1186908',901,,5353,32,,,0
14029,'1186971',2101,,5355,32,,,0
14029,'1187063',1801,,5357,32,,,0
14029,'1187137',1901,,5360,32,,,0
14029,'1187192',1132,,5361,32,,,0
