101019,'1184498',2334,,6132,35,,,0
101019,'1184591',1134,,6135,35,,,0
101019,'1184796',1856,,6136,35,,,0
101019,'1184902',1534,,6137,35,,,0
101019,'1184924',934,,6138,35,,,0
101019,'1184925',2055,,6139,35,,,0
101019,'1185023',1156,,6140,35,,,0
101019,'1185092',1758,,6141,35,,,0
101019,'1185544',734,,6142,35,,,0
101019,'1185625',1056,,6145,35,,,0
101019,'1185636',856,,6146,35,,,0
101019,'1185684',1934,,6147,35,,,0
101019,'1185751',1458,,6148,35,,,0
101019,'1185803',956,,6149,35,,,0
101019,'1185998',1358,,6150,35,,,0
101019,'1186087',2256,,6153,35,,,0
101019,'1186263',2134,,6154,35,,,0
101019,'1186308',1334,,6155,35,,,0
101019,'1186331',556,,6156,35,,,0
101019,'1186580',1558,,6157,35,,,0
101019,'1186587',1658,,6158,35,,,0
101019,'1186594',1734,,6159,35,,,0
101019,'1187155',756,,6161,35,,,0
