14029,'1150190',1819,,1534,6,,,0
14029,'1150439',819,,1538,6,,,0
14029,'1150459',1319,,1539,6,,,0
14029,'1150588',2249,,1543,6,,,0
14029,'1150672',1449,,1546,6,,,0
14029,'1150717',919,,1547,6,,,0
14029,'1150738',1949,,1548,6,,,0
14029,'1151331',1919,,1555,6,,,0
14029,'1151766',719,,1558,6,,,0
14029,'1151954',1619,,1561,6,,,0
14029,'1152193',2319,,1563,6,,,0
14029,'1152310',1419,,1566,6,,,0
14029,'1152526',1219,,1568,6,,,0
14029,'1152537',919,,1569,6,,,0
14029,'1152587',749,,1573,6,,,0
14029,'1152675',1519,,1575,6,,,0
14029,'1152745',2019,,1576,6,,,0
14029,'1152748',1519,,1577,6,,,0
14029,'1152812',619,,1578,6,,,0
14029,'1152932',2119,,1581,6,,,0
14029,'1152939',1719,,1582,6,,,0
14029,'1153024',1019,,1583,6,,,0
14029,'1153508',719,,1587,6,,,0
14029,'1153585',1549,,1591,6,,,0
14029,'1153659',1319,,1592,6,,,0
14029,'1153682',1619,,1593,6,,,0
14029,'1153912',819,,1596,6,,,0
14029,'1154347',1119,,1598,6,,,0
14029,'1154414',649,,1599,6,,,0
14029,'1154420',849,,1600,6,,,0
14029,'1154562',2219,,1602,6,,,0
14029,'1154601',2149,,1603,6,,,0
14029,'1154633',1649,,1605,6,,,0
14029,'1154637',2354,,1606,6,,,0
14029,'1154683',2049,,1607,6,,,0
14029,'1154906',1719,,1611,6,,,0
14029,'1154942',1749,,1612,6,,,0
14029,'1155036',1219,,1613,6,,,0
14029,'1155042',1019,,1614,6,,,0
14029,'1155063',1419,,1615,6,,,0
14029,'1155252',1849,,1620,6,,,0
14029,'1155490',1119,,1625,6,,,0
