11019,'1184526',2228,,4837,18,,,0
11019,'1184558',1129,,4838,18,,,0
11019,'1184570',858,,4839,18,,,0
11019,'1184679',2328,,4842,18,,,0
11019,'1184719',1928,,4844,18,,,0
11019,'1184769',728,,4848,18,,,0
11019,'1184824',658,,4850,18,,,0
11019,'1184858',1059,,4852,18,,,0
11019,'1185068',1828,,4855,18,,,0
11019,'1185225',2128,,4859,18,,,0
11019,'1185298',1659,,4860,18,,,0
11019,'1185369',1159,,4862,18,,,0
11019,'1185559',928,,4867,18,,,0
11019,'1185662',1459,,4870,18,,,0
11019,'1185776',1028,,4874,18,,,0
11019,'1185795',1529,,4875,18,,,0
11019,'1185900',1229,,4877,18,,,0
11019,'1186027',1259,,4880,18,,,0
11019,'1186120',1559,,4882,18,,,0
11019,'1186124',758,,4883,18,,,0
11019,'1186252',1729,,4885,18,,,0
11019,'1186291',958,,4887,18,,,0
11019,'1186347',1329,,4889,18,,,0
11019,'1186419',1629,,4892,18,,,0
11019,'1186475',828,,4893,18,,,0
11019,'1186499',2028,,4894,18,,,0
11019,'1186565',628,,4898,18,,,0
11019,'1186722',1359,,4901,18,,,0
11019,'1187079',1759,,4905,18,,,0
11019,'1187164',1429,,4907,18,,,0
