105019,'1150133',939,,3356,19,,,0
105019,'1150519',1757,,3358,19,,,0
105019,'1150723',650,,3359,19,,,0
105019,'1150755',1442,,3360,19,,,0
105019,'1150957',839,,3364,19,,,0
105019,'1150991',1257,,3365,19,,,0
105019,'1151148',1052,,3367,19,,,0
105019,'1151174',1252,,3368,19,,,0
105019,'1151428',809,,3371,19,,,0
105019,'1151680',1827,,3374,19,,,0
105019,'1151743',739,,3375,19,,,0
105019,'1152002',2237,,3380,19,,,0
105019,'1152300',1352,,3381,19,,,0
105019,'1152360',637,,3382,19,,,0
105019,'1152386',709,,3383,19,,,0
105019,'1152506',1727,,3384,19,,,0
105019,'1152547',607,,3385,19,,,0
105019,'1152647',2137,,3386,19,,,0
105019,'1152697',2337,,3387,19,,,0
105019,'1153054',1452,,3390,19,,,0
105019,'1153337',1852,,3392,19,,,0
105019,'1153487',537,,3393,19,,,0
105019,'1153863',1152,,3395,19,,,0
105019,'1153895',1512,,3397,19,,,0
105019,'1154206',2037,,3398,19,,,0
105019,'1154598',1752,,3402,19,,,0
105019,'1154605',1652,,3403,19,,,0
105019,'1154691',1042,,3404,19,,,0
105019,'1154711',1552,,3406,19,,,0
105019,'1154821',1357,,3407,19,,,0
105019,'1154915',1907,,3409,19,,,0
105019,'1154933',1657,,3410,19,,,0
105019,'1155111',2250,,3412,19,,,0
105019,'1155143',1612,,3413,19,,,0
105019,'1155198',1142,,3415,19,,,0
105019,'1155339',1542,,3419,19,,,0
105019,'1155343',2050,,3420,19,,,0
105019,'1155497',850,,3421,19,,,0
