102029,'1150114',708,,3028,5,,,0
102029,'1150311',824,,3029,5,,,0
102029,'1150365',1809,,3031,5,,,0
102029,'1150624',2239,,3033,5,,,0
102029,'1151025',2208,,3035,5,,,0
102029,'1151033',1438,,3036,5,,,0
102029,'1151098',1939,,3037,5,,,0
102029,'1151612',1509,,3042,5,,,0
102029,'1151626',1608,,3043,5,,,0
102029,'1151712',627,,3045,5,,,0
102029,'1152179',1339,,3051,5,,,0
102029,'1152187',1209,,3052,5,,,0
102029,'1152338',1724,,3054,5,,,0
102029,'1152412',1908,,3055,5,,,0
102029,'1152737',2109,,3061,5,,,0
102029,'1152743',1639,,3063,5,,,0
102029,'1152778',1738,,3064,5,,,0
102029,'1152823',1008,,3065,5,,,0
102029,'1152926',2038,,3067,5,,,0
102029,'1152934',1308,,3068,5,,,0
102029,'1152972',2338,,3069,5,,,0
102029,'1152993',1138,,3070,5,,,0
102029,'1153440',838,,3074,5,,,0
102029,'1153653',654,,3075,5,,,0
102029,'1153772',2409,,3079,5,,,0
102029,'1153821',909,,3081,5,,,0
102029,'1153896',739,,3082,5,,,0
102029,'1154767',1554,,3086,5,,,0
102029,'1154835',1039,,3088,5,,,0
102029,'1154970',954,,3090,5,,,0
102029,'1155173',1424,,3092,5,,,0
102029,'1155411',609,,3093,5,,,0
