28019,'1150119',2011,,2597,8,,,0
28019,'1150253',2256,,2600,8,,,0
28019,'1150637',1256,,2603,8,,,0
28019,'1150649',2111,,2604,8,,,0
28019,'1150668',811,,2605,8,,,0
28019,'1150701',856,,2606,8,,,0
28019,'1150944',1956,,2609,8,,,0
28019,'1151017',1311,,2610,8,,,0
28019,'1151345',911,,2615,8,,,0
28019,'1151408',1741,,2619,8,,,0
28019,'1151418',1811,,2620,8,,,0
28019,'1151480',2311,,2623,8,,,0
28019,'1151539',2356,,2626,8,,,0
28019,'1151607',2156,,2627,8,,,0
28019,'1151707',656,,2629,8,,,0
28019,'1151756',641,,2630,8,,,0
28019,'1151817',956,,2631,8,,,0
28019,'1151995',1056,,2632,8,,,0
28019,'1152009',1211,,2633,8,,,0
28019,'1152288',1356,,2637,8,,,0
28019,'1152327',1111,,2639,8,,,0
28019,'1152496',841,,2643,8,,,0
28019,'1153084',611,,2648,8,,,0
28019,'1153391',1841,,2650,8,,,0
28019,'1153447',1011,,2651,8,,,0
28019,'1153809',756,,2655,8,,,0
28019,'1154018',1656,,2659,8,,,0
28019,'1154326',711,,2667,8,,,0
28019,'1154366',1611,,2668,8,,,0
28019,'1154415',1511,,2670,8,,,0
28019,'1154553',741,,2671,8,,,0
28019,'1154597',1756,,2672,8,,,0
28019,'1154599',1156,,2673,8,,,0
28019,'1154608',1856,,2674,8,,,0
28019,'1154700',1641,,2675,8,,,0
28019,'1154792',1556,,2677,8,,,0
28019,'1154878',2211,,2678,8,,,0
28019,'1154929',2056,,2679,8,,,0
28019,'1155022',1711,,2681,8,,,0
28019,'1155051',1456,,2682,8,,,0
28019,'1155256',1411,,2685,8,,,0
28019,'1155361',1911,,2686,8,,,0
