104019,'1191170',2400,,9211,2,,,0
104019,'1191355',2420,,9216,2,,,0
104019,'1191549',2344,,9221,2,,,0
104029,'1190618',1353,,9248,2,,,0
104029,'1190628',1745,,9249,2,,,0
104029,'1190725',745,,9250,2,,,0
104029,'1190754',1015,,9251,2,,,0
104029,'1190787',1245,,9252,2,,,0
104029,'1190793',1815,,9253,2,,,0
104029,'1190961',1630,,9254,2,,,0
104029,'1191015',1523,,9255,2,,,0
104029,'1191060',944,,9256,2,,,0
104029,'1191138',744,,9257,2,,,0
104029,'1191264',2245,,9258,2,,,0
104029,'1191265',900,,9259,2,,,0
104029,'1191297',630,,9260,2,,,0
104029,'1191332',1608,,9261,2,,,0
104029,'1191339',815,,9262,2,,,0
104029,'1191360',1515,,9263,2,,,0
104029,'1191502',1400,,9264,2,,,0
104029,'1191606',1544,,9265,2,,,0
104029,'1191664',2015,,9266,2,,,0
104029,'1191668',2130,,9267,2,,,0
104029,'1191699',745,,9268,2,,,0
104029,'1191901',1945,,9269,2,,,0
104029,'1191931',545,,9270,2,,,0
104029,'1192136',1144,,9271,2,,,0
104029,'1192243',1744,,9272,2,,,0
104029,'1192264',1653,,9273,2,,,0
104029,'1192282',1344,,9274,2,,,0
104029,'1192296',2144,,9275,2,,,0
104029,'1192329',700,,9276,2,,,0
104029,'1192460',1015,,9277,2,,,0
104029,'1192482',1438,,9278,2,,,0
104029,'1192831',1900,,9279,2,,,0
104029,'1192874',1730,,9280,2,,,0
104029,'1192986',1944,,9281,2,,,0
104029,'1192990',630,,9282,2,,,0
104029,'1193096',930,,9283,2,,,0
104029,'1193112',900,,9284,2,,,0
104029,'1193117',1138,,9285,2,,,0
104029,'1193136',2245,,9286,2,,,0
104029,'1193149',1308,,9287,2,,,0
104029,'1193215',1223,,9288,2,,,0
104029,'1193253',2115,,9289,2,,,0
104029,'1193281',1130,,9290,2,,,0
