2019,'1150113',1534,,1,8,,,0
2019,'1150127',919,,2,8,,,0
2019,'1150145',1705,,3,8,,,0
2019,'1150159',2349,,4,8,,,0
2019,'1150185',1804,,5,8,,,0
2019,'1150334',1134,,8,8,,,0
2019,'1150346',2204,,9,8,,,0
2019,'1150354',1635,,10,8,,,0
2019,'1150373',1604,,11,8,,,0
2019,'1150544',1720,,14,8,,,0
2019,'1150626',834,,16,8,,,0
2019,'1150633',934,,17,8,,,0
2019,'1150888',1204,,21,8,,,0
2019,'1150927',634,,22,8,,,0
2019,'1150962',749,,23,8,,,0
2019,'1150968',1650,,24,8,,,0
2019,'1150996',1049,,25,8,,,0
2019,'1151007',1620,,26,8,,,0
2019,'1151436',2104,,29,8,,,0
2019,'1151448',1550,,30,8,,,0
2019,'1151460',1205,,31,8,,,0
2019,'1151566',1234,,33,8,,,0
2019,'1151592',1735,,34,8,,,0
2019,'1151689',1334,,36,8,,,0
2019,'1151728',1220,,38,8,,,0
2019,'1152109',1634,,45,8,,,0
2019,'1152151',1420,,47,8,,,0
2019,'1152161',1405,,48,8,,,0
2019,'1152206',849,,50,8,,,0
2019,'1152208',1149,,51,8,,,0
2019,'1152274',1119,,53,8,,,0
2019,'1152290',1535,,54,8,,,0
2019,'1152296',1904,,55,8,,,0
2019,'1152309',1034,,56,8,,,0
2019,'1152398',1605,,57,8,,,0
2019,'1152414',2004,,58,8,,,0
2019,'1152435',1520,,59,8,,,0
2019,'1152475',1834,,62,8,,,0
2019,'1152625',804,,65,8,,,0
2019,'1152627',1004,,66,8,,,0
2019,'1152633',1834,,67,8,,,0
2019,'1152645',1919,,69,8,,,0
2019,'1152714',1004,,70,8,,,0
2019,'1152842',2354,,72,8,,,0
2019,'1153005',1734,,75,8,,,0
2019,'1153049',1435,,76,8,,,0
2019,'1153134',1934,,77,8,,,0
2019,'1153154',649,,78,8,,,0
2019,'1153166',2304,,79,8,,,0
2019,'1153254',904,,81,8,,,0
2019,'1153309',1505,,82,8,,,0
2019,'1153345',719,,83,8,,,0
2019,'1153437',704,,84,8,,,0
2019,'1153490',1250,,85,8,,,0
2019,'1153575',1404,,91,8,,,0
2019,'1153580',749,,92,8,,,0
2019,'1153597',949,,93,8,,,0
2019,'1153634',1104,,95,8,,,0
2019,'1153734',819,,98,8,,,0
2019,'1153808',1134,,100,8,,,0
2019,'1153812',1304,,101,8,,,0
2019,'1153843',2049,,103,8,,,0
2019,'1153849',1434,,104,8,,,0
2019,'1153857',2334,,105,8,,,0
2019,'1153933',1704,,106,8,,,0
2019,'1154005',1320,,108,8,,,0
2019,'1154135',2219,,111,8,,,0
2019,'1154176',734,,114,8,,,0
2019,'1154184',1750,,115,8,,,0
2019,'1154213',1450,,118,8,,,0
2019,'1154261',1504,,119,8,,,0
2019,'1154395',1350,,122,8,,,0
2019,'1154406',1335,,123,8,,,0
2019,'1154427',2004,,124,8,,,0
2019,'1154537',2304,,126,8,,,0
2019,'1154545',704,,127,8,,,0
2019,'1154578',1235,,129,8,,,0
2019,'1154617',1034,,130,8,,,0
2019,'1154656',1305,,131,8,,,0
2019,'1154684',834,,132,8,,,0
2019,'1154726',1804,,133,8,,,0
2019,'1154850',2034,,135,8,,,0
2019,'1154999',1104,,138,8,,,0
2019,'1155070',919,,140,8,,,0
2019,'1155246',2134,,143,8,,,0
2019,'1155364',2134,,146,8,,,0
2019,'1155383',1019,,147,8,,,0
2019,'1155465',2234,,152,8,,,0
12029,'1155758',1950,,1134,8,,,0
12029,'1155760',1120,,1135,8,,,0
12029,'1155761',1020,,1136,8,,,0
12029,'1155763',1450,,1137,8,,,0
12029,'1155764',820,,1138,8,,,0
12029,'1155766',1250,,1139,8,,,0
12029,'1155772',2150,,1141,8,,,0
12029,'1155776',1350,,1143,8,,,0
12029,'1155779',2050,,1145,8,,,0
12029,'1155795',1550,,1150,8,,,0
12029,'1155797',1620,,1151,8,,,0
12029,'1155798',1750,,1152,8,,,0
12029,'1155804',1620,,1155,8,,,0
12029,'1155821',2120,,1161,8,,,0
12029,'1155822',1220,,1162,8,,,0
12029,'1155827',1720,,1164,8,,,0
12029,'1155832',1420,,1167,8,,,0
12029,'1155838',1520,,1170,8,,,0
12029,'1155840',1650,,1172,8,,,0
12029,'1155845',1050,,1175,8,,,0
12029,'1155848',850,,1176,8,,,0
12029,'1155849',650,,1177,8,,,0
12029,'1155850',1420,,1178,8,,,0
12029,'1155852',1120,,1179,8,,,0
12029,'1155860',920,,1182,8,,,0
12029,'1155861',720,,1183,8,,,0
12029,'1155868',2020,,1185,8,,,0
12029,'1155871',920,,1187,8,,,0
12029,'1155872',950,,1188,8,,,0
12029,'1155878',1320,,1193,8,,,0
12029,'1155879',720,,1194,8,,,0
12029,'1155880',1720,,1195,8,,,0
12029,'1155882',820,,1196,8,,,0
12029,'1155883',1050,,1197,8,,,0
12029,'1155884',620,,1198,8,,,0
12029,'1155886',1920,,1199,8,,,0
12029,'1155891',1150,,1202,8,,,0
12029,'1155901',2250,,1207,8,,,0
12029,'1155903',1820,,1208,8,,,0
12029,'1155908',1550,,1211,8,,,0
12029,'1155909',1850,,1212,8,,,0
12029,'1155915',1650,,1214,8,,,0
12029,'1155917',1020,,1216,8,,,0
12029,'1155920',750,,1218,8,,,0
12029,'1155927',2320,,1223,8,,,0
12029,'1155930',1250,,1226,8,,,0
12029,'1155932',1450,,1227,8,,,0
12029,'1155934',1350,,1229,8,,,0
12029,'1155940',1220,,1232,8,,,0
12029,'1155942',1520,,1233,8,,,0
12029,'1155945',2355,,1234,8,,,0
12029,'1155953',1150,,1236,8,,,0
12029,'1155963',2220,,1242,8,,,0
12029,'1155964',1320,,1243,8,,,0
