25029,'1184624',748,,5697,3,,,0
25029,'1184660',1648,,5699,3,,,0
25029,'1184741',848,,5701,3,,,0
25029,'1184768',1018,,5703,3,,,0
25029,'1184805',1948,,5704,3,,,0
25029,'1184807',918,,5705,3,,,0
25029,'1184936',1518,,5707,3,,,0
25029,'1185050',1118,,5710,3,,,0
25029,'1185055',2248,,5711,3,,,0
25029,'1185112',1748,,5713,3,,,0
25029,'1185133',1848,,5714,3,,,0
25029,'1185317',948,,5716,3,,,0
25029,'1185327',1718,,5717,3,,,0
25029,'1185362',648,,5718,3,,,0
25029,'1185464',1418,,5720,3,,,0
25029,'1185478',1218,,5721,3,,,0
25029,'1185508',1548,,5722,3,,,0
25029,'1185642',1618,,5723,3,,,0
25029,'1185971',718,,5730,3,,,0
25029,'1185996',818,,5731,3,,,0
25029,'1186161',2048,,5735,3,,,0
25029,'1186207',2408,,5737,3,,,0
25029,'1186360',1448,,5742,3,,,0
25029,'1186605',2148,,5745,3,,,0
25029,'1186665',1318,,5747,3,,,0
