13029,'1150166',1059,,1343,20,,,0
13029,'1150192',659,,1344,20,,,0
13029,'1150236',1359,,1345,20,,,0
13029,'1150280',2259,,1346,20,,,0
13029,'1150428',2059,,1348,20,,,0
13029,'1150802',1202,,1354,20,,,0
13029,'1150970',901,,1357,20,,,0
13029,'1151261',2030,,1361,20,,,0
13029,'1151608',1802,,1365,20,,,0
13029,'1151634',1602,,1366,20,,,0
13029,'1151678',800,,1369,20,,,0
13029,'1151825',700,,1371,20,,,0
13029,'1152154',1159,,1377,20,,,0
13029,'1152196',1702,,1378,20,,,0
13029,'1152291',2230,,1379,20,,,0
13029,'1152631',2130,,1381,20,,,0
13029,'1152685',1534,,1382,21,,,0
13029,'1152832',759,,1384,20,,,0
13029,'1152857',1030,,1385,20,,,0
13029,'1152875',1930,,1386,20,,,0
13029,'1153017',1459,,1387,20,,,0
13029,'1153018',1830,,1388,20,,,0
13029,'1153194',1302,,1392,20,,,0
13029,'1153367',1502,,1395,20,,,0
13029,'1153482',1859,,1396,20,,,0
13029,'1153582',2159,,1398,20,,,0
13029,'1153914',2330,,1402,20,,,0
13029,'1153951',1732,,1403,20,,,0
13029,'1154032',1001,,1406,20,,,0
13029,'1154045',1103,,1407,20,,,0
13029,'1154050',630,,1408,20,,,0
13029,'1154418',2359,,1414,20,,,0
13029,'1154462',1759,,1416,20,,,0
13029,'1154559',1259,,1419,20,,,0
13029,'1154667',1659,,1421,20,,,0
13029,'1154705',959,,1423,20,,,0
13029,'1154900',730,,1426,20,,,0
13029,'1154948',859,,1427,20,,,0
13029,'1155079',1632,,1428,20,,,0
13029,'1155165',1959,,1429,20,,,0
13029,'1155317',1402,,1433,20,,,0
13029,'1155427',1559,,1436,20,,,0
13029,'1155442',830,,1437,20,,,0
13029,'1155494',931,,1438,20,,,0
101019,'1150144',1551,,2867,53,,,0
101019,'1150380',1114,,2869,53,,,0
101019,'1150746',1951,,2873,53,,,0
101019,'1150862',2151,,2874,53,,,0
101019,'1150954',614,,2875,53,,,0
101019,'1150998',1416,,2876,53,,,0
101019,'1151001',751,,2877,53,,,0
101019,'1151295',1816,,2880,53,,,0
101019,'1151359',814,,2881,53,,,0
101019,'1151610',1214,,2883,53,,,0
101019,'1151994',1751,,2886,53,,,0
101019,'1152080',1716,,2887,53,,,0
101019,'1152371',1616,,2888,53,,,0
101019,'1152676',914,,2890,53,,,0
101019,'1152765',2113,,2891,53,,,0
101019,'1152944',2351,,2893,53,,,0
101019,'1153556',2314,,2899,53,,,0
101019,'1153641',1151,,2900,53,,,0
101019,'1153864',1351,,2903,53,,,0
101019,'1154431',1516,,2908,53,,,0
101019,'1154552',1914,,2909,53,,,0
101019,'1155432',951,,2913,53,,,0
101019,'1155460',1014,,2914,53,,,0
