13029,'1184622',1505,,5183,24,,,0
13029,'1184639',1102,,5184,24,,,0
13029,'1184860',1802,,5185,24,,,0
13029,'1184887',1602,,5186,24,,,0
13029,'1184913',1205,,5187,24,,,0
13029,'1184970',2002,,5188,24,,,0
13029,'1184998',1002,,5189,24,,,0
13029,'1185002',1302,,5190,24,,,0
13029,'1185007',1735,,5191,24,,,0
13029,'1185049',2132,,5192,24,,,0
13029,'1185060',2332,,5193,24,,,0
13029,'1185106',2402,,5194,24,,,0
13029,'1185152',2202,,5195,24,,,0
13029,'1185240',702,,5196,24,,,0
13029,'1185250',702,,5197,24,,,0
13029,'1185280',1502,,5198,24,,,0
13029,'1185334',802,,5199,24,,,0
13029,'1185377',1305,,5200,24,,,0
13029,'1185394',802,,5201,24,,,0
13029,'1185396',2102,,5202,24,,,0
13029,'1185484',933,,5203,24,,,0
13029,'1185577',2302,,5204,24,,,0
13029,'1185580',1805,,5205,24,,,0
13029,'1185812',2202,,5206,24,,,0
13029,'1185831',2402,,5207,24,,,0
13029,'1185869',1402,,5208,24,,,0
13029,'1185917',2302,,5209,24,,,0
13029,'1185937',1705,,5210,24,,,0
13029,'1185958',832,,5211,24,,,0
13029,'1185992',2232,,5212,24,,,0
13029,'1185993',902,,5213,24,,,0
13029,'1186136',2002,,5214,24,,,0
13029,'1186246',1703,,5215,24,,,0
13029,'1186268',1932,,5216,24,,,0
13029,'1186297',1503,,5217,24,,,0
13029,'1186340',2032,,5218,24,,,0
13029,'1186403',1032,,5219,24,,,0
13029,'1186434',1405,,5220,24,,,0
13029,'1186460',1303,,5221,24,,,0
13029,'1186504',732,,5222,24,,,0
13029,'1186525',1106,,5223,24,,,0
13029,'1186673',1832,,5224,24,,,0
13029,'1186687',632,,5225,24,,,0
13029,'1186776',1603,,5226,24,,,0
13029,'1186818',1003,,5227,24,,,0
13029,'1186830',1536,,5228,25,,,0
13029,'1186833',1202,,5229,24,,,0
13029,'1186836',802,,5230,24,,,0
13029,'1186866',1902,,5231,24,,,0
13029,'1186888',1902,,5232,24,,,0
13029,'1186897',2102,,5233,24,,,0
13029,'1186901',1203,,5234,24,,,0
13029,'1186955',1605,,5235,24,,,0
13029,'1186976',903,,5236,24,,,0
13029,'1186982',902,,5237,24,,,0
13029,'1186992',1803,,5238,24,,,0
13029,'1187030',1635,,5239,24,,,0
13029,'1187120',1002,,5240,24,,,0
13029,'1187142',1102,,5241,24,,,0
13029,'1187159',1702,,5242,24,,,0
13029,'1187173',1403,,5243,24,,,0
25029,'1184543',1851,,5695,8,,,0
25029,'1184620',750,,5696,8,,,0
25029,'1184624',751,,5697,8,,,0
25029,'1184652',2251,,5698,8,,,0
25029,'1184660',1651,,5699,8,,,0
25029,'1184662',835,,5700,8,,,0
25029,'1184741',851,,5701,8,,,0
25029,'1184765',2035,,5702,8,,,0
25029,'1184768',1021,,5703,8,,,0
25029,'1184805',1951,,5704,8,,,0
25029,'1184807',921,,5705,8,,,0
25029,'1184843',1635,,5706,8,,,0
25029,'1184936',1521,,5707,8,,,0
25029,'1184986',1535,,5708,8,,,0
25029,'1185030',951,,5709,8,,,0
25029,'1185050',1121,,5710,8,,,0
25029,'1185055',2251,,5711,8,,,0
25029,'1185091',1951,,5712,8,,,0
25029,'1185112',1751,,5713,8,,,0
25029,'1185133',1851,,5714,8,,,0
25029,'1185137',935,,5715,8,,,0
25029,'1185317',951,,5716,8,,,0
25029,'1185327',1721,,5717,8,,,0
25029,'1185362',651,,5718,8,,,0
25029,'1185403',2151,,5719,8,,,0
25029,'1185464',1421,,5720,8,,,0
25029,'1185478',1221,,5721,8,,,0
25029,'1185508',1551,,5722,8,,,0
25029,'1185642',1621,,5723,8,,,0
25029,'1185651',735,,5724,8,,,0
25029,'1185676',851,,5725,8,,,0
25029,'1185699',1551,,5726,8,,,0
25029,'1185719',2350,,5727,8,,,0
25029,'1185912',1751,,5728,8,,,0
25029,'1185959',1835,,5729,8,,,0
25029,'1185971',721,,5730,8,,,0
25029,'1185996',821,,5731,8,,,0
25029,'1186054',1051,,5732,8,,,0
25029,'1186072',1735,,5733,8,,,0
25029,'1186102',2051,,5734,8,,,0
25029,'1186161',2051,,5735,8,,,0
25029,'1186185',2135,,5736,8,,,0
25029,'1186207',2411,,5737,8,,,0
25029,'1186238',1335,,5738,8,,,0
25029,'1186244',1935,,5739,8,,,0
25029,'1186288',650,,5740,8,,,0
25029,'1186342',1651,,5741,8,,,0
25029,'1186360',1451,,5742,8,,,0
25029,'1186396',1351,,5743,8,,,0
25029,'1186527',2235,,5744,8,,,0
25029,'1186605',2151,,5745,8,,,0
25029,'1186629',1151,,5746,8,,,0
25029,'1186665',1321,,5747,8,,,0
25029,'1186691',1451,,5748,8,,,0
25029,'1186694',1251,,5749,8,,,0
25029,'1186702',2335,,5750,8,,,0
25029,'1186727',1035,,5751,8,,,0
25029,'1187012',1235,,5752,8,,,0
25029,'1187114',1435,,5753,8,,,0
25029,'1187121',1135,,5754,8,,,0
26029,'1184491',1606,,5808,17,,,0
26029,'1184492',1906,,5809,17,,,0
26029,'1184542',2206,,5810,17,,,0
26029,'1184565',806,,5811,17,,,0
26029,'1184587',1252,,5812,17,,,0
26029,'1184648',620,,5813,17,,,0
26029,'1184690',1506,,5814,17,,,0
26029,'1184730',2021,,5815,17,,,0
26029,'1184818',1306,,5816,17,,,0
26029,'1184884',922,,5817,17,,,0
26029,'1184890',822,,5818,17,,,0
26029,'1184923',1352,,5819,17,,,0
26029,'1185032',1006,,5820,17,,,0
26029,'1185059',1222,,5821,17,,,0
26029,'1185087',1106,,5822,17,,,0
26029,'1185151',1522,,5823,17,,,0
26029,'1185248',1322,,5824,17,,,0
26029,'1185261',1722,,5825,17,,,0
26029,'1185279',1522,,5826,17,,,0
26029,'1185365',622,,5827,17,,,0
26029,'1185438',2320,,5828,17,,,0
26029,'1185457',2006,,5829,17,,,0
26029,'1185492',1406,,5830,17,,,0
26029,'1185507',2321,,5831,17,,,0
26029,'1185525',1921,,5832,17,,,0
26029,'1185562',2306,,5833,17,,,0
26029,'1185570',1021,,5834,17,,,0
26029,'1185621',2121,,5835,17,,,0
26029,'1185650',920,,5836,17,,,0
26029,'1185697',1822,,5837,17,,,0
26029,'1185769',2221,,5838,17,,,0
26029,'1185799',1821,,5839,17,,,0
26029,'1185805',2106,,5840,17,,,0
26029,'1185849',722,,5841,17,,,0
26029,'1185956',1452,,5842,17,,,0
26029,'1185969',2121,,5843,17,,,0
26029,'1185972',1206,,5844,17,,,0
26029,'1185990',1122,,5845,17,,,0
26029,'1186111',2220,,5846,17,,,0
26029,'1186362',1921,,5847,17,,,0
26029,'1186441',1623,,5848,17,,,0
26029,'1186572',2021,,5849,17,,,0
26029,'1186604',906,,5850,17,,,0
26029,'1186612',720,,5851,17,,,0
26029,'1186623',1706,,5852,17,,,0
26029,'1186668',1621,,5853,17,,,0
26029,'1186684',1152,,5854,17,,,0
26029,'1186799',1721,,5855,17,,,0
26029,'1186884',1052,,5856,17,,,0
26029,'1186941',1022,,5857,17,,,0
26029,'1187039',1422,,5858,17,,,0
26029,'1187066',1806,,5859,17,,,0
26029,'1187195',820,,5860,17,,,0
101019,'1184474',1354,,6131,57,,,0
101019,'1184498',2353,,6132,57,,,0
101019,'1184507',754,,6133,57,,,0
101019,'1184589',2154,,6134,57,,,0
101019,'1184591',1153,,6135,57,,,0
101019,'1184796',1916,,6136,57,,,0
101019,'1184902',1553,,6137,57,,,0
101019,'1184924',953,,6138,57,,,0
101019,'1184925',2115,,6139,57,,,0
101019,'1185023',1216,,6140,57,,,0
101019,'1185092',1818,,6141,57,,,0
101019,'1185544',753,,6142,57,,,0
101019,'1185571',1754,,6143,57,,,0
101019,'1185573',1554,,6144,57,,,0
101019,'1185625',1116,,6145,57,,,0
101019,'1185636',916,,6146,57,,,0
101019,'1185684',1953,,6147,57,,,0
101019,'1185751',1518,,6148,57,,,0
101019,'1185803',1016,,6149,57,,,0
101019,'1185998',1418,,6150,57,,,0
101019,'1186016',1154,,6151,57,,,0
101019,'1186053',954,,6152,57,,,0
101019,'1186087',2316,,6153,57,,,0
101019,'1186263',2153,,6154,57,,,0
101019,'1186308',1353,,6155,57,,,0
101019,'1186331',616,,6156,57,,,0
101019,'1186580',1618,,6157,57,,,0
101019,'1186587',1718,,6158,57,,,0
101019,'1186594',1753,,6159,57,,,0
101019,'1187104',1954,,6160,57,,,0
101019,'1187155',816,,6161,57,,,0
104029,'1184515',1806,,6402,44,,,0
104029,'1184569',1519,,6403,44,,,0
104029,'1184607',1006,,6404,44,,,0
104029,'1184693',821,,6405,44,,,0
104029,'1184753',1051,,6406,44,,,0
104029,'1184826',1436,,6407,44,,,0
104029,'1185072',1304,,6408,44,,,0
104029,'1185188',1551,,6409,44,,,0
104029,'1185189',821,,6410,44,,,0
104029,'1185232',2221,,6411,44,,,0
104029,'1185283',936,,6412,44,,,0
104029,'1185308',1649,,6413,44,,,0
104029,'1185312',1821,,6414,44,,,0
104029,'1185314',1021,,6415,44,,,0
104029,'1185325',1421,,6416,44,,,0
104029,'1185376',736,,6417,44,,,0
104029,'1185608',821,,6418,44,,,0
104029,'1185660',1051,,6419,44,,,0
104029,'1185732',851,,6420,44,,,0
104029,'1185743',621,,6421,44,,,0
104029,'1185921',1821,,6422,44,,,0
104029,'1185981',2051,,6423,44,,,0
104029,'1186069',936,,6424,44,,,0
104029,'1186088',2151,,6425,44,,,0
104029,'1186151',2321,,6426,44,,,0
104029,'1186178',2206,,6427,44,,,0
104029,'1186191',1349,,6428,44,,,0
104029,'1186192',1604,,6429,44,,,0
104029,'1186249',706,,6430,44,,,0
104029,'1186321',1621,,6431,44,,,0
104029,'1186354',1734,,6432,44,,,0
104029,'1186398',706,,6433,44,,,0
104029,'1186452',1221,,6434,44,,,0
104029,'1186583',2321,,6435,44,,,0
104029,'1186630',1321,,6436,44,,,0
104029,'1186704',2021,,6437,44,,,0
104029,'1186806',1206,,6438,44,,,0
104029,'1186854',1434,,6439,44,,,0
104029,'1186944',1851,,6440,44,,,0
104029,'1187050',1936,,6441,44,,,0
104029,'1187100',1219,,6442,44,,,0
104029,'1187128',2021,,6443,44,,,0
104029,'1187180',1706,,6444,44,,,0
