103029,'1155767',932,,3159,6,,,0
103029,'1155769',1730,,3160,6,,,0
103029,'1155770',829,,3161,6,,,0
103029,'1155780',2301,,3163,6,,,0
103029,'1155784',959,,3165,6,,,0
103029,'1155785',1515,,3166,6,,,0
103029,'1155786',2131,,3167,6,,,0
103029,'1155788',1130,,3169,6,,,0
103029,'1155799',659,,3173,6,,,0
103029,'1155807',1859,,3176,6,,,0
103029,'1155808',2159,,3177,6,,,0
103029,'1155815',2329,,3180,6,,,0
103029,'1155818',1532,,3181,6,,,0
103029,'1155823',914,,3184,6,,,0
103029,'1155825',1702,,3185,6,,,0
103029,'1155828',2001,,3186,6,,,0
103029,'1155835',1102,,3189,6,,,0
103029,'1155847',1430,,3191,6,,,0
103029,'1155858',632,,3194,6,,,0
103029,'1155885',1300,,3198,6,,,0
103029,'1155900',802,,3201,6,,,0
103029,'1155902',1232,,3202,6,,,0
103029,'1155922',1831,,3204,6,,,0
103029,'1155923',744,,3205,6,,,0
103029,'1155944',1600,,3208,6,,,0
103029,'1155948',1645,,3210,6,,,0
103029,'1155949',1402,,3211,6,,,0
103029,'1155958',2029,,3214,6,,,0
