103029,'1184553',1855,,6317,2,,,0
103029,'1184582',1426,,6318,2,,,0
103029,'1184715',928,,6319,2,,,0
103029,'1184746',1305,,6320,2,,,0
103029,'1184852',1726,,6321,2,,,0
103029,'1184872',1641,,6322,2,,,0
103029,'1184905',1957,,6323,2,,,0
103029,'1185063',2155,,6324,2,,,0
103029,'1185157',758,,6325,2,,,0
103029,'1185199',1658,,6326,2,,,0
103029,'1185213',1358,,6327,2,,,0
103029,'1185276',1058,,6328,2,,,0
103029,'1185297',2205,,6329,2,,,0
103029,'1185363',1511,,6330,2,,,0
103029,'1185387',2035,,6331,2,,,0
103029,'1185393',1735,,6332,2,,,0
103029,'1185419',955,,6333,2,,,0
103029,'1185520',1256,,6334,2,,,0
103029,'1185558',740,,6335,2,,,0
103029,'1185665',1228,,6336,2,,,0
103029,'1185765',1126,,6337,2,,,0
103029,'1185899',1556,,6338,2,,,0
103029,'1185963',2025,,6339,2,,,0
103029,'1185965',1827,,6340,2,,,0
103029,'1185975',1005,,6341,2,,,0
103029,'1186147',910,,6342,2,,,0
103029,'1186270',2325,,6343,2,,,0
103029,'1186276',1135,,6344,2,,,0
103029,'1186283',1528,,6345,2,,,0
103029,'1186305',1605,,6346,2,,,0
103029,'1186329',2257,,6347,2,,,0
103029,'1186366',628,,6348,2,,,0
103029,'1186405',825,,6349,2,,,0
103029,'1186699',655,,6350,2,,,0
103029,'1186983',2127,,6351,2,,,0
103029,'1187131',835,,6352,2,,,0
103029,'1187135',1905,,6353,2,,,0
103029,'1187151',1435,,6354,2,,,0
