104029,'1184515',1747,,6402,24,,,0
104029,'1184569',1458,,6403,24,,,0
104029,'1184607',947,,6404,24,,,0
104029,'1184753',1032,,6406,24,,,0
104029,'1185072',1243,,6408,24,,,0
104029,'1185283',917,,6412,24,,,0
104029,'1185308',1628,,6413,24,,,0
104029,'1185376',717,,6417,24,,,0
104029,'1185608',802,,6418,24,,,0
104029,'1185732',832,,6420,24,,,0
104029,'1185743',602,,6421,24,,,0
104029,'1186088',2132,,6425,24,,,0
104029,'1186151',2302,,6426,24,,,0
104029,'1186191',1328,,6428,24,,,0
104029,'1186192',1543,,6429,24,,,0
104029,'1186354',1713,,6432,24,,,0
104029,'1186398',647,,6433,24,,,0
104029,'1186854',1413,,6439,24,,,0
104029,'1186944',1832,,6440,24,,,0
104029,'1187100',1158,,6442,24,,,0
104029,'1187128',2002,,6443,24,,,0
