26019,'1184742',708,,5756,10,,,0
26019,'1185012',1608,,5760,10,,,0
26019,'1185046',2208,,5761,10,,,0
26019,'1185230',2308,,5763,10,,,0
26019,'1185487',1908,,5770,10,,,0
26019,'1185598',908,,5773,10,,,0
26019,'1185627',1708,,5775,10,,,0
26019,'1185632',1808,,5776,10,,,0
26019,'1185655',1008,,5777,10,,,0
26019,'1185728',808,,5780,10,,,0
26019,'1185873',1038,,5781,10,,,0
26019,'1186043',1238,,5782,10,,,0
26019,'1186159',1138,,5785,10,,,0
26019,'1186179',2008,,5786,10,,,0
26019,'1186292',1508,,5790,10,,,0
26019,'1186465',608,,5792,10,,,0
26019,'1186513',1438,,5793,10,,,0
26019,'1187013',1338,,5804,10,,,0
26019,'1187117',2108,,5807,10,,,0
