105029,'1184521',1801,,6491,46,,,0
105029,'1184537',1331,,6492,46,,,0
105029,'1184580',914,,6493,46,,,0
105029,'1184670',1546,,6494,46,,,0
105029,'1184808',2314,,6496,46,,,0
105029,'1184833',1016,,6497,46,,,0
105029,'1184834',2419,,6498,46,,,0
105029,'1184863',1231,,6499,46,,,0
105029,'1185135',714,,6501,46,,,0
105029,'1185332',1844,,6505,46,,,0
105029,'1185350',2014,,6506,46,,,0
105029,'1185359',2214,,6507,46,,,0
105029,'1185440',1631,,6510,46,,,0
105029,'1185668',744,,6513,46,,,0
105029,'1185827',2114,,6515,46,,,0
105029,'1185938',1446,,6516,46,,,0
105029,'1186005',1701,,6517,46,,,0
105029,'1186279',1516,,6519,46,,,0
105029,'1186282',1416,,6520,46,,,0
105029,'1186470',1116,,6525,46,,,0
105029,'1186861',644,,6531,46,,,0
105029,'1186874',1731,,6532,46,,,0
105029,'1187005',814,,6534,46,,,0
