12019,'1184525',1322,,4978,8,,,0
12019,'1184629',1821,,4980,8,,,0
12019,'1184761',1652,,4983,8,,,0
12019,'1184786',1252,,4985,8,,,0
12019,'1184787',1052,,4986,8,,,0
12019,'1184885',1452,,4988,8,,,0
12019,'1184933',621,,4989,8,,,0
12019,'1185003',821,,4991,8,,,0
12019,'1185098',1921,,4995,8,,,0
12019,'1185121',721,,4996,8,,,0
12019,'1185271',2221,,4999,8,,,0
12019,'1185305',1752,,5000,8,,,0
12019,'1185383',951,,5001,8,,,0
12019,'1185614',1722,,5007,8,,,0
12019,'1185634',1522,,5008,8,,,0
12019,'1185678',1021,,5009,8,,,0
12019,'1185724',1422,,5010,8,,,0
12019,'1185785',2021,,5012,8,,,0
12019,'1185860',1622,,5013,8,,,0
12019,'1185982',1352,,5015,8,,,0
12019,'1186032',2321,,5018,8,,,0
12019,'1186235',1222,,5024,8,,,0
12019,'1186399',851,,5028,8,,,0
12019,'1186555',751,,5030,8,,,0
12019,'1186611',2121,,5031,8,,,0
12019,'1186615',1152,,5032,8,,,0
12019,'1186667',921,,5035,8,,,0
12019,'1186735',1122,,5039,8,,,0
12019,'1186753',1552,,5040,8,,,0
12019,'1186907',651,,5043,8,,,0
