11029,'1150094',1546,,737,11,,,0
11029,'1150136',1850,,738,11,,,0
11029,'1150251',1950,,740,11,,,0
11029,'1150257',2129,,741,11,,,0
11029,'1150260',2416,,742,11,,,0
11029,'1150315',1416,,743,11,,,0
11029,'1150362',800,,744,11,,,0
11029,'1150395',1801,,746,11,,,0
11029,'1150398',745,,747,11,,,0
11029,'1150408',1631,,748,11,,,0
11029,'1150418',900,,750,11,,,0
11029,'1150503',715,,751,11,,,0
11029,'1150565',945,,752,11,,,0
11029,'1150594',1346,,753,11,,,0
11029,'1150694',1531,,755,11,,,0
11029,'1150946',1015,,761,11,,,0
11029,'1150979',1501,,762,11,,,0
11029,'1151013',1829,,763,11,,,0
11029,'1151028',1631,,764,11,,,0
11029,'1151212',1145,,767,11,,,0
11029,'1151228',815,,768,11,,,0
11029,'1151266',845,,770,11,,,0
11029,'1151288',950,,772,11,,,0
11029,'1151317',830,,773,11,,,0
11029,'1151379',1646,,775,11,,,0
11029,'1151495',1929,,776,11,,,0
11029,'1151501',1516,,777,11,,,0
11029,'1151570',1701,,778,11,,,0
11029,'1151605',1301,,780,11,,,0
11029,'1151662',1215,,781,11,,,0
11029,'1151677',1601,,782,11,,,0
11029,'1151681',1150,,783,11,,,0
11029,'1151696',1431,,784,11,,,0
11029,'1151854',1200,,786,11,,,0
11029,'1151888',2150,,787,11,,,0
11029,'1152006',2356,,792,11,,,0
11029,'1152021',2050,,794,11,,,0
11029,'1152139',1050,,796,11,,,0
11029,'1152148',1601,,797,11,,,0
11029,'1152172',1716,,798,11,,,0
11029,'1152323',1000,,800,11,,,0
11029,'1152476',1331,,803,11,,,0
11029,'1152508',1130,,805,11,,,0
11029,'1152540',850,,807,11,,,0
11029,'1152655',2350,,810,11,,,0
11029,'1152678',2229,,811,11,,,0
11029,'1152705',2159,,814,11,,,0
11029,'1152829',915,,815,11,,,0
11029,'1152889',2259,,817,11,,,0
11029,'1152890',1959,,818,11,,,0
11029,'1152893',1030,,819,11,,,0
11029,'1152955',1231,,821,11,,,0
11029,'1153079',1801,,824,11,,,0
11029,'1153114',1331,,825,11,,,0
11029,'1153126',1401,,827,11,,,0
11029,'1153213',700,,830,11,,,0
11029,'1153336',650,,834,11,,,0
11029,'1153651',1731,,837,11,,,0
11029,'1153681',1431,,838,11,,,0
11029,'1153694',1045,,839,11,,,0
11029,'1153712',1501,,840,11,,,0
11029,'1153871',1246,,841,11,,,0
11029,'1153888',2326,,842,11,,,0
11029,'1153932',1616,,843,11,,,0
11029,'1154011',615,,844,11,,,0
11029,'1154028',2059,,845,11,,,0
11029,'1154067',1859,,846,11,,,0
11029,'1154075',1531,,847,11,,,0
11029,'1154129',1230,,849,11,,,0
11029,'1154218',2029,,851,11,,,0
11029,'1154331',1401,,854,11,,,0
11029,'1154388',1301,,855,11,,,0
11029,'1154440',1115,,856,11,,,0
11029,'1154442',1316,,857,11,,,0
11029,'1154675',1446,,861,11,,,0
11029,'1154748',930,,862,11,,,0
11029,'1154769',645,,864,11,,,0
11029,'1154884',1100,,867,11,,,0
11029,'1154901',2250,,868,11,,,0
11029,'1154909',1731,,869,11,,,0
11029,'1155052',1816,,871,11,,,0
11029,'1155138',750,,872,11,,,0
11029,'1155227',730,,874,11,,,0
11029,'1155231',1746,,875,11,,,0
11029,'1155469',1701,,878,11,,,0
140001019,'1150287',640,,3510,7,,,0
140001019,'1150304',2140,,3511,7,,,0
140001019,'1150384',1725,,3513,7,,,0
140001019,'1150451',955,,3517,7,,,0
140001019,'1150506',2335,,3518,7,,,0
140001019,'1150536',1810,,3519,7,,,0
140001019,'1150598',1810,,3521,7,,,0
140001019,'1150609',855,,3522,7,,,0
140001019,'1150610',1515,,3523,7,,,0
140001019,'1150664',1010,,3524,7,,,0
140001019,'1150692',2209,,3525,7,,,0
140001019,'1150716',655,,3526,7,,,0
140001019,'1150784',1940,,3527,7,,,0
140001019,'1150853',1840,,3528,7,,,0
140001019,'1150869',1825,,3529,7,,,0
140001019,'1150882',1525,,3530,7,,,0
140001019,'1151105',1155,,3536,7,,,0
140001019,'1151119',1240,,3537,7,,,0
140001019,'1151195',1425,,3538,7,,,0
140001019,'1151208',810,,3539,7,,,0
140001019,'1151216',2040,,3541,7,,,0
140001019,'1151218',1910,,3542,7,,,0
140001019,'1151225',1555,,3543,7,,,0
140001019,'1151265',2025,,3544,7,,,0
140001019,'1151361',810,,3548,7,,,0
140001019,'1151371',1740,,3549,7,,,0
140001019,'1151441',2040,,3550,7,,,0
140001019,'1151470',1155,,3551,7,,,0
140001019,'1151474',2239,,3553,7,,,0
140001019,'1151528',1025,,3554,7,,,0
140001019,'1151558',740,,3555,7,,,0
140001019,'1151606',1355,,3559,7,,,0
140001019,'1151654',1355,,3562,7,,,0
140001019,'1151658',2055,,3563,7,,,0
140001019,'1151695',1855,,3565,7,,,0
140001019,'1151710',1225,,3567,7,,,0
140001019,'1151751',710,,3571,7,,,0
140001019,'1151754',725,,3572,7,,,0
140001019,'1151804',1630,,3573,7,,,0
140001019,'1151901',1655,,3576,7,,,0
140001019,'1152066',2409,,3579,7,,,0
140001019,'1152068',2010,,3580,7,,,0
140001019,'1152104',1825,,3581,7,,,0
140001019,'1152107',1730,,3582,7,,,0
140001019,'1152123',640,,3583,7,,,0
140001019,'1152165',1025,,3584,7,,,0
140001019,'1152232',1540,,3585,7,,,0
140001019,'1152240',2139,,3586,7,,,0
140001019,'1152423',1255,,3590,7,,,0
140001019,'1152471',1755,,3592,7,,,0
140001019,'1152480',1010,,3593,7,,,0
140001019,'1152565',1040,,3597,7,,,0
140001019,'1152674',910,,3600,7,,,0
140001019,'1152758',1210,,3604,7,,,0
140001019,'1152773',940,,3605,7,,,0
140001019,'1152818',1615,,3606,7,,,0
140001019,'1152831',2210,,3607,7,,,0
140001019,'1152874',1325,,3608,7,,,0
140001019,'1152907',1110,,3610,7,,,0
140001019,'1152920',1455,,3611,7,,,0
140001019,'1152942',1340,,3614,7,,,0
140001019,'1152950',1225,,3615,7,,,0
140001019,'1152961',1640,,3616,7,,,0
140001019,'1152981',1340,,3618,7,,,0
140001019,'1152999',2240,,3619,7,,,0
140001019,'1153096',1125,,3620,7,,,0
140001019,'1153139',955,,3622,7,,,0
140001019,'1153145',2309,,3623,7,,,0
140001019,'1153153',840,,3624,7,,,0
140001019,'1153208',1710,,3626,7,,,0
140001019,'1153252',1625,,3628,7,,,0
140001019,'1153294',1910,,3629,7,,,0
140001019,'1153322',1310,,3631,7,,,0
140001019,'1153327',840,,3632,7,,,0
140001019,'1153380',1510,,3635,7,,,0
140001019,'1153393',1940,,3637,7,,,0
140001019,'1153607',710,,3642,7,,,0
140001019,'1153629',1110,,3644,7,,,0
140001019,'1153737',1545,,3645,7,,,0
140001019,'1153742',2410,,3646,7,,,0
140001019,'1153757',1055,,3647,7,,,0
140001019,'1153879',2110,,3648,7,,,0
140001019,'1153928',1610,,3649,7,,,0
140001019,'1153949',1500,,3651,7,,,0
140001019,'1153978',1430,,3653,7,,,0
140001019,'1154051',2339,,3655,7,,,0
140001019,'1154078',1445,,3656,7,,,0
140001019,'1154230',1415,,3662,7,,,0
140001019,'1154259',1440,,3663,7,,,0
140001019,'1154323',1125,,3665,7,,,0
140001019,'1154329',2310,,3667,7,,,0
140001019,'1154451',1925,,3670,7,,,0
140001019,'1154489',1745,,3671,7,,,0
140001019,'1154490',1410,,3672,7,,,0
140001019,'1154529',1715,,3673,7,,,0
140001019,'1154538',825,,3674,7,,,0
140001019,'1154628',1700,,3676,7,,,0
140001019,'1154634',925,,3677,7,,,0
140001019,'1154642',1140,,3678,7,,,0
140001019,'1154758',1040,,3681,7,,,0
140001019,'1154789',1955,,3682,7,,,0
140001019,'1154820',755,,3683,7,,,0
140001019,'1154851',740,,3684,7,,,0
140001019,'1154866',1240,,3685,7,,,0
140001019,'1154965',1310,,3687,7,,,0
140001019,'1154991',910,,3689,7,,,0
140001019,'1154994',1840,,3690,7,,,0
140001019,'1155094',1255,,3691,7,,,0
140001019,'1155108',940,,3692,7,,,0
140001019,'1155222',2110,,3698,7,,,0
140001019,'1155223',1530,,3699,7,,,0
140001019,'1155228',1210,,3700,7,,,0
140001019,'1155236',1325,,3702,7,,,0
140001019,'1155259',2010,,3703,7,,,0
140001019,'1155279',1756,,3704,7,,,0
140001019,'1155314',1855,,3705,7,,,0
140001019,'1155327',1140,,3707,7,,,0
140001019,'1155399',1055,,3709,7,,,0
140001019,'1155422',1600,,3710,7,,,0
140001019,'1155482',1645,,3711,7,,,0
