104019,'1184559',738,,6357,23,,,0
104019,'1184877',1512,,6361,23,,,0
104019,'1184922',808,,6362,23,,,0
104019,'1184979',1723,,6363,23,,,0
104019,'1185193',1008,,6365,23,,,0
104019,'1185307',2108,,6367,23,,,0
104019,'1185701',853,,6372,23,,,0
104019,'1185733',1808,,6374,23,,,0
104019,'1186067',1257,,6376,23,,,0
104019,'1186077',653,,6377,23,,,0
104019,'1186167',1557,,6381,23,,,0
104019,'1186273',1642,,6382,23,,,0
104019,'1186364',1212,,6384,23,,,0
104019,'1186429',1127,,6385,23,,,0
104019,'1186457',2238,,6386,23,,,0
104019,'1186711',923,,6392,23,,,0
104019,'1187029',1342,,6395,23,,,0
104019,'1187094',1427,,6398,23,,,0
104019,'1187116',2413,,6399,23,,,0
104019,'1187157',1938,,6400,23,,,0
