13019,'1150207',824,,1247,13,,,0
13019,'1150227',924,,1248,13,,,0
13019,'1150493',924,,1249,13,,,0
13019,'1150585',1754,,1251,13,,,0
13019,'1150628',1455,,1253,13,,,0
13019,'1150643',2224,,1254,13,,,0
13019,'1150645',1655,,1255,13,,,0
13019,'1150729',1624,,1256,13,,,0
13019,'1150851',1725,,1257,13,,,0
13019,'1151123',1225,,1265,13,,,0
13019,'1151365',754,,1267,13,,,0
13019,'1151417',1025,,1269,13,,,0
13019,'1151524',1524,,1273,13,,,0
13019,'1151771',1625,,1275,13,,,0
13019,'1151796',854,,1276,13,,,0
13019,'1151799',2254,,1277,13,,,0
13019,'1151808',2054,,1278,13,,,0
13019,'1152195',1124,,1281,13,,,0
13019,'1152254',2154,,1283,13,,,0
13019,'1152429',724,,1285,13,,,0
13019,'1152560',1824,,1288,13,,,0
13019,'1152603',1324,,1289,13,,,0
13019,'1152985',1325,,1296,13,,,0
13019,'1153202',2124,,1297,13,,,0
13019,'1153301',1125,,1300,13,,,0
13019,'1153469',1724,,1303,13,,,0
13019,'1153618',824,,1306,13,,,0
13019,'1153699',1525,,1310,13,,,0
13019,'1154058',1024,,1314,13,,,0
13019,'1154251',624,,1316,13,,,0
13019,'1154276',954,,1317,13,,,0
13019,'1154383',1425,,1319,13,,,0
13019,'1154424',2024,,1320,13,,,0
13019,'1154456',1224,,1321,13,,,0
13019,'1154547',1954,,1324,13,,,0
13019,'1154651',654,,1325,13,,,0
13019,'1154956',1555,,1327,13,,,0
13019,'1155135',724,,1331,13,,,0
13019,'1155249',1424,,1333,13,,,0
13019,'1155251',2359,,1334,13,,,0
13019,'1155283',1854,,1336,13,,,0
13019,'1155329',1924,,1337,13,,,0
13019,'1155371',2324,,1339,13,,,0
101029,'1150355',838,,2916,13,,,0
101029,'1150535',938,,2919,13,,,0
101029,'1150632',1423,,2920,13,,,0
101029,'1151005',1023,,2922,13,,,0
101029,'1151171',1738,,2924,13,,,0
101029,'1151294',738,,2925,13,,,0
101029,'1151635',2138,,2927,13,,,0
101029,'1151840',638,,2929,13,,,0
101029,'1152316',1823,,2930,13,,,0
101029,'1152666',1038,,2933,13,,,0
101029,'1152802',1640,,2934,13,,,0
101029,'1153001',1938,,2938,13,,,0
101029,'1153050',1240,,2939,13,,,0
101029,'1153195',623,,2941,13,,,0
101029,'1153306',1623,,2942,13,,,0
101029,'1153598',2223,,2945,13,,,0
101029,'1153935',1540,,2949,13,,,0
101029,'1154557',2023,,2953,13,,,0
101029,'1154632',2358,,2954,13,,,0
101029,'1154742',1340,,2955,13,,,0
101029,'1154771',823,,2956,13,,,0
101029,'1154943',1223,,2958,13,,,0
101029,'1155502',1440,,2962,13,,,0
