23029,'1150768',1518,,1859,3,,,0
23029,'1151003',1118,,1860,3,,,0
23029,'1151972',1549,,1861,3,,,0
23029,'1152184',1319,,1863,3,,,0
23029,'1152439',1349,,1865,3,,,0
23029,'1153255',917,,1866,3,,,0
23029,'1154303',1718,,1867,3,,,0
23029,'1155381',1149,,1869,3,,,0
23029,'1155476',947,,1870,3,,,0
103019,'1150581',855,,3099,8,,,0
103019,'1150650',1411,,3100,8,,,0
103019,'1150807',2110,,3102,8,,,0
103019,'1151036',1456,,3105,8,,,0
103019,'1151535',940,,3109,8,,,0
103019,'1151614',1241,,3112,8,,,0
103019,'1151765',2140,,3115,8,,,0
103019,'1151829',1840,,3116,8,,,0
103019,'1152005',810,,3120,8,,,0
103019,'1152137',910,,3121,8,,,0
103019,'1152317',2310,,3124,8,,,0
103019,'1152724',1940,,3126,8,,,0
103019,'1152808',2240,,3128,8,,,0
103019,'1153162',1711,,3130,8,,,0
103019,'1153376',1641,,3132,8,,,0
103019,'1153872',1111,,3136,8,,,0
103019,'1153926',1211,,3137,8,,,0
103019,'1154277',1341,,3140,8,,,0
103019,'1154296',725,,3141,8,,,0
103019,'1154523',2010,,3142,8,,,0
103019,'1154594',1626,,3143,8,,,0
103019,'1154619',1541,,3144,8,,,0
103019,'1154654',740,,3145,8,,,0
103019,'1154776',640,,3146,8,,,0
103019,'1154794',1810,,3148,8,,,0
103019,'1154837',1511,,3150,8,,,0
103019,'1154924',1040,,3152,8,,,0
