26029,'1184587',1246,,5812,8,,,0
26029,'1184648',615,,5813,8,,,0
26029,'1184730',2016,,5815,8,,,0
26029,'1184884',916,,5817,8,,,0
26029,'1184890',816,,5818,8,,,0
26029,'1184923',1346,,5819,8,,,0
26029,'1185059',1216,,5821,8,,,0
26029,'1185151',1516,,5823,8,,,0
26029,'1185248',1316,,5824,8,,,0
26029,'1185261',1716,,5825,8,,,0
26029,'1185279',1516,,5826,8,,,0
26029,'1185365',616,,5827,8,,,0
26029,'1185438',2315,,5828,8,,,0
26029,'1185507',2316,,5831,8,,,0
26029,'1185525',1916,,5832,8,,,0
26029,'1185570',1016,,5834,8,,,0
26029,'1185621',2116,,5835,8,,,0
26029,'1185650',915,,5836,8,,,0
26029,'1185697',1816,,5837,8,,,0
26029,'1185769',2216,,5838,8,,,0
26029,'1185799',1816,,5839,8,,,0
26029,'1185849',716,,5841,8,,,0
26029,'1185956',1446,,5842,8,,,0
26029,'1185969',2116,,5843,8,,,0
26029,'1185990',1116,,5845,8,,,0
26029,'1186111',2215,,5846,8,,,0
26029,'1186362',1916,,5847,8,,,0
26029,'1186441',1617,,5848,8,,,0
26029,'1186572',2016,,5849,8,,,0
26029,'1186612',715,,5851,8,,,0
26029,'1186668',1616,,5853,8,,,0
26029,'1186684',1146,,5854,8,,,0
26029,'1186799',1716,,5855,8,,,0
26029,'1186884',1046,,5856,8,,,0
26029,'1186941',1016,,5857,8,,,0
26029,'1187039',1416,,5858,8,,,0
26029,'1187195',815,,5860,8,,,0
