104019,'1184559',743,,6357,30,,,0
104019,'1184877',1517,,6361,30,,,0
104019,'1184922',813,,6362,30,,,0
104019,'1184979',1728,,6363,30,,,0
104019,'1185193',1013,,6365,30,,,0
104019,'1185307',2113,,6367,30,,,0
104019,'1185701',858,,6372,30,,,0
104019,'1185733',1813,,6374,30,,,0
104019,'1186067',1302,,6376,30,,,0
104019,'1186077',658,,6377,30,,,0
104019,'1186167',1602,,6381,30,,,0
104019,'1186273',1647,,6382,30,,,0
104019,'1186364',1217,,6384,30,,,0
104019,'1186429',1132,,6385,30,,,0
104019,'1186457',2243,,6386,30,,,0
104019,'1186711',928,,6392,30,,,0
104019,'1187029',1347,,6395,30,,,0
104019,'1187094',1432,,6398,30,,,0
104019,'1187116',2418,,6399,30,,,0
104019,'1187157',1943,,6400,30,,,0
