3029,'1150202',2017,,417,23,,,0
3029,'1150338',1048,,419,23,,,0
3029,'1150614',648,,422,23,,,0
3029,'1150985',1049,,425,23,,,0
3029,'1151183',1847,,429,23,,,0
3029,'1151192',1650,,430,23,,,0
3029,'1151504',1650,,432,23,,,0
3029,'1151640',1750,,435,23,,,0
3029,'1151683',1520,,437,23,,,0
3029,'1151731',1947,,438,23,,,0
3029,'1151876',2047,,442,23,,,0
3029,'1151984',819,,445,23,,,0
3029,'1152000',1150,,447,23,,,0
3029,'1152164',2248,,450,23,,,0
3029,'1152335',749,,453,23,,,0
3029,'1152374',2247,,454,23,,,0
3029,'1152494',1320,,459,23,,,0
3029,'1152784',919,,463,23,,,0
3029,'1152803',1220,,464,23,,,0
3029,'1152828',1550,,465,23,,,0
3029,'1152863',1019,,466,23,,,0
3029,'1152936',1250,,467,23,,,0
3029,'1153075',1350,,470,23,,,0
3029,'1153143',1720,,473,23,,,0
3029,'1153218',848,,474,23,,,0
3029,'1153269',1820,,475,23,,,0
3029,'1153277',2148,,476,23,,,0
3029,'1153325',948,,477,23,,,0
3029,'1153346',1350,,478,23,,,0
3029,'1153473',1620,,480,23,,,0
3029,'1153476',719,,481,23,,,0
3029,'1153644',1250,,482,23,,,0
3029,'1153678',1848,,483,23,,,0
3029,'1153903',2348,,485,23,,,0
3029,'1153992',1917,,487,23,,,0
3029,'1154123',1948,,491,23,,,0
3029,'1154264',748,,495,23,,,0
3029,'1154368',1450,,497,23,,,0
3029,'1154445',849,,498,23,,,0
3029,'1154525',2048,,500,23,,,0
3029,'1154677',2117,,502,23,,,0
3029,'1154694',1150,,503,23,,,0
3029,'1154731',1119,,504,23,,,0
3029,'1154736',2217,,505,23,,,0
3029,'1154807',649,,506,23,,,0
3029,'1154840',2343,,508,23,,,0
3029,'1155071',1550,,511,23,,,0
3029,'1155137',1420,,512,23,,,0
3029,'1155140',1450,,513,23,,,0
3029,'1155180',949,,514,23,,,0
3029,'1155345',2147,,516,23,,,0
3029,'1155451',1750,,518,23,,,0
