3019,'1190650',1323,,7432,32,,,0
3019,'1190836',1553,,7433,32,,,0
3019,'1190847',1438,,7434,32,,,0
3019,'1190866',1023,,7435,32,,,0
3019,'1190945',1923,,7436,32,,,0
3019,'1190971',1253,,7437,32,,,0
3019,'1191034',838,,7438,32,,,0
3019,'1191126',2023,,7439,32,,,0
3019,'1191134',2023,,7440,32,,,0
3019,'1191168',1723,,7441,32,,,0
3019,'1191214',1753,,7442,32,,,0
3019,'1191270',1423,,7443,32,,,0
3019,'1191302',923,,7444,32,,,0
3019,'1191317',1923,,7445,32,,,0
3019,'1191328',723,,7446,32,,,0
3019,'1191509',2322,,7447,32,,,0
3019,'1191526',823,,7448,32,,,0
3019,'1191582',1038,,7449,32,,,0
3019,'1191597',626,,7450,2,,,0
3019,'1191602',953,,7451,32,,,0
3019,'1191652',1623,,7452,32,,,0
3019,'1191729',2323,,7453,32,,,0
3019,'1191754',1153,,7454,32,,,0
3019,'1191767',1653,,7455,32,,,0
3019,'1191779',1123,,7456,32,,,0
3019,'1191821',1138,,7457,32,,,0
3019,'1191856',1623,,7458,32,,,0
3019,'1191868',653,,7459,32,,,0
3019,'1191905',1938,,7460,32,,,0
3019,'1191978',1353,,7461,32,,,0
3019,'1191997',1223,,7462,32,,,0
3019,'1192065',2038,,7463,32,,,0
3019,'1192079',2223,,7464,32,,,0
3019,'1192105',2123,,7465,32,,,0
3019,'1192112',2423,,7466,32,,,0
3019,'1192146',1323,,7467,32,,,0
3019,'1192160',2123,,7468,32,,,0
3019,'1192171',823,,7469,32,,,0
3019,'1192197',1723,,7470,32,,,0
3019,'1192385',1338,,7471,32,,,0
3019,'1192413',1538,,7472,32,,,0
3019,'1192416',1053,,7473,32,,,0
3019,'1192443',738,,7474,32,,,0
3019,'1192454',853,,7475,32,,,0
3019,'1192472',626,,7476,2,,,0
3019,'1192525',2138,,7477,32,,,0
3019,'1192527',1638,,7478,32,,,0
3019,'1192640',1223,,7479,32,,,0
3019,'1192641',1123,,7480,32,,,0
3019,'1192643',2223,,7481,32,,,0
3019,'1192658',1838,,7482,32,,,0
3019,'1192695',938,,7483,32,,,0
3019,'1192711',2338,,7484,32,,,0
3019,'1192747',1423,,7485,32,,,0
3019,'1192824',2412,,7486,32,,,0
3019,'1192891',1453,,7487,32,,,0
3019,'1192906',753,,7488,32,,,0
3019,'1192926',2238,,7489,32,,,0
3019,'1192964',1523,,7490,32,,,0
3019,'1192967',1023,,7491,32,,,0
3019,'1192982',723,,7492,32,,,0
3019,'1193008',1823,,7493,32,,,0
3019,'1193046',1738,,7494,32,,,0
3019,'1193092',1238,,7495,32,,,0
3019,'1193159',1823,,7496,32,,,0
3019,'1193189',923,,7497,32,,,0
3019,'1193294',1523,,7498,32,,,0
