102029,'1190835',1913,,9081,12,,,0
102029,'1190937',633,,9082,12,,,0
102029,'1191107',2213,,9083,12,,,0
102029,'1191135',743,,9084,12,,,0
102029,'1191154',1526,,9085,12,,,0
102029,'1191181',1143,,9086,12,,,0
102029,'1191262',1443,,9087,12,,,0
102029,'1191304',713,,9088,12,,,0
102029,'1191433',913,,9089,12,,,0
102029,'1191481',1226,,9090,12,,,0
102029,'1191496',2243,,9091,12,,,0
102029,'1191671',843,,9092,12,,,0
102029,'1191758',2256,,9093,12,,,0
102029,'1191805',1558,,9094,12,,,0
102029,'1191922',613,,9095,12,,,0
102029,'1191944',1356,,9096,12,,,0
102029,'1192040',1313,,9097,12,,,0
102029,'1192054',1343,,9098,12,,,0
102029,'1192104',2126,,9099,12,,,0
102029,'1192165',1013,,9100,12,,,0
102029,'1192219',2113,,9101,12,,,0
102029,'1192229',1826,,9102,12,,,0
102029,'1192269',1513,,9103,12,,,0
102029,'1192425',1213,,9104,12,,,0
102029,'1192453',1956,,9105,12,,,0
102029,'1192474',2343,,9106,12,,,0
102029,'1192505',658,,9107,12,,,0
102029,'1192509',1943,,9108,12,,,0
102029,'1192621',1728,,9109,12,,,0
102029,'1192631',958,,9110,12,,,0
102029,'1192823',756,,9111,12,,,0
102029,'1192857',1656,,9112,12,,,0
102029,'1192870',1613,,9113,12,,,0
102029,'1192893',1813,,9114,12,,,0
102029,'1192925',1643,,9115,12,,,0
102029,'1192999',926,,9116,12,,,0
102029,'1193000',2413,,9117,12,,,0
102029,'1193010',1043,,9118,12,,,0
102029,'1193070',828,,9119,12,,,0
102029,'1193101',1056,,9120,12,,,0
102029,'1193141',2043,,9121,12,,,0
102029,'1193243',1743,,9122,12,,,0
102029,'1193313',1428,,9123,12,,,0
