13019,'1150207',822,,1247,9,,,0
13019,'1150227',922,,1248,9,,,0
13019,'1150493',922,,1249,9,,,0
13019,'1150585',1752,,1251,9,,,0
13019,'1150628',1453,,1253,9,,,0
13019,'1150643',2222,,1254,9,,,0
13019,'1150645',1653,,1255,9,,,0
13019,'1150729',1622,,1256,9,,,0
13019,'1150851',1723,,1257,9,,,0
13019,'1151123',1223,,1265,9,,,0
13019,'1151365',752,,1267,9,,,0
13019,'1151417',1023,,1269,9,,,0
13019,'1151524',1522,,1273,9,,,0
13019,'1151771',1623,,1275,9,,,0
13019,'1151796',852,,1276,9,,,0
13019,'1151799',2252,,1277,9,,,0
13019,'1151808',2052,,1278,9,,,0
13019,'1152195',1122,,1281,9,,,0
13019,'1152254',2152,,1283,9,,,0
13019,'1152429',722,,1285,9,,,0
13019,'1152560',1822,,1288,9,,,0
13019,'1152603',1322,,1289,9,,,0
13019,'1152985',1323,,1296,9,,,0
13019,'1153202',2122,,1297,9,,,0
13019,'1153301',1123,,1300,9,,,0
13019,'1153469',1722,,1303,9,,,0
13019,'1153618',822,,1306,9,,,0
13019,'1153699',1523,,1310,9,,,0
13019,'1154058',1022,,1314,9,,,0
13019,'1154251',622,,1316,9,,,0
13019,'1154276',952,,1317,9,,,0
13019,'1154383',1423,,1319,9,,,0
13019,'1154424',2022,,1320,9,,,0
13019,'1154456',1222,,1321,9,,,0
13019,'1154547',1952,,1324,9,,,0
13019,'1154651',652,,1325,9,,,0
13019,'1154956',1553,,1327,9,,,0
13019,'1155135',722,,1331,9,,,0
13019,'1155249',1422,,1333,9,,,0
13019,'1155251',2357,,1334,9,,,0
13019,'1155283',1852,,1336,9,,,0
13019,'1155329',1922,,1337,9,,,0
13019,'1155371',2322,,1339,9,,,0
101029,'1150355',836,,2916,9,,,0
101029,'1150535',936,,2919,9,,,0
101029,'1150632',1421,,2920,9,,,0
101029,'1151005',1021,,2922,9,,,0
101029,'1151171',1736,,2924,9,,,0
101029,'1151294',736,,2925,9,,,0
101029,'1151635',2136,,2927,9,,,0
101029,'1151840',636,,2929,9,,,0
101029,'1152316',1821,,2930,9,,,0
101029,'1152666',1036,,2933,9,,,0
101029,'1152802',1638,,2934,9,,,0
101029,'1153001',1936,,2938,9,,,0
101029,'1153050',1238,,2939,9,,,0
101029,'1153195',621,,2941,9,,,0
101029,'1153306',1621,,2942,9,,,0
101029,'1153598',2221,,2945,9,,,0
101029,'1153935',1538,,2949,9,,,0
101029,'1154557',2021,,2953,9,,,0
101029,'1154632',2356,,2954,9,,,0
101029,'1154742',1338,,2955,9,,,0
101029,'1154771',821,,2956,9,,,0
101029,'1154943',1221,,2958,9,,,0
101029,'1155502',1438,,2962,9,,,0
