101029,'1150355',921,,2916,64,,,0
101029,'1150535',1021,,2919,64,,,0
101029,'1150632',1504,,2920,64,,,0
101029,'1151005',1104,,2922,64,,,0
101029,'1151171',1821,,2924,64,,,0
101029,'1151294',821,,2925,64,,,0
101029,'1151635',2221,,2927,64,,,0
101029,'1151840',721,,2929,64,,,0
101029,'1152316',1904,,2930,64,,,0
101029,'1152666',1121,,2933,64,,,0
101029,'1152802',1724,,2934,64,,,0
101029,'1153001',2021,,2938,64,,,0
101029,'1153050',1324,,2939,64,,,0
101029,'1153195',704,,2941,64,,,0
101029,'1153306',1704,,2942,64,,,0
101029,'1153598',2304,,2945,64,,,0
101029,'1153935',1624,,2949,64,,,0
101029,'1154557',2104,,2953,64,,,0
101029,'1154632',2441,,2954,64,,,0
101029,'1154742',1424,,2955,64,,,0
101029,'1154771',904,,2956,64,,,0
101029,'1154943',1304,,2958,64,,,0
101029,'1155502',1524,,2962,64,,,0
