105029,'1190637',818,,9337,25,,,0
105029,'1190832',705,,9338,25,,,0
105029,'1190854',1506,,9339,25,,,0
105029,'1190856',1321,,9340,25,,,0
105029,'1190924',2410,,9341,25,,,0
105029,'1190926',1420,,9342,25,,,0
105029,'1190965',1436,,9343,25,,,0
105029,'1190981',635,,9344,25,,,0
105029,'1191222',2218,,9345,25,,,0
105029,'1191223',1651,,9346,25,,,0
105029,'1191285',2005,,9347,25,,,0
105029,'1191307',1536,,9348,25,,,0
105029,'1191404',1520,,9349,25,,,0
105029,'1191423',1406,,9350,25,,,0
105029,'1191572',1020,,9351,25,,,0
105029,'1191670',1736,,9352,25,,,0
105029,'1191739',1751,,9353,25,,,0
105029,'1191784',1320,,9354,25,,,0
105029,'1191846',1006,,9355,25,,,0
105029,'1191848',1221,,9356,25,,,0
105029,'1191910',2418,,9357,25,,,0
105029,'1191936',1536,,9358,25,,,0
105029,'1192016',735,,9359,25,,,0
105029,'1192019',1820,,9360,25,,,0
105029,'1192058',2336,,9361,25,,,0
105029,'1192150',736,,9362,25,,,0
105029,'1192180',1936,,9363,25,,,0
105029,'1192198',2305,,9364,25,,,0
105029,'1192205',618,,9365,25,,,0
105029,'1192224',1621,,9366,25,,,0
105029,'1192338',1835,,9367,25,,,0
105029,'1192379',2105,,9368,25,,,0
105029,'1192463',1336,,9369,25,,,0
105029,'1192488',1120,,9370,25,,,0
105029,'1192491',805,,9371,25,,,0
105029,'1192500',905,,9372,25,,,0
105029,'1192511',2018,,9373,25,,,0
105029,'1192662',1620,,9374,25,,,0
105029,'1192694',1106,,9375,25,,,0
105029,'1192728',2136,,9376,25,,,0
105029,'1193038',1220,,9377,25,,,0
105029,'1193130',1136,,9378,25,,,0
105029,'1193181',1720,,9379,25,,,0
105029,'1193225',1721,,9380,25,,,0
105029,'1193234',936,,9381,25,,,0
105029,'1193316',2205,,9382,25,,,0
