14019,'1190713',1346,,8090,6,,,0
14019,'1190728',1444,,8091,6,,,0
14019,'1190978',1646,,8092,6,,,0
14019,'1191058',2244,,8093,6,,,0
14019,'1191091',1644,,8094,6,,,0
14019,'1191115',745,,8095,6,,,0
14019,'1191156',1516,,8096,6,,,0
14019,'1191182',1244,,8097,6,,,0
14019,'1191216',1346,,8098,6,,,0
14019,'1191274',1344,,8099,6,,,0
14019,'1191284',2344,,8100,6,,,0
14019,'1191353',1844,,8101,6,,,0
14019,'1191434',944,,8102,6,,,0
14019,'1191451',945,,8103,6,,,0
14019,'1191488',1246,,8104,6,,,0
14019,'1191517',645,,8105,6,,,0
14019,'1191609',2315,,8106,6,,,0
14019,'1191614',1815,,8107,6,,,0
14019,'1191636',1746,,8108,6,,,0
14019,'1191714',1146,,8109,6,,,0
14019,'1191747',1446,,8110,6,,,0
14019,'1191757',915,,8111,6,,,0
14019,'1191841',744,,8112,6,,,0
14019,'1191852',1915,,8113,6,,,0
14019,'1191970',2144,,8114,6,,,0
14019,'1191991',2044,,8115,6,,,0
14019,'1191996',944,,8116,6,,,0
14019,'1192119',2215,,8117,6,,,0
14019,'1192156',1546,,8118,6,,,0
14019,'1192290',2244,,8119,6,,,0
14019,'1192324',2144,,8120,6,,,0
14019,'1192341',715,,8121,6,,,0
14019,'1192355',1744,,8122,6,,,0
14019,'1192458',844,,8123,6,,,0
14019,'1192538',1646,,8124,6,,,0
14019,'1192564',2344,,8125,6,,,0
14019,'1192566',1944,,8126,6,,,0
14019,'1192675',1144,,8127,6,,,0
14019,'1192682',1544,,8128,6,,,0
14019,'1192692',1044,,8129,6,,,0
14019,'1192713',1844,,8130,6,,,0
14019,'1192727',1246,,8131,6,,,0
14019,'1192788',1446,,8132,6,,,0
14019,'1192791',1146,,8133,6,,,0
14019,'1192803',815,,8134,6,,,0
14019,'1192827',2044,,8135,6,,,0
14019,'1192837',845,,8136,6,,,0
14019,'1192840',1616,,8137,6,,,0
14019,'1192863',2115,,8138,6,,,0
14019,'1192916',1944,,8139,6,,,0
14019,'1192927',844,,8140,6,,,0
14019,'1192946',2015,,8141,6,,,0
14019,'1192962',1046,,8142,6,,,0
14019,'1192987',1746,,8143,6,,,0
14019,'1193071',1046,,8144,6,,,0
14019,'1193088',1716,,8145,6,,,0
14019,'1193127',1546,,8146,6,,,0
14019,'1193190',644,,8147,6,,,0
14019,'1193242',744,,8148,6,,,0
29019,'1190655',1224,,8929,6,,,0
29019,'1190658',2323,,8930,6,,,0
29019,'1190695',1339,,8931,6,,,0
29019,'1190921',1324,,8932,6,,,0
29019,'1190990',1439,,8933,6,,,0
29019,'1191402',923,,8934,6,,,0
29019,'1191425',2123,,8935,6,,,0
29019,'1191673',1524,,8936,6,,,0
29019,'1191834',1923,,8937,6,,,0
29019,'1192098',2223,,8938,6,,,0
29019,'1192125',939,,8939,6,,,0
29019,'1192367',823,,8940,6,,,0
29019,'1192396',1539,,8941,6,,,0
29019,'1192451',1139,,8942,6,,,0
29019,'1192468',1124,,8943,6,,,0
29019,'1192512',1039,,8944,6,,,0
29019,'1192534',2023,,8945,6,,,0
29019,'1192606',1823,,8946,6,,,0
29019,'1192704',723,,8947,6,,,0
29019,'1192724',1024,,8948,6,,,0
29019,'1193069',1724,,8949,6,,,0
29019,'1193082',1424,,8950,6,,,0
29019,'1193084',1239,,8951,6,,,0
29019,'1193185',1624,,8952,6,,,0
