102019,'1190597',2104,,9039,18,,,0
102019,'1190642',1217,,9040,18,,,0
102019,'1190683',1334,,9041,18,,,0
102019,'1190693',2234,,9042,18,,,0
102019,'1190718',1904,,9043,18,,,0
102019,'1190741',1134,,9044,18,,,0
102019,'1190744',2247,,9045,18,,,0
102019,'1190821',1647,,9046,18,,,0
102019,'1190958',2334,,9047,18,,,0
102019,'1191221',649,,9048,18,,,0
102019,'1191235',1004,,9049,18,,,0
102019,'1191363',834,,9050,18,,,0
102019,'1191366',1947,,9051,18,,,0
102019,'1191400',2117,,9052,18,,,0
102019,'1191449',1634,,9053,18,,,0
102019,'1191519',1434,,9054,18,,,0
102019,'1191533',949,,9055,18,,,0
102019,'1191546',917,,9056,18,,,0
102019,'1191550',1604,,9057,18,,,0
102019,'1191628',1734,,9058,18,,,0
102019,'1191743',1304,,9059,18,,,0
102019,'1191774',904,,9060,18,,,0
102019,'1191788',1419,,9061,18,,,0
102019,'1191823',2034,,9062,18,,,0
102019,'1192057',1347,,9063,18,,,0
102019,'1192080',1934,,9064,18,,,0
102019,'1192239',1204,,9065,18,,,0
102019,'1192244',2404,,9066,18,,,0
102019,'1192255',1034,,9067,18,,,0
102019,'1192441',604,,9068,18,,,0
102019,'1192464',704,,9069,18,,,0
102019,'1192471',1047,,9070,18,,,0
102019,'1192484',819,,9071,18,,,0
102019,'1192625',1719,,9072,18,,,0
102019,'1192766',2204,,9073,18,,,0
102019,'1192942',1804,,9074,18,,,0
102019,'1192981',1517,,9075,18,,,0
102019,'1193042',1817,,9076,18,,,0
102019,'1193104',1549,,9077,18,,,0
102019,'1193216',1504,,9078,18,,,0
102019,'1193256',747,,9079,18,,,0
102019,'1193275',734,,9080,18,,,0
