20029,'1150443',2053,,1720,2,,,0
20029,'1150518',1252,,1722,2,,,0
20029,'1150558',1224,,1723,2,,,0
20029,'1150595',1853,,1724,2,,,0
20029,'1150715',924,,1726,2,,,0
20029,'1150789',1724,,1731,2,,,0
20029,'1150855',1024,,1732,2,,,0
20029,'1150951',952,,1733,2,,,0
20029,'1151182',1124,,1738,2,,,0
20029,'1151252',1525,,1739,2,,,0
20029,'1151298',2323,,1740,2,,,0
20029,'1151315',1752,,1741,2,,,0
20029,'1151530',2352,,1742,2,,,0
20029,'1151590',1624,,1743,2,,,0
20029,'1152131',1953,,1752,2,,,0
20029,'1152153',652,,1753,2,,,0
20029,'1152501',1352,,1757,2,,,0
20029,'1152640',852,,1758,2,,,0
20029,'1152750',622,,1759,2,,,0
20029,'1152826',1424,,1760,2,,,0
20029,'1152948',1754,,1762,2,,,0
20029,'1153117',2253,,1763,2,,,0
20029,'1153480',1152,,1771,2,,,0
20029,'1153714',753,,1774,2,,,0
20029,'1153811',752,,1776,2,,,0
20029,'1153829',1654,,1777,2,,,0
20029,'1153858',2153,,1778,2,,,0
20029,'1154049',1452,,1779,2,,,0
20029,'1154088',1824,,1780,2,,,0
20029,'1154095',1652,,1781,2,,,0
20029,'1154425',2223,,1790,2,,,0
20029,'1154500',1052,,1792,2,,,0
20029,'1154533',2123,,1793,2,,,0
20029,'1154750',1552,,1796,2,,,0
20029,'1154788',824,,1797,2,,,0
20029,'1154811',652,,1798,2,,,0
20029,'1155011',2024,,1799,2,,,0
20029,'1155237',1924,,1802,2,,,0
20029,'1155373',723,,1806,2,,,0
20029,'1155443',1324,,1808,2,,,0
