10029,'1150182',926,,646,24,,,0
10029,'1150266',2326,,648,24,,,0
10029,'1150349',1956,,649,24,,,0
10029,'1150424',1426,,650,24,,,0
10029,'1150440',1926,,651,24,,,0
10029,'1150450',1626,,653,24,,,0
10029,'1150454',1726,,654,24,,,0
10029,'1150680',726,,656,24,,,0
10029,'1150683',1226,,657,24,,,0
10029,'1150947',1026,,659,24,,,0
10029,'1151232',2126,,662,24,,,0
10029,'1151240',926,,663,24,,,0
10029,'1151358',1026,,666,24,,,0
10029,'1151389',2156,,667,24,,,0
10029,'1151548',1326,,668,24,,,0
10029,'1151699',1426,,674,24,,,0
10029,'1151704',2401,,676,24,,,0
10029,'1151927',2056,,678,24,,,0
10029,'1152089',826,,679,24,,,0
10029,'1152120',1526,,680,24,,,0
10029,'1152213',1756,,682,24,,,0
10029,'1152237',1126,,683,24,,,0
10029,'1152276',626,,685,24,,,0
10029,'1152614',1726,,692,24,,,0
10029,'1152687',1656,,693,24,,,0
10029,'1152696',826,,694,24,,,0
10029,'1152744',1556,,697,24,,,0
10029,'1152927',1326,,700,24,,,0
10029,'1153201',726,,704,24,,,0
10029,'1153510',1626,,706,24,,,0
10029,'1153532',2026,,707,24,,,0
10029,'1153887',2226,,712,24,,,0
10029,'1154165',756,,715,24,,,0
10029,'1154182',1526,,716,24,,,0
10029,'1154281',1226,,718,24,,,0
10029,'1154360',2256,,719,24,,,0
10029,'1154531',1456,,720,24,,,0
10029,'1154688',656,,722,24,,,0
10029,'1154710',1826,,723,24,,,0
10029,'1155230',856,,733,24,,,0
10029,'1155449',1856,,734,24,,,0
10029,'1155474',1126,,735,24,,,0
12029,'1155758',1956,,1134,19,,,0
12029,'1155760',1126,,1135,19,,,0
12029,'1155761',1026,,1136,19,,,0
12029,'1155763',1456,,1137,19,,,0
12029,'1155764',826,,1138,19,,,0
12029,'1155766',1256,,1139,19,,,0
12029,'1155772',2156,,1141,19,,,0
12029,'1155776',1356,,1143,19,,,0
12029,'1155779',2056,,1145,19,,,0
12029,'1155795',1556,,1150,19,,,0
12029,'1155797',1626,,1151,19,,,0
12029,'1155798',1756,,1152,19,,,0
12029,'1155804',1626,,1155,19,,,0
12029,'1155821',2126,,1161,19,,,0
12029,'1155822',1226,,1162,19,,,0
12029,'1155827',1726,,1164,19,,,0
12029,'1155832',1426,,1167,19,,,0
12029,'1155838',1526,,1170,19,,,0
12029,'1155840',1656,,1172,19,,,0
12029,'1155845',1056,,1175,19,,,0
12029,'1155848',856,,1176,19,,,0
12029,'1155849',656,,1177,19,,,0
12029,'1155850',1426,,1178,19,,,0
12029,'1155852',1126,,1179,19,,,0
12029,'1155860',926,,1182,19,,,0
12029,'1155861',726,,1183,19,,,0
12029,'1155868',2026,,1185,19,,,0
12029,'1155871',926,,1187,19,,,0
12029,'1155872',956,,1188,19,,,0
12029,'1155878',1326,,1193,19,,,0
12029,'1155879',726,,1194,19,,,0
12029,'1155880',1726,,1195,19,,,0
12029,'1155882',826,,1196,19,,,0
12029,'1155883',1056,,1197,19,,,0
12029,'1155884',626,,1198,19,,,0
12029,'1155886',1926,,1199,19,,,0
12029,'1155891',1156,,1202,19,,,0
12029,'1155901',2256,,1207,19,,,0
12029,'1155903',1826,,1208,19,,,0
12029,'1155908',1556,,1211,19,,,0
12029,'1155909',1856,,1212,19,,,0
12029,'1155915',1656,,1214,19,,,0
12029,'1155917',1026,,1216,19,,,0
12029,'1155920',756,,1218,19,,,0
12029,'1155927',2326,,1223,19,,,0
12029,'1155930',1256,,1226,19,,,0
12029,'1155932',1456,,1227,19,,,0
12029,'1155934',1356,,1229,19,,,0
12029,'1155940',1226,,1232,19,,,0
12029,'1155942',1526,,1233,19,,,0
12029,'1155945',2401,,1234,19,,,0
12029,'1155953',1156,,1236,19,,,0
12029,'1155963',2226,,1242,19,,,0
12029,'1155964',1326,,1243,19,,,0
