25019,'1150209',1706,,2062,7,,,0
25019,'1150247',836,,2063,7,,,0
25019,'1150329',1206,,2064,7,,,0
25019,'1150363',1235,,2065,7,,,0
25019,'1150425',2036,,2066,7,,,0
25019,'1150527',1535,,2069,7,,,0
25019,'1150689',706,,2071,7,,,0
25019,'1150696',1735,,2072,7,,,0
25019,'1150730',2335,,2074,7,,,0
25019,'1150988',1435,,2075,7,,,0
25019,'1151062',2135,,2076,7,,,0
25019,'1151067',936,,2077,7,,,0
25019,'1151104',935,,2078,7,,,0
25019,'1151242',2236,,2079,7,,,0
25019,'1151384',1106,,2082,7,,,0
25019,'1151534',1335,,2085,7,,,0
25019,'1151656',2035,,2086,7,,,0
25019,'1151791',1436,,2088,7,,,0
25019,'1151809',2235,,2089,7,,,0
25019,'1151820',806,,2090,7,,,0
25019,'1151857',1835,,2091,7,,,0
25019,'1151998',835,,2093,7,,,0
25019,'1152331',1006,,2098,7,,,0
25019,'1152372',1606,,2100,7,,,0
25019,'1152581',1035,,2104,7,,,0
25019,'1152998',635,,2110,7,,,0
25019,'1153199',1935,,2114,7,,,0
25019,'1153262',1635,,2115,7,,,0
25019,'1153285',1506,,2118,7,,,0
25019,'1153297',1135,,2119,7,,,0
25019,'1153352',736,,2121,7,,,0
25019,'1153432',1536,,2123,7,,,0
25019,'1153859',2356,,2126,7,,,0
25019,'1154166',1636,,2128,7,,,0
25019,'1154390',1406,,2131,7,,,0
25019,'1154610',1836,,2135,7,,,0
25019,'1154641',906,,2136,7,,,0
25019,'1154763',1306,,2140,7,,,0
25019,'1154910',735,,2145,7,,,0
25019,'1154988',2136,,2148,7,,,0
25019,'1155012',1936,,2149,7,,,0
25019,'1155109',636,,2150,7,,,0
25019,'1155210',1736,,2151,7,,,0
