13019,'1184512',1235,,5122,27,,,0
13019,'1184594',2303,,5124,27,,,0
13019,'1184597',633,,5125,27,,,0
13019,'1184763',703,,5130,27,,,0
13019,'1184782',1036,,5131,27,,,0
13019,'1184816',803,,5132,27,,,0
13019,'1184967',1535,,5133,27,,,0
13019,'1185101',1705,,5134,27,,,0
13019,'1185148',1803,,5135,27,,,0
13019,'1185153',934,,5136,27,,,0
13019,'1185449',2408,,5141,27,,,0
13019,'1185552',834,,5143,27,,,0
13019,'1185574',904,,5144,27,,,0
13019,'1185838',603,,5149,1,,,0
13019,'1185882',1435,,5153,27,,,0
13019,'1185890',1735,,5154,27,,,0
13019,'1185910',1335,,5157,27,,,0
13019,'1185952',2103,,5160,27,,,0
13019,'1186127',2203,,5163,27,,,0
13019,'1186271',2003,,5165,27,,,0
13019,'1186295',733,,5166,27,,,0
13019,'1186370',1135,,5168,27,,,0
13019,'1186730',1003,,5172,27,,,0
13019,'1186805',1903,,5173,27,,,0
13019,'1187103',1635,,5179,27,,,0
13019,'1187170',1605,,5180,27,,,0
13019,'1187172',1505,,5181,27,,,0
101029,'1184516',2404,,6162,18,,,0
101029,'1184684',1744,,6164,18,,,0
101029,'1184724',944,,6165,18,,,0
101029,'1184785',1446,,6166,18,,,0
101029,'1185015',744,,6169,18,,,0
101029,'1185619',1044,,6174,18,,,0
101029,'1186082',1646,,6180,18,,,0
101029,'1186135',644,,6182,18,,,0
101029,'1186184',844,,6184,18,,,0
101029,'1186356',2144,,6185,18,,,0
101029,'1186597',1546,,6187,18,,,0
101029,'1186784',1944,,6189,18,,,0
101029,'1186815',1346,,6191,18,,,0
101029,'1187194',1246,,6192,18,,,0
