101019,'1150144',1540,,2867,39,,,0
101019,'1150380',1103,,2869,39,,,0
101019,'1150746',1940,,2873,39,,,0
101019,'1150862',2140,,2874,39,,,0
101019,'1150954',603,,2875,39,,,0
101019,'1150998',1405,,2876,39,,,0
101019,'1151001',740,,2877,39,,,0
101019,'1151295',1805,,2880,39,,,0
101019,'1151359',803,,2881,39,,,0
101019,'1151610',1203,,2883,39,,,0
101019,'1151994',1740,,2886,39,,,0
101019,'1152080',1705,,2887,39,,,0
101019,'1152371',1605,,2888,39,,,0
101019,'1152676',903,,2890,39,,,0
101019,'1152765',2102,,2891,39,,,0
101019,'1152944',2340,,2893,39,,,0
101019,'1153556',2303,,2899,39,,,0
101019,'1153641',1140,,2900,39,,,0
101019,'1153864',1340,,2903,39,,,0
101019,'1154431',1505,,2908,39,,,0
101019,'1154552',1903,,2909,39,,,0
101019,'1155432',940,,2913,39,,,0
101019,'1155460',1003,,2914,39,,,0
