13029,'1150166',1050,,1343,3,,,0
13029,'1150192',650,,1344,3,,,0
13029,'1150236',1350,,1345,3,,,0
13029,'1150280',2250,,1346,3,,,0
13029,'1150428',2050,,1348,3,,,0
13029,'1150802',1152,,1354,3,,,0
13029,'1150970',851,,1357,3,,,0
13029,'1151261',2020,,1361,3,,,0
13029,'1151608',1752,,1365,3,,,0
13029,'1151634',1552,,1366,3,,,0
13029,'1151678',750,,1369,3,,,0
13029,'1151825',650,,1371,3,,,0
13029,'1152154',1150,,1377,3,,,0
13029,'1152196',1652,,1378,3,,,0
13029,'1152291',2220,,1379,3,,,0
13029,'1152631',2120,,1381,3,,,0
13029,'1152685',1522,,1382,3,,,0
13029,'1152832',750,,1384,3,,,0
13029,'1152857',1020,,1385,3,,,0
13029,'1152875',1920,,1386,3,,,0
13029,'1153017',1450,,1387,3,,,0
13029,'1153018',1820,,1388,3,,,0
13029,'1153194',1252,,1392,3,,,0
13029,'1153367',1452,,1395,3,,,0
13029,'1153482',1850,,1396,3,,,0
13029,'1153582',2150,,1398,3,,,0
13029,'1153914',2320,,1402,3,,,0
13029,'1153951',1722,,1403,3,,,0
13029,'1154032',951,,1406,3,,,0
13029,'1154045',1053,,1407,3,,,0
13029,'1154050',620,,1408,3,,,0
13029,'1154418',2350,,1414,3,,,0
13029,'1154462',1750,,1416,3,,,0
13029,'1154559',1250,,1419,3,,,0
13029,'1154667',1650,,1421,3,,,0
13029,'1154705',950,,1423,3,,,0
13029,'1154900',720,,1426,3,,,0
13029,'1154948',850,,1427,3,,,0
13029,'1155079',1622,,1428,3,,,0
13029,'1155165',1950,,1429,3,,,0
13029,'1155317',1352,,1433,3,,,0
13029,'1155427',1550,,1436,3,,,0
13029,'1155442',820,,1437,3,,,0
13029,'1155494',921,,1438,3,,,0
101019,'1150144',1546,,2867,45,,,0
101019,'1150380',1109,,2869,45,,,0
101019,'1150746',1946,,2873,45,,,0
101019,'1150862',2146,,2874,45,,,0
101019,'1150954',609,,2875,45,,,0
101019,'1150998',1411,,2876,45,,,0
101019,'1151001',746,,2877,45,,,0
101019,'1151295',1811,,2880,45,,,0
101019,'1151359',809,,2881,45,,,0
101019,'1151610',1209,,2883,45,,,0
101019,'1151994',1746,,2886,45,,,0
101019,'1152080',1711,,2887,45,,,0
101019,'1152371',1611,,2888,45,,,0
101019,'1152676',909,,2890,45,,,0
101019,'1152765',2108,,2891,45,,,0
101019,'1152944',2346,,2893,45,,,0
101019,'1153556',2309,,2899,45,,,0
101019,'1153641',1146,,2900,45,,,0
101019,'1153864',1346,,2903,45,,,0
101019,'1154431',1511,,2908,45,,,0
101019,'1154552',1909,,2909,45,,,0
101019,'1155432',946,,2913,45,,,0
101019,'1155460',1009,,2914,45,,,0
