105019,'1184475',1901,,6445,72,,,0
105019,'1184709',1831,,6446,72,,,0
105019,'1184819',813,,6448,72,,,0
105019,'1184825',2308,,6449,72,,,0
105019,'1184879',1516,,6450,72,,,0
105019,'1184888',1013,,6451,72,,,0
105019,'1185176',709,,6455,72,,,0
105019,'1185212',639,,6456,72,,,0
105019,'1185498',1938,,6458,72,,,0
105019,'1185569',1801,,6462,72,,,0
105019,'1185641',913,,6463,72,,,0
105019,'1185695',1331,,6465,72,,,0
105019,'1185708',2108,,6466,72,,,0
105019,'1185894',1216,,6469,72,,,0
105019,'1186015',1431,,6470,72,,,0
105019,'1186061',1616,,6471,72,,,0
105019,'1186380',1116,,6473,72,,,0
105019,'1186477',1646,,6475,72,,,0
105019,'1186601',1731,,6478,72,,,0
105019,'1186602',743,,6479,72,,,0
105019,'1186864',2408,,6484,72,,,0
105019,'1186870',609,,6485,72,,,0
105019,'1186896',843,,6486,72,,,0
105019,'1187009',2208,,6488,72,,,0
105019,'1187061',1546,,6489,72,,,0
