2019,'1184478',930,,4374,1,,,0
2019,'1184493',1645,,4376,1,,,0
2019,'1184635',2000,,4379,1,,,0
2019,'1184644',1115,,4381,1,,,0
2019,'1184673',1830,,4383,1,,,0
2019,'1184695',1700,,4384,1,,,0
2019,'1184777',1530,,4386,1,,,0
2019,'1184873',1300,,4388,1,,,0
2019,'1184875',2130,,4389,1,,,0
2019,'1185034',815,,4391,1,,,0
2019,'1185067',945,,4392,1,,,0
2019,'1185089',1715,,4393,1,,,0
2019,'1185138',1000,,4395,1,,,0
2019,'1185159',2200,,4396,1,,,0
2019,'1185185',1145,,4397,1,,,0
2019,'1185186',1600,,4398,1,,,0
2019,'1185210',1015,,4400,1,,,0
2019,'1185302',1800,,4401,1,,,0
2019,'1185349',1230,,4403,1,,,0
2019,'1185380',1415,,4404,1,,,0
2019,'1185475',745,,4410,1,,,0
2019,'1185486',1615,,4411,1,,,0
2019,'1185503',1215,,4412,1,,,0
2019,'1185530',1515,,4413,1,,,0
2019,'1185629',2350,,4417,1,,,0
2019,'1185712',1330,,4420,1,,,0
2019,'1185783',2100,,4422,1,,,0
2019,'1185790',1430,,4423,1,,,0
2019,'1185864',2300,,4426,1,,,0
2019,'1185870',2230,,4427,1,,,0
2019,'1185887',1745,,4428,1,,,0
2019,'1185891',630,,4429,1,,,0
2019,'1185901',1200,,4430,1,,,0
2019,'1185914',845,,4431,1,,,0
2019,'1185947',2030,,4432,1,,,0
2019,'1186079',700,,4435,1,,,0
2019,'1186092',1245,,4436,1,,,0
2019,'1186200',1445,,4437,1,,,0
2019,'1186232',1345,,4439,1,,,0
2019,'1186306',1630,,4442,1,,,0
2019,'1186352',915,,4444,1,,,0
2019,'1186385',715,,4446,1,,,0
2019,'1186389',1030,,4447,1,,,0
2019,'1186533',2330,,4451,1,,,0
2019,'1186546',730,,4452,1,,,0
2019,'1186563',800,,4453,1,,,0
2019,'1186697',830,,4456,1,,,0
2019,'1186701',1545,,4457,1,,,0
2019,'1186724',1315,,4458,1,,,0
2019,'1186755',1400,,4460,1,,,0
2019,'1186766',1500,,4461,1,,,0
2019,'1186795',1045,,4463,1,,,0
2019,'1186802',1130,,4464,1,,,0
2019,'1186918',900,,4466,1,,,0
2019,'1186929',1100,,4467,1,,,0
2019,'1186952',645,,4468,1,,,0
2019,'1187031',1900,,4471,1,,,0
2019,'1187083',1730,,4473,1,,,0
2019,'1187179',1930,,4477,1,,,0
2029,'1184566',2206,,4482,25,4,,0
2029,'1184598',1524,,4484,25,4,,0
2029,'1184638',953,,4486,25,4,,0
2029,'1184654',1454,,4487,25,4,,0
2029,'1184698',1739,,4489,25,4,,0
2029,'1184706',838,,4491,25,4,,0
2029,'1184876',2336,,4494,25,4,,0
2029,'1184908',1624,,4498,25,4,,0
2029,'1184917',1154,,4500,25,4,,0
2029,'1185001',1239,,4502,25,4,,0
2029,'1185029',823,,4503,25,4,,0
2029,'1185044',1424,,4504,25,4,,0
2029,'1185070',1008,,4505,25,4,,0
2029,'1185172',1209,,4507,25,4,,0
2029,'1185219',1309,,4508,25,4,,0
2029,'1185249',1509,,4510,25,4,,0
2029,'1185288',1554,,4511,25,4,,0
2029,'1185446',938,,4517,25,4,,0
2029,'1185462',2136,,4518,25,4,,0
2029,'1185467',1053,,4519,25,4,,0
2029,'1185472',908,,4520,25,4,,0
2029,'1185582',1724,,4523,25,4,,0
2029,'1185696',1709,,4524,25,4,,0
2029,'1185770',1324,,4527,25,4,,0
2029,'1185818',1409,,4529,25,4,,0
2029,'1185829',1139,,4530,25,4,,0
2029,'1185846',1937,,4531,25,4,,0
2029,'1185976',723,,4534,25,4,,0
2029,'1185986',708,,4535,25,4,,0
2029,'1185988',1809,,4536,25,4,,0
2029,'1186019',1837,,4537,25,4,,0
2029,'1186024',853,,4538,25,4,,0
2029,'1186217',1023,,4542,25,4,,0
2029,'1186239',1339,,4543,25,4,,0
2029,'1186355',1224,,4546,25,4,,0
2029,'1186379',1654,,4547,25,4,,0
2029,'1186386',2037,,4548,25,4,,0
2029,'1186404',2406,,4549,25,4,,0
2029,'1186428',1254,,4550,25,4,,0
2029,'1186455',738,,4552,25,4,,0
2029,'1186482',1754,,4553,25,4,,0
2029,'1186498',1123,,4555,25,4,,0
2029,'1186508',1539,,4557,25,4,,0
2029,'1186636',1038,,4558,25,4,,0
2029,'1186650',1824,,4559,25,4,,0
2029,'1186652',808,,4560,25,4,,0
2029,'1186678',2426,,4563,25,4,,0
2029,'1186698',653,,4565,25,4,,0
2029,'1186780',1907,,4566,25,4,,0
2029,'1186820',2236,,4568,25,4,,0
2029,'1186843',1639,,4570,25,4,,0
2029,'1186942',1609,,4574,25,4,,0
2029,'1186967',923,,4575,25,4,,0
2029,'1186984',2107,,4576,25,4,,0
2029,'1186986',2306,,4577,25,4,,0
2029,'1187003',1439,,4578,25,4,,0
2029,'1187004',1354,,4579,25,4,,0
2029,'1187018',753,,4580,25,4,,0
2029,'1187126',2007,,4582,25,4,,0
2029,'1187168',1108,,4585,25,4,,0
3019,'1184522',1800,,4586,1,,,0
3019,'1184631',1130,,4589,1,,,0
3019,'1184649',1700,,4590,1,,,0
3019,'1184676',2350,,4591,1,,,0
3019,'1184760',1900,,4592,1,,,0
3019,'1184874',1230,,4595,1,,,0
3019,'1184909',830,,4596,1,,,0
3019,'1185421',1730,,4608,1,,,0
3019,'1185443',1630,,4609,1,,,0
3019,'1185578',2000,,4612,1,,,0
3019,'1185590',1400,,4613,1,,,0
3019,'1185597',900,,4614,1,,,0
3019,'1185658',2300,,4615,1,,,0
3019,'1185706',1330,,4617,1,,,0
3019,'1185843',930,,4619,1,,,0
3019,'1185867',1300,,4620,1,,,0
3019,'1185927',1430,,4623,1,,,0
3019,'1185935',2200,,4624,1,,,0
3019,'1185979',1500,,4626,1,,,0
3019,'1186113',1030,,4627,1,,,0
3019,'1186177',630,,4628,1,,,0
3019,'1186216',1000,,4629,1,,,0
3019,'1186304',800,,4630,1,,,0
3019,'1186501',1530,,4633,1,,,0
3019,'1186516',2100,,4635,1,,,0
3019,'1186518',730,,4636,1,,,0
3019,'1186762',1200,,4642,1,,,0
3019,'1186821',1100,,4644,1,,,0
3019,'1186894',700,,4650,1,,,0
3019,'1187174',1600,,4652,1,,,0
3029,'1184601',2151,,4654,31,4,,0
3029,'1184610',1425,,4655,31,4,,0
3029,'1184694',753,,4658,31,4,,0
3029,'1184700',1023,,4659,31,4,,0
3029,'1184950',1725,,4665,31,4,,0
3029,'1185088',1053,,4669,31,4,,0
3029,'1185097',1951,,4670,31,4,,0
3029,'1185208',923,,4672,31,4,,0
3029,'1185267',1155,,4676,31,4,,0
3029,'1185635',823,,4682,31,4,,0
3029,'1185703',653,,4683,31,4,,0
3029,'1185734',2347,,4684,31,4,,0
3029,'1185742',2251,,4685,31,4,,0
3029,'1185753',723,,4686,31,4,,0
3029,'1185782',1625,,4687,31,4,,0
3029,'1186038',1655,,4689,31,4,,0
3029,'1186084',1123,,4691,31,4,,0
3029,'1186099',1455,,4692,31,4,,0
3029,'1186101',1525,,4693,31,4,,0
3029,'1186260',953,,4699,31,4,,0
3029,'1186437',1555,,4702,31,4,,0
3029,'1186578',1825,,4705,31,4,,0
3029,'1186659',1851,,4708,31,4,,0
3029,'1186686',1325,,4709,31,4,,0
3029,'1186714',1255,,4710,31,4,,0
3029,'1186807',1225,,4713,31,4,,0
3029,'1186848',2051,,4714,31,4,,0
3029,'1186943',853,,4715,31,4,,0
3029,'1187014',1755,,4716,31,4,,0
3029,'1187130',1355,,4717,31,4,,0
10019,'1184691',1404,,4721,39,4,,0
10019,'1184710',2132,,4722,39,4,,0
10019,'1184932',1304,,4726,39,4,,0
10019,'1185103',2232,,4729,39,4,,0
10019,'1185108',1104,,4730,39,4,,0
10019,'1185124',1932,,4731,39,4,,0
10019,'1185169',1832,,4734,39,4,,0
10019,'1185191',1602,,4735,39,4,,0
10019,'1185284',833,,4737,39,4,,0
10019,'1185473',1533,,4740,39,4,,0
10019,'1185618',1702,,4745,39,4,,0
10019,'1185672',703,,4747,39,4,,0
10019,'1185811',1632,,4751,39,4,,0
10019,'1185902',1504,,4753,39,4,,0
10019,'1186039',903,,4754,39,4,,0
10019,'1186042',1732,,4755,39,4,,0
10019,'1186096',2032,,4757,39,4,,0
10019,'1186123',1003,,4758,39,4,,0
10019,'1186300',733,,4763,39,4,,0
10019,'1186511',933,,4766,39,4,,0
10019,'1186560',1802,,4768,39,4,,0
10019,'1186575',633,,4769,39,4,,0
10019,'1186626',2332,,4770,39,4,,0
10019,'1186729',1204,,4772,39,4,,0
10019,'1187036',803,,4775,39,4,,0
10029,'1184529',1545,,4778,1,,,0
10029,'1184564',1615,,4782,1,,,0
10029,'1184573',1115,,4783,1,,,0
10029,'1184943',715,,4788,1,,,0
10029,'1185175',1945,,4795,1,,,0
10029,'1185177',915,,4796,1,,,0
10029,'1185497',815,,4798,1,,,0
10029,'1185542',2350,,4800,1,,,0
10029,'1185616',1645,,4802,1,,,0
10029,'1185656',845,,4803,1,,,0
10029,'1185786',745,,4807,1,,,0
10029,'1185809',2245,,4808,1,,,0
10029,'1185856',615,,4809,1,,,0
10029,'1186049',1715,,4812,1,,,0
10029,'1186157',1445,,4814,1,,,0
10029,'1186205',1315,,4815,1,,,0
10029,'1186261',1745,,4817,1,,,0
10029,'1186450',1515,,4819,1,,,0
10029,'1186478',1015,,4820,1,,,0
10029,'1186548',2045,,4822,1,,,0
10029,'1186573',1845,,4824,1,,,0
10029,'1186648',1415,,4826,1,,,0
10029,'1186655',1215,,4828,1,,,0
10029,'1186719',645,,4830,1,,,0
10029,'1187133',2145,,4836,1,,,0
11019,'1184526',2237,,4837,31,4,,0
11019,'1184558',1140,,4838,31,4,,0
11019,'1184570',907,,4839,31,4,,0
11019,'1184679',2337,,4842,31,4,,0
11019,'1184719',1937,,4844,31,4,,0
11019,'1184769',737,,4848,31,4,,0
11019,'1184824',707,,4850,31,4,,0
11019,'1184858',1110,,4852,31,4,,0
11019,'1185068',1837,,4855,31,4,,0
11019,'1185225',2137,,4859,31,4,,0
11019,'1185298',1710,,4860,31,4,,0
11019,'1185369',1210,,4862,31,4,,0
11019,'1185559',937,,4867,31,4,,0
11019,'1185662',1510,,4870,31,4,,0
11019,'1185776',1037,,4874,31,4,,0
11019,'1185795',1540,,4875,31,4,,0
11019,'1185900',1240,,4877,31,4,,0
11019,'1186027',1310,,4880,31,4,,0
11019,'1186120',1610,,4882,31,4,,0
11019,'1186124',807,,4883,31,4,,0
11019,'1186252',1740,,4885,31,4,,0
11019,'1186291',1007,,4887,31,4,,0
11019,'1186347',1340,,4889,31,4,,0
11019,'1186419',1640,,4892,31,4,,0
11019,'1186475',837,,4893,31,4,,0
11019,'1186499',2037,,4894,31,4,,0
11019,'1186565',637,,4898,31,4,,0
11019,'1186722',1410,,4901,31,4,,0
11019,'1187079',1810,,4905,31,4,,0
11019,'1187164',1440,,4907,31,4,,0
11029,'1184506',1345,,4908,1,,,0
11029,'1184513',815,,4909,1,,,0
11029,'1184541',615,,4910,1,,,0
11029,'1184766',1715,,4912,1,,,0
11029,'1184779',1545,,4913,1,,,0
11029,'1184878',2145,,4917,1,,,0
11029,'1184880',1315,,4918,1,,,0
11029,'1185127',1415,,4924,1,,,0
11029,'1185286',715,,4927,1,,,0
11029,'1185293',945,,4929,1,,,0
11029,'1185336',2350,,4930,1,,,0
11029,'1185344',1945,,4931,1,,,0
11029,'1185436',1445,,4932,1,,,0
11029,'1185494',1045,,4934,1,,,0
11029,'1185677',645,,4938,1,,,0
11029,'1185922',1645,,4941,1,,,0
11029,'1185961',745,,4944,1,,,0
11029,'1186219',1015,,4949,1,,,0
11029,'1186286',1115,,4950,1,,,0
11029,'1186409',915,,4953,1,,,0
11029,'1186424',2245,,4955,1,,,0
11029,'1186506',2045,,4957,1,,,0
11029,'1186509',1245,,4958,1,,,0
11029,'1186544',845,,4960,1,,,0
11029,'1186737',1515,,4966,1,,,0
11029,'1186756',1215,,4967,1,,,0
11029,'1186773',1745,,4968,1,,,0
11029,'1186855',1845,,4972,1,,,0
11029,'1186937',1615,,4975,1,,,0
11029,'1187113',1145,,4977,1,,,0
12019,'1184525',1340,,4978,40,4,,0
12019,'1184629',1838,,4980,40,4,,0
12019,'1184761',1710,,4983,40,4,,0
12019,'1184786',1310,,4985,40,4,,0
12019,'1184787',1110,,4986,40,4,,0
12019,'1184885',1510,,4988,40,4,,0
12019,'1184933',639,,4989,40,4,,0
12019,'1185003',839,,4991,40,4,,0
12019,'1185098',1938,,4995,40,4,,0
12019,'1185121',739,,4996,40,4,,0
12019,'1185271',2238,,4999,40,4,,0
12019,'1185305',1810,,5000,40,4,,0
12019,'1185383',1009,,5001,40,4,,0
12019,'1185614',1740,,5007,40,4,,0
12019,'1185634',1540,,5008,40,4,,0
12019,'1185678',1039,,5009,40,4,,0
12019,'1185724',1440,,5010,40,4,,0
12019,'1185785',2038,,5012,40,4,,0
12019,'1185860',1640,,5013,40,4,,0
12019,'1185982',1410,,5015,40,4,,0
12019,'1186032',2338,,5018,40,4,,0
12019,'1186235',1240,,5024,40,4,,0
12019,'1186399',909,,5028,40,4,,0
12019,'1186555',809,,5030,40,4,,0
12019,'1186611',2138,,5031,40,4,,0
12019,'1186615',1210,,5032,40,4,,0
12019,'1186667',939,,5035,40,4,,0
12019,'1186735',1140,,5039,40,4,,0
12019,'1186753',1610,,5040,40,4,,0
12019,'1186907',709,,5043,40,4,,0
12029,'1184508',845,,5051,1,,,0
12029,'1184705',645,,5055,1,,,0
12029,'1184792',1845,,5056,1,,,0
12029,'1184793',1415,,5057,1,,,0
12029,'1184946',715,,5060,1,,,0
12029,'1184990',945,,5062,1,,,0
12029,'1185014',2350,,5063,1,,,0
12029,'1185264',1715,,5068,1,,,0
12029,'1185324',1315,,5070,1,,,0
12029,'1185471',2145,,5072,1,,,0
12029,'1185613',1015,,5077,1,,,0
12029,'1185758',1645,,5082,1,,,0
12029,'1185875',2045,,5083,1,,,0
12029,'1185933',1245,,5085,1,,,0
12029,'1185999',1445,,5087,1,,,0
12029,'1186050',815,,5088,1,,,0
12029,'1186139',615,,5089,1,,,0
12029,'1186210',1145,,5090,1,,,0
12029,'1186423',1745,,5092,1,,,0
12029,'1186551',1515,,5098,1,,,0
12029,'1186588',1345,,5099,1,,,0
12029,'1186638',1615,,5101,1,,,0
12029,'1186814',1115,,5106,1,,,0
12029,'1186824',1215,,5107,1,,,0
12029,'1186878',1945,,5109,1,,,0
12029,'1186973',2245,,5112,1,,,0
12029,'1187141',1045,,5116,1,,,0
12029,'1187166',1545,,5117,1,,,0
12029,'1187188',915,,5119,1,,,0
12029,'1187196',745,,5120,1,,,0
13019,'1184512',1215,,5122,1,,,0
13019,'1184594',2245,,5124,1,,,0
13019,'1184597',615,,5125,1,,,0
13019,'1184763',645,,5130,1,,,0
13019,'1184782',1015,,5131,1,,,0
13019,'1184816',745,,5132,1,,,0
13019,'1184967',1515,,5133,1,,,0
13019,'1185101',1645,,5134,1,,,0
13019,'1185148',1745,,5135,1,,,0
13019,'1185153',915,,5136,1,,,0
13019,'1185449',2350,,5141,1,,,0
13019,'1185552',815,,5143,1,,,0
13019,'1185574',845,,5144,1,,,0
13019,'1185882',1415,,5153,1,,,0
13019,'1185890',1715,,5154,1,,,0
13019,'1185910',1315,,5157,1,,,0
13019,'1185952',2045,,5160,1,,,0
13019,'1186127',2145,,5163,1,,,0
13019,'1186271',1945,,5165,1,,,0
13019,'1186295',715,,5166,1,,,0
13019,'1186370',1115,,5168,1,,,0
13019,'1186730',945,,5172,1,,,0
13019,'1186805',1845,,5173,1,,,0
13019,'1187103',1615,,5179,1,,,0
13019,'1187170',1545,,5180,1,,,0
13019,'1187172',1445,,5181,1,,,0
13029,'1184622',1509,,5183,28,4,,0
13029,'1184913',1209,,5187,28,4,,0
13029,'1185007',1739,,5191,28,4,,0
13029,'1185049',2136,,5192,28,4,,0
13029,'1185060',2336,,5193,28,4,,0
13029,'1185250',706,,5197,28,4,,0
13029,'1185377',1309,,5200,28,4,,0
13029,'1185394',806,,5201,28,4,,0
13029,'1185484',937,,5203,28,4,,0
13029,'1185580',1809,,5205,28,4,,0
13029,'1185937',1709,,5210,28,4,,0
13029,'1185958',836,,5211,28,4,,0
13029,'1185992',2236,,5212,28,4,,0
13029,'1186268',1936,,5216,28,4,,0
13029,'1186340',2036,,5218,28,4,,0
13029,'1186403',1036,,5219,28,4,,0
13029,'1186434',1409,,5220,28,4,,0
13029,'1186504',736,,5222,28,4,,0
13029,'1186525',1110,,5223,28,4,,0
13029,'1186673',1836,,5224,28,4,,0
13029,'1186687',636,,5225,28,4,,0
13029,'1186818',1007,,5227,28,4,,0
13029,'1186830',1540,,5228,29,4,,0
13029,'1186955',1609,,5235,28,4,,0
13029,'1186976',907,,5236,28,4,,0
13029,'1187030',1639,,5239,28,4,,0
14019,'1184716',1610,,5245,48,4,,0
14019,'1184750',1540,,5248,48,4,,0
14019,'1184836',2038,,5249,48,4,,0
14019,'1184987',1710,,5251,48,4,,0
14019,'1185168',1810,,5255,48,4,,0
14019,'1185211',938,,5256,48,4,,0
14019,'1185255',908,,5257,48,4,,0
14019,'1185335',2338,,5260,48,4,,0
14019,'1185505',708,,5262,48,4,,0
14019,'1185624',1210,,5266,48,4,,0
14019,'1185808',1838,,5269,48,4,,0
14019,'1185845',738,,5270,48,4,,0
14019,'1185852',1510,,5271,48,4,,0
14019,'1186014',1640,,5273,48,4,,0
14019,'1186156',1410,,5277,48,4,,0
14019,'1186173',1938,,5279,48,4,,0
14019,'1186421',808,,5288,48,4,,0
14019,'1186443',2138,,5289,48,4,,0
14019,'1186532',838,,5292,48,4,,0
14019,'1186609',1740,,5295,48,4,,0
14019,'1186632',1110,,5296,48,4,,0
14019,'1186671',2238,,5298,48,4,,0
14019,'1186767',1310,,5299,48,4,,0
14019,'1187071',1008,,5301,48,4,,0
14029,'1184744',715,,5304,1,,,0
14029,'1184869',615,,5306,1,,,0
14029,'1184981',1645,,5310,1,,,0
14029,'1184993',1715,,5311,1,,,0
14029,'1185190',1945,,5312,1,,,0
14029,'1185265',815,,5314,1,,,0
14029,'1185322',1415,,5317,1,,,0
14029,'1185408',1445,,5319,1,,,0
14029,'1185491',1615,,5322,1,,,0
14029,'1185568',1515,,5325,1,,,0
14029,'1185828',2245,,5328,1,,,0
14029,'1185866',2350,,5330,1,,,0
14029,'1186118',645,,5334,1,,,0
14029,'1186154',915,,5335,1,,,0
14029,'1186312',2145,,5336,1,,,0
14029,'1186319',1545,,5337,1,,,0
14029,'1186327',1315,,5338,1,,,0
14029,'1186377',1215,,5340,1,,,0
14029,'1186418',1015,,5341,1,,,0
14029,'1186771',745,,5348,1,,,0
14029,'1186908',845,,5353,1,,,0
14029,'1186971',2045,,5355,1,,,0
14029,'1187063',1745,,5357,1,,,0
14029,'1187137',1845,,5360,1,,,0
14029,'1187192',1115,,5361,1,,,0
24019,'1184720',2230,,5520,1,,,0
24019,'1184783',1500,,5521,1,,,0
24019,'1185006',700,,5525,1,,,0
24019,'1185016',1700,,5526,1,,,0
24019,'1185031',1600,,5528,1,,,0
24019,'1185105',1100,,5529,1,,,0
24019,'1185134',1530,,5530,1,,,0
24019,'1185680',900,,5534,1,,,0
24019,'1185686',2130,,5535,1,,,0
24019,'1185754',630,,5536,1,,,0
24019,'1185861',830,,5538,1,,,0
24019,'1186018',1630,,5540,1,,,0
24019,'1186166',1200,,5543,1,,,0
24019,'1186359',2350,,5546,1,,,0
24019,'1186391',1300,,5547,1,,,0
24019,'1186431',1830,,5548,1,,,0
24019,'1186446',1430,,5549,1,,,0
24019,'1186515',930,,5551,1,,,0
24019,'1186633',730,,5552,1,,,0
24019,'1186693',2030,,5554,1,,,0
24019,'1186725',1400,,5556,1,,,0
24019,'1186904',1730,,5560,1,,,0
24019,'1186974',1000,,5563,1,,,0
24019,'1187078',1930,,5569,1,,,0
24019,'1187158',800,,5573,1,,,0
24029,'1184606',2153,,5577,13,4,,0
24029,'1184886',2053,,5581,13,4,,0
24029,'1184935',1455,,5582,13,4,,0
24029,'1185145',1555,,5585,13,4,,0
24029,'1185269',653,,5589,13,4,,0
24029,'1185575',1853,,5593,13,4,,0
24029,'1185722',723,,5594,13,4,,0
24029,'1185804',953,,5598,13,4,,0
24029,'1185826',1125,,5599,13,4,,0
24029,'1185858',1225,,5600,13,4,,0
24029,'1185863',823,,5601,13,4,,0
24029,'1185926',1755,,5602,13,4,,0
24029,'1185940',1425,,5603,13,4,,0
24029,'1185977',1325,,5605,13,4,,0
24029,'1186056',1655,,5606,13,4,,0
24029,'1186126',2413,,5607,13,4,,0
24029,'1186212',1725,,5610,13,4,,0
24029,'1186553',1625,,5620,13,4,,0
24029,'1186579',923,,5621,13,4,,0
24029,'1186656',1023,,5622,13,4,,0
24029,'1186661',1525,,5623,13,4,,0
24029,'1186683',853,,5624,13,4,,0
24029,'1186885',753,,5628,13,4,,0
24029,'1186912',2253,,5629,13,4,,0
24029,'1187186',1953,,5634,13,4,,0
25019,'1184495',700,,5635,1,,,0
25019,'1184757',1530,,5639,1,,,0
25019,'1184771',1700,,5640,1,,,0
25019,'1184903',2230,,5642,1,,,0
25019,'1185100',1730,,5648,1,,,0
25019,'1185110',1630,,5649,1,,,0
25019,'1185173',930,,5650,1,,,0
25019,'1185179',2130,,5651,1,,,0
25019,'1185244',730,,5654,1,,,0
25019,'1185338',900,,5655,1,,,0
25019,'1185434',1100,,5657,1,,,0
25019,'1185653',1000,,5661,1,,,0
25019,'1185731',1200,,5663,1,,,0
25019,'1185741',2030,,5665,1,,,0
25019,'1185991',830,,5668,1,,,0
25019,'1186131',1830,,5670,1,,,0
25019,'1186625',1300,,5677,1,,,0
25019,'1186803',630,,5682,1,,,0
25019,'1186914',1430,,5684,1,,,0
25019,'1186957',800,,5685,1,,,0
25019,'1186996',1400,,5687,1,,,0
25019,'1187059',1600,,5688,1,,,0
25019,'1187086',1500,,5691,1,,,0
25019,'1187127',1930,,5693,1,,,0
25019,'1187154',2350,,5694,1,,,0
25029,'1184624',754,,5697,11,4,,0
25029,'1184660',1654,,5699,11,4,,0
25029,'1184741',854,,5701,11,4,,0
25029,'1184768',1024,,5703,11,4,,0
25029,'1184805',1953,,5704,11,4,,0
25029,'1184807',924,,5705,11,4,,0
25029,'1184936',1524,,5707,11,4,,0
25029,'1185050',1124,,5710,11,4,,0
25029,'1185055',2253,,5711,11,4,,0
25029,'1185112',1754,,5713,11,4,,0
25029,'1185133',1853,,5714,11,4,,0
25029,'1185317',954,,5716,11,4,,0
25029,'1185327',1724,,5717,11,4,,0
25029,'1185362',654,,5718,11,4,,0
25029,'1185464',1424,,5720,11,4,,0
25029,'1185478',1224,,5721,11,4,,0
25029,'1185508',1554,,5722,11,4,,0
25029,'1185642',1624,,5723,11,4,,0
25029,'1185971',724,,5730,11,4,,0
25029,'1185996',824,,5731,11,4,,0
25029,'1186161',2053,,5735,11,4,,0
25029,'1186207',2413,,5737,11,4,,0
25029,'1186360',1454,,5742,11,4,,0
25029,'1186605',2153,,5745,11,4,,0
25029,'1186665',1324,,5747,11,4,,0
26019,'1184742',700,,5756,1,,,0
26019,'1185012',1600,,5760,1,,,0
26019,'1185046',2200,,5761,1,,,0
26019,'1185230',2300,,5763,1,,,0
26019,'1185487',1900,,5770,1,,,0
26019,'1185598',900,,5773,1,,,0
26019,'1185627',1700,,5775,1,,,0
26019,'1185632',1800,,5776,1,,,0
26019,'1185655',1000,,5777,1,,,0
26019,'1185728',800,,5780,1,,,0
26019,'1185873',1030,,5781,1,,,0
26019,'1186043',1230,,5782,1,,,0
26019,'1186159',1130,,5785,1,,,0
26019,'1186179',2000,,5786,1,,,0
26019,'1186292',1500,,5790,1,,,0
26019,'1186465',600,,5792,1,,,0
26019,'1186513',1430,,5793,1,,,0
26019,'1187013',1330,,5804,1,,,0
26019,'1187117',2100,,5807,1,,,0
26029,'1184587',1256,,5812,21,4,,0
26029,'1184730',2025,,5815,21,4,,0
26029,'1184884',926,,5817,21,4,,0
26029,'1184890',826,,5818,21,4,,0
26029,'1184923',1356,,5819,21,4,,0
26029,'1185261',1726,,5825,21,4,,0
26029,'1185279',1526,,5826,21,4,,0
26029,'1185365',626,,5827,21,4,,0
26029,'1185507',2325,,5831,21,4,,0
26029,'1185525',1925,,5832,21,4,,0
26029,'1185621',2125,,5835,21,4,,0
26029,'1185697',1826,,5837,21,4,,0
26029,'1185769',2225,,5838,21,4,,0
26029,'1185849',726,,5841,21,4,,0
26029,'1185956',1456,,5842,21,4,,0
26029,'1186441',1627,,5848,21,4,,0
26029,'1186684',1156,,5854,21,4,,0
26029,'1186884',1056,,5856,21,4,,0
26029,'1186941',1026,,5857,21,4,,0
27019,'1184479',2220,,5861,12,4,,0
27019,'1184659',650,,5862,12,4,,0
27019,'1184736',1150,,5863,12,4,,0
27019,'1184892',1450,,5866,12,4,,0
27019,'1184984',1920,,5868,12,4,,0
27019,'1185147',2020,,5871,12,4,,0
27019,'1185260',2320,,5874,12,4,,0
27019,'1185328',1250,,5876,12,4,,0
27019,'1185418',1050,,5879,12,4,,0
27019,'1185974',850,,5889,12,4,,0
27019,'1186408',2120,,5896,12,4,,0
27019,'1186461',750,,5898,12,4,,0
27019,'1186620',1850,,5899,12,4,,0
27019,'1186677',1650,,5900,12,4,,0
27019,'1186777',1550,,5902,12,4,,0
27019,'1186850',1750,,5905,12,4,,0
27019,'1186962',950,,5909,12,4,,0
27019,'1187106',1350,,5910,12,4,,0
27029,'1184502',2300,,5913,1,,,0
27029,'1184539',1830,,5914,1,,,0
27029,'1184568',730,,5915,1,,,0
27029,'1184658',1530,,5917,1,,,0
27029,'1184823',1230,,5922,1,,,0
27029,'1184868',1430,,5925,1,,,0
27029,'1184983',930,,5926,1,,,0
27029,'1185115',1900,,5929,1,,,0
27029,'1185209',2100,,5932,1,,,0
27029,'1185560',2000,,5936,1,,,0
27029,'1185850',1030,,5939,1,,,0
27029,'1186114',1130,,5942,1,,,0
27029,'1186373',1330,,5950,1,,,0
27029,'1186534',630,,5951,1,,,0
27029,'1186707',1730,,5954,1,,,0
27029,'1186921',1630,,5958,1,,,0
27029,'1187028',2200,,5961,1,,,0
27029,'1187145',830,,5964,1,,,0
101019,'1184796',1919,,6136,60,4,,0
101019,'1184925',2118,,6139,60,4,,0
101019,'1185023',1219,,6140,60,4,,0
101019,'1185092',1821,,6141,60,4,,0
101019,'1185625',1119,,6145,60,4,,0
101019,'1185636',919,,6146,60,4,,0
101019,'1185751',1521,,6148,60,4,,0
101019,'1185803',1019,,6149,60,4,,0
101019,'1185998',1421,,6150,60,4,,0
101019,'1186087',2319,,6153,60,4,,0
101019,'1186331',619,,6156,60,4,,0
101019,'1186580',1621,,6157,60,4,,0
101019,'1186587',1721,,6158,60,4,,0
101019,'1187155',819,,6161,60,4,,0
101029,'1184516',2350,,6162,1,,,0
101029,'1184684',1730,,6164,1,,,0
101029,'1184724',930,,6165,1,,,0
101029,'1184785',1430,,6166,1,,,0
101029,'1185015',730,,6169,1,,,0
101029,'1185619',1030,,6174,1,,,0
101029,'1186082',1630,,6180,1,,,0
101029,'1186135',630,,6182,1,,,0
101029,'1186184',830,,6184,1,,,0
101029,'1186356',2130,,6185,1,,,0
101029,'1186597',1530,,6187,1,,,0
101029,'1186784',1930,,6189,1,,,0
101029,'1186815',1330,,6191,1,,,0
101029,'1187194',1230,,6192,1,,,0
104019,'1184559',715,,6357,1,,,0
104019,'1184877',1445,,6361,1,,,0
104019,'1184922',745,,6362,1,,,0
104019,'1184979',1700,,6363,1,,,0
104019,'1185193',945,,6365,1,,,0
104019,'1185307',2045,,6367,1,,,0
104019,'1185701',830,,6372,1,,,0
104019,'1185733',1745,,6374,1,,,0
104019,'1186067',1230,,6376,1,,,0
104019,'1186077',630,,6377,1,,,0
104019,'1186167',1530,,6381,1,,,0
104019,'1186273',1615,,6382,1,,,0
104019,'1186364',1145,,6384,1,,,0
104019,'1186429',1100,,6385,1,,,0
104019,'1186457',2215,,6386,1,,,0
104019,'1186711',900,,6392,1,,,0
104019,'1187029',1315,,6395,1,,,0
104019,'1187094',1400,,6398,1,,,0
104019,'1187116',2350,,6399,1,,,0
104019,'1187157',1915,,6400,1,,,0
104029,'1184515',1809,,6402,47,4,,0
104029,'1184569',1522,,6403,47,4,,0
104029,'1184607',1009,,6404,47,4,,0
104029,'1184753',1054,,6406,47,4,,0
104029,'1185072',1307,,6408,47,4,,0
104029,'1185283',939,,6412,47,4,,0
104029,'1185308',1652,,6413,47,4,,0
104029,'1185376',739,,6417,47,4,,0
104029,'1185608',824,,6418,47,4,,0
104029,'1185732',854,,6420,47,4,,0
104029,'1185743',624,,6421,47,4,,0
104029,'1186088',2154,,6425,47,4,,0
104029,'1186151',2324,,6426,47,4,,0
104029,'1186191',1352,,6428,47,4,,0
104029,'1186192',1607,,6429,47,4,,0
104029,'1186354',1737,,6432,47,4,,0
104029,'1186398',709,,6433,47,4,,0
104029,'1186854',1437,,6439,47,4,,0
104029,'1186944',1854,,6440,47,4,,0
104029,'1187100',1222,,6442,47,4,,0
104029,'1187128',2024,,6443,47,4,,0
105019,'1184475',1937,,6445,115,4,,0
105019,'1184709',1907,,6446,115,4,,0
105019,'1184819',849,,6448,115,4,,0
105019,'1184825',2340,,6449,115,4,,0
105019,'1184879',1552,,6450,115,4,,0
105019,'1184888',1049,,6451,115,4,,0
105019,'1185176',740,,6455,115,4,,0
105019,'1185212',710,,6456,115,4,,0
105019,'1185498',2010,,6458,115,4,,0
105019,'1185569',1837,,6462,115,4,,0
105019,'1185641',949,,6463,115,4,,0
105019,'1185695',1407,,6465,115,4,,0
105019,'1185708',2140,,6466,115,4,,0
105019,'1185894',1252,,6469,115,4,,0
105019,'1186015',1507,,6470,115,4,,0
105019,'1186061',1652,,6471,115,4,,0
105019,'1186380',1152,,6473,115,4,,0
105019,'1186477',1722,,6475,115,4,,0
105019,'1186601',1807,,6478,115,4,,0
105019,'1186602',819,,6479,115,4,,0
105019,'1186864',2440,,6484,115,4,,0
105019,'1186870',640,,6485,115,4,,0
105019,'1186896',919,,6486,115,4,,0
105019,'1187009',2240,,6488,115,4,,0
105019,'1187061',1622,,6489,115,4,,0
105029,'1184521',1730,,6491,1,,,0
105029,'1184537',1300,,6492,1,,,0
105029,'1184580',845,,6493,1,,,0
105029,'1184670',1515,,6494,1,,,0
105029,'1184808',2245,,6496,1,,,0
105029,'1184833',945,,6497,1,,,0
105029,'1184834',2350,,6498,1,,,0
105029,'1184863',1200,,6499,1,,,0
105029,'1185135',645,,6501,1,,,0
105029,'1185332',1815,,6505,1,,,0
105029,'1185350',1945,,6506,1,,,0
105029,'1185359',2145,,6507,1,,,0
105029,'1185440',1600,,6510,1,,,0
105029,'1185668',715,,6513,1,,,0
105029,'1185827',2045,,6515,1,,,0
105029,'1185938',1415,,6516,1,,,0
105029,'1186005',1630,,6517,1,,,0
105029,'1186279',1445,,6519,1,,,0
105029,'1186282',1345,,6520,1,,,0
105029,'1186470',1045,,6525,1,,,0
105029,'1186861',615,,6531,1,,,0
105029,'1186874',1700,,6532,1,,,0
105029,'1187005',745,,6534,1,,,0
106019,'1185164',1645,,6537,1,,,0
106019,'1185303',1800,,6538,1,,,0
106019,'1185356',700,,6539,1,,,0
106019,'1185885',815,,6540,1,,,0
106019,'1186388',930,,6541,1,,,0
106019,'1186998',1530,,6542,1,,,0
106029,'1184503',1036,,6543,46,4,,0
106029,'1184668',1908,,6544,46,4,,0
106029,'1185934',1753,,6545,46,4,,0
106029,'1185946',1638,,6546,46,4,,0
106029,'1186791',921,,6547,46,4,,0
106029,'1186882',806,,6548,46,4,,0
140001019,'1184540',1954,,6550,25,4,,0
140001019,'1184562',1649,,6551,25,4,,0
140001019,'1184578',1634,,6552,25,4,,0
140001019,'1184595',1619,,6553,25,4,,0
140001019,'1184599',2253,,6554,25,4,,0
140001019,'1184647',1023,,6558,25,4,,0
140001019,'1184738',1210,,6563,25,4,,0
140001019,'1184745',2223,,6564,25,4,,0
140001019,'1184803',1410,,6568,25,4,,0
140001019,'1184921',738,,6571,25,4,,0
140001019,'1184937',1534,,6572,25,4,,0
140001019,'1185036',1355,,6575,25,4,,0
140001019,'1185129',1804,,6577,25,4,,0
140001019,'1185160',2054,,6580,25,4,,0
140001019,'1185207',1839,,6581,25,4,,0
140001019,'1185294',1939,,6586,25,4,,0
140001019,'1185300',1604,,6588,25,4,,0
140001019,'1185417',1504,,6592,25,4,,0
140001019,'1185447',2109,,6594,25,4,,0
140001019,'1185481',2124,,6595,25,4,,0
140001019,'1185482',1549,,6596,25,4,,0
140001019,'1185490',708,,6598,25,4,,0
140001019,'1185524',1824,,6600,25,4,,0
140001019,'1185526',823,,6601,25,4,,0
140001019,'1185529',853,,6602,25,4,,0
140001019,'1185583',1040,,6603,25,4,,0
140001019,'1185602',923,,6604,25,4,,0
140001019,'1185707',1125,,6608,25,4,,0
140001019,'1185801',1240,,6611,25,4,,0
140001019,'1185833',1110,,6613,25,4,,0
140001019,'1185847',1008,,6614,25,4,,0
140001019,'1185859',1749,,6615,25,4,,0
140001019,'1185973',753,,6617,25,4,,0
140001019,'1186044',1310,,6621,25,4,,0
140001019,'1186078',1325,,6624,25,4,,0
140001019,'1186095',808,,6627,25,4,,0
140001019,'1186199',2423,,6633,25,4,,0
140001019,'1186209',1434,,6634,25,4,,0
140001019,'1186213',1255,,6635,25,4,,0
140001019,'1186275',1225,,6638,25,4,,0
140001019,'1186309',2039,,6641,25,4,,0
140001019,'1186322',1140,,6642,25,4,,0
140001019,'1186365',1704,,6644,25,4,,0
140001019,'1186402',723,,6647,25,4,,0
140001019,'1186451',2153,,6649,25,4,,0
140001019,'1186490',1924,,6651,25,4,,0
140001019,'1186521',938,,6652,25,4,,0
140001019,'1186591',1519,,6653,25,4,,0
140001019,'1186644',1155,,6654,25,4,,0
140001019,'1186710',653,,6655,25,4,,0
140001019,'1186778',1340,,6656,25,4,,0
140001019,'1186796',953,,6657,25,4,,0
140001019,'1186812',1909,,6658,25,4,,0
140001019,'1186877',2024,,6661,25,4,,0
140001019,'1186946',1055,,6662,25,4,,0
140001019,'1186987',908,,6663,25,4,,0
140001019,'1186995',1449,,6665,25,4,,0
140001019,'1187027',1719,,6669,25,4,,0
140001019,'1187049',2348,,6671,25,4,,0
140001019,'1187055',1734,,6673,25,4,,0
140001019,'1187073',2323,,6676,25,4,,0
140001019,'1187080',2009,,6677,25,4,,0
140001019,'1187161',1813,,6682,25,4,,0
140001019,'1187178',1854,,6683,25,4,,0
140001019,'1187181',838,,6684,25,4,,0
140001029,'1184532',1245,,6688,1,,,0
140001029,'1184666',1215,,6694,1,,,0
140001029,'1184723',1230,,6697,1,,,0
140001029,'1184733',1030,,6698,1,,,0
140001029,'1184751',1115,,6700,1,,,0
140001029,'1184762',700,,6701,1,,,0
140001029,'1184767',1615,,6702,1,,,0
140001029,'1184776',1915,,6703,1,,,0
140001029,'1184780',2015,,6704,1,,,0
140001029,'1184857',2145,,6708,1,,,0
140001029,'1184900',2350,,6711,1,,,0
140001029,'1184931',1400,,6712,1,,,0
140001029,'1184953',1515,,6713,1,,,0
140001029,'1184976',1100,,6715,1,,,0
140001029,'1184985',1015,,6716,1,,,0
140001029,'1185004',1930,,6717,1,,,0
140001029,'1185174',1330,,6721,1,,,0
140001029,'1185304',1800,,6725,1,,,0
140001029,'1185342',1700,,6727,1,,,0
140001029,'1185346',1130,,6728,1,,,0
140001029,'1185388',1315,,6731,1,,,0
140001029,'1185435',615,,6733,1,,,0
140001029,'1185441',715,,6734,1,,,0
140001029,'1185468',1730,,6735,1,,,0
140001029,'1185499',1900,,6736,1,,,0
140001029,'1185551',730,,6739,1,,,0
140001029,'1185563',1500,,6740,1,,,0
140001029,'1185607',1345,,6742,1,,,0
140001029,'1185628',1745,,6743,1,,,0
140001029,'1185679',1145,,6745,1,,,0
140001029,'1185702',2000,,6746,1,,,0
140001029,'1185777',1415,,6750,1,,,0
140001029,'1185815',1815,,6753,1,,,0
140001029,'1185853',745,,6754,1,,,0
140001029,'1185876',1945,,6755,1,,,0
140001029,'1186021',1845,,6764,1,,,0
140001029,'1186022',800,,6765,1,,,0
140001029,'1186103',1045,,6767,1,,,0
140001029,'1186176',1645,,6770,1,,,0
140001029,'1186187',2030,,6771,1,,,0
140001029,'1186240',1430,,6773,1,,,0
140001029,'1186266',2045,,6774,1,,,0
140001029,'1186274',1445,,6775,1,,,0
140001029,'1186303',930,,6776,1,,,0
140001029,'1186323',630,,6778,1,,,0
140001029,'1186427',1300,,6782,1,,,0
140001029,'1186430',2245,,6783,1,,,0
140001029,'1186566',845,,6789,1,,,0
140001029,'1186576',1200,,6790,1,,,0
140001029,'1186608',1830,,6793,1,,,0
140001029,'1186744',1600,,6796,1,,,0
140001029,'1186760',2215,,6797,1,,,0
140001029,'1186810',815,,6799,1,,,0
140001029,'1186898',1715,,6801,1,,,0
140001029,'1186920',1545,,6804,1,,,0
140001029,'1186940',945,,6806,1,,,0
140001029,'1186951',830,,6807,1,,,0
140001029,'1186959',900,,6809,1,,,0
140001029,'1187022',2115,,6813,1,,,0
140001029,'1187041',2315,,6814,1,,,0
140001029,'1187085',1000,,6816,1,,,0
140001029,'1187109',915,,6817,1,,,0
140001029,'1187115',1630,,6818,1,,,0
140001029,'1187136',645,,6820,1,,,0
140001029,'1187143',1530,,6821,1,,,0
190001019,'1184477',738,,6823,23,4,,0
190001019,'1184538',1125,,6825,23,4,,0
190001019,'1184623',723,,6827,23,4,,0
190001019,'1184686',2206,,6832,23,4,,0
190001019,'1184712',938,,6834,23,4,,0
190001019,'1184722',708,,6835,23,4,,0
190001019,'1184775',1240,,6836,23,4,,0
190001019,'1184812',1410,,6838,23,4,,0
190001019,'1184841',2007,,6840,23,4,,0
190001019,'1184844',808,,6841,23,4,,0
190001019,'1184915',1548,,6846,23,4,,0
190001019,'1184930',1448,,6847,23,4,,0
190001019,'1185008',823,,6848,23,4,,0
190001019,'1185052',1325,,6850,23,4,,0
190001019,'1185077',2022,,6853,23,4,,0
190001019,'1185090',853,,6854,23,4,,0
190001019,'1185150',1803,,6855,23,4,,0
190001019,'1185161',1748,,6856,23,4,,0
190001019,'1185178',1937,,6857,23,4,,0
190001019,'1185194',2406,,6858,23,4,,0
190001019,'1185221',2107,,6859,23,4,,0
190001019,'1185231',1703,,6860,23,4,,0
190001019,'1185343',1618,,6864,23,4,,0
190001019,'1185352',1922,,6865,23,4,,0
190001019,'1185392',953,,6867,23,4,,0
190001019,'1185448',923,,6868,23,4,,0
190001019,'1185479',1518,,6869,23,4,,0
190001019,'1185532',1008,,6872,23,4,,0
190001019,'1185537',2426,,6873,23,4,,0
190001019,'1185572',1648,,6875,23,4,,0
190001019,'1185600',2336,,6877,23,4,,0
190001019,'1185605',1733,,6878,23,4,,0
190001019,'1185609',2037,,6879,23,4,,0
190001019,'1185645',2151,,6882,23,4,,0
190001019,'1185667',1210,,6884,23,4,,0
190001019,'1185709',1718,,6886,23,4,,0
190001019,'1185796',1603,,6891,23,4,,0
190001019,'1185810',1040,,6892,23,4,,0
190001019,'1185883',653,,6895,23,4,,0
190001019,'1185950',908,,6898,23,4,,0
190001019,'1186040',1255,,6902,23,4,,0
190001019,'1186058',2122,,6903,23,4,,0
190001019,'1186059',1822,,6904,23,4,,0
190001019,'1186110',1310,,6907,23,4,,0
190001019,'1186115',1110,,6908,23,4,,0
190001019,'1186141',1433,,6911,23,4,,0
190001019,'1186145',1907,,6912,23,4,,0
190001019,'1186149',1155,,6913,23,4,,0
190001019,'1186229',1140,,6918,23,4,,0
190001019,'1186272',1952,,6922,23,4,,0
190001019,'1186285',2052,,6923,23,4,,0
190001019,'1186294',1633,,6924,23,4,,0
190001019,'1186371',838,,6929,23,4,,0
190001019,'1186413',2236,,6931,23,4,,0
190001019,'1186619',1852,,6936,23,4,,0
190001019,'1186635',753,,6937,23,4,,0
190001019,'1186646',1811,,6938,23,4,,0
190001019,'1186716',1225,,6939,23,4,,0
190001019,'1186726',1055,,6940,23,4,,0
190001019,'1186788',2136,,6943,23,4,,0
190001019,'1186873',1355,,6946,23,4,,0
190001019,'1186969',1837,,6948,23,4,,0
190001019,'1187081',1023,,6954,23,4,,0
190001019,'1187092',1533,,6955,23,4,,0
190001019,'1187150',2306,,6957,23,4,,0
190001019,'1187182',1503,,6959,23,4,,0
190001019,'1187190',1340,,6960,23,4,,0
190001029,'1187611',1530,,7082,1,,,0
190001029,'1187612',700,,7083,1,,,0
190001029,'1187613',1330,,7084,1,,,0
190001029,'1187614',2000,,7085,1,,,0
190001029,'1187616',1815,,7087,1,,,0
190001029,'1187624',1845,,7095,1,,,0
190001029,'1187625',2330,,7096,1,,,0
190001029,'1187630',815,,7101,1,,,0
190001029,'1187631',1800,,7102,1,,,0
190001029,'1187632',2130,,7103,1,,,0
190001029,'1187633',1730,,7104,1,,,0
190001029,'1187634',2100,,7105,1,,,0
190001029,'1187635',1715,,7106,1,,,0
190001029,'1187636',2115,,7107,1,,,0
190001029,'1187638',1145,,7109,1,,,0
190001029,'1187639',745,,7110,1,,,0
190001029,'1187642',1615,,7113,1,,,0
190001029,'1187649',1245,,7120,1,,,0
190001029,'1187650',900,,7121,1,,,0
190001029,'1187651',1430,,7122,1,,,0
190001029,'1187652',730,,7123,1,,,0
190001029,'1187657',845,,7128,1,,,0
190001029,'1187661',1400,,7132,1,,,0
190001029,'1187662',1315,,7133,1,,,0
190001029,'1187663',1215,,7134,1,,,0
190001029,'1187667',715,,7138,1,,,0
190001029,'1187671',2015,,7142,1,,,0
190001029,'1187672',1915,,7143,1,,,0
190001029,'1187673',1300,,7144,1,,,0
190001029,'1187675',615,,7146,1,,,0
190001029,'1187677',1230,,7148,1,,,0
190001029,'1187678',1630,,7149,1,,,0
190001029,'1187679',1745,,7150,1,,,0
190001029,'1187680',1100,,7151,1,,,0
190001029,'1187681',1700,,7152,1,,,0
190001029,'1187683',1545,,7154,1,,,0
190001029,'1187684',1945,,7155,1,,,0
190001029,'1187686',1645,,7157,1,,,0
190001029,'1187688',2350,,7159,1,,,0
190001029,'1187691',1000,,7162,1,,,0
190001029,'1187692',2045,,7163,1,,,0
190001029,'1187693',2230,,7164,1,,,0
190001029,'1187694',1115,,7165,1,,,0
190001029,'1187699',1045,,7170,1,,,0
190001029,'1187703',1345,,7174,1,,,0
190001029,'1187704',930,,7175,1,,,0
190001029,'1187705',945,,7176,1,,,0
190001029,'1187707',1830,,7178,1,,,0
190001029,'1187708',1600,,7179,1,,,0
190001029,'1187711',1515,,7182,1,,,0
190001029,'1187712',1015,,7183,1,,,0
190001029,'1187714',1445,,7185,1,,,0
190001029,'1187717',2030,,7188,1,,,0
190001029,'1187718',830,,7189,1,,,0
190001029,'1187719',1130,,7190,1,,,0
190001029,'1187721',915,,7192,1,,,0
190001029,'1187722',1030,,7193,1,,,0
190001029,'1187723',645,,7194,1,,,0
190001029,'1187724',630,,7195,1,,,0
190001029,'1187727',1930,,7198,1,,,0
190001029,'1187728',1500,,7199,1,,,0
190001029,'1187731',2200,,7202,1,,,0
190001029,'1187732',1415,,7203,1,,,0
190001029,'1187733',800,,7204,1,,,0
190001029,'1187742',1900,,7213,1,,,0
190001029,'1187744',2300,,7215,1,,,0
190001029,'1187748',1200,,7219,1,,,0
