11029,'1184506',1406,,4908,25,,,0
11029,'1184513',835,,4909,25,,,0
11029,'1184541',635,,4910,25,,,0
11029,'1184766',1736,,4912,25,,,0
11029,'1184779',1606,,4913,25,,,0
11029,'1184878',2206,,4917,25,,,0
11029,'1184880',1336,,4918,25,,,0
11029,'1185127',1436,,4924,25,,,0
11029,'1185286',735,,4927,25,,,0
11029,'1185293',1005,,4929,25,,,0
11029,'1185336',2411,,4930,25,,,0
11029,'1185344',2006,,4931,25,,,0
11029,'1185436',1506,,4932,25,,,0
11029,'1185494',1106,,4934,25,,,0
11029,'1185677',705,,4938,25,,,0
11029,'1185922',1706,,4941,25,,,0
11029,'1185961',805,,4944,25,,,0
11029,'1186219',1036,,4949,25,,,0
11029,'1186286',1136,,4950,25,,,0
11029,'1186409',935,,4953,25,,,0
11029,'1186424',2306,,4955,25,,,0
11029,'1186506',2106,,4957,25,,,0
11029,'1186509',1306,,4958,25,,,0
11029,'1186544',905,,4960,25,,,0
11029,'1186737',1536,,4966,25,,,0
11029,'1186756',1236,,4967,25,,,0
11029,'1186773',1806,,4968,25,,,0
11029,'1186855',1906,,4972,25,,,0
11029,'1186937',1636,,4975,25,,,0
11029,'1187113',1206,,4977,25,,,0
22029,'1184961',853,,5489,4,,,0
22029,'1186338',1254,,5493,4,,,0
22029,'1186871',1053,,5495,4,,,0
22029,'1187177',1454,,5496,4,,,0
140001029,'1184532',1259,,6688,18,,,0
140001029,'1184666',1229,,6694,18,,,0
140001029,'1184723',1244,,6697,18,,,0
140001029,'1184733',1044,,6698,18,,,0
140001029,'1184751',1129,,6700,18,,,0
140001029,'1184762',712,,6701,18,,,0
140001029,'1184767',1630,,6702,18,,,0
140001029,'1184776',1928,,6703,18,,,0
140001029,'1184780',2028,,6704,18,,,0
140001029,'1184857',2157,,6708,18,,,0
140001029,'1184900',2402,,6711,18,,,0
140001029,'1184931',1415,,6712,18,,,0
140001029,'1184953',1530,,6713,18,,,0
140001029,'1184976',1114,,6715,18,,,0
140001029,'1184985',1029,,6716,18,,,0
140001029,'1185004',1943,,6717,18,,,0
140001029,'1185174',1344,,6721,18,,,0
140001029,'1185304',1813,,6725,18,,,0
140001029,'1185342',1715,,6727,18,,,0
140001029,'1185346',1144,,6728,18,,,0
140001029,'1185388',1329,,6731,18,,,0
140001029,'1185435',627,,6733,18,,,0
140001029,'1185441',727,,6734,18,,,0
140001029,'1185468',1745,,6735,18,,,0
140001029,'1185499',1913,,6736,18,,,0
140001029,'1185551',742,,6739,18,,,0
140001029,'1185563',1515,,6740,18,,,0
140001029,'1185607',1400,,6742,18,,,0
140001029,'1185628',1758,,6743,18,,,0
140001029,'1185679',1159,,6745,18,,,0
140001029,'1185702',2013,,6746,18,,,0
140001029,'1185777',1430,,6750,18,,,0
140001029,'1185815',1828,,6753,18,,,0
140001029,'1185853',757,,6754,18,,,0
140001029,'1185876',1958,,6755,18,,,0
140001029,'1186021',1858,,6764,18,,,0
140001029,'1186022',812,,6765,18,,,0
140001029,'1186103',1059,,6767,18,,,0
140001029,'1186176',1700,,6770,18,,,0
140001029,'1186187',2043,,6771,18,,,0
140001029,'1186240',1445,,6773,18,,,0
140001029,'1186266',2058,,6774,18,,,0
140001029,'1186274',1500,,6775,18,,,0
140001029,'1186303',942,,6776,18,,,0
140001029,'1186323',642,,6778,18,,,0
140001029,'1186427',1314,,6782,18,,,0
140001029,'1186430',2257,,6783,18,,,0
140001029,'1186566',857,,6789,18,,,0
140001029,'1186576',1214,,6790,18,,,0
140001029,'1186608',1843,,6793,18,,,0
140001029,'1186744',1615,,6796,18,,,0
140001029,'1186760',2227,,6797,18,,,0
140001029,'1186810',827,,6799,18,,,0
140001029,'1186898',1730,,6801,18,,,0
140001029,'1186920',1600,,6804,18,,,0
140001029,'1186940',957,,6806,18,,,0
140001029,'1186951',842,,6807,18,,,0
140001029,'1186959',912,,6809,18,,,0
140001029,'1187022',2127,,6813,18,,,0
140001029,'1187041',2327,,6814,18,,,0
140001029,'1187085',1014,,6816,18,,,0
140001029,'1187109',927,,6817,18,,,0
140001029,'1187115',1645,,6818,18,,,0
140001029,'1187136',657,,6820,18,,,0
140001029,'1187143',1545,,6821,18,,,0
