10029,'1150182',934,,646,30,,,0
10029,'1150266',2334,,648,30,,,0
10029,'1150349',2004,,649,30,,,0
10029,'1150424',1434,,650,30,,,0
10029,'1150440',1934,,651,30,,,0
10029,'1150450',1634,,653,30,,,0
10029,'1150454',1734,,654,30,,,0
10029,'1150680',734,,656,30,,,0
10029,'1150683',1234,,657,30,,,0
10029,'1150947',1034,,659,30,,,0
10029,'1151232',2134,,662,30,,,0
10029,'1151240',934,,663,30,,,0
10029,'1151358',1034,,666,30,,,0
10029,'1151389',2204,,667,30,,,0
10029,'1151548',1334,,668,30,,,0
10029,'1151699',1434,,674,30,,,0
10029,'1151704',2409,,676,30,,,0
10029,'1151927',2104,,678,30,,,0
10029,'1152089',834,,679,30,,,0
10029,'1152120',1534,,680,30,,,0
10029,'1152213',1804,,682,30,,,0
10029,'1152237',1134,,683,30,,,0
10029,'1152276',634,,685,30,,,0
10029,'1152614',1734,,692,30,,,0
10029,'1152687',1704,,693,30,,,0
10029,'1152696',834,,694,30,,,0
10029,'1152744',1604,,697,30,,,0
10029,'1152927',1334,,700,30,,,0
10029,'1153201',734,,704,30,,,0
10029,'1153510',1634,,706,30,,,0
10029,'1153532',2034,,707,30,,,0
10029,'1153887',2234,,712,30,,,0
10029,'1154165',804,,715,30,,,0
10029,'1154182',1534,,716,30,,,0
10029,'1154281',1234,,718,30,,,0
10029,'1154360',2304,,719,30,,,0
10029,'1154531',1504,,720,30,,,0
10029,'1154688',704,,722,30,,,0
10029,'1154710',1834,,723,30,,,0
10029,'1155230',904,,733,30,,,0
10029,'1155449',1904,,734,30,,,0
10029,'1155474',1134,,735,30,,,0
