105019,'1150133',937,,3356,14,,,0
105019,'1150519',1755,,3358,14,,,0
105019,'1150723',649,,3359,14,,,0
105019,'1150755',1440,,3360,14,,,0
105019,'1150957',837,,3364,14,,,0
105019,'1150991',1255,,3365,14,,,0
105019,'1151148',1051,,3367,14,,,0
105019,'1151174',1251,,3368,14,,,0
105019,'1151428',807,,3371,14,,,0
105019,'1151680',1825,,3374,14,,,0
105019,'1151743',737,,3375,14,,,0
105019,'1152002',2235,,3380,14,,,0
105019,'1152300',1351,,3381,14,,,0
105019,'1152360',635,,3382,14,,,0
105019,'1152386',707,,3383,14,,,0
105019,'1152506',1725,,3384,14,,,0
105019,'1152547',605,,3385,14,,,0
105019,'1152647',2135,,3386,14,,,0
105019,'1152697',2335,,3387,14,,,0
105019,'1153054',1451,,3390,14,,,0
105019,'1153337',1851,,3392,14,,,0
105019,'1153487',535,,3393,14,,,0
105019,'1153863',1151,,3395,14,,,0
105019,'1153895',1510,,3397,14,,,0
105019,'1154206',2035,,3398,14,,,0
105019,'1154598',1751,,3402,14,,,0
105019,'1154605',1651,,3403,14,,,0
105019,'1154691',1040,,3404,14,,,0
105019,'1154711',1551,,3406,14,,,0
105019,'1154821',1355,,3407,14,,,0
105019,'1154915',1905,,3409,14,,,0
105019,'1154933',1655,,3410,14,,,0
105019,'1155111',2249,,3412,14,,,0
105019,'1155143',1610,,3413,14,,,0
105019,'1155198',1140,,3415,14,,,0
105019,'1155339',1540,,3419,14,,,0
105019,'1155343',2049,,3420,14,,,0
105019,'1155497',849,,3421,14,,,0
