14029,'1184567',2036,,5303,40,,,0
14029,'1184744',736,,5304,40,,,0
14029,'1184869',636,,5306,40,,,0
14029,'1184894',1636,,5307,40,,,0
14029,'1184948',2136,,5308,40,,,0
14029,'1184981',1707,,5310,40,,,0
14029,'1184993',1737,,5311,40,,,0
14029,'1185190',2006,,5312,40,,,0
14029,'1185265',836,,5314,40,,,0
14029,'1185266',2236,,5315,40,,,0
14029,'1185306',736,,5316,40,,,0
14029,'1185322',1437,,5317,40,,,0
14029,'1185345',1336,,5318,40,,,0
14029,'1185408',1507,,5319,40,,,0
14029,'1185480',1236,,5321,40,,,0
14029,'1185491',1637,,5322,40,,,0
14029,'1185496',1836,,5323,40,,,0
14029,'1185512',1936,,5324,40,,,0
14029,'1185568',1537,,5325,40,,,0
14029,'1185647',1036,,5326,40,,,0
14029,'1185828',2306,,5328,40,,,0
14029,'1185866',2411,,5330,40,,,0
14029,'1185960',836,,5331,40,,,0
14029,'1185970',936,,5332,40,,,0
14029,'1186076',1736,,5333,40,,,0
14029,'1186118',706,,5334,40,,,0
14029,'1186154',936,,5335,40,,,0
14029,'1186312',2206,,5336,40,,,0
14029,'1186319',1607,,5337,40,,,0
14029,'1186327',1337,,5338,40,,,0
14029,'1186377',1237,,5340,40,,,0
14029,'1186418',1037,,5341,40,,,0
14029,'1186554',1536,,5343,40,,,0
14029,'1186577',2336,,5344,40,,,0
14029,'1186746',1436,,5346,40,,,0
14029,'1186757',1136,,5347,40,,,0
14029,'1186771',806,,5348,40,,,0
14029,'1186908',906,,5353,40,,,0
14029,'1186971',2106,,5355,40,,,0
14029,'1187063',1806,,5357,40,,,0
14029,'1187137',1906,,5360,40,,,0
14029,'1187192',1137,,5361,40,,,0
