105029,'1184521',1815,,6491,70,,,0
105029,'1184537',1345,,6492,70,,,0
105029,'1184580',927,,6493,70,,,0
105029,'1184670',1600,,6494,70,,,0
105029,'1184808',2327,,6496,70,,,0
105029,'1184833',1030,,6497,70,,,0
105029,'1184834',2432,,6498,70,,,0
105029,'1184863',1245,,6499,70,,,0
105029,'1185135',727,,6501,70,,,0
105029,'1185332',1857,,6505,70,,,0
105029,'1185350',2027,,6506,70,,,0
105029,'1185359',2227,,6507,70,,,0
105029,'1185440',1645,,6510,70,,,0
105029,'1185668',757,,6513,70,,,0
105029,'1185827',2127,,6515,70,,,0
105029,'1185938',1500,,6516,70,,,0
105029,'1186005',1715,,6517,70,,,0
105029,'1186279',1530,,6519,70,,,0
105029,'1186282',1430,,6520,70,,,0
105029,'1186470',1130,,6525,70,,,0
105029,'1186861',657,,6531,70,,,0
105029,'1186874',1745,,6532,70,,,0
105029,'1187005',827,,6534,70,,,0
