105029,'1190637',803,,9337,5,,,0
105029,'1190832',649,,9338,5,,,0
105029,'1190854',1449,,9339,5,,,0
105029,'1190856',1304,,9340,5,,,0
105029,'1190924',2354,,9341,5,,,0
105029,'1190926',1404,,9342,5,,,0
105029,'1190965',1419,,9343,5,,,0
105029,'1190981',619,,9344,5,,,0
105029,'1191222',2203,,9345,5,,,0
105029,'1191223',1634,,9346,5,,,0
105029,'1191285',1949,,9347,5,,,0
105029,'1191307',1519,,9348,5,,,0
105029,'1191404',1504,,9349,5,,,0
105029,'1191423',1349,,9350,5,,,0
105029,'1191572',1004,,9351,5,,,0
105029,'1191670',1718,,9352,5,,,0
105029,'1191739',1734,,9353,5,,,0
105029,'1191784',1304,,9354,5,,,0
105029,'1191846',949,,9355,5,,,0
105029,'1191848',1204,,9356,5,,,0
105029,'1191910',2403,,9357,5,,,0
105029,'1191936',1518,,9358,5,,,0
105029,'1192016',719,,9359,5,,,0
105029,'1192019',1804,,9360,5,,,0
105029,'1192058',2318,,9361,5,,,0
105029,'1192150',718,,9362,5,,,0
105029,'1192180',1918,,9363,5,,,0
105029,'1192198',2249,,9364,5,,,0
105029,'1192205',603,,9365,5,,,0
105029,'1192224',1604,,9366,5,,,0
105029,'1192338',1819,,9367,5,,,0
105029,'1192379',2049,,9368,5,,,0
105029,'1192463',1318,,9369,5,,,0
105029,'1192488',1104,,9370,5,,,0
105029,'1192491',749,,9371,5,,,0
105029,'1192500',849,,9372,5,,,0
105029,'1192511',2003,,9373,5,,,0
105029,'1192662',1604,,9374,5,,,0
105029,'1192694',1049,,9375,5,,,0
105029,'1192728',2118,,9376,5,,,0
105029,'1193038',1204,,9377,5,,,0
105029,'1193130',1118,,9378,5,,,0
105029,'1193181',1704,,9379,5,,,0
105029,'1193225',1704,,9380,5,,,0
105029,'1193234',918,,9381,5,,,0
105029,'1193316',2149,,9382,5,,,0
106019,'1190751',704,,9383,5,,,0
106019,'1190960',1649,,9384,5,,,0
106019,'1191191',1804,,9385,5,,,0
106019,'1191645',934,,9386,5,,,0
106019,'1192317',1534,,9387,5,,,0
106019,'1192475',819,,9388,5,,,0
140001029,'1190599',1149,,9532,5,,,0
140001029,'1190600',918,,9533,5,,,0
140001029,'1190621',2249,,9534,5,,,0
140001029,'1190654',2248,,9535,5,,,0
140001029,'1190676',2219,,9536,5,,,0
140001029,'1190705',1620,,9537,5,,,0
140001029,'1190711',818,,9538,5,,,0
140001029,'1190715',1635,,9539,5,,,0
140001029,'1190737',2118,,9540,5,,,0
140001029,'1190823',1104,,9541,5,,,0
140001029,'1190849',1219,,9542,5,,,0
140001029,'1190851',1704,,9543,5,,,0
140001029,'1190861',733,,9544,5,,,0
140001029,'1190919',619,,9545,5,,,0
140001029,'1190942',833,,9546,5,,,0
140001029,'1190950',1034,,9547,5,,,0
140001029,'1190977',1019,,9548,5,,,0
140001029,'1191006',1049,,9549,5,,,0
140001029,'1191022',1749,,9550,5,,,0
140001029,'1191026',1919,,9551,5,,,0
140001029,'1191051',1650,,9552,5,,,0
140001029,'1191073',1804,,9553,5,,,0
140001029,'1191077',1849,,9554,5,,,0
140001029,'1191100',1520,,9555,5,,,0
140001029,'1191110',1535,,9556,5,,,0
140001029,'1191120',2034,,9557,5,,,0
140001029,'1191183',1334,,9558,5,,,0
140001029,'1191185',1419,,9559,5,,,0
140001029,'1191195',1450,,9560,5,,,0
140001029,'1191197',1004,,9561,5,,,0
140001029,'1191229',748,,9562,5,,,0
140001029,'1191239',1004,,9563,5,,,0
140001029,'1191241',749,,9564,5,,,0
140001029,'1191249',1134,,9565,5,,,0
140001029,'1191251',849,,9566,5,,,0
140001029,'1191260',1149,,9567,5,,,0
140001029,'1191273',1249,,9568,5,,,0
140001029,'1191279',848,,9569,5,,,0
140001029,'1191347',1434,,9570,5,,,0
140001029,'1191349',1550,,9571,5,,,0
140001029,'1191357',633,,9572,5,,,0
140001029,'1191358',1534,,9573,5,,,0
140001029,'1191362',718,,9574,5,,,0
140001029,'1191369',1119,,9575,5,,,0
140001029,'1191374',703,,9576,5,,,0
140001029,'1191422',1919,,9577,5,,,0
140001029,'1191436',1604,,9578,5,,,0
140001029,'1191459',2049,,9579,5,,,0
140001029,'1191461',1719,,9580,5,,,0
140001029,'1191510',1219,,9581,5,,,0
140001029,'1191569',1819,,9582,5,,,0
140001029,'1191585',1619,,9583,5,,,0
140001029,'1191594',2353,,9584,5,,,0
140001029,'1191599',1319,,9585,5,,,0
140001029,'1191617',2219,,9586,5,,,0
140001029,'1191627',919,,9587,5,,,0
140001029,'1191654',1934,,9588,5,,,0
140001029,'1191672',1019,,9589,5,,,0
140001029,'1191688',1804,,9590,5,,,0
140001029,'1191700',2149,,9591,5,,,0
140001029,'1191703',1720,,9592,5,,,0
140001029,'1191748',719,,9593,5,,,0
140001029,'1191749',2019,,9594,5,,,0
140001029,'1191752',1949,,9595,5,,,0
140001029,'1191781',1204,,9596,5,,,0
140001029,'1191787',1904,,9597,5,,,0
140001029,'1191809',1049,,9598,5,,,0
140001029,'1191814',1919,,9599,5,,,0
140001029,'1191822',1134,,9600,5,,,0
140001029,'1191880',1420,,9601,5,,,0
140001029,'1191895',1549,,9602,5,,,0
140001029,'1191933',1435,,9603,5,,,0
140001029,'1191962',1249,,9604,5,,,0
140001029,'1191971',1519,,9605,5,,,0
140001029,'1191993',1204,,9606,5,,,0
140001029,'1192009',1234,,9607,5,,,0
140001029,'1192030',2218,,9608,5,,,0
140001029,'1192075',1705,,9609,5,,,0
140001029,'1192076',1504,,9610,5,,,0
140001029,'1192085',719,,9611,5,,,0
140001029,'1192192',1949,,9612,5,,,0
140001029,'1192204',2019,,9613,5,,,0
140001029,'1192231',948,,9614,5,,,0
140001029,'1192238',949,,9615,5,,,0
140001029,'1192242',1505,,9616,5,,,0
140001029,'1192251',2119,,9617,5,,,0
140001029,'1192270',2349,,9618,5,,,0
140001029,'1192275',1634,,9619,5,,,0
140001029,'1192298',1619,,9620,5,,,0
140001029,'1192358',1819,,9621,5,,,0
140001029,'1192364',2318,,9622,5,,,0
140001029,'1192382',1735,,9623,5,,,0
140001029,'1192427',2004,,9624,5,,,0
140001029,'1192462',1019,,9625,5,,,0
140001029,'1192467',1319,,9626,5,,,0
140001029,'1192479',2049,,9627,5,,,0
140001029,'1192506',649,,9628,5,,,0
140001029,'1192539',1119,,9629,5,,,0
140001029,'1192548',934,,9630,5,,,0
140001029,'1192550',1234,,9631,5,,,0
140001029,'1192559',933,,9632,5,,,0
140001029,'1192568',819,,9633,5,,,0
140001029,'1192571',803,,9634,5,,,0
140001029,'1192572',1519,,9635,5,,,0
140001029,'1192575',648,,9636,5,,,0
140001029,'1192584',1734,,9637,5,,,0
140001029,'1192594',1034,,9638,5,,,0
140001029,'1192612',1449,,9639,5,,,0
140001029,'1192644',1605,,9640,5,,,0
140001029,'1192648',1304,,9641,5,,,0
140001029,'1192665',903,,9642,5,,,0
140001029,'1192677',919,,9643,5,,,0
140001029,'1192732',1350,,9644,5,,,0
140001029,'1192736',1749,,9645,5,,,0
140001029,'1192755',1849,,9646,5,,,0
140001029,'1192762',1834,,9647,5,,,0
140001029,'1192794',2019,,9648,5,,,0
140001029,'1192842',1319,,9649,5,,,0
140001029,'1192858',1304,,9650,5,,,0
140001029,'1192901',1834,,9651,5,,,0
140001029,'1192907',1349,,9652,5,,,0
140001029,'1192922',1119,,9653,5,,,0
140001029,'1192938',1104,,9654,5,,,0
140001029,'1192969',1219,,9655,5,,,0
140001029,'1193035',2319,,9656,5,,,0
140001029,'1193142',1719,,9657,5,,,0
140001029,'1193157',2148,,9658,5,,,0
140001029,'1193158',2319,,9659,5,,,0
140001029,'1193196',1404,,9660,5,,,0
140001029,'1193202',2119,,9661,5,,,0
140001029,'1193206',1334,,9662,5,,,0
140001029,'1193223',1419,,9663,5,,,0
140001029,'1193237',819,,9664,5,,,0
140001029,'1193252',618,,9665,5,,,0
140001029,'1193289',1405,,9666,5,,,0
140001029,'1193293',1819,,9667,5,,,0
140001029,'1193306',1649,,9668,5,,,0
