26019,'1184742',707,,5756,9,,,0
26019,'1185012',1607,,5760,9,,,0
26019,'1185046',2207,,5761,9,,,0
26019,'1185230',2307,,5763,9,,,0
26019,'1185487',1907,,5770,9,,,0
26019,'1185598',907,,5773,9,,,0
26019,'1185627',1707,,5775,9,,,0
26019,'1185632',1807,,5776,9,,,0
26019,'1185655',1007,,5777,9,,,0
26019,'1185728',807,,5780,9,,,0
26019,'1185873',1037,,5781,9,,,0
26019,'1186043',1237,,5782,9,,,0
26019,'1186159',1137,,5785,9,,,0
26019,'1186179',2007,,5786,9,,,0
26019,'1186292',1507,,5790,9,,,0
26019,'1186465',607,,5792,9,,,0
26019,'1186513',1437,,5793,9,,,0
26019,'1187013',1337,,5804,9,,,0
26019,'1187117',2107,,5807,9,,,0
