25019,'1184495',711,,5635,17,,,0
25019,'1184757',1541,,5639,17,,,0
25019,'1184771',1711,,5640,17,,,0
25019,'1184903',2241,,5642,17,,,0
25019,'1185100',1741,,5648,17,,,0
25019,'1185110',1641,,5649,17,,,0
25019,'1185173',941,,5650,17,,,0
25019,'1185179',2141,,5651,17,,,0
25019,'1185244',741,,5654,17,,,0
25019,'1185338',911,,5655,17,,,0
25019,'1185434',1111,,5657,17,,,0
25019,'1185653',1011,,5661,17,,,0
25019,'1185731',1211,,5663,17,,,0
25019,'1185741',2041,,5665,17,,,0
25019,'1185991',841,,5668,17,,,0
25019,'1186131',1841,,5670,17,,,0
25019,'1186625',1311,,5677,17,,,0
25019,'1186803',641,,5682,17,,,0
25019,'1186914',1441,,5684,17,,,0
25019,'1186957',811,,5685,17,,,0
25019,'1186996',1411,,5687,17,,,0
25019,'1187059',1611,,5688,17,,,0
25019,'1187086',1511,,5691,17,,,0
25019,'1187127',1941,,5693,17,,,0
25019,'1187154',2401,,5694,17,,,0
