26019,'1150268',1001,,2251,2,,,0
26019,'1150318',1901,,2252,2,,,0
26019,'1150654',2001,,2253,2,,,0
26019,'1150906',2301,,2257,2,,,0
26019,'1151018',1431,,2260,2,,,0
26019,'1151114',1601,,2261,2,,,0
26019,'1151349',2001,,2265,2,,,0
26019,'1151444',1701,,2267,2,,,0
26019,'1151445',1501,,2268,2,,,0
26019,'1151705',1131,,2273,2,,,0
26019,'1151777',2101,,2276,2,,,0
26019,'1151814',1301,,2278,2,,,0
26019,'1152149',601,,2280,2,,,0
26019,'1152176',1701,,2281,2,,,0
26019,'1152424',2201,,2285,2,,,0
26019,'1152562',801,,2287,2,,,0
26019,'1152577',801,,2289,2,,,0
26019,'1152595',1601,,2290,2,,,0
26019,'1152690',1031,,2291,2,,,0
26019,'1152910',1901,,2295,2,,,0
26019,'1152959',601,,2297,2,,,0
26019,'1153348',1101,,2302,2,,,0
26019,'1153366',1501,,2303,2,,,0
26019,'1153674',901,,2307,2,,,0
26019,'1154254',2301,,2313,2,,,0
26019,'1154274',2201,,2314,2,,,0
26019,'1154301',1331,,2316,2,,,0
26019,'1154312',901,,2317,2,,,0
26019,'1154417',1201,,2318,2,,,0
26019,'1154436',1801,,2319,2,,,0
26019,'1154437',2101,,2320,2,,,0
26019,'1154565',1001,,2324,2,,,0
26019,'1154582',701,,2325,2,,,0
26019,'1154611',1801,,2326,2,,,0
26019,'1154622',701,,2327,2,,,0
26019,'1155308',1401,,2334,2,,,0
26019,'1155354',1231,,2335,2,,,0
