10019,'1150177',1815,,551,6,,,0
10019,'1150195',2045,,552,6,,,0
10019,'1150212',1845,,553,6,,,0
10019,'1150401',1515,,556,6,,,0
10019,'1150422',1745,,557,6,,,0
10019,'1150466',645,,558,6,,,0
10019,'1150579',1345,,560,6,,,0
10019,'1150648',2115,,561,6,,,0
10019,'1150771',2245,,562,6,,,0
10019,'1150873',1645,,564,6,,,0
10019,'1151478',1545,,570,6,,,0
10019,'1151671',945,,574,6,,,0
10019,'1151864',1145,,578,6,,,0
10019,'1151877',1245,,579,6,,,0
10019,'1151907',2015,,580,6,,,0
10019,'1151917',1745,,581,6,,,0
10019,'1152017',1245,,582,6,,,0
10019,'1152060',1045,,584,6,,,0
10019,'1152311',945,,588,6,,,0
10019,'1152461',2315,,590,6,,,0
10019,'1152473',845,,591,6,,,0
10019,'1152615',1145,,593,6,,,0
10019,'1152634',2345,,594,6,,,0
10019,'1152791',1045,,597,6,,,0
10019,'1152900',915,,600,6,,,0
10019,'1152904',1945,,601,6,,,0
10019,'1153120',645,,602,6,,,0
10019,'1153228',745,,604,6,,,0
10019,'1153418',2145,,606,6,,,0
10019,'1153451',715,,607,6,,,0
10019,'1153499',845,,609,6,,,0
10019,'1153548',1915,,610,6,,,0
10019,'1153739',745,,613,6,,,0
10019,'1153751',1545,,615,6,,,0
10019,'1153967',2215,,619,6,,,0
10019,'1154257',815,,627,6,,,0
10019,'1154380',1645,,630,6,,,0
10019,'1154723',1615,,635,6,,,0
10019,'1155009',1345,,638,6,,,0
10019,'1155027',1445,,639,6,,,0
10019,'1155413',1445,,640,6,,,0
10019,'1155441',1715,,642,6,,,0
10019,'1155495',616,,643,6,,,0
103029,'1155767',935,,3159,12,,,0
103029,'1155769',1733,,3160,12,,,0
103029,'1155770',832,,3161,12,,,0
103029,'1155780',2304,,3163,12,,,0
103029,'1155784',1002,,3165,12,,,0
103029,'1155785',1518,,3166,12,,,0
103029,'1155786',2134,,3167,12,,,0
103029,'1155788',1133,,3169,12,,,0
103029,'1155799',702,,3173,12,,,0
103029,'1155807',1902,,3176,12,,,0
103029,'1155808',2202,,3177,12,,,0
103029,'1155815',2332,,3180,12,,,0
103029,'1155818',1535,,3181,12,,,0
103029,'1155823',917,,3184,12,,,0
103029,'1155825',1705,,3185,12,,,0
103029,'1155828',2004,,3186,12,,,0
103029,'1155835',1105,,3189,12,,,0
103029,'1155847',1433,,3191,12,,,0
103029,'1155858',635,,3194,12,,,0
103029,'1155885',1303,,3198,12,,,0
103029,'1155900',805,,3201,12,,,0
103029,'1155902',1235,,3202,12,,,0
103029,'1155922',1834,,3204,12,,,0
103029,'1155923',747,,3205,12,,,0
103029,'1155944',1603,,3208,12,,,0
103029,'1155948',1648,,3210,12,,,0
103029,'1155949',1405,,3211,12,,,0
103029,'1155958',2032,,3214,12,,,0
