3029,'1184601',2143,,4654,17,,,0
3029,'1184610',1416,,4655,17,,,0
3029,'1184694',744,,4658,17,,,0
3029,'1184700',1014,,4659,17,,,0
3029,'1184950',1716,,4665,17,,,0
3029,'1185088',1044,,4669,17,,,0
3029,'1185097',1943,,4670,17,,,0
3029,'1185208',914,,4672,17,,,0
3029,'1185267',1146,,4676,17,,,0
3029,'1185635',814,,4682,17,,,0
3029,'1185703',644,,4683,17,,,0
3029,'1185734',2340,,4684,17,,,0
3029,'1185742',2243,,4685,17,,,0
3029,'1185753',714,,4686,17,,,0
3029,'1185782',1616,,4687,17,,,0
3029,'1186038',1646,,4689,17,,,0
3029,'1186084',1114,,4691,17,,,0
3029,'1186099',1446,,4692,17,,,0
3029,'1186101',1516,,4693,17,,,0
3029,'1186260',944,,4699,17,,,0
3029,'1186437',1546,,4702,17,,,0
3029,'1186578',1816,,4705,17,,,0
3029,'1186659',1843,,4708,17,,,0
3029,'1186686',1316,,4709,17,,,0
3029,'1186714',1246,,4710,17,,,0
3029,'1186807',1216,,4713,17,,,0
3029,'1186848',2043,,4714,17,,,0
3029,'1186943',844,,4715,17,,,0
3029,'1187014',1746,,4716,17,,,0
3029,'1187130',1346,,4717,17,,,0
