4019,'1150173',1404,,519,7,,,0
4019,'1150739',734,,520,7,,,0
4019,'1150908',1734,,521,7,,,0
4019,'1150956',1604,,522,7,,,0
4019,'1151139',1534,,523,7,,,0
4019,'1151875',834,,524,7,,,0
4019,'1152822',704,,525,7,,,0
4019,'1153216',1634,,526,7,,,0
4019,'1153770',1704,,527,7,,,0
4019,'1154133',804,,528,7,,,0
4019,'1154229',1334,,529,7,,,0
4019,'1154526',904,,530,7,,,0
4019,'1154911',1504,,531,7,,,0
4019,'1155331',934,,532,7,,,0
4019,'1155513',1434,,533,7,,,0
190001029,'1150129',1518,,3923,3,,,0
190001029,'1150221',1603,,3928,3,,,0
190001029,'1150261',648,,3932,3,,,0
190001029,'1150317',1818,,3934,3,,,0
190001029,'1150323',1033,,3936,3,,,0
190001029,'1150326',1318,,3937,3,,,0
190001029,'1150371',1633,,3939,3,,,0
190001029,'1150463',1903,,3946,3,,,0
190001029,'1150467',2303,,3948,3,,,0
190001029,'1150530',1933,,3951,3,,,0
190001029,'1150605',818,,3959,3,,,0
190001029,'1150700',1433,,3970,3,,,0
190001029,'1150770',1003,,3975,3,,,0
190001029,'1150865',2303,,3982,3,,,0
190001029,'1150887',1348,,3984,3,,,0
190001029,'1150891',1718,,3985,3,,,0
190001029,'1150910',2333,,3987,3,,,0
190001029,'1151015',618,,3994,3,,,0
190001029,'1151019',1633,,3995,3,,,0
190001029,'1151022',2333,,3996,3,,,0
190001029,'1151146',703,,4006,3,,,0
190001029,'1151308',1918,,4012,3,,,0
190001029,'1151334',1433,,4013,3,,,0
190001029,'1151383',2133,,4017,3,,,0
190001029,'1151399',1133,,4018,3,,,0
190001029,'1151410',1403,,4019,3,,,0
190001029,'1151450',803,,4024,3,,,0
190001029,'1151461',948,,4025,3,,,0
190001029,'1151471',1103,,4026,3,,,0
190001029,'1151532',2133,,4029,3,,,0
190001029,'1151622',1218,,4033,3,,,0
190001029,'1151649',1133,,4035,3,,,0
190001029,'1151652',1618,,4037,3,,,0
190001029,'1151755',1803,,4042,3,,,0
190001029,'1151778',833,,4044,3,,,0
190001029,'1151835',918,,4053,3,,,0
190001029,'1151851',1748,,4055,3,,,0
190001029,'1151867',1018,,4057,3,,,0
190001029,'1151941',1333,,4059,3,,,0
190001029,'1152013',2203,,4063,3,,,0
190001029,'1152049',1218,,4067,3,,,0
190001029,'1152277',1548,,4081,3,,,0
190001029,'1152292',1233,,4083,3,,,0
190001029,'1152433',1518,,4091,3,,,0
190001029,'1152611',1733,,4096,3,,,0
190001029,'1152619',948,,4098,3,,,0
190001029,'1152641',1318,,4099,3,,,0
190001029,'1152642',1418,,4100,3,,,0
190001029,'1152671',1833,,4101,3,,,0
190001029,'1152729',633,,4105,3,,,0
190001029,'1152816',748,,4110,3,,,0
190001029,'1152836',1303,,4112,3,,,0
190001029,'1152897',1303,,4120,3,,,0
190001029,'1152898',1703,,4121,3,,,0
190001029,'1152903',1448,,4122,3,,,0
190001029,'1152933',933,,4123,3,,,0
190001029,'1152946',1848,,4124,3,,,0
190001029,'1152957',1703,,4125,3,,,0
190001029,'1152979',633,,4130,3,,,0
190001029,'1153028',903,,4137,3,,,0
190001029,'1153063',1048,,4140,3,,,0
190001029,'1153069',1733,,4142,3,,,0
190001029,'1153087',1118,,4144,3,,,0
190001029,'1153094',1203,,4145,3,,,0
190001029,'1153180',2233,,4151,3,,,0
190001029,'1153259',1903,,4158,3,,,0
190001029,'1153305',1003,,4162,3,,,0
190001029,'1153328',1648,,4166,3,,,0
190001029,'1153379',2048,,4168,3,,,0
190001029,'1153468',1803,,4170,3,,,0
190001029,'1153471',1403,,4172,3,,,0
190001029,'1153535',2033,,4178,3,,,0
190001029,'1153710',1418,,4185,3,,,0
190001029,'1153717',1533,,4188,3,,,0
190001029,'1153754',2103,,4192,3,,,0
190001029,'1153759',703,,4195,3,,,0
190001029,'1153779',1048,,4198,3,,,0
190001029,'1153791',1603,,4201,3,,,0
190001029,'1153796',1033,,4203,3,,,0
190001029,'1154047',1448,,4216,3,,,0
190001029,'1154056',718,,4217,3,,,0
190001029,'1154092',1103,,4219,3,,,0
190001029,'1154144',2003,,4221,3,,,0
190001029,'1154192',2003,,4226,3,,,0
190001029,'1154194',1948,,4227,3,,,0
190001029,'1154283',848,,4236,3,,,0
190001029,'1154294',903,,4237,3,,,0
190001029,'1154319',733,,4239,3,,,0
190001029,'1154363',1248,,4244,3,,,0
190001029,'1154387',833,,4245,3,,,0
190001029,'1154428',1748,,4249,3,,,0
190001029,'1154446',1818,,4251,3,,,0
190001029,'1154457',603,,4253,3,,,0
190001029,'1154476',2203,,4255,3,,,0
190001029,'1154483',1618,,4256,3,,,0
190001029,'1154606',1118,,4259,3,,,0
190001029,'1154631',2103,,4262,3,,,0
190001029,'1154666',1148,,4267,3,,,0
190001029,'1154698',1148,,4268,3,,,0
190001029,'1154735',2118,,4272,3,,,0
190001029,'1154819',1533,,4277,3,,,0
190001029,'1154825',1018,,4278,3,,,0
190001029,'1154967',1248,,4289,3,,,0
190001029,'1154974',2353,,4291,3,,,0
190001029,'1154982',1933,,4292,3,,,0
190001029,'1155035',1718,,4297,3,,,0
190001029,'1155059',2233,,4298,3,,,0
190001029,'1155085',1203,,4302,3,,,0
190001029,'1155117',1833,,4303,3,,,0
190001029,'1155121',1648,,4304,3,,,0
190001029,'1155122',803,,4305,3,,,0
190001029,'1155134',1503,,4307,3,,,0
190001029,'1155216',1233,,4315,3,,,0
190001029,'1155287',2018,,4319,3,,,0
190001029,'1155299',1348,,4322,3,,,0
190001029,'1155348',2033,,4324,3,,,0
190001029,'1155357',1333,,4326,3,,,0
190001029,'1155358',1548,,4327,3,,,0
190001029,'1155429',933,,4332,3,,,0
190001029,'1155491',733,,4333,3,,,0
190001029,'1155499',1503,,4335,3,,,0
