103019,'1150581',904,,3099,13,,,0
103019,'1150650',1420,,3100,13,,,0
103019,'1150807',2119,,3102,13,,,0
103019,'1151036',1505,,3105,13,,,0
103019,'1151535',949,,3109,13,,,0
103019,'1151614',1250,,3112,13,,,0
103019,'1151765',2149,,3115,13,,,0
103019,'1151829',1849,,3116,13,,,0
103019,'1152005',819,,3120,13,,,0
103019,'1152137',918,,3121,13,,,0
103019,'1152317',2319,,3124,13,,,0
103019,'1152724',1949,,3126,13,,,0
103019,'1152808',2249,,3128,13,,,0
103019,'1153162',1720,,3130,13,,,0
103019,'1153376',1650,,3132,13,,,0
103019,'1153872',1120,,3136,13,,,0
103019,'1153926',1219,,3137,13,,,0
103019,'1154277',1350,,3140,13,,,0
103019,'1154296',734,,3141,13,,,0
103019,'1154523',2019,,3142,13,,,0
103019,'1154594',1635,,3143,13,,,0
103019,'1154619',1550,,3144,13,,,0
103019,'1154654',748,,3145,13,,,0
103019,'1154776',649,,3146,13,,,0
103019,'1154794',1819,,3148,13,,,0
103019,'1154837',1520,,3150,13,,,0
103019,'1154924',1048,,3152,13,,,0
