28019,'1184531',1806,,5965,2,,,0
28019,'1184536',736,,5966,2,,,0
28019,'1184590',836,,5968,2,,,0
28019,'1184806',1406,,5969,2,,,0
28019,'1184960',751,,5971,2,,,0
28019,'1184962',1251,,5972,2,,,0
28019,'1185009',1736,,5973,2,,,0
28019,'1185083',1306,,5974,2,,,0
28019,'1185095',1606,,5976,2,,,0
28019,'1185107',1751,,5977,2,,,0
28019,'1185229',1006,,5979,2,,,0
28019,'1185263',2106,,5981,2,,,0
28019,'1185463',2351,,5983,2,,,0
28019,'1185469',1906,,5984,2,,,0
28019,'1185615',2206,,5986,2,,,0
28019,'1185768',636,,5988,2,,,0
28019,'1185787',1506,,5989,2,,,0
28019,'1185834',651,,5991,2,,,0
28019,'1185836',1851,,5992,2,,,0
28019,'1185880',2006,,5993,2,,,0
28019,'1185920',2306,,5994,2,,,0
28019,'1185987',1051,,5995,2,,,0
28019,'1186020',2151,,5996,2,,,0
28019,'1186085',1106,,5997,2,,,0
28019,'1186130',1206,,5998,2,,,0
28019,'1186196',1351,,5999,2,,,0
28019,'1186203',851,,6000,2,,,0
28019,'1186206',1451,,6001,2,,,0
28019,'1186293',806,,6002,2,,,0
28019,'1186426',1651,,6003,2,,,0
28019,'1186500',2251,,6006,2,,,0
28019,'1186547',2051,,6007,2,,,0
28019,'1186574',606,,6009,2,,,0
28019,'1186585',1706,,6010,2,,,0
28019,'1186743',1636,,6012,2,,,0
28019,'1186761',1836,,6015,2,,,0
28019,'1186844',906,,6017,2,,,0
28019,'1186887',1951,,6018,2,,,0
28019,'1187015',951,,6019,2,,,0
28019,'1187017',706,,6020,2,,,0
28019,'1187021',1151,,6021,2,,,0
28019,'1187046',1551,,6022,2,,,0
