20029,'1184476',1844,,5420,5,,,0
20029,'1184486',1526,,5421,5,,,0
20029,'1184501',2124,,5422,5,,,0
20029,'1184535',2344,,5423,5,,,0
20029,'1184547',1144,,5424,5,,,0
20029,'1184550',2353,,5425,5,,,0
20029,'1184581',623,,5426,5,,,0
20029,'1184650',2044,,5427,5,,,0
20029,'1184655',753,,5428,5,,,0
20029,'1184717',2254,,5429,5,,,0
20029,'1184725',1425,,5430,5,,,0
20029,'1184728',653,,5431,5,,,0
20029,'1184737',1344,,5432,5,,,0
20029,'1184743',1353,,5433,5,,,0
20029,'1184817',754,,5434,5,,,0
20029,'1184842',2144,,5435,5,,,0
20029,'1184971',653,,5436,5,,,0
20029,'1184992',944,,5437,5,,,0
20029,'1185019',1755,,5438,5,,,0
20029,'1185075',2324,,5439,5,,,0
20029,'1185118',1553,,5440,5,,,0
20029,'1185123',2054,,5441,5,,,0
20029,'1185171',1854,,5442,5,,,0
20029,'1185233',953,,5443,5,,,0
20029,'1185281',1753,,5444,5,,,0
20029,'1185399',1053,,5445,5,,,0
20029,'1185425',2154,,5446,5,,,0
20029,'1185465',1954,,5447,5,,,0
20029,'1185595',1625,,5448,5,,,0
20029,'1185633',744,,5449,5,,,0
20029,'1185644',1325,,5450,5,,,0
20029,'1185669',1944,,5451,5,,,0
20029,'1185737',844,,5452,5,,,0
20029,'1185820',1644,,5453,5,,,0
20029,'1185951',1725,,5454,5,,,0
20029,'1185978',2224,,5455,5,,,0
20029,'1186006',1744,,5456,5,,,0
20029,'1186009',825,,5457,5,,,0
20029,'1186017',853,,5458,5,,,0
20029,'1186060',1925,,5459,5,,,0
20029,'1186122',925,,5460,5,,,0
20029,'1186153',1153,,5461,5,,,0
20029,'1186189',1544,,5462,5,,,0
20029,'1186222',1244,,5463,5,,,0
20029,'1186358',1825,,5464,5,,,0
20029,'1186614',1655,,5465,5,,,0
20029,'1186645',2025,,5466,5,,,0
20029,'1186647',2244,,5467,5,,,0
20029,'1186654',1025,,5468,5,,,0
20029,'1186736',1653,,5469,5,,,0
20029,'1186787',1225,,5470,5,,,0
20029,'1186797',1444,,5471,5,,,0
20029,'1186931',1253,,5472,5,,,0
20029,'1186970',1044,,5473,5,,,0
20029,'1186985',1125,,5474,5,,,0
20029,'1187148',724,,5475,5,,,0
20029,'1187184',1453,,5476,5,,,0
