23029,'1150768',1517,,1859,2,,,0
23029,'1151003',1117,,1860,2,,,0
23029,'1151972',1548,,1861,2,,,0
23029,'1152184',1318,,1863,2,,,0
23029,'1152439',1348,,1865,2,,,0
23029,'1153255',916,,1866,2,,,0
23029,'1154303',1717,,1867,2,,,0
23029,'1155381',1148,,1869,2,,,0
23029,'1155476',946,,1870,2,,,0
103019,'1150581',854,,3099,7,,,0
103019,'1150650',1410,,3100,7,,,0
103019,'1150807',2109,,3102,7,,,0
103019,'1151036',1455,,3105,7,,,0
103019,'1151535',939,,3109,7,,,0
103019,'1151614',1240,,3112,7,,,0
103019,'1151765',2139,,3115,7,,,0
103019,'1151829',1839,,3116,7,,,0
103019,'1152005',809,,3120,7,,,0
103019,'1152137',909,,3121,7,,,0
103019,'1152317',2309,,3124,7,,,0
103019,'1152724',1939,,3126,7,,,0
103019,'1152808',2239,,3128,7,,,0
103019,'1153162',1710,,3130,7,,,0
103019,'1153376',1640,,3132,7,,,0
103019,'1153872',1110,,3136,7,,,0
103019,'1153926',1210,,3137,7,,,0
103019,'1154277',1340,,3140,7,,,0
103019,'1154296',724,,3141,7,,,0
103019,'1154523',2009,,3142,7,,,0
103019,'1154594',1625,,3143,7,,,0
103019,'1154619',1540,,3144,7,,,0
103019,'1154654',739,,3145,7,,,0
103019,'1154776',639,,3146,7,,,0
103019,'1154794',1809,,3148,7,,,0
103019,'1154837',1510,,3150,7,,,0
103019,'1154924',1039,,3152,7,,,0
