28029,'1184593',823,,6026,5,,,0
28029,'1184613',1427,,6027,5,,,0
28029,'1184621',1923,,6028,5,,,0
28029,'1184645',653,,6030,5,,,0
28029,'1184899',723,,6033,5,,,0
28029,'1185061',2323,,6036,5,,,0
28029,'1185065',1753,,6037,5,,,0
28029,'1185197',1123,,6041,5,,,0
28029,'1185241',1723,,6042,5,,,0
28029,'1185319',1853,,6043,5,,,0
28029,'1185431',623,,6047,5,,,0
28029,'1185527',923,,6052,5,,,0
28029,'1185589',1653,,6054,5,,,0
28029,'1185868',853,,6060,5,,,0
28029,'1185872',2223,,6062,5,,,0
28029,'1185967',753,,6064,5,,,0
28029,'1186181',1823,,6067,5,,,0
28029,'1186351',1023,,6071,5,,,0
28029,'1186414',1223,,6072,5,,,0
28029,'1186495',1323,,6073,5,,,0
28029,'1186497',1623,,6074,5,,,0
28029,'1186662',2123,,6077,5,,,0
28029,'1186811',2023,,6078,5,,,0
28029,'1187107',1523,,6082,5,,,0
