10019,'1150177',1821,,551,19,,,0
10019,'1150195',2051,,552,19,,,0
10019,'1150212',1851,,553,19,,,0
10019,'1150401',1521,,556,19,,,0
10019,'1150422',1751,,557,19,,,0
10019,'1150466',651,,558,19,,,0
10019,'1150579',1351,,560,19,,,0
10019,'1150648',2121,,561,19,,,0
10019,'1150771',2251,,562,19,,,0
10019,'1150873',1651,,564,19,,,0
10019,'1151478',1551,,570,19,,,0
10019,'1151671',951,,574,19,,,0
10019,'1151864',1151,,578,19,,,0
10019,'1151877',1251,,579,19,,,0
10019,'1151907',2021,,580,19,,,0
10019,'1151917',1751,,581,19,,,0
10019,'1152017',1251,,582,19,,,0
10019,'1152060',1051,,584,19,,,0
10019,'1152311',951,,588,19,,,0
10019,'1152461',2321,,590,19,,,0
10019,'1152473',851,,591,19,,,0
10019,'1152615',1151,,593,19,,,0
10019,'1152634',2351,,594,19,,,0
10019,'1152791',1051,,597,19,,,0
10019,'1152900',921,,600,19,,,0
10019,'1152904',1951,,601,19,,,0
10019,'1153120',651,,602,19,,,0
10019,'1153228',751,,604,19,,,0
10019,'1153418',2151,,606,19,,,0
10019,'1153451',721,,607,19,,,0
10019,'1153499',851,,609,19,,,0
10019,'1153548',1921,,610,19,,,0
10019,'1153739',751,,613,19,,,0
10019,'1153751',1551,,615,19,,,0
10019,'1153967',2221,,619,19,,,0
10019,'1154257',821,,627,19,,,0
10019,'1154380',1651,,630,19,,,0
10019,'1154723',1621,,635,19,,,0
10019,'1155009',1351,,638,19,,,0
10019,'1155027',1451,,639,19,,,0
10019,'1155413',1451,,640,19,,,0
10019,'1155441',1721,,642,19,,,0
10019,'1155495',622,,643,19,,,0
