101019,'1150144',1509,,2867,5,,,0
101019,'1150380',1029,,2869,5,,,0
101019,'1150746',1909,,2873,5,,,0
101019,'1150862',2109,,2874,5,,,0
101019,'1150954',529,,2875,5,,,0
101019,'1150998',1332,,2876,5,,,0
101019,'1151001',709,,2877,5,,,0
101019,'1151295',1732,,2880,5,,,0
101019,'1151359',729,,2881,5,,,0
101019,'1151610',1129,,2883,5,,,0
101019,'1151994',1709,,2886,5,,,0
101019,'1152080',1632,,2887,5,,,0
101019,'1152371',1532,,2888,5,,,0
101019,'1152676',829,,2890,5,,,0
101019,'1152765',2028,,2891,5,,,0
101019,'1152944',2309,,2893,5,,,0
101019,'1153556',2229,,2899,5,,,0
101019,'1153641',1109,,2900,5,,,0
101019,'1153864',1309,,2903,5,,,0
101019,'1154431',1432,,2908,5,,,0
101019,'1154552',1829,,2909,5,,,0
101019,'1155432',909,,2913,5,,,0
101019,'1155460',929,,2914,5,,,0
