105029,'1150199',2008,,3422,33,,,0
105029,'1150361',638,,3424,33,,,0
105029,'1150640',1224,,3425,33,,,0
105029,'1150831',1623,,3427,33,,,0
105029,'1150967',1723,,3428,33,,,0
105029,'1151263',1724,,3431,33,,,0
105029,'1151286',2208,,3432,33,,,0
105029,'1151500',1439,,3433,33,,,0
105029,'1151551',621,,3434,33,,,0
105029,'1151563',1838,,3435,33,,,0
105029,'1151643',1823,,3437,33,,,0
105029,'1151929',821,,3440,33,,,0
105029,'1152027',1324,,3442,33,,,0
105029,'1152064',1754,,3445,33,,,0
105029,'1152144',2413,,3447,33,,,0
105029,'1152244',2221,,3449,33,,,0
105029,'1152289',1023,,3450,33,,,0
105029,'1152606',1523,,3454,33,,,0
105029,'1152997',1323,,3457,33,,,0
105029,'1153205',2021,,3458,33,,,0
105029,'1153333',1423,,3459,33,,,0
105029,'1153409',1123,,3461,33,,,0
105029,'1153442',2308,,3464,33,,,0
105029,'1153503',1009,,3465,33,,,0
105029,'1153624',1409,,3467,33,,,0
105029,'1153688',1654,,3468,33,,,0
105029,'1154104',1539,,3474,33,,,0
105029,'1154267',808,,3476,33,,,0
105029,'1154372',2108,,3477,33,,,0
105029,'1154485',708,,3479,33,,,0
105029,'1154581',2421,,3481,33,,,0
105029,'1154663',1624,,3482,33,,,0
105029,'1154768',1509,,3486,33,,,0
105029,'1154987',1109,,3487,33,,,0
105029,'1155078',908,,3488,33,,,0
105029,'1155257',1223,,3489,33,,,0
105029,'1155338',738,,3490,33,,,0
106019,'1151884',1602,,3491,37,,,0
106019,'1152474',1000,,3492,37,,,0
106019,'1152524',845,,3493,37,,,0
106019,'1152767',730,,3494,37,,,0
106019,'1154013',1832,,3495,37,,,0
106019,'1155307',1717,,3496,37,,,0
