24019,'1184560',2321,,5515,9,,,0
24019,'1184619',606,,5516,9,,,0
24019,'1184689',2306,,5517,9,,,0
24019,'1184697',806,,5518,9,,,0
24019,'1184701',1407,,5519,9,,,0
24019,'1184720',2236,,5520,9,,,0
24019,'1184783',1508,,5521,9,,,0
24019,'1184820',1021,,5522,9,,,0
24019,'1184838',1321,,5523,9,,,0
24019,'1184989',721,,5524,9,,,0
24019,'1185006',706,,5525,9,,,0
24019,'1185016',1708,,5526,9,,,0
24019,'1185028',1806,,5527,9,,,0
24019,'1185031',1608,,5528,9,,,0
24019,'1185105',1108,,5529,9,,,0
24019,'1185134',1538,,5530,9,,,0
24019,'1185220',2221,,5531,9,,,0
24019,'1185311',1307,,5532,9,,,0
24019,'1185652',706,,5533,9,,,0
24019,'1185680',906,,5534,9,,,0
24019,'1185686',2136,,5535,9,,,0
24019,'1185754',636,,5536,9,,,0
24019,'1185781',2106,,5537,9,,,0
24019,'1185861',836,,5538,9,,,0
24019,'1185884',1421,,5539,9,,,0
24019,'1186018',1638,,5540,9,,,0
24019,'1186037',1821,,5541,9,,,0
24019,'1186137',1221,,5542,9,,,0
24019,'1186166',1208,,5543,9,,,0
24019,'1186186',921,,5544,9,,,0
24019,'1186258',1621,,5545,9,,,0
24019,'1186359',2356,,5546,9,,,0
24019,'1186391',1308,,5547,9,,,0
24019,'1186431',1836,,5548,9,,,0
24019,'1186446',1438,,5549,9,,,0
24019,'1186476',1906,,5550,9,,,0
24019,'1186515',936,,5551,9,,,0
24019,'1186633',736,,5552,9,,,0
24019,'1186642',1921,,5553,9,,,0
24019,'1186693',2036,,5554,9,,,0
24019,'1186696',1507,,5555,9,,,0
24019,'1186725',1408,,5556,9,,,0
24019,'1186741',1121,,5557,9,,,0
24019,'1186817',1207,,5558,9,,,0
24019,'1186826',1521,,5559,9,,,0
24019,'1186904',1738,,5560,9,,,0
24019,'1186919',821,,5561,9,,,0
24019,'1186963',1107,,5562,9,,,0
24019,'1186974',1006,,5563,9,,,0
24019,'1186989',907,,5564,9,,,0
24019,'1187048',1007,,5565,9,,,0
24019,'1187054',2021,,5566,9,,,0
24019,'1187060',1721,,5567,9,,,0
24019,'1187065',2006,,5568,9,,,0
24019,'1187078',1936,,5569,9,,,0
24019,'1187091',2121,,5570,9,,,0
24019,'1187097',1606,,5571,9,,,0
24019,'1187111',1706,,5572,9,,,0
24019,'1187158',806,,5573,9,,,0
24019,'1187189',2206,,5574,9,,,0
