105029,'1150199',2027,,3422,71,,,0
105029,'1150361',657,,3424,71,,,0
105029,'1150640',1245,,3425,71,,,0
105029,'1150831',1642,,3427,71,,,0
105029,'1150967',1742,,3428,71,,,0
105029,'1151263',1745,,3431,71,,,0
105029,'1151286',2227,,3432,71,,,0
105029,'1151500',1500,,3433,71,,,0
105029,'1151551',640,,3434,71,,,0
105029,'1151563',1857,,3435,71,,,0
105029,'1151643',1842,,3437,71,,,0
105029,'1151929',840,,3440,71,,,0
105029,'1152027',1345,,3442,71,,,0
105029,'1152064',1815,,3445,71,,,0
105029,'1152144',2432,,3447,71,,,0
105029,'1152244',2240,,3449,71,,,0
105029,'1152289',1042,,3450,71,,,0
105029,'1152606',1542,,3454,71,,,0
105029,'1152997',1342,,3457,71,,,0
105029,'1153205',2040,,3458,71,,,0
105029,'1153333',1442,,3459,71,,,0
105029,'1153409',1142,,3461,71,,,0
105029,'1153442',2327,,3464,71,,,0
105029,'1153503',1030,,3465,71,,,0
105029,'1153624',1430,,3467,71,,,0
105029,'1153688',1715,,3468,71,,,0
105029,'1154104',1600,,3474,71,,,0
105029,'1154267',827,,3476,71,,,0
105029,'1154372',2127,,3477,71,,,0
105029,'1154485',727,,3479,71,,,0
105029,'1154581',2440,,3481,71,,,0
105029,'1154663',1645,,3482,71,,,0
105029,'1154768',1530,,3486,71,,,0
105029,'1154987',1130,,3487,71,,,0
105029,'1155078',927,,3488,71,,,0
105029,'1155257',1242,,3489,71,,,0
105029,'1155338',757,,3490,71,,,0
