14019,'1184716',1549,,5245,10,,,0
14019,'1184750',1519,,5248,10,,,0
14019,'1184836',2018,,5249,10,,,0
14019,'1184987',1649,,5251,10,,,0
14019,'1185168',1749,,5255,10,,,0
14019,'1185211',918,,5256,10,,,0
14019,'1185255',848,,5257,10,,,0
14019,'1185335',2318,,5260,10,,,0
14019,'1185505',648,,5262,10,,,0
14019,'1185624',1149,,5266,10,,,0
14019,'1185808',1818,,5269,10,,,0
14019,'1185845',718,,5270,10,,,0
14019,'1185852',1449,,5271,10,,,0
14019,'1186014',1619,,5273,10,,,0
14019,'1186156',1349,,5277,10,,,0
14019,'1186173',1918,,5279,10,,,0
14019,'1186421',748,,5288,10,,,0
14019,'1186443',2118,,5289,10,,,0
14019,'1186532',818,,5292,10,,,0
14019,'1186609',1719,,5295,10,,,0
14019,'1186632',1049,,5296,10,,,0
14019,'1186671',2218,,5298,10,,,0
14019,'1186767',1249,,5299,10,,,0
14019,'1187071',948,,5301,10,,,0
29019,'1184481',1341,,6083,10,,,0
29019,'1185521',1241,,6091,10,,,0
29019,'1186091',1141,,6097,10,,,0
29019,'1186733',941,,6101,10,,,0
29019,'1186835',1441,,6102,10,,,0
29019,'1186911',1041,,6103,10,,,0
29019,'1187090',1541,,6105,10,,,0
