24019,'1184619',604,,5516,7,,,0
24019,'1184689',2304,,5517,7,,,0
24019,'1184697',804,,5518,7,,,0
24019,'1184701',1405,,5519,7,,,0
24019,'1184720',2235,,5520,7,,,0
24019,'1184783',1506,,5521,7,,,0
24019,'1185006',705,,5525,7,,,0
24019,'1185016',1706,,5526,7,,,0
24019,'1185028',1804,,5527,7,,,0
24019,'1185031',1606,,5528,7,,,0
24019,'1185105',1106,,5529,7,,,0
24019,'1185134',1536,,5530,7,,,0
24019,'1185311',1305,,5532,7,,,0
24019,'1185652',704,,5533,7,,,0
24019,'1185680',905,,5534,7,,,0
24019,'1185686',2135,,5535,7,,,0
24019,'1185754',635,,5536,7,,,0
24019,'1185781',2104,,5537,7,,,0
24019,'1185861',835,,5538,7,,,0
24019,'1186018',1636,,5540,7,,,0
24019,'1186166',1206,,5543,7,,,0
24019,'1186359',2355,,5546,7,,,0
24019,'1186391',1306,,5547,7,,,0
24019,'1186431',1835,,5548,7,,,0
24019,'1186446',1436,,5549,7,,,0
24019,'1186476',1904,,5550,7,,,0
24019,'1186515',935,,5551,7,,,0
24019,'1186633',735,,5552,7,,,0
24019,'1186693',2035,,5554,7,,,0
24019,'1186696',1505,,5555,7,,,0
24019,'1186725',1406,,5556,7,,,0
24019,'1186817',1205,,5558,7,,,0
24019,'1186904',1736,,5560,7,,,0
24019,'1186963',1105,,5562,7,,,0
24019,'1186974',1005,,5563,7,,,0
24019,'1186989',905,,5564,7,,,0
24019,'1187048',1005,,5565,7,,,0
24019,'1187065',2004,,5568,7,,,0
24019,'1187078',1935,,5569,7,,,0
24019,'1187097',1604,,5571,7,,,0
24019,'1187111',1704,,5572,7,,,0
24019,'1187158',805,,5573,7,,,0
24019,'1187189',2204,,5574,7,,,0
