10019,'1150177',1817,,551,11,,,0
10019,'1150195',2047,,552,11,,,0
10019,'1150212',1847,,553,11,,,0
10019,'1150401',1517,,556,11,,,0
10019,'1150422',1747,,557,11,,,0
10019,'1150466',647,,558,11,,,0
10019,'1150579',1347,,560,11,,,0
10019,'1150648',2117,,561,11,,,0
10019,'1150771',2247,,562,11,,,0
10019,'1150873',1647,,564,11,,,0
10019,'1151478',1547,,570,11,,,0
10019,'1151671',947,,574,11,,,0
10019,'1151864',1147,,578,11,,,0
10019,'1151877',1247,,579,11,,,0
10019,'1151907',2017,,580,11,,,0
10019,'1151917',1747,,581,11,,,0
10019,'1152017',1247,,582,11,,,0
10019,'1152060',1047,,584,11,,,0
10019,'1152311',947,,588,11,,,0
10019,'1152461',2317,,590,11,,,0
10019,'1152473',847,,591,11,,,0
10019,'1152615',1147,,593,11,,,0
10019,'1152634',2347,,594,11,,,0
10019,'1152791',1047,,597,11,,,0
10019,'1152900',917,,600,11,,,0
10019,'1152904',1947,,601,11,,,0
10019,'1153120',647,,602,11,,,0
10019,'1153228',747,,604,11,,,0
10019,'1153418',2147,,606,11,,,0
10019,'1153451',717,,607,11,,,0
10019,'1153499',847,,609,11,,,0
10019,'1153548',1917,,610,11,,,0
10019,'1153739',747,,613,11,,,0
10019,'1153751',1547,,615,11,,,0
10019,'1153967',2217,,619,11,,,0
10019,'1154257',817,,627,11,,,0
10019,'1154380',1647,,630,11,,,0
10019,'1154723',1617,,635,11,,,0
10019,'1155009',1347,,638,11,,,0
10019,'1155027',1447,,639,11,,,0
10019,'1155413',1447,,640,11,,,0
10019,'1155441',1717,,642,11,,,0
10019,'1155495',618,,643,11,,,0
