28019,'1184531',1818,,5965,19,,,0
28019,'1184536',748,,5966,19,,,0
28019,'1184590',848,,5968,19,,,0
28019,'1184806',1418,,5969,19,,,0
28019,'1184960',803,,5971,19,,,0
28019,'1184962',1303,,5972,19,,,0
28019,'1185009',1748,,5973,19,,,0
28019,'1185083',1318,,5974,19,,,0
28019,'1185095',1618,,5976,19,,,0
28019,'1185107',1803,,5977,19,,,0
28019,'1185229',1018,,5979,19,,,0
28019,'1185263',2118,,5981,19,,,0
28019,'1185463',2403,,5983,19,,,0
28019,'1185469',1918,,5984,19,,,0
28019,'1185615',2218,,5986,19,,,0
28019,'1185768',648,,5988,19,,,0
28019,'1185787',1518,,5989,19,,,0
28019,'1185834',703,,5991,19,,,0
28019,'1185836',1903,,5992,19,,,0
28019,'1185880',2018,,5993,19,,,0
28019,'1185920',2318,,5994,19,,,0
28019,'1185987',1103,,5995,19,,,0
28019,'1186020',2203,,5996,19,,,0
28019,'1186085',1118,,5997,19,,,0
28019,'1186130',1218,,5998,19,,,0
28019,'1186196',1403,,5999,19,,,0
28019,'1186203',903,,6000,19,,,0
28019,'1186206',1503,,6001,19,,,0
28019,'1186293',818,,6002,19,,,0
28019,'1186426',1703,,6003,19,,,0
28019,'1186500',2303,,6006,19,,,0
28019,'1186547',2103,,6007,19,,,0
28019,'1186574',618,,6009,19,,,0
28019,'1186585',1718,,6010,19,,,0
28019,'1186743',1648,,6012,19,,,0
28019,'1186761',1848,,6015,19,,,0
28019,'1186844',918,,6017,19,,,0
28019,'1186887',2003,,6018,19,,,0
28019,'1187015',1003,,6019,19,,,0
28019,'1187017',718,,6020,19,,,0
28019,'1187021',1203,,6021,19,,,0
28019,'1187046',1603,,6022,19,,,0
