11029,'1184506',1407,,4908,28,,,0
11029,'1184513',837,,4909,28,,,0
11029,'1184541',637,,4910,28,,,0
11029,'1184557',1837,,4911,28,,,0
11029,'1184766',1737,,4912,28,,,0
11029,'1184779',1607,,4913,28,,,0
11029,'1184795',937,,4914,28,,,0
11029,'1184850',1537,,4915,28,,,0
11029,'1184878',2207,,4917,28,,,0
11029,'1184880',1337,,4918,28,,,0
11029,'1185026',1407,,4920,28,,,0
11029,'1185042',1737,,4921,28,,,0
11029,'1185074',2237,,4922,28,,,0
11029,'1185127',1437,,4924,28,,,0
11029,'1185162',1307,,4925,28,,,0
11029,'1185277',1607,,4926,28,,,0
11029,'1185286',737,,4927,28,,,0
11029,'1185292',1637,,4928,28,,,0
11029,'1185293',1007,,4929,28,,,0
11029,'1185336',2412,,4930,28,,,0
11029,'1185344',2007,,4931,28,,,0
11029,'1185436',1507,,4932,28,,,0
11029,'1185494',1107,,4934,28,,,0
11029,'1185535',1937,,4935,28,,,0
11029,'1185549',1037,,4936,28,,,0
11029,'1185677',707,,4938,28,,,0
11029,'1185922',1707,,4941,28,,,0
11029,'1185954',2037,,4943,28,,,0
11029,'1185961',807,,4944,28,,,0
11029,'1186012',1207,,4945,28,,,0
11029,'1186142',1707,,4948,28,,,0
11029,'1186219',1037,,4949,28,,,0
11029,'1186286',1137,,4950,28,,,0
11029,'1186289',2137,,4951,28,,,0
11029,'1186409',937,,4953,28,,,0
11029,'1186424',2307,,4955,28,,,0
11029,'1186439',1507,,4956,28,,,0
11029,'1186506',2107,,4957,28,,,0
11029,'1186509',1307,,4958,28,,,0
11029,'1186514',1237,,4959,28,,,0
11029,'1186544',907,,4960,28,,,0
11029,'1186550',737,,4961,28,,,0
11029,'1186618',1137,,4963,28,,,0
11029,'1186643',837,,4965,28,,,0
11029,'1186737',1537,,4966,28,,,0
11029,'1186756',1237,,4967,28,,,0
11029,'1186773',1807,,4968,28,,,0
11029,'1186853',1337,,4971,28,,,0
11029,'1186855',1907,,4972,28,,,0
11029,'1186936',2337,,4974,28,,,0
11029,'1186937',1637,,4975,28,,,0
11029,'1187025',1437,,4976,28,,,0
11029,'1187113',1207,,4977,28,,,0
22029,'1184764',1625,,5487,7,,,0
22029,'1184827',1825,,5488,7,,,0
22029,'1184961',855,,5489,7,,,0
22029,'1185495',1025,,5490,7,,,0
22029,'1185516',1225,,5491,7,,,0
22029,'1186247',1425,,5492,7,,,0
22029,'1186338',1256,,5493,7,,,0
22029,'1186669',824,,5494,7,,,0
22029,'1186871',1055,,5495,7,,,0
22029,'1187177',1456,,5496,7,,,0
140001029,'1184523',1159,,6687,21,,,0
140001029,'1184532',1301,,6688,21,,,0
140001029,'1184545',1244,,6689,21,,,0
140001029,'1184572',1329,,6690,21,,,0
140001029,'1184596',1314,,6691,21,,,0
140001029,'1184611',1829,,6692,21,,,0
140001029,'1184643',1659,,6693,21,,,0
140001029,'1184666',1231,,6694,21,,,0
140001029,'1184678',2159,,6695,21,,,0
140001029,'1184696',1644,,6696,21,,,0
140001029,'1184723',1246,,6697,21,,,0
140001029,'1184733',1046,,6698,21,,,0
140001029,'1184740',1514,,6699,21,,,0
140001029,'1184751',1131,,6700,21,,,0
140001029,'1184762',713,,6701,21,,,0
140001029,'1184767',1632,,6702,21,,,0
140001029,'1184776',1930,,6703,21,,,0
140001029,'1184780',2030,,6704,21,,,0
140001029,'1184781',1759,,6705,21,,,0
140001029,'1184831',1959,,6707,21,,,0
140001029,'1184857',2158,,6708,21,,,0
140001029,'1184870',1044,,6709,21,,,0
140001029,'1184882',1014,,6710,21,,,0
140001029,'1184900',2403,,6711,21,,,0
140001029,'1184931',1417,,6712,21,,,0
140001029,'1184953',1532,,6713,21,,,0
140001029,'1184976',1116,,6715,21,,,0
140001029,'1184985',1031,,6716,21,,,0
140001029,'1185004',1945,,6717,21,,,0
140001029,'1185040',929,,6718,21,,,0
140001029,'1185109',2059,,6720,21,,,0
140001029,'1185174',1346,,6721,21,,,0
140001029,'1185247',859,,6722,21,,,0
140001029,'1185256',729,,6723,21,,,0
140001029,'1185257',1444,,6724,21,,,0
140001029,'1185304',1815,,6725,21,,,0
140001029,'1185316',2229,,6726,21,,,0
140001029,'1185342',1717,,6727,21,,,0
140001029,'1185346',1146,,6728,21,,,0
140001029,'1185371',1414,,6729,21,,,0
140001029,'1185385',1729,,6730,21,,,0
140001029,'1185388',1331,,6731,21,,,0
140001029,'1185435',628,,6733,21,,,0
140001029,'1185441',728,,6734,21,,,0
140001029,'1185468',1747,,6735,21,,,0
140001029,'1185499',1915,,6736,21,,,0
140001029,'1185510',759,,6737,21,,,0
140001029,'1185551',743,,6739,21,,,0
140001029,'1185563',1517,,6740,21,,,0
140001029,'1185567',1714,,6741,21,,,0
140001029,'1185607',1402,,6742,21,,,0
140001029,'1185628',1800,,6743,21,,,0
140001029,'1185671',1529,,6744,21,,,0
140001029,'1185679',1201,,6745,21,,,0
140001029,'1185702',2015,,6746,21,,,0
140001029,'1185711',2359,,6747,21,,,0
140001029,'1185763',829,,6749,21,,,0
140001029,'1185777',1432,,6750,21,,,0
140001029,'1185793',1559,,6751,21,,,0
140001029,'1185797',1859,,6752,21,,,0
140001029,'1185815',1830,,6753,21,,,0
140001029,'1185853',758,,6754,21,,,0
140001029,'1185876',2000,,6755,21,,,0
140001029,'1185924',1844,,6758,21,,,0
140001029,'1185944',1144,,6760,21,,,0
140001029,'1185980',959,,6761,21,,,0
140001029,'1185984',1429,,6762,21,,,0
140001029,'1186002',1744,,6763,21,,,0
140001029,'1186021',1900,,6764,21,,,0
140001029,'1186022',813,,6765,21,,,0
140001029,'1186103',1101,,6767,21,,,0
140001029,'1186112',1029,,6768,21,,,0
140001029,'1186174',659,,6769,21,,,0
140001029,'1186176',1702,,6770,21,,,0
140001029,'1186187',2045,,6771,21,,,0
140001029,'1186218',1359,,6772,21,,,0
140001029,'1186240',1447,,6773,21,,,0
140001029,'1186266',2100,,6774,21,,,0
140001029,'1186274',1502,,6775,21,,,0
140001029,'1186303',943,,6776,21,,,0
140001029,'1186317',2129,,6777,21,,,0
140001029,'1186323',643,,6778,21,,,0
140001029,'1186417',2259,,6780,21,,,0
140001029,'1186420',1214,,6781,21,,,0
140001029,'1186427',1316,,6782,21,,,0
140001029,'1186430',2258,,6783,21,,,0
140001029,'1186433',1614,,6784,21,,,0
140001029,'1186493',1114,,6785,21,,,0
140001029,'1186545',1059,,6787,21,,,0
140001029,'1186566',858,,6789,21,,,0
140001029,'1186576',1216,,6790,21,,,0
140001029,'1186590',2029,,6791,21,,,0
140001029,'1186608',1845,,6793,21,,,0
140001029,'1186723',2329,,6794,21,,,0
140001029,'1186744',1617,,6796,21,,,0
140001029,'1186760',2228,,6797,21,,,0
140001029,'1186781',944,,6798,21,,,0
140001029,'1186810',828,,6799,21,,,0
140001029,'1186898',1732,,6801,21,,,0
140001029,'1186900',1459,,6802,21,,,0
140001029,'1186917',1344,,6803,21,,,0
140001029,'1186920',1602,,6804,21,,,0
140001029,'1186925',1629,,6805,21,,,0
140001029,'1186940',958,,6806,21,,,0
140001029,'1186951',843,,6807,21,,,0
140001029,'1186956',1129,,6808,21,,,0
140001029,'1186959',913,,6809,21,,,0
140001029,'1186999',1814,,6810,21,,,0
140001029,'1187010',1229,,6811,21,,,0
140001029,'1187020',1929,,6812,21,,,0
140001029,'1187022',2128,,6813,21,,,0
140001029,'1187041',2328,,6814,21,,,0
140001029,'1187068',629,,6815,21,,,0
140001029,'1187085',1016,,6816,21,,,0
140001029,'1187109',928,,6817,21,,,0
140001029,'1187115',1647,,6818,21,,,0
140001029,'1187118',1259,,6819,21,,,0
140001029,'1187136',658,,6820,21,,,0
140001029,'1187143',1547,,6821,21,,,0
140001029,'1187162',1544,,6822,21,,,0
