25029,'1150098',847,,2156,2,,,0
25029,'1150151',646,,2157,2,,,0
25029,'1150498',1617,,2158,2,,,0
25029,'1150759',1747,,2162,2,,,0
25029,'1150775',2047,,2164,2,,,0
25029,'1150917',2247,,2165,2,,,0
25029,'1151077',2247,,2170,2,,,0
25029,'1151239',1647,,2173,2,,,0
25029,'1151248',1147,,2174,2,,,0
25029,'1151251',1517,,2175,2,,,0
25029,'1151253',817,,2176,2,,,0
25029,'1151398',1447,,2178,2,,,0
25029,'1151422',717,,2179,2,,,0
25029,'1151517',1947,,2181,2,,,0
25029,'1151881',1747,,2184,2,,,0
25029,'1152003',1217,,2187,2,,,0
25029,'1152065',2346,,2189,2,,,0
25029,'1152448',1017,,2193,2,,,0
25029,'1152495',746,,2194,2,,,0
25029,'1152593',2147,,2195,2,,,0
25029,'1152738',1417,,2198,2,,,0
25029,'1152975',2407,,2204,2,,,0
25029,'1153012',1347,,2205,2,,,0
25029,'1153020',947,,2206,2,,,0
25029,'1153090',1847,,2207,2,,,0
25029,'1153136',1947,,2208,2,,,0
25029,'1153318',847,,2211,2,,,0
25029,'1153599',1117,,2214,2,,,0
25029,'1153605',2147,,2215,2,,,0
25029,'1153798',947,,2218,2,,,0
25029,'1154201',1717,,2226,2,,,0
25029,'1154378',1847,,2227,2,,,0
25029,'1154534',2047,,2229,2,,,0
25029,'1154602',1547,,2230,2,,,0
25029,'1154749',917,,2232,2,,,0
25029,'1154753',1247,,2233,2,,,0
25029,'1154917',1317,,2237,2,,,0
25029,'1155119',1647,,2240,2,,,0
25029,'1155205',1047,,2242,2,,,0
25029,'1155264',747,,2244,2,,,0
25029,'1155316',647,,2245,2,,,0
25029,'1155410',1447,,2246,2,,,0
25029,'1155414',1547,,2247,2,,,0
