104029,'1184515',1749,,6402,26,,,0
104029,'1184569',1500,,6403,26,,,0
104029,'1184607',949,,6404,26,,,0
104029,'1184693',804,,6405,26,,,0
104029,'1184753',1034,,6406,26,,,0
104029,'1184826',1419,,6407,26,,,0
104029,'1185072',1245,,6408,26,,,0
104029,'1185188',1534,,6409,26,,,0
104029,'1185189',804,,6410,26,,,0
104029,'1185232',2204,,6411,26,,,0
104029,'1185283',919,,6412,26,,,0
104029,'1185308',1630,,6413,26,,,0
104029,'1185312',1804,,6414,26,,,0
104029,'1185314',1004,,6415,26,,,0
104029,'1185325',1404,,6416,26,,,0
104029,'1185376',719,,6417,26,,,0
104029,'1185608',804,,6418,26,,,0
104029,'1185660',1034,,6419,26,,,0
104029,'1185732',834,,6420,26,,,0
104029,'1185743',604,,6421,26,,,0
104029,'1185921',1804,,6422,26,,,0
104029,'1185981',2034,,6423,26,,,0
104029,'1186069',919,,6424,26,,,0
104029,'1186088',2134,,6425,26,,,0
104029,'1186151',2304,,6426,26,,,0
104029,'1186178',2149,,6427,26,,,0
104029,'1186191',1330,,6428,26,,,0
104029,'1186192',1545,,6429,26,,,0
104029,'1186249',649,,6430,26,,,0
104029,'1186321',1604,,6431,26,,,0
104029,'1186354',1715,,6432,26,,,0
104029,'1186398',649,,6433,26,,,0
104029,'1186452',1204,,6434,26,,,0
104029,'1186583',2304,,6435,26,,,0
104029,'1186630',1304,,6436,26,,,0
104029,'1186704',2004,,6437,26,,,0
104029,'1186806',1149,,6438,26,,,0
104029,'1186854',1415,,6439,26,,,0
104029,'1186944',1834,,6440,26,,,0
104029,'1187050',1919,,6441,26,,,0
104029,'1187100',1200,,6442,26,,,0
104029,'1187128',2004,,6443,26,,,0
104029,'1187180',1649,,6444,26,,,0
