190001019,'1150167',1420,,3927,10,,,0
190001019,'1150378',1505,,3940,10,,,0
190001019,'1150412',2057,,3943,10,,,0
190001019,'1150432',1144,,3944,10,,,0
190001019,'1150455',1520,,3945,10,,,0
190001019,'1150496',1450,,3950,10,,,0
190001019,'1150557',1429,,3955,10,,,0
190001019,'1150567',1705,,3956,10,,,0
190001019,'1150623',1459,,3964,10,,,0
190001019,'1150669',2112,,3965,10,,,0
190001019,'1150671',1729,,3966,10,,,0
190001019,'1150695',1259,,3969,10,,,0
190001019,'1150743',2142,,3972,10,,,0
190001019,'1150792',727,,3977,10,,,0
190001019,'1150857',843,,3981,10,,,0
190001019,'1150903',1814,,3986,10,,,0
190001019,'1150953',813,,3989,10,,,0
190001019,'1150955',1114,,3990,10,,,0
190001019,'1150978',1358,,3991,10,,,0
190001019,'1150995',758,,3992,10,,,0
190001019,'1151072',1827,,4000,10,,,0
190001019,'1151099',2357,,4002,10,,,0
190001019,'1151128',927,,4004,10,,,0
190001019,'1151153',1550,,4008,10,,,0
190001019,'1151340',1812,,4014,10,,,0
190001019,'1151382',1029,,4016,10,,,0
190001019,'1151419',1912,,4020,10,,,0
190001019,'1151431',2257,,4021,10,,,0
190001019,'1151438',627,,4022,10,,,0
190001019,'1151519',1559,,4028,10,,,0
190001019,'1151569',1942,,4031,10,,,0
190001019,'1151650',1028,,4036,10,,,0
190001019,'1151674',1857,,4038,10,,,0
190001019,'1151688',1228,,4039,10,,,0
190001019,'1151700',1414,,4040,10,,,0
190001019,'1151776',1113,,4043,10,,,0
190001019,'1151790',1957,,4047,10,,,0
190001019,'1151826',2157,,4051,10,,,0
190001019,'1151848',1059,,4054,10,,,0
190001019,'1151893',1258,,4058,10,,,0
190001019,'1151946',2127,,4060,10,,,0
190001019,'1151966',743,,4061,10,,,0
190001019,'1151973',1143,,4062,10,,,0
190001019,'1152132',1159,,4072,10,,,0
190001019,'1152136',1313,,4073,10,,,0
190001019,'1152230',1214,,4077,10,,,0
190001019,'1152295',1614,,4084,10,,,0
190001019,'1152305',2027,,4085,10,,,0
190001019,'1152312',828,,4086,10,,,0
190001019,'1152361',2012,,4087,10,,,0
190001019,'1152368',827,,4088,10,,,0
190001019,'1152486',1650,,4094,10,,,0
190001019,'1152529',1058,,4095,10,,,0
190001019,'1152673',857,,4102,10,,,0
190001019,'1152703',1043,,4103,10,,,0
190001019,'1152726',1158,,4104,10,,,0
190001019,'1152753',657,,4106,10,,,0
190001019,'1152787',1735,,4107,10,,,0
190001019,'1152813',1842,,4109,10,,,0
190001019,'1152879',1343,,4119,10,,,0
190001019,'1152958',1720,,4126,10,,,0
190001019,'1152980',643,,4131,10,,,0
190001019,'1152987',1759,,4132,10,,,0
190001019,'1153002',1750,,4134,10,,,0
190001019,'1153044',757,,4138,10,,,0
190001019,'1153081',958,,4143,10,,,0
190001019,'1153116',1044,,4148,10,,,0
190001019,'1153184',1605,,4153,10,,,0
190001019,'1153224',2227,,4155,10,,,0
190001019,'1153249',2042,,4156,10,,,0
190001019,'1153258',1927,,4157,10,,,0
190001019,'1153260',1314,,4159,10,,,0
190001019,'1153314',658,,4164,10,,,0
190001019,'1153317',1229,,4165,10,,,0
190001019,'1153361',1957,,4167,10,,,0
190001019,'1153398',1620,,4169,10,,,0
190001019,'1153481',1714,,4173,10,,,0
190001019,'1153496',1514,,4175,10,,,0
190001019,'1153611',2257,,4181,10,,,0
190001019,'1153722',1535,,4189,10,,,0
190001019,'1153725',1244,,4190,10,,,0
190001019,'1153756',1213,,4193,10,,,0
190001019,'1153781',1435,,4199,10,,,0
190001019,'1153816',1644,,4204,10,,,0
190001019,'1153882',2057,,4206,10,,,0
190001019,'1153969',1344,,4209,10,,,0
190001019,'1154141',728,,4220,10,,,0
190001019,'1154159',1758,,4223,10,,,0
190001019,'1154180',1444,,4224,10,,,0
190001019,'1154219',2027,,4229,10,,,0
190001019,'1154273',928,,4234,10,,,0
190001019,'1154358',1012,,4243,10,,,0
190001019,'1154413',1529,,4248,10,,,0
190001019,'1154439',2327,,4250,10,,,0
190001019,'1154452',957,,4252,10,,,0
190001019,'1154708',1857,,4270,10,,,0
190001019,'1154720',2357,,4271,10,,,0
190001019,'1154801',1629,,4274,10,,,0
190001019,'1154809',713,,4275,10,,,0
190001019,'1154826',858,,4279,10,,,0
190001019,'1154831',2417,,4280,10,,,0
190001019,'1154832',1544,,4281,10,,,0
190001019,'1154885',1359,,4283,10,,,0
190001019,'1154918',913,,4285,10,,,0
190001019,'1154962',1328,,4287,10,,,0
190001019,'1154986',1635,,4293,10,,,0
190001019,'1155003',1827,,4295,10,,,0
190001019,'1155067',2227,,4299,10,,,0
190001019,'1155074',1927,,4301,10,,,0
190001019,'1155158',1129,,4310,10,,,0
190001019,'1155163',1243,,4312,10,,,0
190001019,'1155181',1744,,4313,10,,,0
190001019,'1155208',2157,,4314,10,,,0
190001019,'1155242',1329,,4316,10,,,0
190001019,'1155284',2127,,4318,10,,,0
190001019,'1155351',943,,4325,10,,,0
190001019,'1155362',1659,,4328,10,,,0
190001019,'1155407',2327,,4330,10,,,0
190001019,'1155492',1842,,4334,10,,,0
190001019,'1155509',1128,,4336,10,,,0
190001019,'1155522',1013,,4337,10,,,0
