105019,'1150133',941,,3356,23,,,0
105019,'1150519',1759,,3358,23,,,0
105019,'1150723',652,,3359,23,,,0
105019,'1150755',1444,,3360,23,,,0
105019,'1150957',841,,3364,23,,,0
105019,'1150991',1259,,3365,23,,,0
105019,'1151148',1054,,3367,23,,,0
105019,'1151174',1254,,3368,23,,,0
105019,'1151428',811,,3371,23,,,0
105019,'1151680',1829,,3374,23,,,0
105019,'1151743',741,,3375,23,,,0
105019,'1152002',2239,,3380,23,,,0
105019,'1152300',1354,,3381,23,,,0
105019,'1152360',639,,3382,23,,,0
105019,'1152386',711,,3383,23,,,0
105019,'1152506',1729,,3384,23,,,0
105019,'1152547',609,,3385,23,,,0
105019,'1152647',2139,,3386,23,,,0
105019,'1152697',2339,,3387,23,,,0
105019,'1153054',1454,,3390,23,,,0
105019,'1153337',1854,,3392,23,,,0
105019,'1153487',539,,3393,23,,,0
105019,'1153863',1154,,3395,23,,,0
105019,'1153895',1514,,3397,23,,,0
105019,'1154206',2039,,3398,23,,,0
105019,'1154598',1754,,3402,23,,,0
105019,'1154605',1654,,3403,23,,,0
105019,'1154691',1044,,3404,23,,,0
105019,'1154711',1554,,3406,23,,,0
105019,'1154821',1359,,3407,23,,,0
105019,'1154915',1909,,3409,23,,,0
105019,'1154933',1659,,3410,23,,,0
105019,'1155111',2252,,3412,23,,,0
105019,'1155143',1614,,3413,23,,,0
105019,'1155198',1144,,3415,23,,,0
105019,'1155339',1544,,3419,23,,,0
105019,'1155343',2052,,3420,23,,,0
105019,'1155497',852,,3421,23,,,0
