28029,'1184497',1751,,6024,11,,,0
28029,'1184574',1351,,6025,11,,,0
28029,'1184593',826,,6026,11,,,0
28029,'1184613',1430,,6027,11,,,0
28029,'1184621',1926,,6028,11,,,0
28029,'1184626',1212,,6029,11,,,0
28029,'1184645',656,,6030,11,,,0
28029,'1184755',751,,6031,11,,,0
28029,'1184851',1951,,6032,11,,,0
28029,'1184899',726,,6033,11,,,0
28029,'1184945',2411,,6034,11,,,0
28029,'1185005',2211,,6035,11,,,0
28029,'1185061',2326,,6036,11,,,0
28029,'1185065',1756,,6037,11,,,0
28029,'1185082',851,,6038,11,,,0
28029,'1185136',2011,,6039,11,,,0
28029,'1185196',1811,,6040,11,,,0
28029,'1185197',1126,,6041,11,,,0
28029,'1185241',1726,,6042,11,,,0
28029,'1185319',1856,,6043,11,,,0
28029,'1185353',911,,6044,11,,,0
28029,'1185378',951,,6045,11,,,0
28029,'1185414',711,,6046,11,,,0
28029,'1185431',626,,6047,11,,,0
28029,'1185439',2311,,6048,11,,,0
28029,'1185452',1151,,6049,11,,,0
28029,'1185500',1412,,6050,11,,,0
28029,'1185502',811,,6051,11,,,0
28029,'1185527',926,,6052,11,,,0
28029,'1185564',1451,,6053,11,,,0
28029,'1185589',1656,,6054,11,,,0
28029,'1185729',1111,,6055,11,,,0
28029,'1185745',1851,,6056,11,,,0
28029,'1185772',2051,,6057,11,,,0
28029,'1185842',2151,,6058,11,,,0
28029,'1185857',1551,,6059,11,,,0
28029,'1185868',856,,6060,11,,,0
28029,'1185871',1011,,6061,11,,,0
28029,'1185872',2226,,6062,11,,,0
28029,'1185895',1612,,6063,11,,,0
28029,'1185967',756,,6064,11,,,0
28029,'1186026',1911,,6065,11,,,0
28029,'1186052',1711,,6066,11,,,0
28029,'1186181',1826,,6067,11,,,0
28029,'1186228',1651,,6068,11,,,0
28029,'1186236',2251,,6069,11,,,0
28029,'1186332',1051,,6070,11,,,0
28029,'1186351',1026,,6071,11,,,0
28029,'1186414',1226,,6072,11,,,0
28029,'1186495',1326,,6073,11,,,0
28029,'1186497',1626,,6074,11,,,0
28029,'1186517',1251,,6075,11,,,0
28029,'1186598',1312,,6076,11,,,0
28029,'1186662',2126,,6077,11,,,0
28029,'1186811',2026,,6078,11,,,0
28029,'1186975',2351,,6079,11,,,0
28029,'1187038',1512,,6080,11,,,0
28029,'1187098',2111,,6081,11,,,0
28029,'1187107',1526,,6082,11,,,0
