29019,'1190655',1228,,8929,11,,,0
29019,'1190658',2328,,8930,11,,,0
29019,'1190695',1343,,8931,11,,,0
29019,'1190921',1328,,8932,11,,,0
29019,'1190990',1443,,8933,11,,,0
29019,'1191402',928,,8934,11,,,0
29019,'1191425',2128,,8935,11,,,0
29019,'1191673',1528,,8936,11,,,0
29019,'1191834',1928,,8937,11,,,0
29019,'1192098',2228,,8938,11,,,0
29019,'1192125',943,,8939,11,,,0
29019,'1192367',828,,8940,11,,,0
29019,'1192396',1543,,8941,11,,,0
29019,'1192451',1143,,8942,11,,,0
29019,'1192468',1128,,8943,11,,,0
29019,'1192512',1043,,8944,11,,,0
29019,'1192534',2028,,8945,11,,,0
29019,'1192606',1828,,8946,11,,,0
29019,'1192704',728,,8947,11,,,0
29019,'1192724',1028,,8948,11,,,0
29019,'1193069',1728,,8949,11,,,0
29019,'1193082',1428,,8950,11,,,0
29019,'1193084',1243,,8951,11,,,0
29019,'1193185',1628,,8952,11,,,0
