190001019,'1190598',1756,,9669,7,,,0
190001019,'1190613',2155,,9670,7,,,0
190001019,'1190615',911,,9671,7,,,0
190001019,'1190624',1900,,9672,7,,,0
190001019,'1190632',1532,,9673,7,,,0
190001019,'1190653',1357,,9674,7,,,0
190001019,'1190666',1300,,9675,7,,,0
190001019,'1190680',2125,,9676,7,,,0
190001019,'1190692',1527,,9677,7,,,0
190001019,'1190714',1825,,9678,7,,,0
190001019,'1190729',1627,,9679,7,,,0
190001019,'1190735',2300,,9680,7,,,0
190001019,'1190745',2200,,9681,7,,,0
190001019,'1190783',655,,9682,7,,,0
190001019,'1190786',1712,,9683,7,,,0
190001019,'1190790',1502,,9684,7,,,0
190001019,'1190808',1447,,9685,7,,,0
190001019,'1190834',1412,,9686,7,,,0
190001019,'1190840',1356,,9687,7,,,0
190001019,'1190855',1126,,9688,7,,,0
190001019,'1190862',1657,,9689,7,,,0
190001019,'1190871',925,,9690,7,,,0
190001019,'1190886',1111,,9691,7,,,0
190001019,'1190903',956,,9692,7,,,0
190001019,'1190944',1010,,9693,7,,,0
190001019,'1190949',955,,9694,7,,,0
190001019,'1190964',1042,,9695,7,,,0
190001019,'1190983',1855,,9696,7,,,0
190001019,'1190984',1226,,9697,7,,,0
190001019,'1190988',2040,,9698,7,,,0
190001019,'1190993',1141,,9699,7,,,0
190001019,'1191036',1100,,9700,7,,,0
190001019,'1191044',2140,,9701,7,,,0
190001019,'1191070',1427,,9702,7,,,0
190001019,'1191112',1955,,9703,7,,,0
190001019,'1191119',2025,,9704,7,,,0
190001019,'1191129',625,,9705,7,,,0
190001019,'1191166',2325,,9706,7,,,0
190001019,'1191178',1612,,9707,7,,,0
190001019,'1191219',800,,9708,7,,,0
190001019,'1191250',941,,9709,7,,,0
190001019,'1191298',1702,,9710,7,,,0
190001019,'1191309',1026,,9711,7,,,0
190001019,'1191315',1400,,9712,7,,,0
190001019,'1191323',2000,,9713,7,,,0
190001019,'1191330',1127,,9714,7,,,0
190001019,'1191334',811,,9715,7,,,0
190001019,'1191371',1700,,9716,7,,,0
190001019,'1191372',656,,9717,7,,,0
190001019,'1191373',1457,,9718,7,,,0
190001019,'1191411',756,,9719,7,,,0
190001019,'1191412',1602,,9720,7,,,0
190001019,'1191437',1717,,9721,7,,,0
190001019,'1191442',1242,,9722,7,,,0
190001019,'1191490',1056,,9723,7,,,0
190001019,'1191493',1442,,9724,7,,,0
190001019,'1191506',2125,,9725,7,,,0
190001019,'1191521',826,,9726,7,,,0
190001019,'1191531',1512,,9727,7,,,0
190001019,'1191568',1840,,9728,7,,,0
190001019,'1191583',1326,,9729,7,,,0
190001019,'1191618',1727,,9730,7,,,0
190001019,'1191655',1812,,9731,7,,,0
190001019,'1191682',1647,,9732,7,,,0
190001019,'1191728',2100,,9733,7,,,0
190001019,'1191731',1142,,9734,7,,,0
190001019,'1191732',1810,,9735,7,,,0
190001019,'1191858',1642,,9736,7,,,0
190001019,'1191862',1557,,9737,7,,,0
190001019,'1191875',1542,,9738,7,,,0
190001019,'1191876',1955,,9739,7,,,0
190001019,'1191896',1517,,9740,7,,,0
190001019,'1191906',1227,,9741,7,,,0
190001019,'1191913',1200,,9742,7,,,0
190001019,'1191916',2155,,9743,7,,,0
190001019,'1191951',2225,,9744,7,,,0
190001019,'1191981',2255,,9745,7,,,0
190001019,'1192041',1500,,9746,7,,,0
190001019,'1192042',841,,9747,7,,,0
190001019,'1192048',2255,,9748,7,,,0
190001019,'1192068',1041,,9749,7,,,0
190001019,'1192122',1341,,9750,7,,,0
190001019,'1192149',2415,,9751,7,,,0
190001019,'1192170',1855,,9752,7,,,0
190001019,'1192174',1940,,9753,7,,,0
190001019,'1192178',855,,9754,7,,,0
190001019,'1192182',1742,,9755,7,,,0
190001019,'1192193',2010,,9756,7,,,0
190001019,'1192214',755,,9757,7,,,0
190001019,'1192221',1342,,9758,7,,,0
190001019,'1192232',741,,9759,7,,,0
190001019,'1192258',1632,,9760,7,,,0
190001019,'1192297',1211,,9761,7,,,0
190001019,'1192312',1840,,9762,7,,,0
190001019,'1192323',1011,,9763,7,,,0
190001019,'1192325',641,,9764,7,,,0
190001019,'1192328',1747,,9765,7,,,0
190001019,'1192331',2225,,9766,7,,,0
190001019,'1192342',1257,,9767,7,,,0
190001019,'1192373',725,,9768,7,,,0
190001019,'1192418',2325,,9769,7,,,0
190001019,'1192495',1156,,9770,7,,,0
190001019,'1192499',825,,9771,7,,,0
190001019,'1192504',1157,,9772,7,,,0
190001019,'1192510',1925,,9773,7,,,0
190001019,'1192549',1311,,9774,7,,,0
190001019,'1192555',1327,,9775,7,,,0
190001019,'1192562',1256,,9776,7,,,0
190001019,'1192597',2355,,9777,7,,,0
190001019,'1192623',926,,9778,7,,,0
190001019,'1192634',1600,,9779,7,,,0
190001019,'1192700',2055,,9780,7,,,0
190001019,'1192705',1925,,9781,7,,,0
190001019,'1192721',1732,,9782,7,,,0
190001019,'1192738',1617,,9783,7,,,0
190001019,'1192780',1417,,9784,7,,,0
190001019,'1192804',856,,9785,7,,,0
190001019,'1192819',2400,,9786,7,,,0
190001019,'1192850',1825,,9787,7,,,0
190001019,'1192871',1547,,9788,7,,,0
190001019,'1192899',1757,,9789,7,,,0
190001019,'1192937',1212,,9790,7,,,0
190001019,'1192956',1800,,9791,7,,,0
190001019,'1192985',726,,9792,7,,,0
190001019,'1193021',1112,,9793,7,,,0
190001019,'1193026',1910,,9794,7,,,0
190001019,'1193027',1027,,9795,7,,,0
190001019,'1193047',2110,,9796,7,,,0
190001019,'1193085',900,,9797,7,,,0
190001019,'1193107',1241,,9798,7,,,0
190001019,'1193134',2055,,9799,7,,,0
190001019,'1193154',2025,,9800,7,,,0
190001019,'1193155',1312,,9801,7,,,0
190001019,'1193192',1000,,9802,7,,,0
190001019,'1193224',1057,,9803,7,,,0
190001019,'1193286',2355,,9804,7,,,0
190001019,'1193303',711,,9805,7,,,0
190001019,'1193314',1432,,9806,7,,,0
