104019,'1152965',2406,,3255,10,,,0
104019,'1153406',2426,,3260,10,,,0
104029,'1150508',1737,,3292,10,,,0
104029,'1150833',1230,,3301,10,,,0
104029,'1150856',2251,,3302,10,,,0
104029,'1151008',1445,,3304,10,,,0
104029,'1151097',2121,,3305,10,,,0
104029,'1151285',1145,,3310,10,,,0
104029,'1151623',751,,3312,10,,,0
104029,'1151632',1615,,3313,10,,,0
104029,'1151639',1021,,3314,10,,,0
104029,'1151734',906,,3316,10,,,0
104029,'1151896',636,,3319,10,,,0
104029,'1152059',551,,3322,10,,,0
104029,'1152405',706,,3325,10,,,0
104029,'1152789',1530,,3333,10,,,0
104029,'1153825',1951,,3339,10,,,0
104029,'1154373',821,,3341,10,,,0
104029,'1154842',936,,3344,10,,,0
104029,'1154990',1700,,3347,10,,,0
104029,'1155225',1821,,3350,10,,,0
104029,'1155342',1400,,3352,10,,,0
104029,'1155435',1315,,3353,10,,,0
104029,'1174582',1021,,4339,10,,,0
104029,'1174742',1636,,4340,10,,,0
104029,'1174783',2021,,4341,10,,,0
104029,'1174936',751,,4342,10,,,0
104029,'1175045',636,,4343,10,,,0
104029,'1175446',1751,,4344,10,,,0
104029,'1175466',1521,,4345,10,,,0
104029,'1175637',906,,4346,10,,,0
104029,'1175833',1406,,4347,10,,,0
104029,'1175995',1251,,4348,10,,,0
104029,'1176420',1906,,4349,10,,,0
104029,'1176424',1136,,4350,10,,,0
104029,'1176552',2251,,4351,10,,,0
104029,'1177233',2136,,4352,10,,,0
104029,'1181155',1400,,4353,10,,,0
104029,'1181212',1145,,4354,10,,,0
104029,'1181411',1445,,4355,10,,,0
104029,'1181445',1230,,4356,10,,,0
104029,'1181463',751,,4357,10,,,0
104029,'1181465',1021,,4358,10,,,0
104029,'1181610',1737,,4359,10,,,0
104029,'1181818',2121,,4360,10,,,0
104029,'1181976',936,,4361,10,,,0
104029,'1181990',551,,4362,10,,,0
104029,'1182344',1315,,4363,10,,,0
104029,'1182649',906,,4364,10,,,0
104029,'1182756',2251,,4365,10,,,0
104029,'1182765',1821,,4366,10,,,0
104029,'1183191',1700,,4367,10,,,0
104029,'1183225',706,,4368,10,,,0
104029,'1183615',821,,4369,10,,,0
104029,'1183699',1951,,4370,10,,,0
104029,'1183734',1615,,4371,10,,,0
104029,'1184115',1530,,4372,10,,,0
104029,'1184200',636,,4373,10,,,0
