3019,'1150305',828,,311,43,4,,0
3019,'1150481',1229,,313,43,4,,0
3019,'1150563',829,,315,43,4,,0
3019,'1150811',1828,,317,43,4,,0
3019,'1150889',1129,,319,43,4,,0
3019,'1151035',1429,,321,43,4,,0
3019,'1151203',959,,325,43,4,,0
3019,'1151213',1529,,326,43,4,,0
3019,'1151256',2328,,328,43,4,,0
3019,'1151321',929,,329,43,4,,0
3019,'1151393',2058,,330,43,4,,0
3019,'1151400',659,,331,43,4,,0
3019,'1151491',1229,,332,43,4,,0
3019,'1151513',1729,,334,43,4,,0
3019,'1151779',1059,,339,43,4,,0
3019,'1151871',2028,,343,43,4,,0
3019,'1151922',2328,,344,43,4,,0
3019,'1152057',1729,,347,43,4,,0
3019,'1152063',1529,,348,43,4,,0
3019,'1152133',630,,349,13,4,,0
3019,'1152202',2158,,350,43,4,,0
3019,'1152231',1459,,351,43,4,,0
3019,'1152571',859,,352,43,4,,0
3019,'1152669',1828,,354,43,4,,0
3019,'1153248',1958,,365,43,4,,0
3019,'1153272',728,,366,43,4,,0
3019,'1153282',2028,,367,43,4,,0
3019,'1153300',1329,,368,43,4,,0
3019,'1153438',1659,,373,43,4,,0
3019,'1153604',1759,,375,43,4,,0
3019,'1153670',1028,,377,43,4,,0
3019,'1153676',2228,,378,43,4,,0
3019,'1153785',1359,,380,43,4,,0
3019,'1153853',1629,,381,43,4,,0
3019,'1154020',1129,,384,43,4,,0
3019,'1154065',2428,,386,43,4,,0
3019,'1154163',1928,,387,43,4,,0
3019,'1154275',1259,,388,43,4,,0
3019,'1154394',2128,,390,43,4,,0
3019,'1154423',759,,391,43,4,,0
3019,'1154499',2128,,394,43,4,,0
3019,'1154600',1029,,395,43,4,,0
3019,'1154623',1858,,397,43,4,,0
3019,'1154659',1629,,398,43,4,,0
3019,'1154779',2418,,399,43,4,,0
3019,'1154791',928,,400,43,4,,0
3019,'1154895',1329,,402,43,4,,0
3019,'1154981',1159,,403,43,4,,0
3019,'1155129',1559,,404,43,4,,0
3019,'1155147',729,,405,43,4,,0
3019,'1155272',1928,,407,43,4,,0
3019,'1155323',1429,,408,43,4,,0
3019,'1155368',630,,409,13,4,,0
3019,'1155504',2228,,412,43,4,,0
3029,'1150202',2001,,417,1,,,0
3029,'1150338',1030,,419,1,,,0
3029,'1150614',630,,422,1,,,0
3029,'1150985',1031,,425,1,,,0
3029,'1151183',1831,,429,1,,,0
3029,'1151192',1630,,430,1,,,0
3029,'1151504',1631,,432,1,,,0
3029,'1151640',1730,,435,1,,,0
3029,'1151683',1500,,437,1,,,0
3029,'1151731',1931,,438,1,,,0
3029,'1151876',2031,,442,1,,,0
3029,'1151984',801,,445,1,,,0
3029,'1152000',1130,,447,1,,,0
3029,'1152164',2230,,450,1,,,0
3029,'1152335',731,,453,1,,,0
3029,'1152374',2231,,454,1,,,0
3029,'1152494',1300,,459,1,,,0
3029,'1152784',901,,463,1,,,0
3029,'1152803',1200,,464,1,,,0
3029,'1152828',1530,,465,1,,,0
3029,'1152863',1001,,466,1,,,0
3029,'1152936',1231,,467,1,,,0
3029,'1153075',1331,,470,1,,,0
3029,'1153143',1700,,473,1,,,0
3029,'1153218',830,,474,1,,,0
3029,'1153269',1800,,475,1,,,0
3029,'1153277',2130,,476,1,,,0
3029,'1153325',930,,477,1,,,0
3029,'1153346',1330,,478,1,,,0
3029,'1153473',1600,,480,1,,,0
3029,'1153476',701,,481,1,,,0
3029,'1153644',1230,,482,1,,,0
3029,'1153678',1830,,483,1,,,0
3029,'1153903',2330,,485,1,,,0
3029,'1153992',1901,,487,1,,,0
3029,'1154123',1930,,491,1,,,0
3029,'1154264',730,,495,1,,,0
3029,'1154368',1430,,497,1,,,0
3029,'1154445',831,,498,1,,,0
3029,'1154525',2030,,500,1,,,0
3029,'1154677',2101,,502,1,,,0
3029,'1154694',1131,,503,1,,,0
3029,'1154731',1101,,504,1,,,0
3029,'1154736',2201,,505,1,,,0
3029,'1154807',631,,506,1,,,0
3029,'1154840',2328,,508,1,,,0
3029,'1155071',1531,,511,1,,,0
3029,'1155137',1400,,512,1,,,0
3029,'1155140',1431,,513,1,,,0
3029,'1155180',931,,514,1,,,0
3029,'1155345',2131,,516,1,,,0
3029,'1155451',1731,,518,1,,,0
4019,'1150173',1422,,519,25,4,,0
4019,'1150739',754,,520,25,4,,0
4019,'1150908',1752,,521,25,4,,0
4019,'1150956',1622,,522,25,4,,0
4019,'1151139',1552,,523,25,4,,0
4019,'1151875',853,,524,25,4,,0
4019,'1152822',723,,525,25,4,,0
4019,'1153216',1652,,526,25,4,,0
4019,'1153770',1722,,527,25,4,,0
4019,'1154133',823,,528,25,4,,0
4019,'1154229',1352,,529,25,4,,0
4019,'1154526',923,,530,25,4,,0
4019,'1154911',1522,,531,25,4,,0
4019,'1155331',952,,532,25,4,,0
4019,'1155513',1452,,533,25,4,,0
4029,'1150488',1425,,534,1,,,0
4029,'1150534',955,,535,1,,,0
4029,'1150809',825,,536,1,,,0
4029,'1150905',1525,,537,1,,,0
4029,'1151009',725,,538,1,,,0
4029,'1151572',855,,539,1,,,0
4029,'1151800',1455,,540,1,,,0
4029,'1152734',925,,541,1,,,0
4029,'1152848',1355,,542,1,,,0
4029,'1153740',1655,,543,1,,,0
4029,'1154197',1555,,544,1,,,0
4029,'1154409',755,,545,1,,,0
4029,'1154674',1625,,546,1,,,0
4029,'1155056',1755,,547,1,,,0
4029,'1155206',1725,,548,1,,,0
