105019,'1150133',1008,,3356,60,,,0
105019,'1150519',1826,,3358,60,,,0
105019,'1150723',716,,3359,60,,,0
105019,'1150755',1511,,3360,60,,,0
105019,'1150957',908,,3364,60,,,0
105019,'1150991',1326,,3365,60,,,0
105019,'1151148',1118,,3367,60,,,0
105019,'1151174',1318,,3368,60,,,0
105019,'1151428',838,,3371,60,,,0
105019,'1151680',1856,,3374,60,,,0
105019,'1151743',808,,3375,60,,,0
105019,'1152002',2303,,3380,60,,,0
105019,'1152300',1418,,3381,60,,,0
105019,'1152360',704,,3382,60,,,0
105019,'1152386',738,,3383,60,,,0
105019,'1152506',1756,,3384,60,,,0
105019,'1152547',634,,3385,60,,,0
105019,'1152647',2203,,3386,60,,,0
105019,'1152697',2403,,3387,60,,,0
105019,'1153054',1518,,3390,60,,,0
105019,'1153337',1918,,3392,60,,,0
105019,'1153487',604,,3393,60,,,0
105019,'1153863',1218,,3395,60,,,0
105019,'1153895',1541,,3397,60,,,0
105019,'1154206',2103,,3398,60,,,0
105019,'1154598',1818,,3402,60,,,0
105019,'1154605',1718,,3403,60,,,0
105019,'1154691',1111,,3404,60,,,0
105019,'1154711',1618,,3406,60,,,0
105019,'1154821',1426,,3407,60,,,0
105019,'1154915',1933,,3409,60,,,0
105019,'1154933',1726,,3410,60,,,0
105019,'1155111',2316,,3412,60,,,0
105019,'1155143',1641,,3413,60,,,0
105019,'1155198',1211,,3415,60,,,0
105019,'1155339',1611,,3419,60,,,0
105019,'1155343',2116,,3420,60,,,0
105019,'1155497',916,,3421,60,,,0
106029,'1150415',742,,3497,11,,,0
106029,'1152319',1012,,3498,11,,,0
106029,'1153399',1729,,3499,11,,,0
106029,'1153977',1614,,3500,11,,,0
106029,'1155105',1844,,3501,11,,,0
106029,'1155380',857,,3502,11,,,0
