24029,'1184518',1017,,5575,3,,,0
24029,'1184606',2146,,5577,3,,,0
24029,'1184633',1916,,5578,3,,,0
24029,'1184866',2116,,5580,3,,,0
24029,'1184886',2046,,5581,3,,,0
24029,'1184935',1448,,5582,3,,,0
24029,'1185126',1816,,5584,3,,,0
24029,'1185145',1548,,5585,3,,,0
24029,'1185149',1417,,5586,3,,,0
24029,'1185155',2316,,5587,3,,,0
24029,'1185269',646,,5589,3,,,0
24029,'1185575',1846,,5593,3,,,0
24029,'1185722',716,,5594,3,,,0
24029,'1185736',1517,,5595,3,,,0
24029,'1185748',615,,5596,3,,,0
24029,'1185804',946,,5598,3,,,0
24029,'1185826',1118,,5599,3,,,0
24029,'1185858',1218,,5600,3,,,0
24029,'1185863',816,,5601,3,,,0
24029,'1185926',1748,,5602,3,,,0
24029,'1185940',1418,,5603,3,,,0
24029,'1185977',1318,,5605,3,,,0
24029,'1186056',1648,,5606,3,,,0
24029,'1186126',2406,,5607,3,,,0
24029,'1186129',1716,,5608,3,,,0
24029,'1186212',1718,,5610,3,,,0
24029,'1186221',1616,,5611,3,,,0
24029,'1186298',1317,,5613,3,,,0
24029,'1186320',1217,,5614,3,,,0
24029,'1186372',715,,5615,3,,,0
24029,'1186489',917,,5617,3,,,0
24029,'1186512',1117,,5619,3,,,0
24029,'1186553',1618,,5620,3,,,0
24029,'1186579',916,,5621,3,,,0
24029,'1186656',1016,,5622,3,,,0
24029,'1186661',1518,,5623,3,,,0
24029,'1186683',846,,5624,3,,,0
24029,'1186739',816,,5625,3,,,0
24029,'1186839',2216,,5627,3,,,0
24029,'1186885',746,,5628,3,,,0
24029,'1186912',2246,,5629,3,,,0
24029,'1186935',2016,,5631,3,,,0
24029,'1187186',1946,,5634,3,,,0
105019,'1184475',1929,,6445,105,,,0
105019,'1184709',1859,,6446,105,,,0
105019,'1184754',1147,,6447,105,,,0
105019,'1184819',841,,6448,105,,,0
105019,'1184825',2333,,6449,105,,,0
105019,'1184879',1544,,6450,105,,,0
105019,'1184888',1041,,6451,105,,,0
105019,'1184928',1247,,6452,105,,,0
105019,'1184969',2346,,6453,105,,,0
105019,'1185022',2146,,6454,105,,,0
105019,'1185176',734,,6455,105,,,0
105019,'1185212',704,,6456,105,,,0
105019,'1185354',1947,,6457,105,,,0
105019,'1185498',2003,,6458,105,,,0
105019,'1185550',1447,,6460,105,,,0
105019,'1185569',1829,,6462,105,,,0
105019,'1185641',941,,6463,105,,,0
105019,'1185695',1359,,6465,105,,,0
105019,'1185708',2133,,6466,105,,,0
105019,'1185822',1347,,6468,105,,,0
105019,'1185894',1244,,6469,105,,,0
105019,'1186015',1459,,6470,105,,,0
105019,'1186061',1644,,6471,105,,,0
105019,'1186380',1144,,6473,105,,,0
105019,'1186477',1714,,6475,105,,,0
105019,'1186519',1747,,6477,105,,,0
105019,'1186601',1759,,6478,105,,,0
105019,'1186602',811,,6479,105,,,0
105019,'1186624',1647,,6481,105,,,0
105019,'1186706',1847,,6482,105,,,0
105019,'1186813',946,,6483,105,,,0
105019,'1186864',2433,,6484,105,,,0
105019,'1186870',634,,6485,105,,,0
105019,'1186896',911,,6486,105,,,0
105019,'1187008',746,,6487,105,,,0
105019,'1187009',2233,,6488,105,,,0
105019,'1187061',1614,,6489,105,,,0
105019,'1187069',1547,,6490,105,,,0
106029,'1184503',1029,,6543,36,,,0
106029,'1184668',1901,,6544,36,,,0
106029,'1185934',1746,,6545,36,,,0
106029,'1185946',1631,,6546,36,,,0
106029,'1186791',914,,6547,36,,,0
106029,'1186882',759,,6548,36,,,0
140001019,'1184509',2216,,6549,15,,,0
140001019,'1184540',1946,,6550,15,,,0
140001019,'1184562',1639,,6551,15,,,0
140001019,'1184578',1624,,6552,15,,,0
140001019,'1184595',1609,,6553,15,,,0
140001019,'1184599',2246,,6554,15,,,0
140001019,'1184612',1846,,6555,15,,,0
140001019,'1184630',1831,,6556,15,,,0
140001019,'1184647',1016,,6558,15,,,0
140001019,'1184675',2116,,6559,15,,,0
140001019,'1184702',1817,,6560,15,,,0
140001019,'1184718',1116,,6561,15,,,0
140001019,'1184734',1747,,6562,15,,,0
140001019,'1184738',1202,,6563,15,,,0
140001019,'1184745',2216,,6564,15,,,0
140001019,'1184778',946,,6566,15,,,0
140001019,'1184790',646,,6567,15,,,0
140001019,'1184803',1402,,6568,15,,,0
140001019,'1184853',1916,,6569,15,,,0
140001019,'1184914',816,,6570,15,,,0
140001019,'1184921',731,,6571,15,,,0
140001019,'1184937',1524,,6572,15,,,0
140001019,'1184963',1147,,6573,15,,,0
140001019,'1185036',1347,,6575,15,,,0
140001019,'1185057',1901,,6576,15,,,0
140001019,'1185129',1754,,6577,15,,,0
140001019,'1185140',1217,,6578,15,,,0
140001019,'1185142',1602,,6579,15,,,0
140001019,'1185160',2046,,6580,15,,,0
140001019,'1185207',1831,,6581,15,,,0
140001019,'1185222',1347,,6582,15,,,0
140001019,'1185243',1101,,6583,15,,,0
140001019,'1185258',1547,,6584,15,,,0
140001019,'1185294',1931,,6586,15,,,0
140001019,'1185295',1502,,6587,15,,,0
140001019,'1185300',1554,,6588,15,,,0
140001019,'1185361',1332,,6590,15,,,0
140001019,'1185372',2016,,6591,15,,,0
140001019,'1185417',1454,,6592,15,,,0
140001019,'1185437',1532,,6593,15,,,0
140001019,'1185447',2101,,6594,15,,,0
140001019,'1185481',2116,,6595,15,,,0
140001019,'1185482',1539,,6596,15,,,0
140001019,'1185489',746,,6597,15,,,0
140001019,'1185490',701,,6598,15,,,0
140001019,'1185517',1802,,6599,15,,,0
140001019,'1185524',1816,,6600,15,,,0
140001019,'1185526',816,,6601,15,,,0
140001019,'1185529',846,,6602,15,,,0
140001019,'1185583',1032,,6603,15,,,0
140001019,'1185602',916,,6604,15,,,0
140001019,'1185685',1702,,6605,15,,,0
140001019,'1185692',2146,,6607,15,,,0
140001019,'1185707',1117,,6608,15,,,0
140001019,'1185713',1946,,6609,15,,,0
140001019,'1185792',1046,,6610,15,,,0
140001019,'1185801',1232,,6611,15,,,0
140001019,'1185833',1102,,6613,15,,,0
140001019,'1185847',1001,,6614,15,,,0
140001019,'1185859',1739,,6615,15,,,0
140001019,'1185906',1717,,6616,15,,,0
140001019,'1185973',746,,6617,15,,,0
140001019,'1185983',1647,,6618,15,,,0
140001019,'1185989',1302,,6619,15,,,0
140001019,'1186033',2346,,6620,15,,,0
140001019,'1186044',1302,,6621,15,,,0
140001019,'1186068',716,,6623,15,,,0
140001019,'1186078',1317,,6624,15,,,0
140001019,'1186080',2316,,6625,15,,,0
140001019,'1186083',1517,,6626,15,,,0
140001019,'1186095',801,,6627,15,,,0
140001019,'1186144',916,,6629,15,,,0
140001019,'1186163',846,,6630,15,,,0
140001019,'1186172',1132,,6631,15,,,0
140001019,'1186199',2416,,6633,15,,,0
140001019,'1186209',1424,,6634,15,,,0
140001019,'1186213',1247,,6635,15,,,0
140001019,'1186245',1317,,6637,15,,,0
140001019,'1186275',1217,,6638,15,,,0
140001019,'1186281',1632,,6639,15,,,0
140001019,'1186287',1432,,6640,15,,,0
140001019,'1186309',2031,,6641,15,,,0
140001019,'1186322',1132,,6642,15,,,0
140001019,'1186357',2246,,6643,15,,,0
140001019,'1186365',1654,,6644,15,,,0
140001019,'1186390',1001,,6646,15,,,0
140001019,'1186402',716,,6647,15,,,0
140001019,'1186436',1031,,6648,15,,,0
140001019,'1186451',2146,,6649,15,,,0
140001019,'1186459',1247,,6650,15,,,0
140001019,'1186490',1916,,6651,15,,,0
140001019,'1186521',931,,6652,15,,,0
140001019,'1186591',1509,,6653,15,,,0
140001019,'1186644',1147,,6654,15,,,0
140001019,'1186710',646,,6655,15,,,0
140001019,'1186778',1332,,6656,15,,,0
140001019,'1186796',946,,6657,15,,,0
140001019,'1186812',1901,,6658,15,,,0
140001019,'1186825',1732,,6659,15,,,0
140001019,'1186877',2016,,6661,15,,,0
140001019,'1186946',1047,,6662,15,,,0
140001019,'1186987',901,,6663,15,,,0
140001019,'1186991',1617,,6664,15,,,0
140001019,'1186995',1439,,6665,15,,,0
140001019,'1187006',2416,,6666,15,,,0
140001019,'1187023',1016,,6667,15,,,0
140001019,'1187024',1417,,6668,15,,,0
140001019,'1187027',1709,,6669,15,,,0
140001019,'1187043',2046,,6670,15,,,0
140001019,'1187049',2341,,6671,15,,,0
140001019,'1187052',1402,,6672,15,,,0
140001019,'1187055',1724,,6673,15,,,0
140001019,'1187073',2316,,6676,15,,,0
140001019,'1187080',2001,,6677,15,,,0
140001019,'1187102',1232,,6679,15,,,0
140001019,'1187156',1447,,6681,15,,,0
140001019,'1187161',1805,,6682,15,,,0
140001019,'1187178',1846,,6683,15,,,0
140001019,'1187181',831,,6684,15,,,0
140001019,'1187193',1202,,6685,15,,,0
