105019,'1184475',1829,,6445,22,,,0
105019,'1184709',1759,,6446,22,,,0
105019,'1184819',741,,6448,22,,,0
105019,'1184825',2238,,6449,22,,,0
105019,'1184879',1444,,6450,22,,,0
105019,'1184888',941,,6451,22,,,0
105019,'1185176',638,,6455,22,,,0
105019,'1185212',608,,6456,22,,,0
105019,'1185498',1908,,6458,22,,,0
105019,'1185569',1729,,6462,22,,,0
105019,'1185641',841,,6463,22,,,0
105019,'1185695',1259,,6465,22,,,0
105019,'1185708',2038,,6466,22,,,0
105019,'1185894',1144,,6469,22,,,0
105019,'1186015',1359,,6470,22,,,0
105019,'1186061',1544,,6471,22,,,0
105019,'1186380',1044,,6473,22,,,0
105019,'1186477',1614,,6475,22,,,0
105019,'1186601',1659,,6478,22,,,0
105019,'1186602',711,,6479,22,,,0
105019,'1186864',2338,,6484,22,,,0
105019,'1186870',538,,6485,22,,,0
105019,'1186896',811,,6486,22,,,0
105019,'1187009',2138,,6488,22,,,0
105019,'1187061',1514,,6489,22,,,0
