11019,'1184526',2230,,4837,23,,,0
11019,'1184558',1132,,4838,23,,,0
11019,'1184570',901,,4839,23,,,0
11019,'1184627',1402,,4840,23,,,0
11019,'1184646',2300,,4841,23,,,0
11019,'1184679',2330,,4842,23,,,0
11019,'1184687',1732,,4843,23,,,0
11019,'1184719',1930,,4844,23,,,0
11019,'1184732',1000,,4845,23,,,0
11019,'1184752',802,,4846,23,,,0
11019,'1184759',1702,,4847,23,,,0
11019,'1184769',731,,4848,23,,,0
11019,'1184814',1532,,4849,23,,,0
11019,'1184824',701,,4850,23,,,0
11019,'1184835',700,,4851,23,,,0
11019,'1184858',1102,,4852,23,,,0
11019,'1184883',1402,,4853,23,,,0
11019,'1184974',2202,,4854,23,,,0
11019,'1185068',1830,,4855,23,,,0
11019,'1185073',1232,,4856,23,,,0
11019,'1185206',1602,,4857,23,,,0
11019,'1185216',2102,,4858,23,,,0
11019,'1185225',2130,,4859,23,,,0
11019,'1185298',1702,,4860,23,,,0
11019,'1185313',1102,,4861,23,,,0
11019,'1185369',1202,,4862,23,,,0
11019,'1185409',2200,,4863,23,,,0
11019,'1185422',1102,,4864,23,,,0
11019,'1185501',1802,,4865,23,,,0
11019,'1185545',800,,4866,23,,,0
11019,'1185559',931,,4867,23,,,0
11019,'1185588',902,,4868,23,,,0
11019,'1185593',1002,,4869,23,,,0
11019,'1185662',1502,,4870,23,,,0
11019,'1185690',1502,,4871,23,,,0
11019,'1185710',2400,,4872,23,,,0
11019,'1185761',1902,,4873,23,,,0
11019,'1185776',1031,,4874,23,,,0
11019,'1185795',1532,,4875,23,,,0
11019,'1185877',1202,,4876,23,,,0
11019,'1185900',1232,,4877,23,,,0
11019,'1185913',2302,,4878,23,,,0
11019,'1186010',1602,,4879,23,,,0
11019,'1186027',1302,,4880,23,,,0
11019,'1186051',900,,4881,23,,,0
11019,'1186120',1602,,4882,23,,,0
11019,'1186124',801,,4883,23,,,0
11019,'1186241',2100,,4884,23,,,0
11019,'1186252',1732,,4885,23,,,0
11019,'1186257',1502,,4886,23,,,0
11019,'1186291',1001,,4887,23,,,0
11019,'1186326',1632,,4888,23,,,0
11019,'1186347',1332,,4889,23,,,0
11019,'1186375',2002,,4890,23,,,0
11019,'1186394',1302,,4891,23,,,0
11019,'1186419',1632,,4892,23,,,0
11019,'1186475',831,,4893,23,,,0
11019,'1186499',2030,,4894,23,,,0
11019,'1186523',1332,,4895,23,,,0
11019,'1186528',1900,,4896,23,,,0
11019,'1186543',1302,,4897,23,,,0
11019,'1186565',631,,4898,23,,,0
11019,'1186593',2000,,4899,23,,,0
11019,'1186600',1702,,4900,23,,,0
11019,'1186722',1402,,4901,23,,,0
11019,'1186872',1802,,4902,23,,,0
11019,'1186939',1202,,4903,23,,,0
11019,'1186960',1432,,4904,23,,,0
11019,'1187079',1802,,4905,23,,,0
11019,'1187084',2402,,4906,23,,,0
11019,'1187164',1432,,4907,23,,,0
