105029,'1190637',822,,9337,36,,,0
105029,'1190832',709,,9338,36,,,0
105029,'1190854',1511,,9339,36,,,0
105029,'1190856',1326,,9340,36,,,0
105029,'1190924',2414,,9341,36,,,0
105029,'1190926',1424,,9342,36,,,0
105029,'1190965',1441,,9343,36,,,0
105029,'1190981',639,,9344,36,,,0
105029,'1191222',2222,,9345,36,,,0
105029,'1191223',1656,,9346,36,,,0
105029,'1191285',2009,,9347,36,,,0
105029,'1191307',1541,,9348,36,,,0
105029,'1191404',1524,,9349,36,,,0
105029,'1191423',1411,,9350,36,,,0
105029,'1191572',1024,,9351,36,,,0
105029,'1191670',1740,,9352,36,,,0
105029,'1191739',1756,,9353,36,,,0
105029,'1191784',1324,,9354,36,,,0
105029,'1191846',1011,,9355,36,,,0
105029,'1191848',1226,,9356,36,,,0
105029,'1191910',2422,,9357,36,,,0
105029,'1191936',1540,,9358,36,,,0
105029,'1192016',739,,9359,36,,,0
105029,'1192019',1824,,9360,36,,,0
105029,'1192058',2340,,9361,36,,,0
105029,'1192150',740,,9362,36,,,0
105029,'1192180',1940,,9363,36,,,0
105029,'1192198',2309,,9364,36,,,0
105029,'1192205',622,,9365,36,,,0
105029,'1192224',1626,,9366,36,,,0
105029,'1192338',1839,,9367,36,,,0
105029,'1192379',2109,,9368,36,,,0
105029,'1192463',1340,,9369,36,,,0
105029,'1192488',1124,,9370,36,,,0
105029,'1192491',809,,9371,36,,,0
105029,'1192500',909,,9372,36,,,0
105029,'1192511',2022,,9373,36,,,0
105029,'1192662',1624,,9374,36,,,0
105029,'1192694',1111,,9375,36,,,0
105029,'1192728',2140,,9376,36,,,0
105029,'1193038',1224,,9377,36,,,0
105029,'1193130',1140,,9378,36,,,0
105029,'1193181',1724,,9379,36,,,0
105029,'1193225',1726,,9380,36,,,0
105029,'1193234',940,,9381,36,,,0
105029,'1193316',2209,,9382,36,,,0
