2019,'1150113',1544,,1,18,,,0
2019,'1150127',929,,2,18,,,0
2019,'1150145',1715,,3,18,,,0
2019,'1150159',2358,,4,18,,,0
2019,'1150185',1813,,5,18,,,0
2019,'1150334',1144,,8,18,,,0
2019,'1150346',2213,,9,18,,,0
2019,'1150354',1645,,10,18,,,0
2019,'1150373',1614,,11,18,,,0
2019,'1150544',1730,,14,18,,,0
2019,'1150626',844,,16,18,,,0
2019,'1150633',944,,17,18,,,0
2019,'1150888',1214,,21,18,,,0
2019,'1150927',644,,22,18,,,0
2019,'1150962',758,,23,18,,,0
2019,'1150968',1700,,24,18,,,0
2019,'1150996',1059,,25,18,,,0
2019,'1151007',1630,,26,18,,,0
2019,'1151436',2113,,29,18,,,0
2019,'1151448',1600,,30,18,,,0
2019,'1151460',1215,,31,18,,,0
2019,'1151566',1244,,33,18,,,0
2019,'1151592',1745,,34,18,,,0
2019,'1151689',1344,,36,18,,,0
2019,'1151728',1230,,38,18,,,0
2019,'1152109',1644,,45,18,,,0
2019,'1152151',1430,,47,18,,,0
2019,'1152161',1415,,48,18,,,0
2019,'1152206',859,,50,18,,,0
2019,'1152208',1159,,51,18,,,0
2019,'1152274',1129,,53,18,,,0
2019,'1152290',1545,,54,18,,,0
2019,'1152296',1913,,55,18,,,0
2019,'1152309',1044,,56,18,,,0
2019,'1152398',1615,,57,18,,,0
2019,'1152414',2013,,58,18,,,0
2019,'1152435',1530,,59,18,,,0
2019,'1152475',1843,,62,18,,,0
2019,'1152625',814,,65,18,,,0
2019,'1152627',1013,,66,18,,,0
2019,'1152633',1843,,67,18,,,0
2019,'1152645',1928,,69,18,,,0
2019,'1152714',1014,,70,18,,,0
2019,'1152842',2403,,72,18,,,0
2019,'1153005',1744,,75,18,,,0
2019,'1153049',1445,,76,18,,,0
2019,'1153134',1943,,77,18,,,0
2019,'1153154',659,,78,18,,,0
2019,'1153166',2313,,79,18,,,0
2019,'1153254',914,,81,18,,,0
2019,'1153309',1515,,82,18,,,0
2019,'1153345',729,,83,18,,,0
2019,'1153437',714,,84,18,,,0
2019,'1153490',1300,,85,18,,,0
2019,'1153575',1414,,91,18,,,0
2019,'1153580',759,,92,18,,,0
2019,'1153597',959,,93,18,,,0
2019,'1153634',1114,,95,18,,,0
2019,'1153734',829,,98,18,,,0
2019,'1153808',1144,,100,18,,,0
2019,'1153812',1314,,101,18,,,0
2019,'1153843',2058,,103,18,,,0
2019,'1153849',1444,,104,18,,,0
2019,'1153857',2343,,105,18,,,0
2019,'1153933',1714,,106,18,,,0
2019,'1154005',1330,,108,18,,,0
2019,'1154135',2228,,111,18,,,0
2019,'1154176',744,,114,18,,,0
2019,'1154184',1800,,115,18,,,0
2019,'1154213',1500,,118,18,,,0
2019,'1154261',1514,,119,18,,,0
2019,'1154395',1400,,122,18,,,0
2019,'1154406',1345,,123,18,,,0
2019,'1154427',2013,,124,18,,,0
2019,'1154537',2313,,126,18,,,0
2019,'1154545',713,,127,18,,,0
2019,'1154578',1245,,129,18,,,0
2019,'1154617',1043,,130,18,,,0
2019,'1154656',1315,,131,18,,,0
2019,'1154684',843,,132,18,,,0
2019,'1154726',1813,,133,18,,,0
2019,'1154850',2043,,135,18,,,0
2019,'1154999',1114,,138,18,,,0
2019,'1155070',928,,140,18,,,0
2019,'1155246',2143,,143,18,,,0
2019,'1155364',2143,,146,18,,,0
2019,'1155383',1029,,147,18,,,0
2019,'1155465',2243,,152,18,,,0
12029,'1155758',2010,,1134,42,,,0
12029,'1155760',1141,,1135,42,,,0
12029,'1155761',1041,,1136,42,,,0
12029,'1155763',1511,,1137,42,,,0
12029,'1155764',841,,1138,42,,,0
12029,'1155766',1311,,1139,42,,,0
12029,'1155772',2210,,1141,42,,,0
12029,'1155776',1411,,1143,42,,,0
12029,'1155779',2110,,1145,42,,,0
12029,'1155795',1611,,1150,42,,,0
12029,'1155797',1641,,1151,42,,,0
12029,'1155798',1810,,1152,42,,,0
12029,'1155804',1641,,1155,42,,,0
12029,'1155821',2140,,1161,42,,,0
12029,'1155822',1241,,1162,42,,,0
12029,'1155827',1741,,1164,42,,,0
12029,'1155832',1441,,1167,42,,,0
12029,'1155838',1541,,1170,42,,,0
12029,'1155840',1711,,1172,42,,,0
12029,'1155845',1111,,1175,42,,,0
12029,'1155848',911,,1176,42,,,0
12029,'1155849',711,,1177,42,,,0
12029,'1155850',1441,,1178,42,,,0
12029,'1155852',1141,,1179,42,,,0
12029,'1155860',941,,1182,42,,,0
12029,'1155861',741,,1183,42,,,0
12029,'1155868',2040,,1185,42,,,0
12029,'1155871',940,,1187,42,,,0
12029,'1155872',1011,,1188,42,,,0
12029,'1155878',1341,,1193,42,,,0
12029,'1155879',740,,1194,42,,,0
12029,'1155880',1741,,1195,42,,,0
12029,'1155882',840,,1196,42,,,0
12029,'1155883',1111,,1197,42,,,0
12029,'1155884',641,,1198,42,,,0
12029,'1155886',1940,,1199,42,,,0
12029,'1155891',1211,,1202,42,,,0
12029,'1155901',2310,,1207,42,,,0
12029,'1155903',1840,,1208,42,,,0
12029,'1155908',1611,,1211,42,,,0
12029,'1155909',1910,,1212,42,,,0
12029,'1155915',1711,,1214,42,,,0
12029,'1155917',1041,,1216,42,,,0
12029,'1155920',811,,1218,42,,,0
12029,'1155927',2340,,1223,42,,,0
12029,'1155930',1311,,1226,42,,,0
12029,'1155932',1511,,1227,42,,,0
12029,'1155934',1411,,1229,42,,,0
12029,'1155940',1241,,1232,42,,,0
12029,'1155942',1541,,1233,42,,,0
12029,'1155945',2415,,1234,42,,,0
12029,'1155953',1211,,1236,42,,,0
12029,'1155963',2240,,1242,42,,,0
12029,'1155964',1341,,1243,42,,,0
103029,'1155767',946,,3159,31,,,0
103029,'1155769',1745,,3160,31,,,0
103029,'1155770',843,,3161,31,,,0
103029,'1155780',2314,,3163,31,,,0
103029,'1155784',1013,,3165,31,,,0
103029,'1155785',1530,,3166,31,,,0
103029,'1155786',2145,,3167,31,,,0
103029,'1155788',1145,,3169,31,,,0
103029,'1155799',713,,3173,31,,,0
103029,'1155807',1913,,3176,31,,,0
103029,'1155808',2213,,3177,31,,,0
103029,'1155815',2343,,3180,31,,,0
103029,'1155818',1546,,3181,31,,,0
103029,'1155823',928,,3184,31,,,0
103029,'1155825',1716,,3185,31,,,0
103029,'1155828',2015,,3186,31,,,0
103029,'1155835',1116,,3189,31,,,0
103029,'1155847',1445,,3191,31,,,0
103029,'1155858',645,,3194,31,,,0
103029,'1155885',1315,,3198,31,,,0
103029,'1155900',815,,3201,31,,,0
103029,'1155902',1246,,3202,31,,,0
103029,'1155922',1845,,3204,31,,,0
103029,'1155923',758,,3205,31,,,0
103029,'1155944',1615,,3208,31,,,0
103029,'1155948',1700,,3210,31,,,0
103029,'1155949',1416,,3211,31,,,0
103029,'1155958',2043,,3214,31,,,0
