105019,'1184475',1827,,6445,18,,,0
105019,'1184709',1757,,6446,18,,,0
105019,'1184819',739,,6448,18,,,0
105019,'1184825',2236,,6449,18,,,0
105019,'1184879',1442,,6450,18,,,0
105019,'1184888',939,,6451,18,,,0
105019,'1185176',636,,6455,18,,,0
105019,'1185212',606,,6456,18,,,0
105019,'1185498',1906,,6458,18,,,0
105019,'1185569',1727,,6462,18,,,0
105019,'1185641',839,,6463,18,,,0
105019,'1185695',1257,,6465,18,,,0
105019,'1185708',2036,,6466,18,,,0
105019,'1185894',1142,,6469,18,,,0
105019,'1186015',1357,,6470,18,,,0
105019,'1186061',1542,,6471,18,,,0
105019,'1186380',1042,,6473,18,,,0
105019,'1186477',1612,,6475,18,,,0
105019,'1186601',1657,,6478,18,,,0
105019,'1186602',709,,6479,18,,,0
105019,'1186864',2336,,6484,18,,,0
105019,'1186870',536,,6485,18,,,0
105019,'1186896',809,,6486,18,,,0
105019,'1187009',2136,,6488,18,,,0
105019,'1187061',1512,,6489,18,,,0
