11029,'1150094',1548,,737,13,,,0
11029,'1150136',1851,,738,13,,,0
11029,'1150251',1951,,740,13,,,0
11029,'1150257',2130,,741,13,,,0
11029,'1150260',2417,,742,13,,,0
11029,'1150315',1418,,743,13,,,0
11029,'1150362',801,,744,13,,,0
11029,'1150395',1803,,746,13,,,0
11029,'1150398',746,,747,13,,,0
11029,'1150408',1633,,748,13,,,0
11029,'1150418',901,,750,13,,,0
11029,'1150503',716,,751,13,,,0
11029,'1150565',946,,752,13,,,0
11029,'1150594',1348,,753,13,,,0
11029,'1150694',1533,,755,13,,,0
11029,'1150946',1016,,761,13,,,0
11029,'1150979',1503,,762,13,,,0
11029,'1151013',1830,,763,13,,,0
11029,'1151028',1632,,764,13,,,0
11029,'1151212',1146,,767,13,,,0
11029,'1151228',816,,768,13,,,0
11029,'1151266',846,,770,13,,,0
11029,'1151288',951,,772,13,,,0
11029,'1151317',831,,773,13,,,0
11029,'1151379',1648,,775,13,,,0
11029,'1151495',1930,,776,13,,,0
11029,'1151501',1518,,777,13,,,0
11029,'1151570',1702,,778,13,,,0
11029,'1151605',1302,,780,13,,,0
11029,'1151662',1216,,781,13,,,0
11029,'1151677',1603,,782,13,,,0
11029,'1151681',1151,,783,13,,,0
11029,'1151696',1433,,784,13,,,0
11029,'1151854',1201,,786,13,,,0
11029,'1151888',2151,,787,13,,,0
11029,'1152006',2357,,792,13,,,0
11029,'1152021',2051,,794,13,,,0
11029,'1152139',1051,,796,13,,,0
11029,'1152148',1602,,797,13,,,0
11029,'1152172',1718,,798,13,,,0
11029,'1152323',1001,,800,13,,,0
11029,'1152476',1332,,803,13,,,0
11029,'1152508',1131,,805,13,,,0
11029,'1152540',851,,807,13,,,0
11029,'1152655',2351,,810,13,,,0
11029,'1152678',2230,,811,13,,,0
11029,'1152705',2200,,814,13,,,0
11029,'1152829',916,,815,13,,,0
11029,'1152889',2300,,817,13,,,0
11029,'1152890',2000,,818,13,,,0
11029,'1152893',1031,,819,13,,,0
11029,'1152955',1233,,821,13,,,0
11029,'1153079',1802,,824,13,,,0
11029,'1153114',1333,,825,13,,,0
11029,'1153126',1402,,827,13,,,0
11029,'1153213',701,,830,13,,,0
11029,'1153336',651,,834,13,,,0
11029,'1153651',1733,,837,13,,,0
11029,'1153681',1432,,838,13,,,0
11029,'1153694',1046,,839,13,,,0
11029,'1153712',1502,,840,13,,,0
11029,'1153871',1248,,841,13,,,0
11029,'1153888',2327,,842,13,,,0
11029,'1153932',1618,,843,13,,,0
11029,'1154011',616,,844,13,,,0
11029,'1154028',2100,,845,13,,,0
11029,'1154067',1900,,846,13,,,0
11029,'1154075',1532,,847,13,,,0
11029,'1154129',1231,,849,13,,,0
11029,'1154218',2030,,851,13,,,0
11029,'1154331',1403,,854,13,,,0
11029,'1154388',1303,,855,13,,,0
11029,'1154440',1116,,856,13,,,0
11029,'1154442',1318,,857,13,,,0
11029,'1154675',1448,,861,13,,,0
11029,'1154748',931,,862,13,,,0
11029,'1154769',646,,864,13,,,0
11029,'1154884',1101,,867,13,,,0
11029,'1154901',2251,,868,13,,,0
11029,'1154909',1732,,869,13,,,0
11029,'1155052',1818,,871,13,,,0
11029,'1155138',751,,872,13,,,0
11029,'1155227',731,,874,13,,,0
11029,'1155231',1748,,875,13,,,0
11029,'1155469',1703,,878,13,,,0
140001019,'1150287',641,,3510,9,,,0
140001019,'1150304',2141,,3511,9,,,0
140001019,'1150384',1727,,3513,9,,,0
140001019,'1150451',956,,3517,9,,,0
140001019,'1150506',2336,,3518,9,,,0
140001019,'1150536',1812,,3519,9,,,0
140001019,'1150598',1811,,3521,9,,,0
140001019,'1150609',856,,3522,9,,,0
140001019,'1150610',1517,,3523,9,,,0
140001019,'1150664',1011,,3524,9,,,0
140001019,'1150692',2211,,3525,9,,,0
140001019,'1150716',656,,3526,9,,,0
140001019,'1150784',1941,,3527,9,,,0
140001019,'1150853',1841,,3528,9,,,0
140001019,'1150869',1826,,3529,9,,,0
140001019,'1150882',1527,,3530,9,,,0
140001019,'1151105',1157,,3536,9,,,0
140001019,'1151119',1242,,3537,9,,,0
140001019,'1151195',1427,,3538,9,,,0
140001019,'1151208',811,,3539,9,,,0
140001019,'1151216',2041,,3541,9,,,0
140001019,'1151218',1911,,3542,9,,,0
140001019,'1151225',1557,,3543,9,,,0
140001019,'1151265',2026,,3544,9,,,0
140001019,'1151361',811,,3548,9,,,0
140001019,'1151371',1742,,3549,9,,,0
140001019,'1151441',2041,,3550,9,,,0
140001019,'1151470',1157,,3551,9,,,0
140001019,'1151474',2241,,3553,9,,,0
140001019,'1151528',1027,,3554,9,,,0
140001019,'1151558',741,,3555,9,,,0
140001019,'1151606',1357,,3559,9,,,0
140001019,'1151654',1357,,3562,9,,,0
140001019,'1151658',2056,,3563,9,,,0
140001019,'1151695',1856,,3565,9,,,0
140001019,'1151710',1227,,3567,9,,,0
140001019,'1151751',711,,3571,9,,,0
140001019,'1151754',726,,3572,9,,,0
140001019,'1151804',1632,,3573,9,,,0
140001019,'1151901',1657,,3576,9,,,0
140001019,'1152066',2411,,3579,9,,,0
140001019,'1152068',2011,,3580,9,,,0
140001019,'1152104',1826,,3581,9,,,0
140001019,'1152107',1732,,3582,9,,,0
140001019,'1152123',641,,3583,9,,,0
140001019,'1152165',1026,,3584,9,,,0
140001019,'1152232',1542,,3585,9,,,0
140001019,'1152240',2141,,3586,9,,,0
140001019,'1152423',1257,,3590,9,,,0
140001019,'1152471',1757,,3592,9,,,0
140001019,'1152480',1011,,3593,9,,,0
140001019,'1152565',1041,,3597,9,,,0
140001019,'1152674',911,,3600,9,,,0
140001019,'1152758',1212,,3604,9,,,0
140001019,'1152773',941,,3605,9,,,0
140001019,'1152818',1617,,3606,9,,,0
140001019,'1152831',2211,,3607,9,,,0
140001019,'1152874',1327,,3608,9,,,0
140001019,'1152907',1111,,3610,9,,,0
140001019,'1152920',1457,,3611,9,,,0
140001019,'1152942',1342,,3614,9,,,0
140001019,'1152950',1227,,3615,9,,,0
140001019,'1152961',1642,,3616,9,,,0
140001019,'1152981',1342,,3618,9,,,0
140001019,'1152999',2241,,3619,9,,,0
140001019,'1153096',1127,,3620,9,,,0
140001019,'1153139',956,,3622,9,,,0
140001019,'1153145',2311,,3623,9,,,0
140001019,'1153153',841,,3624,9,,,0
140001019,'1153208',1712,,3626,9,,,0
140001019,'1153252',1627,,3628,9,,,0
140001019,'1153294',1911,,3629,9,,,0
140001019,'1153322',1312,,3631,9,,,0
140001019,'1153327',841,,3632,9,,,0
140001019,'1153380',1512,,3635,9,,,0
140001019,'1153393',1941,,3637,9,,,0
140001019,'1153607',711,,3642,9,,,0
140001019,'1153629',1112,,3644,9,,,0
140001019,'1153737',1547,,3645,9,,,0
140001019,'1153742',2411,,3646,9,,,0
140001019,'1153757',1056,,3647,9,,,0
140001019,'1153879',2111,,3648,9,,,0
140001019,'1153928',1612,,3649,9,,,0
140001019,'1153949',1502,,3651,9,,,0
140001019,'1153978',1432,,3653,9,,,0
140001019,'1154051',2341,,3655,9,,,0
140001019,'1154078',1447,,3656,9,,,0
140001019,'1154230',1417,,3662,9,,,0
140001019,'1154259',1442,,3663,9,,,0
140001019,'1154323',1127,,3665,9,,,0
140001019,'1154329',2311,,3667,9,,,0
140001019,'1154451',1926,,3670,9,,,0
140001019,'1154489',1747,,3671,9,,,0
140001019,'1154490',1412,,3672,9,,,0
140001019,'1154529',1717,,3673,9,,,0
140001019,'1154538',826,,3674,9,,,0
140001019,'1154628',1702,,3676,9,,,0
140001019,'1154634',926,,3677,9,,,0
140001019,'1154642',1142,,3678,9,,,0
140001019,'1154758',1042,,3681,9,,,0
140001019,'1154789',1956,,3682,9,,,0
140001019,'1154820',756,,3683,9,,,0
140001019,'1154851',741,,3684,9,,,0
140001019,'1154866',1242,,3685,9,,,0
140001019,'1154965',1312,,3687,9,,,0
140001019,'1154991',911,,3689,9,,,0
140001019,'1154994',1841,,3690,9,,,0
140001019,'1155094',1257,,3691,9,,,0
140001019,'1155108',941,,3692,9,,,0
140001019,'1155222',2111,,3698,9,,,0
140001019,'1155223',1532,,3699,9,,,0
140001019,'1155228',1212,,3700,9,,,0
140001019,'1155236',1327,,3702,9,,,0
140001019,'1155259',2011,,3703,9,,,0
140001019,'1155279',1757,,3704,9,,,0
140001019,'1155314',1856,,3705,9,,,0
140001019,'1155327',1142,,3707,9,,,0
140001019,'1155399',1057,,3709,9,,,0
140001019,'1155422',1602,,3710,9,,,0
140001019,'1155482',1647,,3711,9,,,0
