3029,'1184601',2132,,4654,5,,,0
3029,'1184610',1403,,4655,5,,,0
3029,'1184694',732,,4658,5,,,0
3029,'1184700',1002,,4659,5,,,0
3029,'1184950',1703,,4665,5,,,0
3029,'1185088',1032,,4669,5,,,0
3029,'1185097',1932,,4670,5,,,0
3029,'1185208',902,,4672,5,,,0
3029,'1185267',1133,,4676,5,,,0
3029,'1185635',802,,4682,5,,,0
3029,'1185703',632,,4683,5,,,0
3029,'1185734',2329,,4684,5,,,0
3029,'1185742',2232,,4685,5,,,0
3029,'1185753',702,,4686,5,,,0
3029,'1185782',1603,,4687,5,,,0
3029,'1186038',1633,,4689,5,,,0
3029,'1186084',1102,,4691,5,,,0
3029,'1186099',1433,,4692,5,,,0
3029,'1186101',1503,,4693,5,,,0
3029,'1186260',932,,4699,5,,,0
3029,'1186437',1533,,4702,5,,,0
3029,'1186578',1803,,4705,5,,,0
3029,'1186659',1832,,4708,5,,,0
3029,'1186686',1303,,4709,5,,,0
3029,'1186714',1233,,4710,5,,,0
3029,'1186807',1203,,4713,5,,,0
3029,'1186848',2032,,4714,5,,,0
3029,'1186943',832,,4715,5,,,0
3029,'1187014',1733,,4716,5,,,0
3029,'1187130',1333,,4717,5,,,0
