11029,'1150094',1545,,737,9,,,0
11029,'1150136',1849,,738,9,,,0
11029,'1150251',1949,,740,9,,,0
11029,'1150257',2127,,741,9,,,0
11029,'1150260',2414,,742,9,,,0
11029,'1150315',1415,,743,9,,,0
11029,'1150362',758,,744,9,,,0
11029,'1150395',1800,,746,9,,,0
11029,'1150398',743,,747,9,,,0
11029,'1150408',1630,,748,9,,,0
11029,'1150418',858,,750,9,,,0
11029,'1150503',713,,751,9,,,0
11029,'1150565',943,,752,9,,,0
11029,'1150594',1345,,753,9,,,0
11029,'1150694',1530,,755,9,,,0
11029,'1150946',1013,,761,9,,,0
11029,'1150979',1500,,762,9,,,0
11029,'1151013',1827,,763,9,,,0
11029,'1151028',1629,,764,9,,,0
11029,'1151212',1143,,767,9,,,0
11029,'1151228',813,,768,9,,,0
11029,'1151266',843,,770,9,,,0
11029,'1151288',949,,772,9,,,0
11029,'1151317',828,,773,9,,,0
11029,'1151379',1645,,775,9,,,0
11029,'1151495',1927,,776,9,,,0
11029,'1151501',1515,,777,9,,,0
11029,'1151570',1659,,778,9,,,0
11029,'1151605',1259,,780,9,,,0
11029,'1151662',1213,,781,9,,,0
11029,'1151677',1600,,782,9,,,0
11029,'1151681',1149,,783,9,,,0
11029,'1151696',1430,,784,9,,,0
11029,'1151854',1158,,786,9,,,0
11029,'1151888',2149,,787,9,,,0
11029,'1152006',2354,,792,9,,,0
11029,'1152021',2049,,794,9,,,0
11029,'1152139',1049,,796,9,,,0
11029,'1152148',1559,,797,9,,,0
11029,'1152172',1715,,798,9,,,0
11029,'1152323',958,,800,9,,,0
11029,'1152476',1329,,803,9,,,0
11029,'1152508',1128,,805,9,,,0
11029,'1152540',849,,807,9,,,0
11029,'1152655',2349,,810,9,,,0
11029,'1152678',2227,,811,9,,,0
11029,'1152705',2157,,814,9,,,0
11029,'1152829',913,,815,9,,,0
11029,'1152889',2257,,817,9,,,0
11029,'1152890',1957,,818,9,,,0
11029,'1152893',1028,,819,9,,,0
11029,'1152955',1230,,821,9,,,0
11029,'1153079',1759,,824,9,,,0
11029,'1153114',1330,,825,9,,,0
11029,'1153126',1359,,827,9,,,0
11029,'1153213',658,,830,9,,,0
11029,'1153336',649,,834,9,,,0
11029,'1153651',1730,,837,9,,,0
11029,'1153681',1429,,838,9,,,0
11029,'1153694',1043,,839,9,,,0
11029,'1153712',1459,,840,9,,,0
11029,'1153871',1245,,841,9,,,0
11029,'1153888',2324,,842,9,,,0
11029,'1153932',1615,,843,9,,,0
11029,'1154011',613,,844,9,,,0
11029,'1154028',2057,,845,9,,,0
11029,'1154067',1857,,846,9,,,0
11029,'1154075',1529,,847,9,,,0
11029,'1154129',1229,,849,9,,,0
11029,'1154218',2027,,851,9,,,0
11029,'1154331',1400,,854,9,,,0
11029,'1154388',1300,,855,9,,,0
11029,'1154440',1113,,856,9,,,0
11029,'1154442',1315,,857,9,,,0
11029,'1154675',1445,,861,9,,,0
11029,'1154748',928,,862,9,,,0
11029,'1154769',643,,864,9,,,0
11029,'1154884',1058,,867,9,,,0
11029,'1154901',2249,,868,9,,,0
11029,'1154909',1729,,869,9,,,0
11029,'1155052',1815,,871,9,,,0
11029,'1155138',749,,872,9,,,0
11029,'1155227',728,,874,9,,,0
11029,'1155231',1745,,875,9,,,0
11029,'1155469',1700,,878,9,,,0
140001019,'1150287',638,,3510,5,,,0
140001019,'1150304',2138,,3511,5,,,0
140001019,'1150384',1724,,3513,5,,,0
140001019,'1150451',953,,3517,5,,,0
140001019,'1150506',2333,,3518,5,,,0
140001019,'1150536',1809,,3519,5,,,0
140001019,'1150598',1808,,3521,5,,,0
140001019,'1150609',853,,3522,5,,,0
140001019,'1150610',1514,,3523,5,,,0
140001019,'1150664',1008,,3524,5,,,0
140001019,'1150692',2208,,3525,5,,,0
140001019,'1150716',653,,3526,5,,,0
140001019,'1150784',1938,,3527,5,,,0
140001019,'1150853',1838,,3528,5,,,0
140001019,'1150869',1823,,3529,5,,,0
140001019,'1150882',1524,,3530,5,,,0
140001019,'1151105',1154,,3536,5,,,0
140001019,'1151119',1239,,3537,5,,,0
140001019,'1151195',1424,,3538,5,,,0
140001019,'1151208',808,,3539,5,,,0
140001019,'1151216',2038,,3541,5,,,0
140001019,'1151218',1908,,3542,5,,,0
140001019,'1151225',1554,,3543,5,,,0
140001019,'1151265',2023,,3544,5,,,0
140001019,'1151361',808,,3548,5,,,0
140001019,'1151371',1739,,3549,5,,,0
140001019,'1151441',2038,,3550,5,,,0
140001019,'1151470',1154,,3551,5,,,0
140001019,'1151474',2238,,3553,5,,,0
140001019,'1151528',1024,,3554,5,,,0
140001019,'1151558',738,,3555,5,,,0
140001019,'1151606',1354,,3559,5,,,0
140001019,'1151654',1354,,3562,5,,,0
140001019,'1151658',2053,,3563,5,,,0
140001019,'1151695',1853,,3565,5,,,0
140001019,'1151710',1224,,3567,5,,,0
140001019,'1151751',708,,3571,5,,,0
140001019,'1151754',723,,3572,5,,,0
140001019,'1151804',1629,,3573,5,,,0
140001019,'1151901',1654,,3576,5,,,0
140001019,'1152066',2408,,3579,5,,,0
140001019,'1152068',2008,,3580,5,,,0
140001019,'1152104',1823,,3581,5,,,0
140001019,'1152107',1729,,3582,5,,,0
140001019,'1152123',638,,3583,5,,,0
140001019,'1152165',1023,,3584,5,,,0
140001019,'1152232',1539,,3585,5,,,0
140001019,'1152240',2138,,3586,5,,,0
140001019,'1152423',1254,,3590,5,,,0
140001019,'1152471',1754,,3592,5,,,0
140001019,'1152480',1008,,3593,5,,,0
140001019,'1152565',1038,,3597,5,,,0
140001019,'1152674',908,,3600,5,,,0
140001019,'1152758',1209,,3604,5,,,0
140001019,'1152773',938,,3605,5,,,0
140001019,'1152818',1614,,3606,5,,,0
140001019,'1152831',2208,,3607,5,,,0
140001019,'1152874',1324,,3608,5,,,0
140001019,'1152907',1108,,3610,5,,,0
140001019,'1152920',1454,,3611,5,,,0
140001019,'1152942',1339,,3614,5,,,0
140001019,'1152950',1224,,3615,5,,,0
140001019,'1152961',1639,,3616,5,,,0
140001019,'1152981',1339,,3618,5,,,0
140001019,'1152999',2238,,3619,5,,,0
140001019,'1153096',1124,,3620,5,,,0
140001019,'1153139',953,,3622,5,,,0
140001019,'1153145',2308,,3623,5,,,0
140001019,'1153153',838,,3624,5,,,0
140001019,'1153208',1709,,3626,5,,,0
140001019,'1153252',1624,,3628,5,,,0
140001019,'1153294',1908,,3629,5,,,0
140001019,'1153322',1309,,3631,5,,,0
140001019,'1153327',838,,3632,5,,,0
140001019,'1153380',1509,,3635,5,,,0
140001019,'1153393',1938,,3637,5,,,0
140001019,'1153607',708,,3642,5,,,0
140001019,'1153629',1109,,3644,5,,,0
140001019,'1153737',1544,,3645,5,,,0
140001019,'1153742',2408,,3646,5,,,0
140001019,'1153757',1053,,3647,5,,,0
140001019,'1153879',2108,,3648,5,,,0
140001019,'1153928',1609,,3649,5,,,0
140001019,'1153949',1459,,3651,5,,,0
140001019,'1153978',1429,,3653,5,,,0
140001019,'1154051',2338,,3655,5,,,0
140001019,'1154078',1444,,3656,5,,,0
140001019,'1154230',1414,,3662,5,,,0
140001019,'1154259',1439,,3663,5,,,0
140001019,'1154323',1124,,3665,5,,,0
140001019,'1154329',2308,,3667,5,,,0
140001019,'1154451',1923,,3670,5,,,0
140001019,'1154489',1744,,3671,5,,,0
140001019,'1154490',1409,,3672,5,,,0
140001019,'1154529',1714,,3673,5,,,0
140001019,'1154538',823,,3674,5,,,0
140001019,'1154628',1659,,3676,5,,,0
140001019,'1154634',923,,3677,5,,,0
140001019,'1154642',1139,,3678,5,,,0
140001019,'1154758',1039,,3681,5,,,0
140001019,'1154789',1953,,3682,5,,,0
140001019,'1154820',753,,3683,5,,,0
140001019,'1154851',738,,3684,5,,,0
140001019,'1154866',1239,,3685,5,,,0
140001019,'1154965',1309,,3687,5,,,0
140001019,'1154991',908,,3689,5,,,0
140001019,'1154994',1838,,3690,5,,,0
140001019,'1155094',1254,,3691,5,,,0
140001019,'1155108',938,,3692,5,,,0
140001019,'1155222',2108,,3698,5,,,0
140001019,'1155223',1529,,3699,5,,,0
140001019,'1155228',1209,,3700,5,,,0
140001019,'1155236',1324,,3702,5,,,0
140001019,'1155259',2008,,3703,5,,,0
140001019,'1155279',1754,,3704,5,,,0
140001019,'1155314',1853,,3705,5,,,0
140001019,'1155327',1139,,3707,5,,,0
140001019,'1155399',1054,,3709,5,,,0
140001019,'1155422',1559,,3710,5,,,0
140001019,'1155482',1644,,3711,5,,,0
