13019,'1184512',1229,,5122,21,,,0
13019,'1184594',2257,,5124,21,,,0
13019,'1184597',627,,5125,21,,,0
13019,'1184763',657,,5130,21,,,0
13019,'1184782',1029,,5131,21,,,0
13019,'1184816',757,,5132,21,,,0
13019,'1184967',1529,,5133,21,,,0
13019,'1185101',1659,,5134,21,,,0
13019,'1185148',1757,,5135,21,,,0
13019,'1185153',927,,5136,21,,,0
13019,'1185449',2402,,5141,21,,,0
13019,'1185552',827,,5143,21,,,0
13019,'1185574',857,,5144,21,,,0
13019,'1185882',1429,,5153,21,,,0
13019,'1185890',1729,,5154,21,,,0
13019,'1185910',1329,,5157,21,,,0
13019,'1185952',2057,,5160,21,,,0
13019,'1186127',2157,,5163,21,,,0
13019,'1186271',1957,,5165,21,,,0
13019,'1186295',727,,5166,21,,,0
13019,'1186370',1129,,5168,21,,,0
13019,'1186730',957,,5172,21,,,0
13019,'1186805',1857,,5173,21,,,0
13019,'1187103',1629,,5179,21,,,0
13019,'1187170',1559,,5180,21,,,0
13019,'1187172',1459,,5181,21,,,0
