23029,'1150768',1524,,1859,13,,,0
23029,'1151003',1124,,1860,13,,,0
23029,'1151972',1556,,1861,13,,,0
23029,'1152184',1325,,1863,13,,,0
23029,'1152439',1355,,1865,13,,,0
23029,'1153255',923,,1866,13,,,0
23029,'1154303',1724,,1867,13,,,0
23029,'1155381',1155,,1869,13,,,0
23029,'1155476',953,,1870,13,,,0
102029,'1150114',720,,3028,20,,,0
102029,'1150311',836,,3029,20,,,0
102029,'1150365',1821,,3031,20,,,0
102029,'1150624',2251,,3033,20,,,0
102029,'1151025',2220,,3035,20,,,0
102029,'1151033',1450,,3036,20,,,0
102029,'1151098',1951,,3037,20,,,0
102029,'1151612',1521,,3042,20,,,0
102029,'1151626',1620,,3043,20,,,0
102029,'1151712',639,,3045,20,,,0
102029,'1152179',1351,,3051,20,,,0
102029,'1152187',1221,,3052,20,,,0
102029,'1152338',1736,,3054,20,,,0
102029,'1152412',1920,,3055,20,,,0
102029,'1152737',2121,,3061,20,,,0
102029,'1152743',1651,,3063,20,,,0
102029,'1152778',1750,,3064,20,,,0
102029,'1152823',1020,,3065,20,,,0
102029,'1152926',2050,,3067,20,,,0
102029,'1152934',1320,,3068,20,,,0
102029,'1152972',2350,,3069,20,,,0
102029,'1152993',1150,,3070,20,,,0
102029,'1153440',850,,3074,20,,,0
102029,'1153653',706,,3075,20,,,0
102029,'1153772',2421,,3079,20,,,0
102029,'1153821',921,,3081,20,,,0
102029,'1153896',751,,3082,20,,,0
102029,'1154767',1606,,3086,20,,,0
102029,'1154835',1051,,3088,20,,,0
102029,'1154970',1006,,3090,20,,,0
102029,'1155173',1436,,3092,20,,,0
102029,'1155411',621,,3093,20,,,0
