3029,'1184583',1554,,4653,14,,,0
3029,'1184601',2140,,4654,14,,,0
3029,'1184610',1413,,4655,14,,,0
3029,'1184667',1040,,4656,14,,,0
3029,'1184671',1442,,4657,14,,,0
3029,'1184694',741,,4658,14,,,0
3029,'1184700',1011,,4659,14,,,0
3029,'1184711',1242,,4660,14,,,0
3029,'1184727',1354,,4661,14,,,0
3029,'1184828',1840,,4662,14,,,0
3029,'1184849',1742,,4663,14,,,0
3029,'1184920',740,,4664,14,,,0
3029,'1184950',1713,,4665,14,,,0
3029,'1185062',1542,,4666,14,,,0
3029,'1185076',1954,,4667,14,,,0
3029,'1185084',1454,,4668,14,,,0
3029,'1185088',1041,,4669,14,,,0
3029,'1185097',1940,,4670,14,,,0
3029,'1185158',1254,,4671,14,,,0
3029,'1185208',911,,4672,14,,,0
3029,'1185224',1142,,4673,14,,,0
3029,'1185236',1940,,4674,14,,,0
3029,'1185245',2254,,4675,14,,,0
3029,'1185267',1143,,4676,14,,,0
3029,'1185330',1342,,4677,14,,,0
3029,'1185341',2140,,4678,14,,,0
3029,'1185366',2240,,4679,14,,,0
3029,'1185384',1854,,4680,14,,,0
3029,'1185426',2154,,4681,14,,,0
3029,'1185635',811,,4682,14,,,0
3029,'1185703',641,,4683,14,,,0
3029,'1185734',2337,,4684,14,,,0
3029,'1185742',2240,,4685,14,,,0
3029,'1185753',711,,4686,14,,,0
3029,'1185782',1613,,4687,14,,,0
3029,'1185939',954,,4688,14,,,0
3029,'1186038',1643,,4689,14,,,0
3029,'1186062',940,,4690,14,,,0
3029,'1186084',1111,,4691,14,,,0
3029,'1186099',1443,,4692,14,,,0
3029,'1186101',1513,,4693,14,,,0
3029,'1186106',854,,4694,14,,,0
3029,'1186140',1754,,4695,14,,,0
3029,'1186193',2340,,4696,14,,,0
3029,'1186194',1054,,4697,14,,,0
3029,'1186202',840,,4698,14,,,0
3029,'1186260',941,,4699,14,,,0
3029,'1186349',2040,,4700,14,,,0
3029,'1186422',640,,4701,14,,,0
3029,'1186437',1543,,4702,14,,,0
3029,'1186458',2054,,4703,14,,,0
3029,'1186467',1154,,4704,14,,,0
3029,'1186578',1813,,4705,14,,,0
3029,'1186616',754,,4706,14,,,0
3029,'1186621',1642,,4707,14,,,0
3029,'1186659',1840,,4708,14,,,0
3029,'1186686',1313,,4709,14,,,0
3029,'1186714',1243,,4710,14,,,0
3029,'1186742',1654,,4711,14,,,0
3029,'1186750',2354,,4712,14,,,0
3029,'1186807',1213,,4713,14,,,0
3029,'1186848',2040,,4714,14,,,0
3029,'1186943',841,,4715,14,,,0
3029,'1187014',1743,,4716,14,,,0
3029,'1187130',1343,,4717,14,,,0
