28029,'1156056',709,,2693,8,,,0
28029,'1156061',1510,,2698,8,,,0
28029,'1156062',654,,2699,8,,,0
28029,'1156063',1324,,2700,8,,,0
28029,'1156069',1809,,2706,8,,,0
28029,'1156070',1854,,2707,8,,,0
28029,'1156076',2409,,2713,8,,,0
28029,'1156078',2024,,2715,8,,,0
28029,'1156079',1410,,2716,8,,,0
28029,'1156083',1524,,2720,8,,,0
28029,'1156084',1624,,2721,8,,,0
28029,'1156089',2324,,2726,8,,,0
28029,'1156091',924,,2728,8,,,0
28029,'1156093',1009,,2730,8,,,0
28029,'1156094',624,,2731,8,,,0
28029,'1156095',1610,,2732,8,,,0
28029,'1156096',2124,,2733,8,,,0
28029,'1156098',1824,,2735,8,,,0
28029,'1156100',809,,2737,8,,,0
28029,'1156103',1754,,2740,8,,,0
28029,'1156105',1724,,2742,8,,,0
28029,'1156106',1210,,2743,8,,,0
28029,'1156107',1909,,2744,8,,,0
28029,'1156111',1024,,2748,8,,,0
28029,'1156117',909,,2754,8,,,0
28029,'1156118',824,,2755,8,,,0
28029,'1156120',2009,,2757,8,,,0
28029,'1156121',1109,,2758,8,,,0
28029,'1156124',1310,,2761,8,,,0
28029,'1156125',2109,,2762,8,,,0
28029,'1156126',1428,,2763,8,,,0
28029,'1156127',724,,2764,8,,,0
28029,'1156128',1924,,2765,8,,,0
28029,'1156130',2224,,2767,8,,,0
28029,'1156133',1224,,2770,8,,,0
28029,'1156134',854,,2771,8,,,0
28029,'1156135',754,,2772,8,,,0
28029,'1156136',1709,,2773,8,,,0
28029,'1156138',2309,,2775,8,,,0
28029,'1156140',1654,,2777,8,,,0
28029,'1156142',2209,,2779,8,,,0
28029,'1156143',1124,,2780,8,,,0
