14019,'1150200',1002,,1440,40,,,0
14019,'1150262',702,,1441,40,,,0
14019,'1150337',902,,1443,40,,,0
14019,'1150348',1203,,1444,40,,,0
14019,'1150379',732,,1445,40,,,0
14019,'1150712',2102,,1451,40,,,0
14019,'1151030',1404,,1452,40,,,0
14019,'1151165',2302,,1455,40,,,0
14019,'1151250',1803,,1456,40,,,0
14019,'1151355',2132,,1458,40,,,0
14019,'1151402',2332,,1459,40,,,0
14019,'1151531',802,,1462,40,,,0
14019,'1151546',2232,,1464,40,,,0
14019,'1151663',1534,,1466,40,,,0
14019,'1151708',1734,,1468,40,,,0
14019,'1151821',1304,,1470,40,,,0
14019,'1152024',1002,,1471,40,,,0
14019,'1152219',1703,,1473,40,,,0
14019,'1152241',1303,,1474,40,,,0
14019,'1152242',1804,,1475,40,,,0
14019,'1152324',2032,,1479,40,,,0
14019,'1152363',902,,1481,40,,,0
14019,'1152413',1704,,1482,40,,,0
14019,'1152541',932,,1485,40,,,0
14019,'1152725',1604,,1488,40,,,0
14019,'1152770',1634,,1490,40,,,0
14019,'1152772',1932,,1491,40,,,0
14019,'1152885',1403,,1493,40,,,0
14019,'1153060',2202,,1494,40,,,0
14019,'1153371',702,,1499,40,,,0
14019,'1153493',802,,1502,40,,,0
14019,'1153692',1504,,1505,40,,,0
14019,'1153780',1104,,1506,40,,,0
14019,'1153908',1204,,1508,40,,,0
14019,'1154077',1832,,1510,40,,,0
14019,'1154090',1603,,1511,40,,,0
14019,'1154211',2002,,1514,40,,,0
14019,'1154339',1102,,1517,40,,,0
14019,'1154509',1902,,1520,40,,,0
14019,'1154513',1503,,1521,40,,,0
14019,'1154567',832,,1522,40,,,0
14019,'1155390',2402,,1531,40,,,0
