105019,'1150133',938,,3356,16,,,0
105019,'1150519',1756,,3358,16,,,0
105019,'1150723',650,,3359,16,,,0
105019,'1150755',1441,,3360,16,,,0
105019,'1150957',838,,3364,16,,,0
105019,'1150991',1256,,3365,16,,,0
105019,'1151148',1052,,3367,16,,,0
105019,'1151174',1252,,3368,16,,,0
105019,'1151428',808,,3371,16,,,0
105019,'1151680',1826,,3374,16,,,0
105019,'1151743',738,,3375,16,,,0
105019,'1152002',2236,,3380,16,,,0
105019,'1152300',1352,,3381,16,,,0
105019,'1152360',636,,3382,16,,,0
105019,'1152386',708,,3383,16,,,0
105019,'1152506',1726,,3384,16,,,0
105019,'1152547',606,,3385,16,,,0
105019,'1152647',2136,,3386,16,,,0
105019,'1152697',2336,,3387,16,,,0
105019,'1153054',1452,,3390,16,,,0
105019,'1153337',1852,,3392,16,,,0
105019,'1153487',536,,3393,16,,,0
105019,'1153863',1152,,3395,16,,,0
105019,'1153895',1511,,3397,16,,,0
105019,'1154206',2036,,3398,16,,,0
105019,'1154598',1752,,3402,16,,,0
105019,'1154605',1652,,3403,16,,,0
105019,'1154691',1041,,3404,16,,,0
105019,'1154711',1552,,3406,16,,,0
105019,'1154821',1356,,3407,16,,,0
105019,'1154915',1906,,3409,16,,,0
105019,'1154933',1656,,3410,16,,,0
105019,'1155111',2250,,3412,16,,,0
105019,'1155143',1611,,3413,16,,,0
105019,'1155198',1141,,3415,16,,,0
105019,'1155339',1541,,3419,16,,,0
105019,'1155343',2050,,3420,16,,,0
105019,'1155497',850,,3421,16,,,0
