14019,'1184716',1603,,5245,38,,,0
14019,'1184729',1303,,5246,38,,,0
14019,'1184750',1533,,5248,38,,,0
14019,'1184836',2031,,5249,38,,,0
14019,'1184848',1703,,5250,38,,,0
14019,'1184987',1703,,5251,38,,,0
14019,'1185080',1603,,5252,38,,,0
14019,'1185130',1103,,5253,38,,,0
14019,'1185168',1803,,5255,38,,,0
14019,'1185211',931,,5256,38,,,0
14019,'1185255',901,,5257,38,,,0
14019,'1185335',2331,,5260,38,,,0
14019,'1185474',2200,,5261,38,,,0
14019,'1185505',701,,5262,38,,,0
14019,'1185610',700,,5264,38,,,0
14019,'1185620',2000,,5265,38,,,0
14019,'1185624',1203,,5266,38,,,0
14019,'1185659',900,,5267,38,,,0
14019,'1185808',1831,,5269,38,,,0
14019,'1185845',731,,5270,38,,,0
14019,'1185852',1503,,5271,38,,,0
14019,'1186014',1633,,5273,38,,,0
14019,'1186071',1900,,5275,38,,,0
14019,'1186156',1403,,5277,38,,,0
14019,'1186165',1403,,5278,38,,,0
14019,'1186173',1931,,5279,38,,,0
14019,'1186180',2400,,5280,38,,,0
14019,'1186195',2100,,5281,38,,,0
14019,'1186256',800,,5284,38,,,0
14019,'1186333',1203,,5285,38,,,0
14019,'1186421',801,,5288,38,,,0
14019,'1186443',2131,,5289,38,,,0
14019,'1186444',1803,,5290,38,,,0
14019,'1186532',831,,5292,38,,,0
14019,'1186537',1503,,5293,38,,,0
14019,'1186609',1733,,5295,38,,,0
14019,'1186632',1103,,5296,38,,,0
14019,'1186657',1000,,5297,38,,,0
14019,'1186671',2231,,5298,38,,,0
14019,'1186767',1303,,5299,38,,,0
14019,'1187071',1001,,5301,38,,,0
14019,'1187144',2300,,5302,38,,,0
