101019,'1184498',2325,,6132,23,,,0
101019,'1184591',1125,,6135,23,,,0
101019,'1184796',1847,,6136,23,,,0
101019,'1184902',1525,,6137,23,,,0
101019,'1184924',925,,6138,23,,,0
101019,'1184925',2046,,6139,23,,,0
101019,'1185023',1147,,6140,23,,,0
101019,'1185092',1749,,6141,23,,,0
101019,'1185544',725,,6142,23,,,0
101019,'1185625',1047,,6145,23,,,0
101019,'1185636',847,,6146,23,,,0
101019,'1185684',1925,,6147,23,,,0
101019,'1185751',1449,,6148,23,,,0
101019,'1185803',947,,6149,23,,,0
101019,'1185998',1349,,6150,23,,,0
101019,'1186087',2247,,6153,23,,,0
101019,'1186263',2125,,6154,23,,,0
101019,'1186308',1325,,6155,23,,,0
101019,'1186331',547,,6156,23,,,0
101019,'1186580',1549,,6157,23,,,0
101019,'1186587',1649,,6158,23,,,0
101019,'1186594',1725,,6159,23,,,0
101019,'1187155',747,,6161,23,,,0
101029,'1184516',2433,,6162,52,,,0
101029,'1184584',1256,,6163,52,,,0
101029,'1184684',1813,,6164,52,,,0
101029,'1184724',1013,,6165,52,,,0
101029,'1184785',1515,,6166,52,,,0
101029,'1184855',1456,,6167,52,,,0
101029,'1185015',813,,6169,52,,,0
101029,'1185143',2056,,6171,52,,,0
101029,'1185400',1656,,6173,52,,,0
101029,'1185619',1113,,6174,52,,,0
101029,'1185854',1856,,6178,52,,,0
101029,'1186045',856,,6179,52,,,0
101029,'1186082',1715,,6180,52,,,0
101029,'1186107',656,,6181,52,,,0
101029,'1186135',713,,6182,52,,,0
101029,'1186184',913,,6184,52,,,0
101029,'1186356',2213,,6185,52,,,0
101029,'1186597',1615,,6187,52,,,0
101029,'1186712',2256,,6188,52,,,0
101029,'1186784',2013,,6189,52,,,0
101029,'1186801',1056,,6190,52,,,0
101029,'1186815',1415,,6191,52,,,0
101029,'1187194',1315,,6192,52,,,0
