27029,'1150111',932,,2511,3,,,0
27029,'1150239',2102,,2512,3,,,0
27029,'1150341',2032,,2515,3,,,0
27029,'1150413',2302,,2517,3,,,0
27029,'1150719',2002,,2522,3,,,0
27029,'1150826',1132,,2524,3,,,0
27029,'1150872',1832,,2526,3,,,0
27029,'1151039',1432,,2529,3,,,0
27029,'1151078',2332,,2531,3,,,0
27029,'1151186',1432,,2532,3,,,0
27029,'1151193',1532,,2533,3,,,0
27029,'1151202',1132,,2534,3,,,0
27029,'1151342',1032,,2536,3,,,0
27029,'1151557',1632,,2538,3,,,0
27029,'1151573',1332,,2539,3,,,0
27029,'1151880',1232,,2544,3,,,0
27029,'1151964',2132,,2546,3,,,0
27029,'1152141',632,,2550,3,,,0
27029,'1152349',732,,2551,3,,,0
27029,'1152497',1632,,2555,3,,,0
27029,'1152928',1732,,2559,3,,,0
27029,'1152982',932,,2560,3,,,0
27029,'1152989',1332,,2561,3,,,0
27029,'1153133',1032,,2563,3,,,0
27029,'1153160',832,,2564,3,,,0
27029,'1153488',632,,2567,3,,,0
27029,'1153743',1932,,2571,3,,,0
27029,'1154044',732,,2574,3,,,0
27029,'1154181',1732,,2577,3,,,0
27029,'1154348',1232,,2580,3,,,0
27029,'1154516',1832,,2582,3,,,0
27029,'1154754',2232,,2586,3,,,0
27029,'1155224',2202,,2592,3,,,0
27029,'1155349',1532,,2594,3,,,0
27029,'1155360',832,,2595,3,,,0
27029,'1155459',1902,,2596,3,,,0
