29029,'1184496',1939,,6107,10,,,0
29029,'1184548',2239,,6108,10,,,0
29029,'1184602',1055,,6109,10,,,0
29029,'1184681',939,,6110,10,,,0
29029,'1184958',2039,,6111,10,,,0
29029,'1185054',955,,6112,10,,,0
29029,'1185079',1240,,6113,10,,,0
29029,'1185411',1355,,6114,10,,,0
29029,'1185428',2339,,6115,10,,,0
29029,'1185454',1555,,6116,10,,,0
29029,'1185554',1040,,6117,10,,,0
29029,'1185817',1455,,6118,10,,,0
29029,'1185830',1340,,6119,10,,,0
29029,'1186029',1155,,6120,10,,,0
29029,'1186121',1255,,6121,10,,,0
29029,'1186538',1440,,6122,10,,,0
29029,'1186653',1740,,6123,10,,,0
29029,'1186838',1540,,6124,10,,,0
29029,'1186879',839,,6125,10,,,0
29029,'1186880',1140,,6126,10,,,0
29029,'1186895',1839,,6127,10,,,0
29029,'1186928',2139,,6128,10,,,0
29029,'1187082',1640,,6129,10,,,0
29029,'1187112',739,,6130,10,,,0
