101029,'1150355',839,,2916,14,,,0
101029,'1150535',939,,2919,14,,,0
101029,'1150632',1424,,2920,14,,,0
101029,'1151005',1024,,2922,14,,,0
101029,'1151171',1739,,2924,14,,,0
101029,'1151294',739,,2925,14,,,0
101029,'1151635',2139,,2927,14,,,0
101029,'1151840',639,,2929,14,,,0
101029,'1152316',1824,,2930,14,,,0
101029,'1152666',1039,,2933,14,,,0
101029,'1152802',1641,,2934,14,,,0
101029,'1153001',1939,,2938,14,,,0
101029,'1153050',1241,,2939,14,,,0
101029,'1153195',624,,2941,14,,,0
101029,'1153306',1624,,2942,14,,,0
101029,'1153598',2224,,2945,14,,,0
101029,'1153935',1541,,2949,14,,,0
101029,'1154557',2024,,2953,14,,,0
101029,'1154632',2359,,2954,14,,,0
101029,'1154742',1341,,2955,14,,,0
101029,'1154771',824,,2956,14,,,0
101029,'1154943',1224,,2958,14,,,0
101029,'1155502',1441,,2962,14,,,0
