104019,'1185617',2431,,6369,15,,,0
104029,'1184515',1741,,6402,15,,,0
104029,'1184569',1451,,6403,15,,,0
104029,'1184607',941,,6404,15,,,0
104029,'1184753',1026,,6406,15,,,0
104029,'1185072',1236,,6408,15,,,0
104029,'1185283',911,,6412,15,,,0
104029,'1185308',1621,,6413,15,,,0
104029,'1185376',711,,6417,15,,,0
104029,'1185608',756,,6418,15,,,0
104029,'1185732',826,,6420,15,,,0
104029,'1185743',556,,6421,15,,,0
104029,'1186088',2126,,6425,15,,,0
104029,'1186151',2256,,6426,15,,,0
104029,'1186191',1321,,6428,15,,,0
104029,'1186192',1536,,6429,15,,,0
104029,'1186354',1706,,6432,15,,,0
104029,'1186398',641,,6433,15,,,0
104029,'1186854',1406,,6439,15,,,0
104029,'1186944',1826,,6440,15,,,0
104029,'1187100',1151,,6442,15,,,0
104029,'1187128',1956,,6443,15,,,0
