25019,'1184495',708,,5635,10,,,0
25019,'1184757',1538,,5639,10,,,0
25019,'1184771',1708,,5640,10,,,0
25019,'1184903',2238,,5642,10,,,0
25019,'1185100',1738,,5648,10,,,0
25019,'1185110',1638,,5649,10,,,0
25019,'1185173',938,,5650,10,,,0
25019,'1185179',2138,,5651,10,,,0
25019,'1185244',738,,5654,10,,,0
25019,'1185338',908,,5655,10,,,0
25019,'1185434',1108,,5657,10,,,0
25019,'1185653',1008,,5661,10,,,0
25019,'1185731',1208,,5663,10,,,0
25019,'1185741',2038,,5665,10,,,0
25019,'1185991',838,,5668,10,,,0
25019,'1186131',1838,,5670,10,,,0
25019,'1186625',1308,,5677,10,,,0
25019,'1186803',638,,5682,10,,,0
25019,'1186914',1438,,5684,10,,,0
25019,'1186957',808,,5685,10,,,0
25019,'1186996',1408,,5687,10,,,0
25019,'1187059',1608,,5688,10,,,0
25019,'1187086',1508,,5691,10,,,0
25019,'1187127',1938,,5693,10,,,0
25019,'1187154',2358,,5694,10,,,0
