3019,'1184522',1826,,4586,40,,,0
3019,'1184631',1156,,4589,40,,,0
3019,'1184649',1726,,4590,40,,,0
3019,'1184676',2415,,4591,40,,,0
3019,'1184760',1926,,4592,40,,,0
3019,'1184874',1256,,4595,40,,,0
3019,'1184909',856,,4596,40,,,0
3019,'1185421',1756,,4608,40,,,0
3019,'1185443',1656,,4609,40,,,0
3019,'1185578',2026,,4612,40,,,0
3019,'1185590',1426,,4613,40,,,0
3019,'1185597',926,,4614,40,,,0
3019,'1185658',2325,,4615,40,,,0
3019,'1185706',1356,,4617,40,,,0
3019,'1185843',956,,4619,40,,,0
3019,'1185867',1326,,4620,40,,,0
3019,'1185927',1456,,4623,40,,,0
3019,'1185935',2226,,4624,40,,,0
3019,'1185979',1526,,4626,40,,,0
3019,'1186113',1056,,4627,40,,,0
3019,'1186177',656,,4628,40,,,0
3019,'1186216',1026,,4629,40,,,0
3019,'1186304',826,,4630,40,,,0
3019,'1186501',1556,,4633,40,,,0
3019,'1186516',2126,,4635,40,,,0
3019,'1186518',756,,4636,40,,,0
3019,'1186762',1226,,4642,40,,,0
3019,'1186783',629,,4643,10,,,0
3019,'1186821',1126,,4644,40,,,0
3019,'1186894',726,,4650,40,,,0
3019,'1187174',1626,,4652,40,,,0
