12019,'1150154',1334,,1020,29,,,0
12019,'1150175',1903,,1022,29,,,0
12019,'1150184',1933,,1023,29,,,0
12019,'1150234',1504,,1024,29,,,0
12019,'1150259',2333,,1025,29,,,0
12019,'1150277',2203,,1026,29,,,0
12019,'1150366',1033,,1027,29,,,0
12019,'1150385',1234,,1028,29,,,0
12019,'1150392',803,,1029,29,,,0
12019,'1150604',703,,1033,29,,,0
12019,'1150653',1634,,1034,29,,,0
12019,'1150742',1434,,1035,29,,,0
12019,'1150791',1334,,1038,29,,,0
12019,'1150924',2003,,1042,29,,,0
12019,'1151080',1534,,1043,29,,,0
12019,'1151133',1704,,1045,29,,,0
12019,'1151142',1134,,1046,29,,,0
12019,'1151177',1234,,1047,29,,,0
12019,'1151270',803,,1049,29,,,0
12019,'1151362',1304,,1050,29,,,0
12019,'1151391',903,,1051,29,,,0
12019,'1151499',705,,1053,29,,,0
12019,'1151718',1534,,1059,29,,,0
12019,'1152145',1833,,1067,29,,,0
12019,'1152225',1704,,1068,29,,,0
12019,'1152395',1804,,1073,29,,,0
12019,'1152487',1604,,1075,29,,,0
12019,'1152602',2133,,1079,29,,,0
12019,'1152688',1204,,1080,29,,,0
12019,'1152713',1404,,1081,29,,,0
12019,'1152992',1204,,1082,29,,,0
12019,'1153089',1734,,1086,29,,,0
12019,'1153148',903,,1087,29,,,0
12019,'1153225',1003,,1088,29,,,0
12019,'1153303',1404,,1089,29,,,0
12019,'1153363',1003,,1091,29,,,0
12019,'1153936',1634,,1101,29,,,0
12019,'1153983',733,,1102,29,,,0
12019,'1154016',1804,,1103,29,,,0
12019,'1154114',1134,,1105,29,,,0
12019,'1154338',1104,,1106,29,,,0
12019,'1154371',2033,,1108,29,,,0
12019,'1154398',1504,,1109,29,,,0
12019,'1154614',633,,1113,29,,,0
12019,'1154699',2303,,1114,29,,,0
12019,'1154864',2233,,1118,29,,,0
12019,'1154979',2403,,1119,29,,,0
12019,'1154992',1604,,1120,29,,,0
12019,'1155019',1434,,1122,29,,,0
12019,'1155075',833,,1123,29,,,0
12019,'1155095',1104,,1124,29,,,0
12019,'1155235',1734,,1126,29,,,0
12019,'1155248',2103,,1127,29,,,0
12019,'1155350',1304,,1131,29,,,0
12019,'1155503',933,,1133,29,,,0
