105019,'1150133',1029,,3356,93,,,0
105019,'1150519',1847,,3358,93,,,0
105019,'1150723',735,,3359,93,,,0
105019,'1150755',1532,,3360,93,,,0
105019,'1150957',929,,3364,93,,,0
105019,'1150991',1347,,3365,93,,,0
105019,'1151148',1136,,3367,93,,,0
105019,'1151174',1336,,3368,93,,,0
105019,'1151428',859,,3371,93,,,0
105019,'1151680',1917,,3374,93,,,0
105019,'1151743',829,,3375,93,,,0
105019,'1152002',2321,,3380,93,,,0
105019,'1152300',1436,,3381,93,,,0
105019,'1152360',722,,3382,93,,,0
105019,'1152386',759,,3383,93,,,0
105019,'1152506',1817,,3384,93,,,0
105019,'1152547',652,,3385,93,,,0
105019,'1152647',2221,,3386,93,,,0
105019,'1152697',2421,,3387,93,,,0
105019,'1153054',1536,,3390,93,,,0
105019,'1153337',1936,,3392,93,,,0
105019,'1153487',622,,3393,93,,,0
105019,'1153863',1236,,3395,93,,,0
105019,'1153895',1602,,3397,93,,,0
105019,'1154206',2121,,3398,93,,,0
105019,'1154598',1836,,3402,93,,,0
105019,'1154605',1736,,3403,93,,,0
105019,'1154691',1132,,3404,93,,,0
105019,'1154711',1636,,3406,93,,,0
105019,'1154821',1447,,3407,93,,,0
105019,'1154915',1951,,3409,93,,,0
105019,'1154933',1747,,3410,93,,,0
105019,'1155111',2335,,3412,93,,,0
105019,'1155143',1702,,3413,93,,,0
105019,'1155198',1232,,3415,93,,,0
105019,'1155339',1632,,3419,93,,,0
105019,'1155343',2135,,3420,93,,,0
105019,'1155497',935,,3421,93,,,0
106029,'1150415',747,,3497,24,,,0
106029,'1152319',1017,,3498,24,,,0
106029,'1153399',1734,,3499,24,,,0
106029,'1153977',1619,,3500,24,,,0
106029,'1155105',1849,,3501,24,,,0
106029,'1155380',902,,3502,24,,,0
