11029,'1184506',1353,,4908,14,,,0
11029,'1184513',823,,4909,14,,,0
11029,'1184541',623,,4910,14,,,0
11029,'1184766',1723,,4912,14,,,0
11029,'1184779',1553,,4913,14,,,0
11029,'1184878',2153,,4917,14,,,0
11029,'1184880',1323,,4918,14,,,0
11029,'1185127',1423,,4924,14,,,0
11029,'1185286',723,,4927,14,,,0
11029,'1185293',953,,4929,14,,,0
11029,'1185336',2358,,4930,14,,,0
11029,'1185344',1953,,4931,14,,,0
11029,'1185436',1453,,4932,14,,,0
11029,'1185494',1053,,4934,14,,,0
11029,'1185677',653,,4938,14,,,0
11029,'1185922',1653,,4941,14,,,0
11029,'1185961',753,,4944,14,,,0
11029,'1186219',1023,,4949,14,,,0
11029,'1186286',1123,,4950,14,,,0
11029,'1186409',923,,4953,14,,,0
11029,'1186424',2253,,4955,14,,,0
11029,'1186506',2053,,4957,14,,,0
11029,'1186509',1253,,4958,14,,,0
11029,'1186544',853,,4960,14,,,0
11029,'1186737',1523,,4966,14,,,0
11029,'1186756',1223,,4967,14,,,0
11029,'1186773',1753,,4968,14,,,0
11029,'1186855',1853,,4972,14,,,0
11029,'1186937',1623,,4975,14,,,0
11029,'1187113',1153,,4977,14,,,0
