13029,'1150166',1051,,1343,5,,,0
13029,'1150192',651,,1344,5,,,0
13029,'1150236',1351,,1345,5,,,0
13029,'1150280',2251,,1346,5,,,0
13029,'1150428',2051,,1348,5,,,0
13029,'1150802',1153,,1354,5,,,0
13029,'1150970',852,,1357,5,,,0
13029,'1151261',2021,,1361,5,,,0
13029,'1151608',1753,,1365,5,,,0
13029,'1151634',1553,,1366,5,,,0
13029,'1151678',751,,1369,5,,,0
13029,'1151825',651,,1371,5,,,0
13029,'1152154',1151,,1377,5,,,0
13029,'1152196',1653,,1378,5,,,0
13029,'1152291',2221,,1379,5,,,0
13029,'1152631',2121,,1381,5,,,0
13029,'1152685',1525,,1382,6,,,0
13029,'1152832',751,,1384,5,,,0
13029,'1152857',1021,,1385,5,,,0
13029,'1152875',1921,,1386,5,,,0
13029,'1153017',1451,,1387,5,,,0
13029,'1153018',1821,,1388,5,,,0
13029,'1153194',1253,,1392,5,,,0
13029,'1153367',1453,,1395,5,,,0
13029,'1153482',1851,,1396,5,,,0
13029,'1153582',2151,,1398,5,,,0
13029,'1153914',2321,,1402,5,,,0
13029,'1153951',1723,,1403,5,,,0
13029,'1154032',952,,1406,5,,,0
13029,'1154045',1054,,1407,5,,,0
13029,'1154050',621,,1408,5,,,0
13029,'1154418',2351,,1414,5,,,0
13029,'1154462',1751,,1416,5,,,0
13029,'1154559',1251,,1419,5,,,0
13029,'1154667',1651,,1421,5,,,0
13029,'1154705',951,,1423,5,,,0
13029,'1154900',721,,1426,5,,,0
13029,'1154948',851,,1427,5,,,0
13029,'1155079',1623,,1428,5,,,0
13029,'1155165',1951,,1429,5,,,0
13029,'1155317',1353,,1433,5,,,0
13029,'1155427',1551,,1436,5,,,0
13029,'1155442',821,,1437,5,,,0
13029,'1155494',922,,1438,5,,,0
