2019,'1190609',1618,,7220,23,,,0
2019,'1190673',1232,,7221,23,,,0
2019,'1190685',1218,,7222,23,,,0
2019,'1190689',1948,,7223,23,,,0
2019,'1190717',1718,,7224,23,,,0
2019,'1190761',1432,,7225,23,,,0
2019,'1190765',1248,,7226,23,,,0
2019,'1190771',1332,,7227,23,,,0
2019,'1190817',1318,,7228,23,,,0
2019,'1190891',2132,,7229,23,,,0
2019,'1190941',1532,,7230,23,,,0
2019,'1190953',818,,7231,23,,,0
2019,'1190999',1718,,7232,23,,,0
2019,'1191046',1748,,7233,23,,,0
2019,'1191054',2406,,7234,23,,,0
2019,'1191067',903,,7235,23,,,0
2019,'1191084',1433,,7236,23,,,0
2019,'1191125',1732,,7237,23,,,0
2019,'1191149',732,,7238,23,,,0
2019,'1191199',847,,7239,23,,,0
2019,'1191211',1603,,7240,23,,,0
2019,'1191224',1203,,7241,23,,,0
2019,'1191233',2231,,7242,23,,,0
2019,'1191252',2401,,7243,23,,,0
2019,'1191275',733,,7244,23,,,0
2019,'1191287',1333,,7245,23,,,0
2019,'1191383',1816,,7246,23,,,0
2019,'1191405',832,,7247,23,,,0
2019,'1191408',1303,,7248,23,,,0
2019,'1191447',1448,,7249,23,,,0
2019,'1191485',2116,,7250,23,,,0
2019,'1191495',1633,,7251,23,,,0
2019,'1191512',1318,,7252,23,,,0
2019,'1191527',932,,7253,23,,,0
2019,'1191539',1348,,7254,23,,,0
2019,'1191561',1748,,7255,23,,,0
2019,'1191615',2048,,7256,23,,,0
2019,'1191644',1018,,7257,23,,,0
2019,'1191646',1033,,7258,23,,,0
2019,'1191661',1648,,7259,23,,,0
2019,'1191691',1803,,7260,23,,,0
2019,'1191768',933,,7261,23,,,0
2019,'1191793',717,,7262,23,,,0
2019,'1191820',1032,,7263,23,,,0
2019,'1191850',748,,7264,23,,,0
2019,'1191864',1618,,7265,23,,,0
2019,'1191867',2232,,7266,23,,,0
2019,'1191873',1533,,7267,23,,,0
2019,'1191904',1003,,7268,23,,,0
2019,'1191918',1931,,7269,23,,,0
2019,'1191932',2216,,7270,23,,,0
2019,'1191992',2346,,7271,23,,,0
2019,'1192029',1103,,7272,23,,,0
2019,'1192053',2146,,7273,23,,,0
2019,'1192089',1548,,7274,23,,,0
2019,'1192091',1218,,7275,23,,,0
2019,'1192130',1048,,7276,23,,,0
2019,'1192210',1832,,7277,23,,,0
2019,'1192225',1846,,7278,23,,,0
2019,'1192227',1703,,7279,23,,,0
2019,'1192252',2016,,7280,23,,,0
2019,'1192285',648,,7281,23,,,0
2019,'1192330',1017,,7282,23,,,0
2019,'1192352',1133,,7283,23,,,0
2019,'1192380',1248,,7284,23,,,0
2019,'1192437',803,,7285,23,,,0
2019,'1192442',1148,,7286,23,,,0
2019,'1192449',1233,,7287,23,,,0
2019,'1192523',1548,,7288,23,,,0
2019,'1192531',1518,,7289,23,,,0
2019,'1192546',1148,,7290,23,,,0
2019,'1192565',2032,,7291,23,,,0
2019,'1192577',2246,,7292,23,,,0
2019,'1192650',1932,,7293,23,,,0
2019,'1192668',1118,,7294,23,,,0
2019,'1192678',1448,,7295,23,,,0
2019,'1192698',833,,7296,23,,,0
2019,'1192722',1648,,7297,23,,,0
2019,'1192754',848,,7298,23,,,0
2019,'1192756',932,,7299,23,,,0
2019,'1192760',1632,,7300,23,,,0
2019,'1192800',1848,,7301,23,,,0
2019,'1192812',2332,,7302,23,,,0
2019,'1192865',1503,,7303,23,,,0
2019,'1192869',948,,7304,23,,,0
2019,'1192915',1418,,7305,23,,,0
2019,'1192923',1047,,7306,23,,,0
2019,'1192928',2018,,7307,23,,,0
2019,'1192930',1918,,7308,23,,,0
2019,'1192936',718,,7309,23,,,0
2019,'1192939',703,,7310,23,,,0
2019,'1192940',918,,7311,23,,,0
2019,'1192992',1403,,7312,23,,,0
2019,'1192994',1418,,7313,23,,,0
2019,'1193012',1733,,7314,23,,,0
2019,'1193057',1348,,7315,23,,,0
2019,'1193080',2101,,7316,23,,,0
2019,'1193128',802,,7317,23,,,0
2019,'1193163',1132,,7318,23,,,0
2019,'1193170',1118,,7319,23,,,0
2019,'1193177',2146,,7320,23,,,0
2019,'1193178',2316,,7321,23,,,0
2019,'1193210',1518,,7322,23,,,0
2019,'1193284',1818,,7323,23,,,0
2019,'1193308',2316,,7324,23,,,0
