11019,'1150143',709,,880,29,,,0
11019,'1150149',1838,,881,29,,,0
11019,'1150435',1740,,887,29,,,0
11019,'1150556',1408,,889,29,,,0
11019,'1150629',1640,,890,29,,,0
11019,'1150657',838,,891,29,,,0
11019,'1150677',2038,,892,29,,,0
11019,'1150686',2414,,893,29,,,0
11019,'1150726',1610,,894,29,,,0
11019,'1150735',1455,,895,29,,,0
11019,'1150744',1625,,896,29,,,0
11019,'1150925',1508,,899,29,,,0
11019,'1150938',1338,,901,29,,,0
11019,'1151038',939,,902,29,,,0
11019,'1151140',1024,,905,29,,,0
11019,'1151144',2224,,906,29,,,0
11019,'1151191',1225,,908,29,,,0
11019,'1151326',1954,,910,29,,,0
11019,'1151442',854,,913,29,,,0
11019,'1151502',1538,,914,29,,,0
11019,'1151687',739,,917,29,,,0
11019,'1151694',1340,,918,29,,,0
11019,'1151697',1655,,919,29,,,0
11019,'1151715',724,,920,29,,,0
11019,'1151806',839,,923,29,,,0
11019,'1151889',1238,,925,29,,,0
11019,'1151897',1710,,926,29,,,0
11019,'1151910',824,,927,29,,,0
11019,'1152031',938,,929,29,,,0
11019,'1152198',1009,,932,29,,,0
11019,'1152246',1208,,933,29,,,0
11019,'1152286',654,,934,29,,,0
11019,'1152347',2154,,936,29,,,0
11019,'1152358',1854,,937,29,,,0
11019,'1152422',2354,,939,29,,,0
11019,'1152449',1755,,940,29,,,0
11019,'1152484',1154,,941,29,,,0
11019,'1152597',1425,,943,29,,,0
11019,'1152670',1810,,944,29,,,0
11019,'1152706',1355,,945,29,,,0
11019,'1152810',1540,,947,29,,,0
11019,'1152872',1440,,948,29,,,0
11019,'1152996',924,,951,29,,,0
11019,'1153015',1308,,952,29,,,0
11019,'1153067',2238,,953,29,,,0
11019,'1153085',738,,955,29,,,0
11019,'1153098',1738,,956,29,,,0
11019,'1153395',1139,,962,29,,,0
11019,'1153405',1725,,963,29,,,0
11019,'1153484',2324,,965,29,,,0
11019,'1153506',1638,,967,29,,,0
11019,'1153527',954,,969,29,,,0
11019,'1153562',1310,,971,29,,,0
11019,'1153565',1510,,972,29,,,0
11019,'1153586',2254,,973,29,,,0
11019,'1153587',1325,,974,29,,,0
11019,'1153669',1708,,977,29,,,0
11019,'1153677',1038,,978,29,,,0
11019,'1153881',1255,,981,29,,,0
11019,'1153984',1525,,984,29,,,0
11019,'1154120',2024,,986,29,,,0
11019,'1154168',1410,,987,29,,,0
11019,'1154195',1039,,988,29,,,0
11019,'1154287',909,,989,29,,,0
11019,'1154314',1209,,990,29,,,0
11019,'1154475',1240,,991,29,,,0
11019,'1154577',2138,,993,29,,,0
11019,'1154613',1124,,994,29,,,0
11019,'1154616',809,,995,29,,,0
11019,'1154627',639,,996,29,,,0
11019,'1154690',1054,,998,29,,,0
11019,'1154863',1138,,1000,29,,,0
11019,'1154896',2124,,1001,29,,,0
11019,'1155038',1938,,1006,29,,,0
11019,'1155047',1555,,1007,29,,,0
11019,'1155187',2054,,1009,29,,,0
11019,'1155194',1608,,1010,29,,,0
11019,'1155204',1824,,1011,29,,,0
11019,'1155245',754,,1012,29,,,0
11019,'1155289',1438,,1013,29,,,0
11019,'1155293',1109,,1014,29,,,0
11019,'1155433',2338,,1016,29,,,0
11019,'1155512',1924,,1018,29,,,0
22029,'1150220',1025,,1827,8,,,0
22029,'1150933',1256,,1828,8,,,0
22029,'1150935',824,,1829,8,,,0
22029,'1151147',855,,1830,8,,,0
22029,'1151839',1055,,1832,8,,,0
22029,'1152014',1425,,1833,8,,,0
22029,'1152171',1625,,1834,8,,,0
22029,'1153526',1456,,1837,8,,,0
22029,'1154636',1825,,1840,8,,,0
22029,'1154908',1225,,1841,8,,,0
140001029,'1150107',729,,3712,22,,,0
140001029,'1150153',1630,,3714,22,,,0
140001029,'1150285',1347,,3718,22,,,0
140001029,'1150345',2404,,3720,22,,,0
140001029,'1150377',1202,,3722,22,,,0
140001029,'1150391',1829,,3725,22,,,0
140001029,'1150407',1418,,3726,22,,,0
140001029,'1150453',1645,,3727,22,,,0
140001029,'1150462',1147,,3728,22,,,0
140001029,'1150529',1901,,3730,22,,,0
140001029,'1150555',1047,,3732,22,,,0
140001029,'1150559',1117,,3733,22,,,0
140001029,'1150603',1302,,3734,22,,,0
140001029,'1150660',2016,,3736,22,,,0
140001029,'1150758',959,,3738,22,,,0
140001029,'1150812',1959,,3742,22,,,0
140001029,'1150969',1618,,3746,22,,,0
140001029,'1151075',1518,,3747,22,,,0
140001029,'1151083',1200,,3748,22,,,0
140001029,'1151132',1548,,3749,22,,,0
140001029,'1151187',1345,,3753,22,,,0
140001029,'1151190',1145,,3754,22,,,0
140001029,'1151211',1000,,3755,22,,,0
140001029,'1151220',1247,,3756,22,,,0
140001029,'1151255',2001,,3758,22,,,0
140001029,'1151297',1130,,3759,22,,,0
140001029,'1151376',1831,,3763,22,,,0
140001029,'1151388',944,,3765,22,,,0
140001029,'1151430',659,,3767,22,,,0
140001029,'1151583',1715,,3772,22,,,0
140001029,'1151585',1800,,3773,22,,,0
140001029,'1151597',1600,,3774,22,,,0
140001029,'1151676',1816,,3776,22,,,0
140001029,'1151682',1317,,3777,22,,,0
140001029,'1151698',1217,,3778,22,,,0
140001029,'1151726',1733,,3781,22,,,0
140001029,'1151760',644,,3783,22,,,0
140001029,'1151781',629,,3784,22,,,0
140001029,'1151793',1700,,3786,22,,,0
140001029,'1151812',1448,,3787,22,,,0
140001029,'1151837',1230,,3790,22,,,0
140001029,'1151882',2229,,3791,22,,,0
140001029,'1151969',1433,,3792,22,,,0
140001029,'1152073',1100,,3795,22,,,0
140001029,'1152090',2129,,3796,22,,,0
140001029,'1152101',730,,3798,22,,,0
140001029,'1152157',1931,,3800,22,,,0
140001029,'1152234',1415,,3802,22,,,0
140001029,'1152255',1215,,3803,22,,,0
140001029,'1152278',1648,,3805,22,,,0
140001029,'1152287',1115,,3806,22,,,0
140001029,'1152299',714,,3807,22,,,0
140001029,'1152375',1718,,3808,22,,,0
140001029,'1152383',1102,,3809,22,,,0
140001029,'1152402',744,,3810,22,,,0
140001029,'1152437',1814,,3811,22,,,0
140001029,'1152493',1916,,3814,22,,,0
140001029,'1152528',1403,,3818,22,,,0
140001029,'1152530',2101,,3819,22,,,0
140001029,'1152532',630,,3820,22,,,0
140001029,'1152635',1032,,3824,22,,,0
140001029,'1152653',800,,3825,22,,,0
140001029,'1152735',1430,,3826,22,,,0
140001029,'1152747',2229,,3827,22,,,0
140001029,'1152751',1545,,3828,22,,,0
140001029,'1152759',829,,3829,22,,,0
140001029,'1152783',1503,,3830,22,,,0
140001029,'1152811',1330,,3833,22,,,0
140001029,'1152854',700,,3834,22,,,0
140001029,'1152865',1515,,3835,22,,,0
140001029,'1152945',1015,,3836,22,,,0
140001029,'1152973',1500,,3837,22,,,0
140001029,'1152983',2046,,3838,22,,,0
140001029,'1153104',859,,3839,22,,,0
140001029,'1153197',1929,,3841,22,,,0
140001029,'1153253',1846,,3843,22,,,0
140001029,'1153265',900,,3844,22,,,0
140001029,'1153267',1400,,3845,22,,,0
140001029,'1153287',844,,3846,22,,,0
140001029,'1153315',1801,,3847,22,,,0
140001029,'1153339',1703,,3848,22,,,0
140001029,'1153342',2031,,3850,22,,,0
140001029,'1153372',1030,,3852,22,,,0
140001029,'1153465',814,,3853,22,,,0
140001029,'1153475',1017,,3854,22,,,0
140001029,'1153486',1745,,3856,22,,,0
140001029,'1153536',2359,,3857,22,,,0
140001029,'1153567',2159,,3858,22,,,0
140001029,'1153584',2259,,3860,22,,,0
140001029,'1153592',1315,,3861,22,,,0
140001029,'1153654',1748,,3862,22,,,0
140001029,'1153683',1232,,3864,22,,,0
140001029,'1153820',1859,,3866,22,,,0
140001029,'1154107',930,,3873,22,,,0
140001029,'1154113',914,,3874,22,,,0
140001029,'1154137',1946,,3876,22,,,0
140001029,'1154215',945,,3878,22,,,0
140001029,'1154249',1332,,3879,22,,,0
140001029,'1154385',2129,,3881,22,,,0
140001029,'1154399',1844,,3882,22,,,0
140001029,'1154474',1045,,3884,22,,,0
140001029,'1154555',1533,,3886,22,,,0
140001029,'1154579',1245,,3887,22,,,0
140001029,'1154703',1445,,3890,22,,,0
140001029,'1154716',1132,,3891,22,,,0
140001029,'1154813',759,,3893,22,,,0
140001029,'1154814',2329,,3894,22,,,0
140001029,'1154828',2259,,3895,22,,,0
140001029,'1154875',2159,,3897,22,,,0
140001029,'1155029',1300,,3903,22,,,0
140001029,'1155046',1603,,3904,22,,,0
140001029,'1155054',1615,,3905,22,,,0
140001029,'1155081',929,,3906,22,,,0
140001029,'1155141',1730,,3909,22,,,0
140001029,'1155189',1633,,3911,22,,,0
140001029,'1155197',1530,,3912,22,,,0
140001029,'1155294',2059,,3915,22,,,0
140001029,'1155302',830,,3916,22,,,0
140001029,'1155305',2029,,3917,22,,,0
140001029,'1155377',2329,,3918,22,,,0
