103019,'1184499',1133,,6278,15,,,0
103019,'1184504',1423,,6279,15,,,0
103019,'1184657',1353,,6280,15,,,0
103019,'1184910',1123,,6281,15,,,0
103019,'1184918',652,,6282,15,,,0
103019,'1185122',2252,,6283,15,,,0
103019,'1185202',1903,,6284,15,,,0
103019,'1185273',2152,,6285,15,,,0
103019,'1185326',2333,,6286,15,,,0
103019,'1185405',1852,,6287,15,,,0
103019,'1185459',2203,,6288,15,,,0
103019,'1185533',907,,6289,15,,,0
103019,'1185539',2022,,6290,15,,,0
103019,'1185585',751,,6291,15,,,0
103019,'1185688',833,,6292,15,,,0
103019,'1185749',1553,,6293,15,,,0
103019,'1185800',737,,6294,15,,,0
103019,'1185819',1433,,6295,15,,,0
103019,'1185862',1253,,6296,15,,,0
103019,'1185957',2033,,6297,15,,,0
103019,'1185997',1003,,6298,15,,,0
103019,'1186013',952,,6299,15,,,0
103019,'1186148',1508,,6300,15,,,0
103019,'1186224',1222,,6301,15,,,0
103019,'1186231',822,,6302,15,,,0
103019,'1186269',1523,,6303,15,,,0
103019,'1186278',2322,,6304,15,,,0
103019,'1186435',1822,,6305,15,,,0
103019,'1186529',2122,,6306,15,,,0
103019,'1186561',1638,,6307,15,,,0
103019,'1186562',1603,,6308,15,,,0
103019,'1186606',1303,,6309,15,,,0
103019,'1186721',1051,,6310,15,,,0
103019,'1186754',620,,6311,2,,,0
103019,'1186769',1723,,6312,15,,,0
103019,'1186890',1653,,6313,15,,,0
103019,'1187000',1952,,6314,15,,,0
103019,'1187108',1733,,6315,15,,,0
103019,'1187124',921,,6316,15,,,0
