27019,'1184479',2212,,5861,2,,,0
27019,'1184659',642,,5862,2,,,0
27019,'1184736',1142,,5863,2,,,0
27019,'1184892',1442,,5866,2,,,0
27019,'1184984',1912,,5868,2,,,0
27019,'1185147',2012,,5871,2,,,0
27019,'1185260',2312,,5874,2,,,0
27019,'1185328',1242,,5876,2,,,0
27019,'1185418',1042,,5879,2,,,0
27019,'1185974',842,,5889,2,,,0
27019,'1186408',2112,,5896,2,,,0
27019,'1186461',742,,5898,2,,,0
27019,'1186620',1842,,5899,2,,,0
27019,'1186677',1642,,5900,2,,,0
27019,'1186777',1542,,5902,2,,,0
27019,'1186850',1742,,5905,2,,,0
27019,'1186962',942,,5909,2,,,0
27019,'1187106',1342,,5910,2,,,0
