27019,'1184479',2212,,5861,3,,,0
27019,'1184659',642,,5862,3,,,0
27019,'1184736',1142,,5863,3,,,0
27019,'1184892',1442,,5866,3,,,0
27019,'1184984',1912,,5868,3,,,0
27019,'1185147',2012,,5871,3,,,0
27019,'1185260',2312,,5874,3,,,0
27019,'1185328',1242,,5876,3,,,0
27019,'1185418',1042,,5879,3,,,0
27019,'1185974',842,,5889,3,,,0
27019,'1186408',2112,,5896,3,,,0
27019,'1186461',742,,5898,3,,,0
27019,'1186620',1842,,5899,3,,,0
27019,'1186677',1642,,5900,3,,,0
27019,'1186777',1542,,5902,3,,,0
27019,'1186850',1742,,5905,3,,,0
27019,'1186962',942,,5909,3,,,0
27019,'1187106',1342,,5910,3,,,0
