105019,'1184475',1916,,6445,90,,,0
105019,'1184709',1846,,6446,90,,,0
105019,'1184819',828,,6448,90,,,0
105019,'1184825',2320,,6449,90,,,0
105019,'1184879',1531,,6450,90,,,0
105019,'1184888',1028,,6451,90,,,0
105019,'1185176',721,,6455,90,,,0
105019,'1185212',651,,6456,90,,,0
105019,'1185498',1950,,6458,90,,,0
105019,'1185569',1816,,6462,90,,,0
105019,'1185641',928,,6463,90,,,0
105019,'1185695',1346,,6465,90,,,0
105019,'1185708',2120,,6466,90,,,0
105019,'1185894',1231,,6469,90,,,0
105019,'1186015',1446,,6470,90,,,0
105019,'1186061',1631,,6471,90,,,0
105019,'1186380',1131,,6473,90,,,0
105019,'1186477',1701,,6475,90,,,0
105019,'1186601',1746,,6478,90,,,0
105019,'1186602',758,,6479,90,,,0
105019,'1186864',2420,,6484,90,,,0
105019,'1186870',621,,6485,90,,,0
105019,'1186896',858,,6486,90,,,0
105019,'1187009',2220,,6488,90,,,0
105019,'1187061',1601,,6489,90,,,0
106029,'1184503',1016,,6543,21,,,0
106029,'1184668',1848,,6544,21,,,0
106029,'1185934',1733,,6545,21,,,0
106029,'1185946',1618,,6546,21,,,0
106029,'1186791',901,,6547,21,,,0
106029,'1186882',746,,6548,21,,,0
