20029,'1184486',1529,,5421,9,,,0
20029,'1184501',2127,,5422,9,,,0
20029,'1184581',626,,5426,9,,,0
20029,'1184725',1428,,5430,9,,,0
20029,'1184817',757,,5434,9,,,0
20029,'1184971',656,,5436,9,,,0
20029,'1185019',1758,,5438,9,,,0
20029,'1185075',2327,,5439,9,,,0
20029,'1185595',1628,,5448,9,,,0
20029,'1185644',1328,,5450,9,,,0
20029,'1185951',1728,,5454,9,,,0
20029,'1185978',2227,,5455,9,,,0
20029,'1186009',828,,5457,9,,,0
20029,'1186060',1928,,5459,9,,,0
20029,'1186122',928,,5460,9,,,0
20029,'1186358',1828,,5464,9,,,0
20029,'1186614',1658,,5465,9,,,0
20029,'1186645',2028,,5466,9,,,0
20029,'1186654',1028,,5468,9,,,0
20029,'1186787',1228,,5470,9,,,0
20029,'1186985',1128,,5474,9,,,0
20029,'1187148',727,,5475,9,,,0
