10029,'1184529',1552,,4778,14,,,0
10029,'1184564',1622,,4782,14,,,0
10029,'1184573',1121,,4783,14,,,0
10029,'1184943',721,,4788,14,,,0
10029,'1185175',1952,,4795,14,,,0
10029,'1185177',921,,4796,14,,,0
10029,'1185497',821,,4798,14,,,0
10029,'1185542',2356,,4800,14,,,0
10029,'1185616',1652,,4802,14,,,0
10029,'1185656',851,,4803,14,,,0
10029,'1185786',751,,4807,14,,,0
10029,'1185809',2251,,4808,14,,,0
10029,'1185856',621,,4809,14,,,0
10029,'1186049',1722,,4812,14,,,0
10029,'1186157',1451,,4814,14,,,0
10029,'1186205',1321,,4815,14,,,0
10029,'1186261',1752,,4817,14,,,0
10029,'1186450',1522,,4819,14,,,0
10029,'1186478',1021,,4820,14,,,0
10029,'1186548',2052,,4822,14,,,0
10029,'1186573',1852,,4824,14,,,0
10029,'1186648',1421,,4826,14,,,0
10029,'1186655',1221,,4828,14,,,0
10029,'1186719',651,,4830,14,,,0
10029,'1187133',2152,,4836,14,,,0
