105019,'1150133',1009,,3356,63,,,0
105019,'1150519',1827,,3358,63,,,0
105019,'1150723',717,,3359,63,,,0
105019,'1150755',1512,,3360,63,,,0
105019,'1150957',909,,3364,63,,,0
105019,'1150991',1327,,3365,63,,,0
105019,'1151148',1119,,3367,63,,,0
105019,'1151174',1319,,3368,63,,,0
105019,'1151428',839,,3371,63,,,0
105019,'1151680',1857,,3374,63,,,0
105019,'1151743',809,,3375,63,,,0
105019,'1152002',2304,,3380,63,,,0
105019,'1152300',1419,,3381,63,,,0
105019,'1152360',705,,3382,63,,,0
105019,'1152386',739,,3383,63,,,0
105019,'1152506',1757,,3384,63,,,0
105019,'1152547',635,,3385,63,,,0
105019,'1152647',2204,,3386,63,,,0
105019,'1152697',2404,,3387,63,,,0
105019,'1153054',1519,,3390,63,,,0
105019,'1153337',1919,,3392,63,,,0
105019,'1153487',605,,3393,63,,,0
105019,'1153863',1219,,3395,63,,,0
105019,'1153895',1542,,3397,63,,,0
105019,'1154206',2104,,3398,63,,,0
105019,'1154598',1819,,3402,63,,,0
105019,'1154605',1719,,3403,63,,,0
105019,'1154691',1112,,3404,63,,,0
105019,'1154711',1619,,3406,63,,,0
105019,'1154821',1427,,3407,63,,,0
105019,'1154915',1934,,3409,63,,,0
105019,'1154933',1727,,3410,63,,,0
105019,'1155111',2317,,3412,63,,,0
105019,'1155143',1642,,3413,63,,,0
105019,'1155198',1212,,3415,63,,,0
105019,'1155339',1612,,3419,63,,,0
105019,'1155343',2117,,3420,63,,,0
105019,'1155497',917,,3421,63,,,0
106029,'1150415',743,,3497,14,,,0
106029,'1152319',1013,,3498,14,,,0
106029,'1153399',1730,,3499,14,,,0
106029,'1153977',1615,,3500,14,,,0
106029,'1155105',1845,,3501,14,,,0
106029,'1155380',858,,3502,14,,,0
