101019,'1184498',2323,,6132,21,,,0
101019,'1184591',1123,,6135,21,,,0
101019,'1184796',1846,,6136,21,,,0
101019,'1184902',1523,,6137,21,,,0
101019,'1184924',923,,6138,21,,,0
101019,'1184925',2045,,6139,21,,,0
101019,'1185023',1146,,6140,21,,,0
101019,'1185092',1748,,6141,21,,,0
101019,'1185544',723,,6142,21,,,0
101019,'1185625',1046,,6145,21,,,0
101019,'1185636',846,,6146,21,,,0
101019,'1185684',1923,,6147,21,,,0
101019,'1185751',1448,,6148,21,,,0
101019,'1185803',946,,6149,21,,,0
101019,'1185998',1348,,6150,21,,,0
101019,'1186087',2246,,6153,21,,,0
101019,'1186263',2123,,6154,21,,,0
101019,'1186308',1323,,6155,21,,,0
101019,'1186331',546,,6156,21,,,0
101019,'1186580',1548,,6157,21,,,0
101019,'1186587',1648,,6158,21,,,0
101019,'1186594',1723,,6159,21,,,0
101019,'1187155',746,,6161,21,,,0
101029,'1184516',2431,,6162,50,,,0
101029,'1184584',1254,,6163,50,,,0
101029,'1184684',1811,,6164,50,,,0
101029,'1184724',1011,,6165,50,,,0
101029,'1184785',1514,,6166,50,,,0
101029,'1184855',1454,,6167,50,,,0
101029,'1185015',811,,6169,50,,,0
101029,'1185143',2054,,6171,50,,,0
101029,'1185400',1654,,6173,50,,,0
101029,'1185619',1111,,6174,50,,,0
101029,'1185854',1854,,6178,50,,,0
101029,'1186045',854,,6179,50,,,0
101029,'1186082',1714,,6180,50,,,0
101029,'1186107',654,,6181,50,,,0
101029,'1186135',711,,6182,50,,,0
101029,'1186184',911,,6184,50,,,0
101029,'1186356',2211,,6185,50,,,0
101029,'1186597',1614,,6187,50,,,0
101029,'1186712',2254,,6188,50,,,0
101029,'1186784',2011,,6189,50,,,0
101029,'1186801',1054,,6190,50,,,0
101029,'1186815',1414,,6191,50,,,0
101029,'1187194',1314,,6192,50,,,0
