14029,'1184744',725,,5304,19,,,0
14029,'1184869',625,,5306,19,,,0
14029,'1184981',1655,,5310,19,,,0
14029,'1184993',1725,,5311,19,,,0
14029,'1185190',1955,,5312,19,,,0
14029,'1185265',825,,5314,19,,,0
14029,'1185322',1425,,5317,19,,,0
14029,'1185408',1455,,5319,19,,,0
14029,'1185491',1625,,5322,19,,,0
14029,'1185568',1525,,5325,19,,,0
14029,'1185828',2255,,5328,19,,,0
14029,'1185866',2400,,5330,19,,,0
14029,'1186118',655,,5334,19,,,0
14029,'1186154',925,,5335,19,,,0
14029,'1186312',2155,,5336,19,,,0
14029,'1186319',1555,,5337,19,,,0
14029,'1186327',1325,,5338,19,,,0
14029,'1186377',1225,,5340,19,,,0
14029,'1186418',1025,,5341,19,,,0
14029,'1186771',755,,5348,19,,,0
14029,'1186908',855,,5353,19,,,0
14029,'1186971',2055,,5355,19,,,0
14029,'1187063',1755,,5357,19,,,0
14029,'1187137',1855,,5360,19,,,0
14029,'1187192',1125,,5361,19,,,0
