105019,'1150133',1000,,3356,46,,,0
105019,'1150519',1818,,3358,46,,,0
105019,'1150723',709,,3359,46,,,0
105019,'1150755',1503,,3360,46,,,0
105019,'1150957',900,,3364,46,,,0
105019,'1150991',1318,,3365,46,,,0
105019,'1151148',1111,,3367,46,,,0
105019,'1151174',1311,,3368,46,,,0
105019,'1151428',830,,3371,46,,,0
105019,'1151680',1848,,3374,46,,,0
105019,'1151743',800,,3375,46,,,0
105019,'1152002',2256,,3380,46,,,0
105019,'1152300',1411,,3381,46,,,0
105019,'1152360',656,,3382,46,,,0
105019,'1152386',730,,3383,46,,,0
105019,'1152506',1748,,3384,46,,,0
105019,'1152547',626,,3385,46,,,0
105019,'1152647',2156,,3386,46,,,0
105019,'1152697',2356,,3387,46,,,0
105019,'1153054',1511,,3390,46,,,0
105019,'1153337',1911,,3392,46,,,0
105019,'1153487',556,,3393,46,,,0
105019,'1153863',1211,,3395,46,,,0
105019,'1153895',1533,,3397,46,,,0
105019,'1154206',2056,,3398,46,,,0
105019,'1154598',1811,,3402,46,,,0
105019,'1154605',1711,,3403,46,,,0
105019,'1154691',1103,,3404,46,,,0
105019,'1154711',1611,,3406,46,,,0
105019,'1154821',1418,,3407,46,,,0
105019,'1154915',1926,,3409,46,,,0
105019,'1154933',1718,,3410,46,,,0
105019,'1155111',2309,,3412,46,,,0
105019,'1155143',1633,,3413,46,,,0
105019,'1155198',1203,,3415,46,,,0
105019,'1155339',1603,,3419,46,,,0
105019,'1155343',2109,,3420,46,,,0
105019,'1155497',909,,3421,46,,,0
