20029,'1150443',2055,,1720,6,,,0
20029,'1150518',1254,,1722,6,,,0
20029,'1150558',1226,,1723,6,,,0
20029,'1150595',1855,,1724,6,,,0
20029,'1150715',926,,1726,6,,,0
20029,'1150789',1726,,1731,6,,,0
20029,'1150855',1026,,1732,6,,,0
20029,'1150951',954,,1733,6,,,0
20029,'1151182',1126,,1738,6,,,0
20029,'1151252',1527,,1739,6,,,0
20029,'1151298',2325,,1740,6,,,0
20029,'1151315',1754,,1741,6,,,0
20029,'1151530',2354,,1742,6,,,0
20029,'1151590',1626,,1743,6,,,0
20029,'1152131',1955,,1752,6,,,0
20029,'1152153',654,,1753,6,,,0
20029,'1152501',1354,,1757,6,,,0
20029,'1152640',854,,1758,6,,,0
20029,'1152750',624,,1759,6,,,0
20029,'1152826',1426,,1760,6,,,0
20029,'1152948',1756,,1762,6,,,0
20029,'1153117',2255,,1763,6,,,0
20029,'1153480',1154,,1771,6,,,0
20029,'1153714',755,,1774,6,,,0
20029,'1153811',754,,1776,6,,,0
20029,'1153829',1656,,1777,6,,,0
20029,'1153858',2155,,1778,6,,,0
20029,'1154049',1454,,1779,6,,,0
20029,'1154088',1826,,1780,6,,,0
20029,'1154095',1654,,1781,6,,,0
20029,'1154425',2225,,1790,6,,,0
20029,'1154500',1054,,1792,6,,,0
20029,'1154533',2125,,1793,6,,,0
20029,'1154750',1554,,1796,6,,,0
20029,'1154788',826,,1797,6,,,0
20029,'1154811',654,,1798,6,,,0
20029,'1155011',2026,,1799,6,,,0
20029,'1155237',1926,,1802,6,,,0
20029,'1155373',725,,1806,6,,,0
20029,'1155443',1326,,1808,6,,,0
