3029,'1150202',2019,,417,26,,,0
3029,'1150338',1050,,419,26,,,0
3029,'1150614',650,,422,26,,,0
3029,'1150985',1051,,425,26,,,0
3029,'1151183',1849,,429,26,,,0
3029,'1151192',1652,,430,26,,,0
3029,'1151504',1652,,432,26,,,0
3029,'1151640',1752,,435,26,,,0
3029,'1151683',1522,,437,26,,,0
3029,'1151731',1949,,438,26,,,0
3029,'1151876',2049,,442,26,,,0
3029,'1151984',821,,445,26,,,0
3029,'1152000',1152,,447,26,,,0
3029,'1152164',2250,,450,26,,,0
3029,'1152335',751,,453,26,,,0
3029,'1152374',2249,,454,26,,,0
3029,'1152494',1322,,459,26,,,0
3029,'1152784',921,,463,26,,,0
3029,'1152803',1222,,464,26,,,0
3029,'1152828',1552,,465,26,,,0
3029,'1152863',1021,,466,26,,,0
3029,'1152936',1252,,467,26,,,0
3029,'1153075',1352,,470,26,,,0
3029,'1153143',1722,,473,26,,,0
3029,'1153218',850,,474,26,,,0
3029,'1153269',1822,,475,26,,,0
3029,'1153277',2150,,476,26,,,0
3029,'1153325',950,,477,26,,,0
3029,'1153346',1352,,478,26,,,0
3029,'1153473',1622,,480,26,,,0
3029,'1153476',721,,481,26,,,0
3029,'1153644',1252,,482,26,,,0
3029,'1153678',1850,,483,26,,,0
3029,'1153903',2350,,485,26,,,0
3029,'1153992',1919,,487,26,,,0
3029,'1154123',1950,,491,26,,,0
3029,'1154264',750,,495,26,,,0
3029,'1154368',1452,,497,26,,,0
3029,'1154445',851,,498,26,,,0
3029,'1154525',2050,,500,26,,,0
3029,'1154677',2119,,502,26,,,0
3029,'1154694',1152,,503,26,,,0
3029,'1154731',1121,,504,26,,,0
3029,'1154736',2219,,505,26,,,0
3029,'1154807',651,,506,26,,,0
3029,'1154840',2345,,508,26,,,0
3029,'1155071',1552,,511,26,,,0
3029,'1155137',1422,,512,26,,,0
3029,'1155140',1452,,513,26,,,0
3029,'1155180',951,,514,26,,,0
3029,'1155345',2149,,516,26,,,0
3029,'1155451',1752,,518,26,,,0
14019,'1150200',1005,,1440,43,,,0
14019,'1150262',705,,1441,43,,,0
14019,'1150337',905,,1443,43,,,0
14019,'1150348',1206,,1444,43,,,0
14019,'1150379',735,,1445,43,,,0
14019,'1150712',2105,,1451,43,,,0
14019,'1151030',1407,,1452,43,,,0
14019,'1151165',2305,,1455,43,,,0
14019,'1151250',1806,,1456,43,,,0
14019,'1151355',2135,,1458,43,,,0
14019,'1151402',2335,,1459,43,,,0
14019,'1151531',805,,1462,43,,,0
14019,'1151546',2235,,1464,43,,,0
14019,'1151663',1537,,1466,43,,,0
14019,'1151708',1737,,1468,43,,,0
14019,'1151821',1307,,1470,43,,,0
14019,'1152024',1005,,1471,43,,,0
14019,'1152219',1706,,1473,43,,,0
14019,'1152241',1306,,1474,43,,,0
14019,'1152242',1807,,1475,43,,,0
14019,'1152324',2035,,1479,43,,,0
14019,'1152363',905,,1481,43,,,0
14019,'1152413',1707,,1482,43,,,0
14019,'1152541',935,,1485,43,,,0
14019,'1152725',1607,,1488,43,,,0
14019,'1152770',1637,,1490,43,,,0
14019,'1152772',1935,,1491,43,,,0
14019,'1152885',1406,,1493,43,,,0
14019,'1153060',2205,,1494,43,,,0
14019,'1153371',705,,1499,43,,,0
14019,'1153493',805,,1502,43,,,0
14019,'1153692',1507,,1505,43,,,0
14019,'1153780',1107,,1506,43,,,0
14019,'1153908',1207,,1508,43,,,0
14019,'1154077',1835,,1510,43,,,0
14019,'1154090',1606,,1511,43,,,0
14019,'1154211',2005,,1514,43,,,0
14019,'1154339',1105,,1517,43,,,0
14019,'1154509',1905,,1520,43,,,0
14019,'1154513',1506,,1521,43,,,0
14019,'1154567',835,,1522,43,,,0
14019,'1155390',2405,,1531,43,,,0
