104029,'1150508',1748,,3292,23,,,0
104029,'1150833',1243,,3301,23,,,0
104029,'1150856',2302,,3302,23,,,0
104029,'1151008',1458,,3304,23,,,0
104029,'1151097',2132,,3305,23,,,0
104029,'1151285',1158,,3310,23,,,0
104029,'1151623',802,,3312,23,,,0
104029,'1151632',1628,,3313,23,,,0
104029,'1151639',1032,,3314,23,,,0
104029,'1151734',917,,3316,23,,,0
104029,'1151896',647,,3319,23,,,0
104029,'1152059',602,,3322,23,,,0
104029,'1152405',717,,3325,23,,,0
104029,'1152789',1543,,3333,23,,,0
104029,'1153825',2002,,3339,23,,,0
104029,'1154373',832,,3341,23,,,0
104029,'1154842',947,,3344,23,,,0
104029,'1154990',1713,,3347,23,,,0
104029,'1155225',1832,,3350,23,,,0
104029,'1155342',1413,,3352,23,,,0
104029,'1155435',1328,,3353,23,,,0
104029,'1174582',1032,,4339,23,,,0
104029,'1174742',1647,,4340,23,,,0
104029,'1174783',2032,,4341,23,,,0
104029,'1174936',802,,4342,23,,,0
104029,'1175045',647,,4343,23,,,0
104029,'1175446',1802,,4344,23,,,0
104029,'1175466',1532,,4345,23,,,0
104029,'1175637',917,,4346,23,,,0
104029,'1175833',1417,,4347,23,,,0
104029,'1175995',1302,,4348,23,,,0
104029,'1176420',1917,,4349,23,,,0
104029,'1176424',1147,,4350,23,,,0
104029,'1176552',2302,,4351,23,,,0
104029,'1177233',2147,,4352,23,,,0
104029,'1181155',1413,,4353,23,,,0
104029,'1181212',1158,,4354,23,,,0
104029,'1181411',1458,,4355,23,,,0
104029,'1181445',1243,,4356,23,,,0
104029,'1181463',802,,4357,23,,,0
104029,'1181465',1032,,4358,23,,,0
104029,'1181610',1748,,4359,23,,,0
104029,'1181818',2132,,4360,23,,,0
104029,'1181976',947,,4361,23,,,0
104029,'1181990',602,,4362,23,,,0
104029,'1182344',1328,,4363,23,,,0
104029,'1182649',917,,4364,23,,,0
104029,'1182756',2302,,4365,23,,,0
104029,'1182765',1832,,4366,23,,,0
104029,'1183191',1713,,4367,23,,,0
104029,'1183225',717,,4368,23,,,0
104029,'1183615',832,,4369,23,,,0
104029,'1183699',2002,,4370,23,,,0
104029,'1183734',1628,,4371,23,,,0
104029,'1184115',1543,,4372,23,,,0
104029,'1184200',647,,4373,23,,,0
