105029,'1190637',842,,9337,76,,,0
105029,'1190832',729,,9338,76,,,0
105029,'1190854',1532,,9339,76,,,0
105029,'1190856',1347,,9340,76,,,0
105029,'1190924',2434,,9341,76,,,0
105029,'1190926',1444,,9342,76,,,0
105029,'1190965',1502,,9343,76,,,0
105029,'1190981',659,,9344,76,,,0
105029,'1191222',2242,,9345,76,,,0
105029,'1191223',1717,,9346,76,,,0
105029,'1191285',2029,,9347,76,,,0
105029,'1191307',1602,,9348,76,,,0
105029,'1191404',1544,,9349,76,,,0
105029,'1191423',1432,,9350,76,,,0
105029,'1191572',1044,,9351,76,,,0
105029,'1191670',1801,,9352,76,,,0
105029,'1191739',1817,,9353,76,,,0
105029,'1191784',1344,,9354,76,,,0
105029,'1191846',1032,,9355,76,,,0
105029,'1191848',1247,,9356,76,,,0
105029,'1191910',2442,,9357,76,,,0
105029,'1191936',1601,,9358,76,,,0
105029,'1192016',759,,9359,76,,,0
105029,'1192019',1844,,9360,76,,,0
105029,'1192058',2401,,9361,76,,,0
105029,'1192150',801,,9362,76,,,0
105029,'1192180',2001,,9363,76,,,0
105029,'1192198',2329,,9364,76,,,0
105029,'1192205',642,,9365,76,,,0
105029,'1192224',1647,,9366,76,,,0
105029,'1192338',1859,,9367,76,,,0
105029,'1192379',2129,,9368,76,,,0
105029,'1192463',1401,,9369,76,,,0
105029,'1192488',1144,,9370,76,,,0
105029,'1192491',829,,9371,76,,,0
105029,'1192500',929,,9372,76,,,0
105029,'1192511',2042,,9373,76,,,0
105029,'1192662',1644,,9374,76,,,0
105029,'1192694',1132,,9375,76,,,0
105029,'1192728',2201,,9376,76,,,0
105029,'1193038',1244,,9377,76,,,0
105029,'1193130',1201,,9378,76,,,0
105029,'1193181',1744,,9379,76,,,0
105029,'1193225',1747,,9380,76,,,0
105029,'1193234',1001,,9381,76,,,0
105029,'1193316',2229,,9382,76,,,0
