22019,'1150441',1417,,1811,17,,,0
22019,'1150800',1017,,1812,17,,,0
22019,'1151346',1247,,1813,17,,,0
22019,'1152264',1817,,1814,17,,,0
22019,'1152425',1447,,1815,17,,,0
22019,'1152695',1817,,1816,17,,,0
22019,'1152712',1617,,1817,17,,,0
22019,'1152891',1047,,1818,17,,,0
22019,'1153159',1617,,1819,17,,,0
22019,'1153570',1217,,1820,17,,,0
22019,'1154152',1217,,1821,17,,,0
22019,'1154488',817,,1822,17,,,0
22019,'1154626',847,,1823,17,,,0
22019,'1154882',817,,1824,17,,,0
22019,'1155378',1017,,1825,17,,,0
22019,'1155508',1417,,1826,17,,,0
