10019,'1184691',1352,,4721,22,,,0
10019,'1184710',2122,,4722,22,,,0
10019,'1184932',1252,,4726,22,,,0
10019,'1185103',2222,,4729,22,,,0
10019,'1185108',1052,,4730,22,,,0
10019,'1185124',1922,,4731,22,,,0
10019,'1185169',1822,,4734,22,,,0
10019,'1185191',1552,,4735,22,,,0
10019,'1185284',822,,4737,22,,,0
10019,'1185473',1522,,4740,22,,,0
10019,'1185618',1652,,4745,22,,,0
10019,'1185672',653,,4747,22,,,0
10019,'1185811',1622,,4751,22,,,0
10019,'1185902',1452,,4753,22,,,0
10019,'1186039',852,,4754,22,,,0
10019,'1186042',1722,,4755,22,,,0
10019,'1186096',2022,,4757,22,,,0
10019,'1186123',952,,4758,22,,,0
10019,'1186300',722,,4763,22,,,0
10019,'1186511',922,,4766,22,,,0
10019,'1186560',1752,,4768,22,,,0
10019,'1186575',623,,4769,22,,,0
10019,'1186626',2322,,4770,22,,,0
10019,'1186729',1152,,4772,22,,,0
10019,'1187036',752,,4775,22,,,0
