105019,'1150133',940,,3356,20,,,0
105019,'1150519',1758,,3358,20,,,0
105019,'1150723',651,,3359,20,,,0
105019,'1150755',1443,,3360,20,,,0
105019,'1150957',840,,3364,20,,,0
105019,'1150991',1258,,3365,20,,,0
105019,'1151148',1053,,3367,20,,,0
105019,'1151174',1253,,3368,20,,,0
105019,'1151428',810,,3371,20,,,0
105019,'1151680',1828,,3374,20,,,0
105019,'1151743',740,,3375,20,,,0
105019,'1152002',2237,,3380,20,,,0
105019,'1152300',1353,,3381,20,,,0
105019,'1152360',637,,3382,20,,,0
105019,'1152386',710,,3383,20,,,0
105019,'1152506',1728,,3384,20,,,0
105019,'1152547',607,,3385,20,,,0
105019,'1152647',2137,,3386,20,,,0
105019,'1152697',2337,,3387,20,,,0
105019,'1153054',1453,,3390,20,,,0
105019,'1153337',1853,,3392,20,,,0
105019,'1153487',537,,3393,20,,,0
105019,'1153863',1153,,3395,20,,,0
105019,'1153895',1513,,3397,20,,,0
105019,'1154206',2037,,3398,20,,,0
105019,'1154598',1753,,3402,20,,,0
105019,'1154605',1653,,3403,20,,,0
105019,'1154691',1043,,3404,20,,,0
105019,'1154711',1553,,3406,20,,,0
105019,'1154821',1358,,3407,20,,,0
105019,'1154915',1907,,3409,20,,,0
105019,'1154933',1658,,3410,20,,,0
105019,'1155111',2251,,3412,20,,,0
105019,'1155143',1613,,3413,20,,,0
105019,'1155198',1143,,3415,20,,,0
105019,'1155339',1543,,3419,20,,,0
105019,'1155343',2051,,3420,20,,,0
105019,'1155497',851,,3421,20,,,0
