101019,'1150144',1542,,2867,43,,,0
101019,'1150380',1105,,2869,43,,,0
101019,'1150746',1942,,2873,43,,,0
101019,'1150862',2142,,2874,43,,,0
101019,'1150954',605,,2875,43,,,0
101019,'1150998',1407,,2876,43,,,0
101019,'1151001',742,,2877,43,,,0
101019,'1151295',1807,,2880,43,,,0
101019,'1151359',805,,2881,43,,,0
101019,'1151610',1205,,2883,43,,,0
101019,'1151994',1742,,2886,43,,,0
101019,'1152080',1707,,2887,43,,,0
101019,'1152371',1607,,2888,43,,,0
101019,'1152676',905,,2890,43,,,0
101019,'1152765',2104,,2891,43,,,0
101019,'1152944',2342,,2893,43,,,0
101019,'1153556',2305,,2899,43,,,0
101019,'1153641',1142,,2900,43,,,0
101019,'1153864',1342,,2903,43,,,0
101019,'1154431',1507,,2908,43,,,0
101019,'1154552',1905,,2909,43,,,0
101019,'1155432',942,,2913,43,,,0
101019,'1155460',1005,,2914,43,,,0
