3019,'1184522',1807,,4586,12,,,0
3019,'1184631',1137,,4589,12,,,0
3019,'1184649',1707,,4590,12,,,0
3019,'1184676',2356,,4591,12,,,0
3019,'1184760',1907,,4592,12,,,0
3019,'1184874',1237,,4595,12,,,0
3019,'1184909',837,,4596,12,,,0
3019,'1185421',1737,,4608,12,,,0
3019,'1185443',1637,,4609,12,,,0
3019,'1185578',2007,,4612,12,,,0
3019,'1185590',1407,,4613,12,,,0
3019,'1185597',907,,4614,12,,,0
3019,'1185658',2306,,4615,12,,,0
3019,'1185706',1337,,4617,12,,,0
3019,'1185843',937,,4619,12,,,0
3019,'1185867',1307,,4620,12,,,0
3019,'1185927',1437,,4623,12,,,0
3019,'1185935',2207,,4624,12,,,0
3019,'1185979',1507,,4626,12,,,0
3019,'1186113',1037,,4627,12,,,0
3019,'1186177',637,,4628,12,,,0
3019,'1186216',1007,,4629,12,,,0
3019,'1186304',807,,4630,12,,,0
3019,'1186501',1537,,4633,12,,,0
3019,'1186516',2107,,4635,12,,,0
3019,'1186518',737,,4636,12,,,0
3019,'1186762',1207,,4642,12,,,0
3019,'1186821',1107,,4644,12,,,0
3019,'1186894',707,,4650,12,,,0
3019,'1187174',1607,,4652,12,,,0
