104029,'1150508',1754,,3292,34,,,0
104029,'1150833',1250,,3301,34,,,0
104029,'1150856',2308,,3302,34,,,0
104029,'1151008',1505,,3304,34,,,0
104029,'1151097',2138,,3305,34,,,0
104029,'1151285',1205,,3310,34,,,0
104029,'1151623',808,,3312,34,,,0
104029,'1151632',1635,,3313,34,,,0
104029,'1151639',1038,,3314,34,,,0
104029,'1151734',923,,3316,34,,,0
104029,'1151896',653,,3319,34,,,0
104029,'1152059',608,,3322,34,,,0
104029,'1152405',723,,3325,34,,,0
104029,'1152789',1550,,3333,34,,,0
104029,'1153825',2008,,3339,34,,,0
104029,'1154373',838,,3341,34,,,0
104029,'1154842',953,,3344,34,,,0
104029,'1154990',1720,,3347,34,,,0
104029,'1155225',1838,,3350,34,,,0
104029,'1155342',1420,,3352,34,,,0
104029,'1155435',1335,,3353,34,,,0
104029,'1174582',1038,,4339,34,,,0
104029,'1174742',1653,,4340,34,,,0
104029,'1174783',2038,,4341,34,,,0
104029,'1174936',808,,4342,34,,,0
104029,'1175045',653,,4343,34,,,0
104029,'1175446',1808,,4344,34,,,0
104029,'1175466',1538,,4345,34,,,0
104029,'1175637',923,,4346,34,,,0
104029,'1175833',1423,,4347,34,,,0
104029,'1175995',1308,,4348,34,,,0
104029,'1176420',1923,,4349,34,,,0
104029,'1176424',1153,,4350,34,,,0
104029,'1176552',2308,,4351,34,,,0
104029,'1177233',2153,,4352,34,,,0
104029,'1181155',1420,,4353,34,,,0
104029,'1181212',1205,,4354,34,,,0
104029,'1181411',1505,,4355,34,,,0
104029,'1181445',1250,,4356,34,,,0
104029,'1181463',808,,4357,34,,,0
104029,'1181465',1038,,4358,34,,,0
104029,'1181610',1754,,4359,34,,,0
104029,'1181818',2138,,4360,34,,,0
104029,'1181976',953,,4361,34,,,0
104029,'1181990',608,,4362,34,,,0
104029,'1182344',1335,,4363,34,,,0
104029,'1182649',923,,4364,34,,,0
104029,'1182756',2308,,4365,34,,,0
104029,'1182765',1838,,4366,34,,,0
104029,'1183191',1720,,4367,34,,,0
104029,'1183225',723,,4368,34,,,0
104029,'1183615',838,,4369,34,,,0
104029,'1183699',2008,,4370,34,,,0
104029,'1183734',1635,,4371,34,,,0
104029,'1184115',1550,,4372,34,,,0
104029,'1184200',653,,4373,34,,,0
