105029,'1150199',2010,,3422,37,,,0
105029,'1150361',640,,3424,37,,,0
105029,'1150640',1226,,3425,37,,,0
105029,'1150831',1625,,3427,37,,,0
105029,'1150967',1725,,3428,37,,,0
105029,'1151263',1726,,3431,37,,,0
105029,'1151286',2210,,3432,37,,,0
105029,'1151500',1441,,3433,37,,,0
105029,'1151551',623,,3434,37,,,0
105029,'1151563',1840,,3435,37,,,0
105029,'1151643',1825,,3437,37,,,0
105029,'1151929',823,,3440,37,,,0
105029,'1152027',1326,,3442,37,,,0
105029,'1152064',1756,,3445,37,,,0
105029,'1152144',2415,,3447,37,,,0
105029,'1152244',2223,,3449,37,,,0
105029,'1152289',1025,,3450,37,,,0
105029,'1152606',1525,,3454,37,,,0
105029,'1152997',1325,,3457,37,,,0
105029,'1153205',2023,,3458,37,,,0
105029,'1153333',1425,,3459,37,,,0
105029,'1153409',1125,,3461,37,,,0
105029,'1153442',2310,,3464,37,,,0
105029,'1153503',1011,,3465,37,,,0
105029,'1153624',1411,,3467,37,,,0
105029,'1153688',1656,,3468,37,,,0
105029,'1154104',1541,,3474,37,,,0
105029,'1154267',810,,3476,37,,,0
105029,'1154372',2110,,3477,37,,,0
105029,'1154485',710,,3479,37,,,0
105029,'1154581',2423,,3481,37,,,0
105029,'1154663',1626,,3482,37,,,0
105029,'1154768',1511,,3486,37,,,0
105029,'1154987',1111,,3487,37,,,0
105029,'1155078',910,,3488,37,,,0
105029,'1155257',1225,,3489,37,,,0
105029,'1155338',740,,3490,37,,,0
