12019,'1184525',1319,,4978,5,,,0
12019,'1184575',749,,4979,5,,,0
12019,'1184629',1819,,4980,5,,,0
12019,'1184682',1649,,4981,5,,,0
12019,'1184756',1049,,4982,5,,,0
12019,'1184761',1649,,4983,5,,,0
12019,'1184784',2249,,4984,5,,,0
12019,'1184786',1249,,4985,5,,,0
12019,'1184787',1049,,4986,5,,,0
12019,'1184846',1519,,4987,5,,,0
12019,'1184885',1449,,4988,5,,,0
12019,'1184933',619,,4989,5,,,0
12019,'1185000',2049,,4990,5,,,0
12019,'1185003',819,,4991,5,,,0
12019,'1185020',651,,4992,5,,,0
12019,'1185027',949,,4993,5,,,0
12019,'1185033',1349,,4994,5,,,0
12019,'1185098',1919,,4995,5,,,0
12019,'1185121',719,,4996,5,,,0
12019,'1185187',849,,4997,5,,,0
12019,'1185218',1749,,4998,5,,,0
12019,'1185271',2219,,4999,5,,,0
12019,'1185305',1749,,5000,5,,,0
12019,'1185383',949,,5001,5,,,0
12019,'1185406',1249,,5002,5,,,0
12019,'1185445',1119,,5003,5,,,0
12019,'1185455',949,,5004,5,,,0
12019,'1185536',1349,,5005,5,,,0
12019,'1185548',1619,,5006,5,,,0
12019,'1185614',1719,,5007,5,,,0
12019,'1185634',1519,,5008,5,,,0
12019,'1185678',1019,,5009,5,,,0
12019,'1185724',1419,,5010,5,,,0
12019,'1185780',1419,,5011,5,,,0
12019,'1185785',2019,,5012,5,,,0
12019,'1185860',1619,,5013,5,,,0
12019,'1185945',2349,,5014,5,,,0
12019,'1185982',1349,,5015,5,,,0
12019,'1185985',1849,,5016,5,,,0
12019,'1186011',2149,,5017,5,,,0
12019,'1186032',2319,,5018,5,,,0
12019,'1186086',1649,,5019,5,,,0
12019,'1186204',1449,,5020,5,,,0
12019,'1186211',1749,,5021,5,,,0
12019,'1186227',1949,,5022,5,,,0
12019,'1186234',2149,,5023,5,,,0
12019,'1186235',1219,,5024,5,,,0
12019,'1186277',2049,,5025,5,,,0
12019,'1186330',1549,,5026,5,,,0
12019,'1186367',1549,,5027,5,,,0
12019,'1186399',849,,5028,5,,,0
12019,'1186412',1319,,5029,5,,,0
12019,'1186555',749,,5030,5,,,0
12019,'1186611',2119,,5031,5,,,0
12019,'1186615',1149,,5032,5,,,0
12019,'1186634',2249,,5033,5,,,0
12019,'1186663',1149,,5034,5,,,0
12019,'1186667',919,,5035,5,,,0
12019,'1186670',1249,,5036,5,,,0
12019,'1186679',1449,,5037,5,,,0
12019,'1186717',1849,,5038,5,,,0
12019,'1186735',1119,,5039,5,,,0
12019,'1186753',1549,,5040,5,,,0
12019,'1186849',749,,5041,5,,,0
12019,'1186892',1219,,5042,5,,,0
12019,'1186907',649,,5043,5,,,0
12019,'1186909',1949,,5044,5,,,0
12019,'1186938',1149,,5045,5,,,0
12019,'1187042',2349,,5046,5,,,0
12019,'1187123',849,,5047,5,,,0
12019,'1187125',1719,,5048,5,,,0
12019,'1187149',1049,,5049,5,,,0
