12019,'1150154',1328,,1020,16,,,0
12019,'1150175',1857,,1022,16,,,0
12019,'1150184',1927,,1023,16,,,0
12019,'1150234',1458,,1024,16,,,0
12019,'1150259',2327,,1025,16,,,0
12019,'1150277',2157,,1026,16,,,0
12019,'1150366',1027,,1027,16,,,0
12019,'1150385',1228,,1028,16,,,0
12019,'1150392',757,,1029,16,,,0
12019,'1150604',657,,1033,16,,,0
12019,'1150653',1628,,1034,16,,,0
12019,'1150742',1428,,1035,16,,,0
12019,'1150791',1328,,1038,16,,,0
12019,'1150924',1957,,1042,16,,,0
12019,'1151080',1528,,1043,16,,,0
12019,'1151133',1658,,1045,16,,,0
12019,'1151142',1128,,1046,16,,,0
12019,'1151177',1228,,1047,16,,,0
12019,'1151270',757,,1049,16,,,0
12019,'1151362',1258,,1050,16,,,0
12019,'1151391',857,,1051,16,,,0
12019,'1151499',659,,1053,16,,,0
12019,'1151718',1528,,1059,16,,,0
12019,'1152145',1827,,1067,16,,,0
12019,'1152225',1658,,1068,16,,,0
12019,'1152395',1758,,1073,16,,,0
12019,'1152487',1558,,1075,16,,,0
12019,'1152602',2127,,1079,16,,,0
12019,'1152688',1158,,1080,16,,,0
12019,'1152713',1358,,1081,16,,,0
12019,'1152992',1158,,1082,16,,,0
12019,'1153089',1728,,1086,16,,,0
12019,'1153148',857,,1087,16,,,0
12019,'1153225',957,,1088,16,,,0
12019,'1153303',1358,,1089,16,,,0
12019,'1153363',957,,1091,16,,,0
12019,'1153936',1628,,1101,16,,,0
12019,'1153983',727,,1102,16,,,0
12019,'1154016',1758,,1103,16,,,0
12019,'1154114',1128,,1105,16,,,0
12019,'1154338',1058,,1106,16,,,0
12019,'1154371',2027,,1108,16,,,0
12019,'1154398',1458,,1109,16,,,0
12019,'1154614',627,,1113,16,,,0
12019,'1154699',2257,,1114,16,,,0
12019,'1154864',2227,,1118,16,,,0
12019,'1154979',2357,,1119,16,,,0
12019,'1154992',1558,,1120,16,,,0
12019,'1155019',1428,,1122,16,,,0
12019,'1155075',827,,1123,16,,,0
12019,'1155095',1058,,1124,16,,,0
12019,'1155235',1728,,1126,16,,,0
12019,'1155248',2057,,1127,16,,,0
12019,'1155350',1258,,1131,16,,,0
12019,'1155503',927,,1133,16,,,0
