26019,'1184742',711,,5756,13,,,0
26019,'1185012',1612,,5760,13,,,0
26019,'1185046',2211,,5761,13,,,0
26019,'1185230',2311,,5763,13,,,0
26019,'1185487',1911,,5770,13,,,0
26019,'1185598',911,,5773,13,,,0
26019,'1185627',1711,,5775,13,,,0
26019,'1185632',1811,,5776,13,,,0
26019,'1185655',1011,,5777,13,,,0
26019,'1185728',811,,5780,13,,,0
26019,'1185873',1041,,5781,13,,,0
26019,'1186043',1241,,5782,13,,,0
26019,'1186159',1141,,5785,13,,,0
26019,'1186179',2011,,5786,13,,,0
26019,'1186292',1511,,5790,13,,,0
26019,'1186465',611,,5792,13,,,0
26019,'1186513',1441,,5793,13,,,0
26019,'1187013',1341,,5804,13,,,0
26019,'1187117',2111,,5807,13,,,0
