26019,'1184685',2103,,5755,4,,,0
26019,'1184742',703,,5756,4,,,0
26019,'1184996',1903,,5759,4,,,0
26019,'1185012',1603,,5760,4,,,0
26019,'1185046',2203,,5761,4,,,0
26019,'1185230',2303,,5763,4,,,0
26019,'1185360',1403,,5765,4,,,0
26019,'1185364',2203,,5766,4,,,0
26019,'1185370',1703,,5767,4,,,0
26019,'1185487',1903,,5770,4,,,0
26019,'1185598',903,,5773,4,,,0
26019,'1185603',1303,,5774,4,,,0
26019,'1185627',1703,,5775,4,,,0
26019,'1185632',1803,,5776,4,,,0
26019,'1185655',1003,,5777,4,,,0
26019,'1185664',1803,,5778,4,,,0
26019,'1185694',1103,,5779,4,,,0
26019,'1185728',803,,5780,4,,,0
26019,'1185873',1033,,5781,4,,,0
26019,'1186043',1233,,5782,4,,,0
26019,'1186159',1133,,5785,4,,,0
26019,'1186179',2003,,5786,4,,,0
26019,'1186208',1203,,5788,4,,,0
26019,'1186292',1503,,5790,4,,,0
26019,'1186376',1503,,5791,4,,,0
26019,'1186465',603,,5792,4,,,0
26019,'1186513',1433,,5793,4,,,0
26019,'1186522',703,,5794,4,,,0
26019,'1186524',603,,5795,4,,,0
26019,'1186682',1003,,5798,4,,,0
26019,'1186770',903,,5799,4,,,0
26019,'1186790',2303,,5800,4,,,0
26019,'1186794',803,,5801,4,,,0
26019,'1187013',1333,,5804,4,,,0
26019,'1187074',2003,,5805,4,,,0
26019,'1187076',1603,,5806,4,,,0
26019,'1187117',2103,,5807,4,,,0
