101019,'1184474',1315,,6131,10,,,0
101019,'1184498',2315,,6132,10,,,0
101019,'1184507',715,,6133,10,,,0
101019,'1184589',2115,,6134,10,,,0
101019,'1184591',1115,,6135,10,,,0
101019,'1184796',1836,,6136,10,,,0
101019,'1184902',1515,,6137,10,,,0
101019,'1184924',915,,6138,10,,,0
101019,'1184925',2035,,6139,10,,,0
101019,'1185023',1136,,6140,10,,,0
101019,'1185092',1739,,6141,10,,,0
101019,'1185544',715,,6142,10,,,0
101019,'1185571',1715,,6143,10,,,0
101019,'1185573',1515,,6144,10,,,0
101019,'1185625',1036,,6145,10,,,0
101019,'1185636',836,,6146,10,,,0
101019,'1185684',1915,,6147,10,,,0
101019,'1185751',1439,,6148,10,,,0
101019,'1185803',936,,6149,10,,,0
101019,'1185998',1339,,6150,10,,,0
101019,'1186016',1115,,6151,10,,,0
101019,'1186053',915,,6152,10,,,0
101019,'1186087',2236,,6153,10,,,0
101019,'1186263',2115,,6154,10,,,0
101019,'1186308',1315,,6155,10,,,0
101019,'1186331',536,,6156,10,,,0
101019,'1186580',1539,,6157,10,,,0
101019,'1186587',1639,,6158,10,,,0
101019,'1186594',1715,,6159,10,,,0
101019,'1187104',1915,,6160,10,,,0
101019,'1187155',736,,6161,10,,,0
101029,'1184516',2423,,6162,39,,,0
101029,'1184584',1246,,6163,39,,,0
101029,'1184684',1803,,6164,39,,,0
101029,'1184724',1003,,6165,39,,,0
101029,'1184785',1505,,6166,39,,,0
101029,'1184855',1446,,6167,39,,,0
101029,'1184926',1846,,6168,39,,,0
101029,'1185015',803,,6169,39,,,0
101029,'1185081',2246,,6170,39,,,0
101029,'1185143',2046,,6171,39,,,0
101029,'1185204',1046,,6172,39,,,0
101029,'1185400',1646,,6173,39,,,0
101029,'1185619',1103,,6174,39,,,0
101029,'1185726',2046,,6175,39,,,0
101029,'1185794',1246,,6176,39,,,0
101029,'1185824',1446,,6177,39,,,0
101029,'1185854',1846,,6178,39,,,0
101029,'1186045',846,,6179,39,,,0
101029,'1186082',1705,,6180,39,,,0
101029,'1186107',646,,6181,39,,,0
101029,'1186135',703,,6182,39,,,0
101029,'1186138',1646,,6183,39,,,0
101029,'1186184',903,,6184,39,,,0
101029,'1186356',2203,,6185,39,,,0
101029,'1186395',846,,6186,39,,,0
101029,'1186597',1605,,6187,39,,,0
101029,'1186712',2246,,6188,39,,,0
101029,'1186784',2003,,6189,39,,,0
101029,'1186801',1046,,6190,39,,,0
101029,'1186815',1405,,6191,39,,,0
101029,'1187194',1305,,6192,39,,,0
