13019,'1184512',1228,,5122,19,,,0
13019,'1184594',2256,,5124,19,,,0
13019,'1184597',626,,5125,19,,,0
13019,'1184763',656,,5130,19,,,0
13019,'1184782',1028,,5131,19,,,0
13019,'1184816',756,,5132,19,,,0
13019,'1184967',1528,,5133,19,,,0
13019,'1185101',1658,,5134,19,,,0
13019,'1185148',1756,,5135,19,,,0
13019,'1185153',926,,5136,19,,,0
13019,'1185449',2401,,5141,19,,,0
13019,'1185552',826,,5143,19,,,0
13019,'1185574',856,,5144,19,,,0
13019,'1185882',1428,,5153,19,,,0
13019,'1185890',1728,,5154,19,,,0
13019,'1185910',1328,,5157,19,,,0
13019,'1185952',2056,,5160,19,,,0
13019,'1186127',2156,,5163,19,,,0
13019,'1186271',1956,,5165,19,,,0
13019,'1186295',726,,5166,19,,,0
13019,'1186370',1128,,5168,19,,,0
13019,'1186730',956,,5172,19,,,0
13019,'1186805',1856,,5173,19,,,0
13019,'1187103',1628,,5179,19,,,0
13019,'1187170',1558,,5180,19,,,0
13019,'1187172',1458,,5181,19,,,0
