11019,'1150143',650,,880,8,,,0
11019,'1150149',1820,,881,8,,,0
11019,'1150435',1721,,887,8,,,0
11019,'1150556',1350,,889,8,,,0
11019,'1150629',1621,,890,8,,,0
11019,'1150657',820,,891,8,,,0
11019,'1150677',2020,,892,8,,,0
11019,'1150686',2355,,893,8,,,0
11019,'1150726',1551,,894,8,,,0
11019,'1150735',1436,,895,8,,,0
11019,'1150744',1606,,896,8,,,0
11019,'1150925',1450,,899,8,,,0
11019,'1150938',1320,,901,8,,,0
11019,'1151038',920,,902,8,,,0
11019,'1151140',1005,,905,8,,,0
11019,'1151144',2205,,906,8,,,0
11019,'1151191',1206,,908,8,,,0
11019,'1151326',1935,,910,8,,,0
11019,'1151442',835,,913,8,,,0
11019,'1151502',1520,,914,8,,,0
11019,'1151687',720,,917,8,,,0
11019,'1151694',1321,,918,8,,,0
11019,'1151697',1636,,919,8,,,0
11019,'1151715',705,,920,8,,,0
11019,'1151806',820,,923,8,,,0
11019,'1151889',1220,,925,8,,,0
11019,'1151897',1651,,926,8,,,0
11019,'1151910',805,,927,8,,,0
11019,'1152031',920,,929,8,,,0
11019,'1152198',950,,932,8,,,0
11019,'1152246',1150,,933,8,,,0
11019,'1152286',635,,934,8,,,0
11019,'1152347',2135,,936,8,,,0
11019,'1152358',1835,,937,8,,,0
11019,'1152422',2335,,939,8,,,0
11019,'1152449',1736,,940,8,,,0
11019,'1152484',1135,,941,8,,,0
11019,'1152597',1406,,943,8,,,0
11019,'1152670',1751,,944,8,,,0
11019,'1152706',1336,,945,8,,,0
11019,'1152810',1521,,947,8,,,0
11019,'1152872',1421,,948,8,,,0
11019,'1152996',905,,951,8,,,0
11019,'1153015',1250,,952,8,,,0
11019,'1153067',2220,,953,8,,,0
11019,'1153085',720,,955,8,,,0
11019,'1153098',1720,,956,8,,,0
11019,'1153395',1120,,962,8,,,0
11019,'1153405',1706,,963,8,,,0
11019,'1153484',2305,,965,8,,,0
11019,'1153506',1620,,967,8,,,0
11019,'1153527',935,,969,8,,,0
11019,'1153562',1251,,971,8,,,0
11019,'1153565',1451,,972,8,,,0
11019,'1153586',2235,,973,8,,,0
11019,'1153587',1306,,974,8,,,0
11019,'1153669',1650,,977,8,,,0
11019,'1153677',1020,,978,8,,,0
11019,'1153881',1236,,981,8,,,0
11019,'1153984',1506,,984,8,,,0
11019,'1154120',2005,,986,8,,,0
11019,'1154168',1351,,987,8,,,0
11019,'1154195',1020,,988,8,,,0
11019,'1154287',850,,989,8,,,0
11019,'1154314',1150,,990,8,,,0
11019,'1154475',1221,,991,8,,,0
11019,'1154577',2120,,993,8,,,0
11019,'1154613',1105,,994,8,,,0
11019,'1154616',750,,995,8,,,0
11019,'1154627',620,,996,8,,,0
11019,'1154690',1035,,998,8,,,0
11019,'1154863',1120,,1000,8,,,0
11019,'1154896',2105,,1001,8,,,0
11019,'1155038',1920,,1006,8,,,0
11019,'1155047',1536,,1007,8,,,0
11019,'1155187',2035,,1009,8,,,0
11019,'1155194',1550,,1010,8,,,0
11019,'1155204',1805,,1011,8,,,0
11019,'1155245',735,,1012,8,,,0
11019,'1155289',1420,,1013,8,,,0
11019,'1155293',1050,,1014,8,,,0
11019,'1155433',2320,,1016,8,,,0
11019,'1155512',1905,,1018,8,,,0
