10029,'1184529',1547,,4778,3,,,0
10029,'1184533',2217,,4779,3,,,0
10029,'1184556',1217,,4781,3,,,0
10029,'1184564',1617,,4782,3,,,0
10029,'1184573',1117,,4783,3,,,0
10029,'1184797',1017,,4786,3,,,0
10029,'1184859',1317,,4787,3,,,0
10029,'1184943',717,,4788,3,,,0
10029,'1185045',2317,,4792,3,,,0
10029,'1185131',1817,,4793,3,,,0
10029,'1185170',717,,4794,3,,,0
10029,'1185175',1947,,4795,3,,,0
10029,'1185177',917,,4796,3,,,0
10029,'1185497',817,,4798,3,,,0
10029,'1185531',1717,,4799,3,,,0
10029,'1185542',2352,,4800,3,,,0
10029,'1185576',1117,,4801,3,,,0
10029,'1185616',1647,,4802,3,,,0
10029,'1185656',847,,4803,3,,,0
10029,'1185755',1617,,4805,3,,,0
10029,'1185786',747,,4807,3,,,0
10029,'1185809',2247,,4808,3,,,0
10029,'1185856',617,,4809,3,,,0
10029,'1186049',1717,,4812,3,,,0
10029,'1186157',1447,,4814,3,,,0
10029,'1186205',1317,,4815,3,,,0
10029,'1186237',2017,,4816,3,,,0
10029,'1186261',1747,,4817,3,,,0
10029,'1186406',1917,,4818,3,,,0
10029,'1186450',1517,,4819,3,,,0
10029,'1186478',1017,,4820,3,,,0
10029,'1186481',1517,,4821,3,,,0
10029,'1186548',2047,,4822,3,,,0
10029,'1186573',1847,,4824,3,,,0
10029,'1186648',1417,,4826,3,,,0
10029,'1186649',917,,4827,3,,,0
10029,'1186655',1217,,4828,3,,,0
10029,'1186719',647,,4830,3,,,0
10029,'1186827',817,,4831,3,,,0
10029,'1186869',1417,,4832,3,,,0
10029,'1186902',2117,,4833,3,,,0
10029,'1187133',2147,,4836,3,,,0
