10029,'1184529',1557,,4778,25,,,0
10029,'1184564',1627,,4782,25,,,0
10029,'1184573',1126,,4783,25,,,0
10029,'1184943',726,,4788,25,,,0
10029,'1185175',1957,,4795,25,,,0
10029,'1185177',926,,4796,25,,,0
10029,'1185497',826,,4798,25,,,0
10029,'1185542',2401,,4800,25,,,0
10029,'1185616',1657,,4802,25,,,0
10029,'1185656',856,,4803,25,,,0
10029,'1185786',756,,4807,25,,,0
10029,'1185809',2256,,4808,25,,,0
10029,'1185856',626,,4809,25,,,0
10029,'1186049',1727,,4812,25,,,0
10029,'1186157',1456,,4814,25,,,0
10029,'1186205',1326,,4815,25,,,0
10029,'1186261',1757,,4817,25,,,0
10029,'1186450',1527,,4819,25,,,0
10029,'1186478',1026,,4820,25,,,0
10029,'1186548',2057,,4822,25,,,0
10029,'1186573',1857,,4824,25,,,0
10029,'1186648',1426,,4826,25,,,0
10029,'1186655',1226,,4828,25,,,0
10029,'1186719',656,,4830,25,,,0
10029,'1187133',2157,,4836,25,,,0
12029,'1184508',856,,5051,20,,,0
12029,'1184705',656,,5055,20,,,0
12029,'1184792',1856,,5056,20,,,0
12029,'1184793',1426,,5057,20,,,0
12029,'1184946',726,,5060,20,,,0
12029,'1184990',956,,5062,20,,,0
12029,'1185014',2401,,5063,20,,,0
12029,'1185264',1726,,5068,20,,,0
12029,'1185324',1326,,5070,20,,,0
12029,'1185471',2156,,5072,20,,,0
12029,'1185613',1026,,5077,20,,,0
12029,'1185758',1656,,5082,20,,,0
12029,'1185875',2056,,5083,20,,,0
12029,'1185933',1256,,5085,20,,,0
12029,'1185999',1456,,5087,20,,,0
12029,'1186050',826,,5088,20,,,0
12029,'1186139',626,,5089,20,,,0
12029,'1186210',1156,,5090,20,,,0
12029,'1186423',1756,,5092,20,,,0
12029,'1186551',1526,,5098,20,,,0
12029,'1186588',1356,,5099,20,,,0
12029,'1186638',1626,,5101,20,,,0
12029,'1186814',1126,,5106,20,,,0
12029,'1186824',1226,,5107,20,,,0
12029,'1186878',1956,,5109,20,,,0
12029,'1186973',2256,,5112,20,,,0
12029,'1187141',1056,,5116,20,,,0
12029,'1187166',1556,,5117,20,,,0
12029,'1187188',926,,5119,20,,,0
12029,'1187196',756,,5120,20,,,0
