3019,'1150305',814,,311,22,,,0
3019,'1150481',1215,,313,22,,,0
3019,'1150563',815,,315,22,,,0
3019,'1150811',1814,,317,22,,,0
3019,'1150889',1115,,319,22,,,0
3019,'1151035',1415,,321,22,,,0
3019,'1151203',945,,325,22,,,0
3019,'1151213',1515,,326,22,,,0
3019,'1151256',2314,,328,22,,,0
3019,'1151321',915,,329,22,,,0
3019,'1151393',2044,,330,22,,,0
3019,'1151400',645,,331,22,,,0
3019,'1151491',1215,,332,22,,,0
3019,'1151513',1715,,334,22,,,0
3019,'1151779',1045,,339,22,,,0
3019,'1151871',2014,,343,22,,,0
3019,'1151922',2314,,344,22,,,0
3019,'1152057',1715,,347,22,,,0
3019,'1152063',1515,,348,22,,,0
3019,'1152202',2144,,350,22,,,0
3019,'1152231',1445,,351,22,,,0
3019,'1152571',845,,352,22,,,0
3019,'1152669',1814,,354,22,,,0
3019,'1153248',1944,,365,22,,,0
3019,'1153272',714,,366,22,,,0
3019,'1153282',2014,,367,22,,,0
3019,'1153300',1315,,368,22,,,0
3019,'1153438',1645,,373,22,,,0
3019,'1153604',1745,,375,22,,,0
3019,'1153670',1014,,377,22,,,0
3019,'1153676',2214,,378,22,,,0
3019,'1153785',1345,,380,22,,,0
3019,'1153853',1615,,381,22,,,0
3019,'1154020',1115,,384,22,,,0
3019,'1154065',2414,,386,22,,,0
3019,'1154163',1914,,387,22,,,0
3019,'1154275',1245,,388,22,,,0
3019,'1154394',2114,,390,22,,,0
3019,'1154423',745,,391,22,,,0
3019,'1154499',2114,,394,22,,,0
3019,'1154600',1015,,395,22,,,0
3019,'1154623',1844,,397,22,,,0
3019,'1154659',1615,,398,22,,,0
3019,'1154779',2404,,399,22,,,0
3019,'1154791',914,,400,22,,,0
3019,'1154895',1315,,402,22,,,0
3019,'1154981',1145,,403,22,,,0
3019,'1155129',1545,,404,22,,,0
3019,'1155147',715,,405,22,,,0
3019,'1155272',1914,,407,22,,,0
3019,'1155323',1415,,408,22,,,0
3019,'1155504',2214,,412,22,,,0
