10029,'1184529',1552,,4778,15,,,0
10029,'1184564',1622,,4782,15,,,0
10029,'1184573',1122,,4783,15,,,0
10029,'1184943',722,,4788,15,,,0
10029,'1185175',1952,,4795,15,,,0
10029,'1185177',922,,4796,15,,,0
10029,'1185497',822,,4798,15,,,0
10029,'1185542',2357,,4800,15,,,0
10029,'1185616',1652,,4802,15,,,0
10029,'1185656',852,,4803,15,,,0
10029,'1185786',752,,4807,15,,,0
10029,'1185809',2252,,4808,15,,,0
10029,'1185856',622,,4809,15,,,0
10029,'1186049',1722,,4812,15,,,0
10029,'1186157',1452,,4814,15,,,0
10029,'1186205',1322,,4815,15,,,0
10029,'1186261',1752,,4817,15,,,0
10029,'1186450',1522,,4819,15,,,0
10029,'1186478',1022,,4820,15,,,0
10029,'1186548',2052,,4822,15,,,0
10029,'1186573',1852,,4824,15,,,0
10029,'1186648',1422,,4826,15,,,0
10029,'1186655',1222,,4828,15,,,0
10029,'1186719',652,,4830,15,,,0
10029,'1187133',2152,,4836,15,,,0
