102029,'1150114',707,,3028,3,,,0
102029,'1150311',823,,3029,3,,,0
102029,'1150365',1808,,3031,3,,,0
102029,'1150624',2238,,3033,3,,,0
102029,'1151025',2207,,3035,3,,,0
102029,'1151033',1437,,3036,3,,,0
102029,'1151098',1938,,3037,3,,,0
102029,'1151612',1508,,3042,3,,,0
102029,'1151626',1607,,3043,3,,,0
102029,'1151712',626,,3045,3,,,0
102029,'1152179',1338,,3051,3,,,0
102029,'1152187',1208,,3052,3,,,0
102029,'1152338',1723,,3054,3,,,0
102029,'1152412',1907,,3055,3,,,0
102029,'1152737',2108,,3061,3,,,0
102029,'1152743',1638,,3063,3,,,0
102029,'1152778',1737,,3064,3,,,0
102029,'1152823',1007,,3065,3,,,0
102029,'1152926',2037,,3067,3,,,0
102029,'1152934',1307,,3068,3,,,0
102029,'1152972',2337,,3069,3,,,0
102029,'1152993',1137,,3070,3,,,0
102029,'1153440',837,,3074,3,,,0
102029,'1153653',653,,3075,3,,,0
102029,'1153772',2408,,3079,3,,,0
102029,'1153821',908,,3081,3,,,0
102029,'1153896',738,,3082,3,,,0
102029,'1154767',1553,,3086,3,,,0
102029,'1154835',1038,,3088,3,,,0
102029,'1154970',953,,3090,3,,,0
102029,'1155173',1423,,3092,3,,,0
102029,'1155411',608,,3093,3,,,0
