29019,'1184481',1344,,6083,12,,,0
29019,'1184585',1828,,6084,12,,,0
29019,'1184901',1329,,6085,12,,,0
29019,'1184916',728,,6086,12,,,0
29019,'1184951',2028,,6087,12,,,0
29019,'1185146',1029,,6088,12,,,0
29019,'1185320',1729,,6089,12,,,0
29019,'1185391',1429,,6090,12,,,0
29019,'1185521',1244,,6091,12,,,0
29019,'1185584',2128,,6092,12,,,0
29019,'1185791',1928,,6093,12,,,0
29019,'1185904',1529,,6094,12,,,0
29019,'1185918',828,,6095,12,,,0
29019,'1186034',1229,,6096,12,,,0
29019,'1186091',1144,,6097,12,,,0
29019,'1186162',1629,,6098,12,,,0
29019,'1186392',1129,,6099,12,,,0
29019,'1186688',928,,6100,12,,,0
29019,'1186733',944,,6101,12,,,0
29019,'1186835',1444,,6102,12,,,0
29019,'1186911',1044,,6103,12,,,0
29019,'1187002',2228,,6104,12,,,0
29019,'1187090',1544,,6105,12,,,0
29019,'1187169',2328,,6106,12,,,0
