105019,'1150133',1023,,3356,80,,,0
105019,'1150519',1841,,3358,80,,,0
105019,'1150723',729,,3359,80,,,0
105019,'1150755',1526,,3360,80,,,0
105019,'1150957',923,,3364,80,,,0
105019,'1150991',1341,,3365,80,,,0
105019,'1151148',1130,,3367,80,,,0
105019,'1151174',1330,,3368,80,,,0
105019,'1151428',853,,3371,80,,,0
105019,'1151680',1911,,3374,80,,,0
105019,'1151743',823,,3375,80,,,0
105019,'1152002',2316,,3380,80,,,0
105019,'1152300',1430,,3381,80,,,0
105019,'1152360',716,,3382,80,,,0
105019,'1152386',753,,3383,80,,,0
105019,'1152506',1811,,3384,80,,,0
105019,'1152547',646,,3385,80,,,0
105019,'1152647',2216,,3386,80,,,0
105019,'1152697',2416,,3387,80,,,0
105019,'1153054',1530,,3390,80,,,0
105019,'1153337',1930,,3392,80,,,0
105019,'1153487',616,,3393,80,,,0
105019,'1153863',1230,,3395,80,,,0
105019,'1153895',1556,,3397,80,,,0
105019,'1154206',2116,,3398,80,,,0
105019,'1154598',1830,,3402,80,,,0
105019,'1154605',1730,,3403,80,,,0
105019,'1154691',1126,,3404,80,,,0
105019,'1154711',1630,,3406,80,,,0
105019,'1154821',1441,,3407,80,,,0
105019,'1154915',1946,,3409,80,,,0
105019,'1154933',1741,,3410,80,,,0
105019,'1155111',2329,,3412,80,,,0
105019,'1155143',1656,,3413,80,,,0
105019,'1155198',1226,,3415,80,,,0
105019,'1155339',1626,,3419,80,,,0
105019,'1155343',2129,,3420,80,,,0
105019,'1155497',929,,3421,80,,,0
