12029,'1184508',853,,5051,14,,,0
12029,'1184705',653,,5055,14,,,0
12029,'1184792',1853,,5056,14,,,0
12029,'1184793',1423,,5057,14,,,0
12029,'1184946',723,,5060,14,,,0
12029,'1184990',953,,5062,14,,,0
12029,'1185014',2358,,5063,14,,,0
12029,'1185264',1723,,5068,14,,,0
12029,'1185324',1323,,5070,14,,,0
12029,'1185471',2153,,5072,14,,,0
12029,'1185613',1023,,5077,14,,,0
12029,'1185758',1653,,5082,14,,,0
12029,'1185875',2053,,5083,14,,,0
12029,'1185933',1253,,5085,14,,,0
12029,'1185999',1453,,5087,14,,,0
12029,'1186050',823,,5088,14,,,0
12029,'1186139',623,,5089,14,,,0
12029,'1186210',1153,,5090,14,,,0
12029,'1186423',1753,,5092,14,,,0
12029,'1186551',1523,,5098,14,,,0
12029,'1186588',1353,,5099,14,,,0
12029,'1186638',1623,,5101,14,,,0
12029,'1186814',1123,,5106,14,,,0
12029,'1186824',1223,,5107,14,,,0
12029,'1186878',1953,,5109,14,,,0
12029,'1186973',2253,,5112,14,,,0
12029,'1187141',1053,,5116,14,,,0
12029,'1187166',1553,,5117,14,,,0
12029,'1187188',923,,5119,14,,,0
12029,'1187196',753,,5120,14,,,0
