105029,'1184521',1755,,6491,35,,,0
105029,'1184537',1325,,6492,35,,,0
105029,'1184580',909,,6493,35,,,0
105029,'1184670',1540,,6494,35,,,0
105029,'1184808',2309,,6496,35,,,0
105029,'1184833',1010,,6497,35,,,0
105029,'1184834',2414,,6498,35,,,0
105029,'1184863',1225,,6499,35,,,0
105029,'1185135',709,,6501,35,,,0
105029,'1185332',1839,,6505,35,,,0
105029,'1185350',2009,,6506,35,,,0
105029,'1185359',2209,,6507,35,,,0
105029,'1185440',1625,,6510,35,,,0
105029,'1185668',739,,6513,35,,,0
105029,'1185827',2109,,6515,35,,,0
105029,'1185938',1440,,6516,35,,,0
105029,'1186005',1655,,6517,35,,,0
105029,'1186279',1510,,6519,35,,,0
105029,'1186282',1410,,6520,35,,,0
105029,'1186470',1110,,6525,35,,,0
105029,'1186861',639,,6531,35,,,0
105029,'1186874',1725,,6532,35,,,0
105029,'1187005',809,,6534,35,,,0
106019,'1185164',1718,,6537,39,,,0
106019,'1185303',1833,,6538,39,,,0
106019,'1185356',731,,6539,39,,,0
106019,'1185885',846,,6540,39,,,0
106019,'1186388',1001,,6541,39,,,0
106019,'1186998',1603,,6542,39,,,0
