10019,'1184691',1348,,4721,14,,,0
10019,'1184710',2118,,4722,14,,,0
10019,'1184932',1248,,4726,14,,,0
10019,'1185103',2218,,4729,14,,,0
10019,'1185108',1048,,4730,14,,,0
10019,'1185124',1918,,4731,14,,,0
10019,'1185169',1818,,4734,14,,,0
10019,'1185191',1548,,4735,14,,,0
10019,'1185284',818,,4737,14,,,0
10019,'1185473',1518,,4740,14,,,0
10019,'1185618',1648,,4745,14,,,0
10019,'1185672',648,,4747,14,,,0
10019,'1185811',1618,,4751,14,,,0
10019,'1185902',1448,,4753,14,,,0
10019,'1186039',848,,4754,14,,,0
10019,'1186042',1718,,4755,14,,,0
10019,'1186096',2018,,4757,14,,,0
10019,'1186123',948,,4758,14,,,0
10019,'1186300',718,,4763,14,,,0
10019,'1186511',918,,4766,14,,,0
10019,'1186560',1748,,4768,14,,,0
10019,'1186575',618,,4769,14,,,0
10019,'1186626',2318,,4770,14,,,0
10019,'1186729',1148,,4772,14,,,0
10019,'1187036',748,,4775,14,,,0
12019,'1184525',1330,,4978,20,,,0
12019,'1184629',1828,,4980,20,,,0
12019,'1184761',1700,,4983,20,,,0
12019,'1184786',1300,,4985,20,,,0
12019,'1184787',1100,,4986,20,,,0
12019,'1184885',1500,,4988,20,,,0
12019,'1184933',629,,4989,20,,,0
12019,'1185003',829,,4991,20,,,0
12019,'1185098',1928,,4995,20,,,0
12019,'1185121',729,,4996,20,,,0
12019,'1185271',2228,,4999,20,,,0
12019,'1185305',1800,,5000,20,,,0
12019,'1185383',959,,5001,20,,,0
12019,'1185614',1730,,5007,20,,,0
12019,'1185634',1530,,5008,20,,,0
12019,'1185678',1029,,5009,20,,,0
12019,'1185724',1430,,5010,20,,,0
12019,'1185785',2028,,5012,20,,,0
12019,'1185860',1630,,5013,20,,,0
12019,'1185982',1400,,5015,20,,,0
12019,'1186032',2328,,5018,20,,,0
12019,'1186235',1230,,5024,20,,,0
12019,'1186399',859,,5028,20,,,0
12019,'1186555',759,,5030,20,,,0
12019,'1186611',2128,,5031,20,,,0
12019,'1186615',1200,,5032,20,,,0
12019,'1186667',929,,5035,20,,,0
12019,'1186735',1130,,5039,20,,,0
12019,'1186753',1600,,5040,20,,,0
12019,'1186907',659,,5043,20,,,0
