2029,'1150099',724,,153,5,,,0
2029,'1150204',2237,,154,5,,,0
2029,'1150205',1419,,155,5,,,0
2029,'1150235',1753,,156,5,,,0
2029,'1150264',1124,,157,5,,,0
2029,'1150359',2137,,159,5,,,0
2029,'1150387',1623,,160,5,,,0
2029,'1150399',1308,,161,5,,,0
2029,'1150596',853,,163,5,,,0
2029,'1150706',1053,,164,5,,,0
2029,'1150737',1538,,166,5,,,0
2029,'1150754',653,,167,5,,,0
2029,'1150835',1008,,171,5,,,0
2029,'1150893',2107,,172,5,,,0
2029,'1150915',1024,,173,5,,,0
2029,'1150964',2334,,174,5,,,0
2029,'1151020',923,,175,5,,,0
2029,'1151059',1608,,176,5,,,0
2029,'1151109',1253,,177,5,,,0
2029,'1151112',2324,,178,5,,,0
2029,'1151287',1154,,183,5,,,0
2029,'1151318',1808,,184,5,,,0
2029,'1151377',1249,,185,5,,,0
2029,'1151512',1738,,187,5,,,0
2029,'1151673',2037,,189,5,,,0
2029,'1151753',2409,,190,5,,,0
2029,'1151810',1138,,192,5,,,0
2029,'1151846',1719,,194,5,,,0
2029,'1151913',1023,,195,5,,,0
2029,'1151977',723,,196,5,,,0
2029,'1151981',1353,,197,5,,,0
2029,'1151987',2404,,199,5,,,0
2029,'1152028',1823,,203,5,,,0
2029,'1152045',938,,204,5,,,0
2029,'1152158',2024,,205,5,,,0
2029,'1152377',1423,,207,5,,,0
2029,'1152464',808,,210,5,,,0
2029,'1152591',1408,,213,5,,,0
2029,'1152677',1449,,217,5,,,0
2029,'1152700',1907,,218,5,,,0
2029,'1152710',1349,,220,5,,,0
2029,'1152711',1638,,221,5,,,0
2029,'1152851',638,,223,5,,,0
2029,'1152909',1108,,224,5,,,0
2029,'1152943',2207,,225,5,,,0
2029,'1152978',1453,,226,5,,,0
2029,'1153006',1508,,227,5,,,0
2029,'1153039',1549,,228,5,,,0
2029,'1153131',1338,,230,5,,,0
2029,'1153150',854,,232,5,,,0
2029,'1153234',1939,,234,5,,,0
2029,'1153375',939,,236,5,,,0
2029,'1153517',1523,,238,5,,,0
2029,'1153626',1319,,242,5,,,0
2029,'1153665',1619,,243,5,,,0
2029,'1153733',1837,,244,5,,,0
2029,'1153775',1208,,247,5,,,0
2029,'1153874',1038,,249,5,,,0
2029,'1153876',1054,,250,5,,,0
2029,'1153897',1323,,252,5,,,0
2029,'1153931',1653,,255,5,,,0
2029,'1154143',838,,257,5,,,0
2029,'1154288',1649,,261,5,,,0
2029,'1154306',1553,,263,5,,,0
2029,'1154316',1723,,264,5,,,0
2029,'1154343',639,,265,5,,,0
2029,'1154350',1153,,266,5,,,0
2029,'1154435',1708,,268,5,,,0
2029,'1154444',1937,,270,5,,,0
2029,'1154549',1749,,272,5,,,0
2029,'1154551',1519,,273,5,,,0
2029,'1154560',1123,,274,5,,,0
2029,'1154588',2307,,275,5,,,0
2029,'1154727',2007,,279,5,,,0
2029,'1154740',1223,,280,5,,,0
2029,'1154770',953,,281,5,,,0
2029,'1154848',1219,,283,5,,,0
2029,'1154950',2154,,287,5,,,0
2029,'1154993',708,,288,5,,,0
2029,'1155076',2109,,290,5,,,0
2029,'1155100',2424,,292,5,,,0
2029,'1155178',2239,,293,5,,,0
2029,'1155312',738,,296,5,,,0
2029,'1155326',1824,,297,5,,,0
2029,'1155346',1854,,298,5,,,0
2029,'1155405',809,,301,5,,,0
2029,'1155418',908,,302,5,,,0
2029,'1155423',753,,303,5,,,0
2029,'1155457',1438,,304,5,,,0
2029,'1155498',1238,,305,5,,,0
2029,'1155507',823,,306,5,,,0
11029,'1150094',1542,,737,5,,,0
11029,'1150136',1847,,738,5,,,0
11029,'1150251',1947,,740,5,,,0
11029,'1150257',2125,,741,5,,,0
11029,'1150260',2412,,742,5,,,0
11029,'1150315',1412,,743,5,,,0
11029,'1150362',756,,744,5,,,0
11029,'1150395',1757,,746,5,,,0
11029,'1150398',741,,747,5,,,0
11029,'1150408',1627,,748,5,,,0
11029,'1150418',856,,750,5,,,0
11029,'1150503',711,,751,5,,,0
11029,'1150565',941,,752,5,,,0
11029,'1150594',1342,,753,5,,,0
11029,'1150694',1527,,755,5,,,0
11029,'1150946',1011,,761,5,,,0
11029,'1150979',1457,,762,5,,,0
11029,'1151013',1825,,763,5,,,0
11029,'1151028',1627,,764,5,,,0
11029,'1151212',1141,,767,5,,,0
11029,'1151228',811,,768,5,,,0
11029,'1151266',841,,770,5,,,0
11029,'1151288',947,,772,5,,,0
11029,'1151317',826,,773,5,,,0
11029,'1151379',1642,,775,5,,,0
11029,'1151495',1925,,776,5,,,0
11029,'1151501',1512,,777,5,,,0
11029,'1151570',1657,,778,5,,,0
11029,'1151605',1257,,780,5,,,0
11029,'1151662',1211,,781,5,,,0
11029,'1151677',1557,,782,5,,,0
11029,'1151681',1147,,783,5,,,0
11029,'1151696',1427,,784,5,,,0
11029,'1151854',1156,,786,5,,,0
11029,'1151888',2147,,787,5,,,0
11029,'1152006',2352,,792,5,,,0
11029,'1152021',2047,,794,5,,,0
11029,'1152139',1047,,796,5,,,0
11029,'1152148',1557,,797,5,,,0
11029,'1152172',1712,,798,5,,,0
11029,'1152323',956,,800,5,,,0
11029,'1152476',1327,,803,5,,,0
11029,'1152508',1126,,805,5,,,0
11029,'1152540',847,,807,5,,,0
11029,'1152655',2347,,810,5,,,0
11029,'1152678',2225,,811,5,,,0
11029,'1152705',2155,,814,5,,,0
11029,'1152829',911,,815,5,,,0
11029,'1152889',2255,,817,5,,,0
11029,'1152890',1955,,818,5,,,0
11029,'1152893',1026,,819,5,,,0
11029,'1152955',1227,,821,5,,,0
11029,'1153079',1757,,824,5,,,0
11029,'1153114',1327,,825,5,,,0
11029,'1153126',1357,,827,5,,,0
11029,'1153213',656,,830,5,,,0
11029,'1153336',647,,834,5,,,0
11029,'1153651',1727,,837,5,,,0
11029,'1153681',1427,,838,5,,,0
11029,'1153694',1041,,839,5,,,0
11029,'1153712',1457,,840,5,,,0
11029,'1153871',1242,,841,5,,,0
11029,'1153888',2322,,842,5,,,0
11029,'1153932',1612,,843,5,,,0
11029,'1154011',611,,844,5,,,0
11029,'1154028',2055,,845,5,,,0
11029,'1154067',1855,,846,5,,,0
11029,'1154075',1527,,847,5,,,0
11029,'1154129',1227,,849,5,,,0
11029,'1154218',2025,,851,5,,,0
11029,'1154331',1357,,854,5,,,0
11029,'1154388',1257,,855,5,,,0
11029,'1154440',1111,,856,5,,,0
11029,'1154442',1312,,857,5,,,0
11029,'1154675',1442,,861,5,,,0
11029,'1154748',926,,862,5,,,0
11029,'1154769',641,,864,5,,,0
11029,'1154884',1056,,867,5,,,0
11029,'1154901',2247,,868,5,,,0
11029,'1154909',1727,,869,5,,,0
11029,'1155052',1812,,871,5,,,0
11029,'1155138',747,,872,5,,,0
11029,'1155227',726,,874,5,,,0
11029,'1155231',1742,,875,5,,,0
11029,'1155469',1657,,878,5,,,0
