10019,'1184691',1343,,4721,2,,,0
10019,'1184710',2113,,4722,2,,,0
10019,'1184801',743,,4723,2,,,0
10019,'1184804',1643,,4724,2,,,0
10019,'1184932',1243,,4726,2,,,0
10019,'1185103',2213,,4729,2,,,0
10019,'1185108',1043,,4730,2,,,0
10019,'1185124',1913,,4731,2,,,0
10019,'1185132',2243,,4732,2,,,0
10019,'1185169',1813,,4734,2,,,0
10019,'1185191',1543,,4735,2,,,0
10019,'1185284',813,,4737,2,,,0
10019,'1185450',1743,,4739,2,,,0
10019,'1185473',1513,,4740,2,,,0
10019,'1185509',1843,,4741,2,,,0
10019,'1185547',1543,,4742,2,,,0
10019,'1185581',1443,,4743,2,,,0
10019,'1185594',943,,4744,2,,,0
10019,'1185618',1643,,4745,2,,,0
10019,'1185672',643,,4747,2,,,0
10019,'1185674',1043,,4748,2,,,0
10019,'1185752',643,,4749,2,,,0
10019,'1185811',1613,,4751,2,,,0
10019,'1185892',2043,,4752,2,,,0
10019,'1185902',1443,,4753,2,,,0
10019,'1186039',843,,4754,2,,,0
10019,'1186042',1713,,4755,2,,,0
10019,'1186065',843,,4756,2,,,0
10019,'1186096',2013,,4757,2,,,0
10019,'1186123',943,,4758,2,,,0
10019,'1186225',2143,,4760,2,,,0
10019,'1186300',713,,4763,2,,,0
10019,'1186368',1943,,4764,2,,,0
10019,'1186511',913,,4766,2,,,0
10019,'1186540',1343,,4767,2,,,0
10019,'1186560',1743,,4768,2,,,0
10019,'1186575',613,,4769,2,,,0
10019,'1186626',2313,,4770,2,,,0
10019,'1186729',1143,,4772,2,,,0
10019,'1186978',1243,,4774,2,,,0
10019,'1187036',743,,4775,2,,,0
10019,'1187051',1143,,4776,2,,,0
10019,'1187191',2343,,4777,2,,,0
103029,'1184553',1901,,6317,8,,,0
103029,'1184582',1432,,6318,8,,,0
103029,'1184715',934,,6319,8,,,0
103029,'1184852',1732,,6321,8,,,0
103029,'1184872',1647,,6322,8,,,0
103029,'1184905',2003,,6323,8,,,0
103029,'1185063',2201,,6324,8,,,0
103029,'1185157',804,,6325,8,,,0
103029,'1185199',1704,,6326,8,,,0
103029,'1185213',1404,,6327,8,,,0
103029,'1185276',1104,,6328,8,,,0
103029,'1185363',1517,,6330,8,,,0
103029,'1185419',1001,,6333,8,,,0
103029,'1185520',1302,,6334,8,,,0
103029,'1185558',746,,6335,8,,,0
103029,'1185665',1234,,6336,8,,,0
103029,'1185765',1132,,6337,8,,,0
103029,'1185899',1602,,6338,8,,,0
103029,'1185963',2031,,6339,8,,,0
103029,'1185965',1833,,6340,8,,,0
103029,'1186147',916,,6342,8,,,0
103029,'1186270',2331,,6343,8,,,0
103029,'1186283',1534,,6345,8,,,0
103029,'1186329',2303,,6347,8,,,0
103029,'1186366',634,,6348,8,,,0
103029,'1186405',831,,6349,8,,,0
103029,'1186699',701,,6350,8,,,0
103029,'1186983',2133,,6351,8,,,0
