105029,'1184521',1805,,6491,53,,,0
105029,'1184537',1335,,6492,53,,,0
105029,'1184580',917,,6493,53,,,0
105029,'1184670',1550,,6494,53,,,0
105029,'1184808',2317,,6496,53,,,0
105029,'1184833',1020,,6497,53,,,0
105029,'1184834',2422,,6498,53,,,0
105029,'1184863',1235,,6499,53,,,0
105029,'1185135',717,,6501,53,,,0
105029,'1185332',1847,,6505,53,,,0
105029,'1185350',2017,,6506,53,,,0
105029,'1185359',2217,,6507,53,,,0
105029,'1185440',1635,,6510,53,,,0
105029,'1185668',747,,6513,53,,,0
105029,'1185827',2117,,6515,53,,,0
105029,'1185938',1450,,6516,53,,,0
105029,'1186005',1705,,6517,53,,,0
105029,'1186279',1520,,6519,53,,,0
105029,'1186282',1420,,6520,53,,,0
105029,'1186470',1120,,6525,53,,,0
105029,'1186861',647,,6531,53,,,0
105029,'1186874',1735,,6532,53,,,0
105029,'1187005',817,,6534,53,,,0
