28019,'1190612',2007,,8811,3,,,0
28019,'1190648',1752,,8812,3,,,0
28019,'1190664',1507,,8813,3,,,0
28019,'1190675',2107,,8814,3,,,0
28019,'1190706',2307,,8815,3,,,0
28019,'1190722',1637,,8816,3,,,0
28019,'1190756',1007,,8817,3,,,0
28019,'1190827',1852,,8818,3,,,0
28019,'1190930',1707,,8819,3,,,0
28019,'1190951',2232,,8820,3,,,0
28019,'1190952',932,,8821,3,,,0
28019,'1190995',832,,8822,3,,,0
28019,'1191000',1432,,8823,3,,,0
28019,'1191056',1452,,8824,3,,,0
28019,'1191066',1052,,8825,3,,,0
28019,'1191068',807,,8826,3,,,0
28019,'1191147',1832,,8827,3,,,0
28019,'1191153',2152,,8828,3,,,0
28019,'1191391',1837,,8829,3,,,0
28019,'1191424',837,,8830,3,,,0
28019,'1191516',652,,8831,3,,,0
28019,'1191816',1152,,8832,3,,,0
28019,'1191883',907,,8833,3,,,0
28019,'1191952',1632,,8834,3,,,0
28019,'1191965',1552,,8835,3,,,0
28019,'1191975',2032,,8836,3,,,0
28019,'1192008',1907,,8837,3,,,0
28019,'1192010',1252,,8838,3,,,0
28019,'1192015',1807,,8839,3,,,0
28019,'1192021',852,,8840,3,,,0
28019,'1192050',1032,,8841,3,,,0
28019,'1192110',2352,,8842,3,,,0
28019,'1192173',2332,,8843,3,,,0
28019,'1192287',737,,8844,3,,,0
28019,'1192288',1737,,8845,3,,,0
28019,'1192309',1607,,8846,3,,,0
28019,'1192311',1407,,8847,3,,,0
28019,'1192315',1307,,8848,3,,,0
28019,'1192316',1107,,8849,3,,,0
28019,'1192431',607,,8850,3,,,0
28019,'1192485',1932,,8851,3,,,0
28019,'1192496',2052,,8852,3,,,0
28019,'1192602',2207,,8853,3,,,0
28019,'1192636',1652,,8854,3,,,0
28019,'1192669',752,,8855,3,,,0
28019,'1192693',1532,,8856,3,,,0
28019,'1192699',1232,,8857,3,,,0
28019,'1192734',732,,8858,3,,,0
28019,'1192750',1952,,8859,3,,,0
28019,'1192815',1132,,8860,3,,,0
28019,'1192830',637,,8861,3,,,0
28019,'1192835',2132,,8862,3,,,0
28019,'1192878',1352,,8863,3,,,0
28019,'1192900',2252,,8864,3,,,0
28019,'1193052',707,,8865,3,,,0
28019,'1193108',952,,8866,3,,,0
28019,'1193124',1732,,8867,3,,,0
28019,'1193283',1207,,8868,3,,,0
28019,'1193292',1332,,8869,3,,,0
