14019,'1190713',1357,,8090,26,,,0
14019,'1190728',1453,,8091,26,,,0
14019,'1190978',1657,,8092,26,,,0
14019,'1191058',2254,,8093,26,,,0
14019,'1191091',1653,,8094,26,,,0
14019,'1191115',755,,8095,26,,,0
14019,'1191156',1527,,8096,26,,,0
14019,'1191182',1253,,8097,26,,,0
14019,'1191216',1357,,8098,26,,,0
14019,'1191274',1353,,8099,26,,,0
14019,'1191284',2353,,8100,26,,,0
14019,'1191353',1853,,8101,26,,,0
14019,'1191434',954,,8102,26,,,0
14019,'1191451',955,,8103,26,,,0
14019,'1191488',1257,,8104,26,,,0
14019,'1191517',655,,8105,26,,,0
14019,'1191609',2325,,8106,26,,,0
14019,'1191614',1825,,8107,26,,,0
14019,'1191636',1757,,8108,26,,,0
14019,'1191714',1157,,8109,26,,,0
14019,'1191747',1457,,8110,26,,,0
14019,'1191757',925,,8111,26,,,0
14019,'1191841',754,,8112,26,,,0
14019,'1191852',1925,,8113,26,,,0
14019,'1191970',2154,,8114,26,,,0
14019,'1191991',2054,,8115,26,,,0
14019,'1191996',953,,8116,26,,,0
14019,'1192119',2225,,8117,26,,,0
14019,'1192156',1557,,8118,26,,,0
14019,'1192290',2253,,8119,26,,,0
14019,'1192324',2153,,8120,26,,,0
14019,'1192341',725,,8121,26,,,0
14019,'1192355',1753,,8122,26,,,0
14019,'1192458',853,,8123,26,,,0
14019,'1192538',1657,,8124,26,,,0
14019,'1192564',2354,,8125,26,,,0
14019,'1192566',1953,,8126,26,,,0
14019,'1192675',1153,,8127,26,,,0
14019,'1192682',1553,,8128,26,,,0
14019,'1192692',1053,,8129,26,,,0
14019,'1192713',1854,,8130,26,,,0
14019,'1192727',1257,,8131,26,,,0
14019,'1192788',1457,,8132,26,,,0
14019,'1192791',1157,,8133,26,,,0
14019,'1192803',825,,8134,26,,,0
14019,'1192827',2053,,8135,26,,,0
14019,'1192837',855,,8136,26,,,0
14019,'1192840',1627,,8137,26,,,0
14019,'1192863',2125,,8138,26,,,0
14019,'1192916',1954,,8139,26,,,0
14019,'1192927',854,,8140,26,,,0
14019,'1192946',2025,,8141,26,,,0
14019,'1192962',1057,,8142,26,,,0
14019,'1192987',1757,,8143,26,,,0
14019,'1193071',1057,,8144,26,,,0
14019,'1193088',1727,,8145,26,,,0
14019,'1193127',1557,,8146,26,,,0
14019,'1193190',654,,8147,26,,,0
14019,'1193242',753,,8148,26,,,0
