10019,'1150177',1820,,551,18,,,0
10019,'1150195',2050,,552,18,,,0
10019,'1150212',1850,,553,18,,,0
10019,'1150401',1520,,556,18,,,0
10019,'1150422',1750,,557,18,,,0
10019,'1150466',650,,558,18,,,0
10019,'1150579',1350,,560,18,,,0
10019,'1150648',2120,,561,18,,,0
10019,'1150771',2250,,562,18,,,0
10019,'1150873',1650,,564,18,,,0
10019,'1151478',1550,,570,18,,,0
10019,'1151671',950,,574,18,,,0
10019,'1151864',1150,,578,18,,,0
10019,'1151877',1250,,579,18,,,0
10019,'1151907',2020,,580,18,,,0
10019,'1151917',1750,,581,18,,,0
10019,'1152017',1250,,582,18,,,0
10019,'1152060',1050,,584,18,,,0
10019,'1152311',950,,588,18,,,0
10019,'1152461',2320,,590,18,,,0
10019,'1152473',850,,591,18,,,0
10019,'1152615',1150,,593,18,,,0
10019,'1152634',2350,,594,18,,,0
10019,'1152791',1050,,597,18,,,0
10019,'1152900',920,,600,18,,,0
10019,'1152904',1950,,601,18,,,0
10019,'1153120',650,,602,18,,,0
10019,'1153228',750,,604,18,,,0
10019,'1153418',2150,,606,18,,,0
10019,'1153451',720,,607,18,,,0
10019,'1153499',850,,609,18,,,0
10019,'1153548',1920,,610,18,,,0
10019,'1153739',750,,613,18,,,0
10019,'1153751',1550,,615,18,,,0
10019,'1153967',2220,,619,18,,,0
10019,'1154257',820,,627,18,,,0
10019,'1154380',1650,,630,18,,,0
10019,'1154723',1620,,635,18,,,0
10019,'1155009',1350,,638,18,,,0
10019,'1155027',1450,,639,18,,,0
10019,'1155413',1450,,640,18,,,0
10019,'1155441',1720,,642,18,,,0
10019,'1155495',621,,643,18,,,0
