105029,'1150199',2025,,3422,67,,,0
105029,'1150361',655,,3424,67,,,0
105029,'1150640',1243,,3425,67,,,0
105029,'1150831',1640,,3427,67,,,0
105029,'1150967',1740,,3428,67,,,0
105029,'1151263',1743,,3431,67,,,0
105029,'1151286',2225,,3432,67,,,0
105029,'1151500',1458,,3433,67,,,0
105029,'1151551',638,,3434,67,,,0
105029,'1151563',1855,,3435,67,,,0
105029,'1151643',1840,,3437,67,,,0
105029,'1151929',838,,3440,67,,,0
105029,'1152027',1343,,3442,67,,,0
105029,'1152064',1813,,3445,67,,,0
105029,'1152144',2430,,3447,67,,,0
105029,'1152244',2238,,3449,67,,,0
105029,'1152289',1040,,3450,67,,,0
105029,'1152606',1540,,3454,67,,,0
105029,'1152997',1340,,3457,67,,,0
105029,'1153205',2038,,3458,67,,,0
105029,'1153333',1440,,3459,67,,,0
105029,'1153409',1140,,3461,67,,,0
105029,'1153442',2325,,3464,67,,,0
105029,'1153503',1028,,3465,67,,,0
105029,'1153624',1428,,3467,67,,,0
105029,'1153688',1713,,3468,67,,,0
105029,'1154104',1558,,3474,67,,,0
105029,'1154267',825,,3476,67,,,0
105029,'1154372',2125,,3477,67,,,0
105029,'1154485',725,,3479,67,,,0
105029,'1154581',2438,,3481,67,,,0
105029,'1154663',1643,,3482,67,,,0
105029,'1154768',1528,,3486,67,,,0
105029,'1154987',1128,,3487,67,,,0
105029,'1155078',925,,3488,67,,,0
105029,'1155257',1240,,3489,67,,,0
105029,'1155338',755,,3490,67,,,0
