12019,'1184525',1335,,4978,31,,,0
12019,'1184575',803,,4979,31,,,0
12019,'1184629',1833,,4980,31,,,0
12019,'1184682',1705,,4981,31,,,0
12019,'1184756',1105,,4982,31,,,0
12019,'1184761',1705,,4983,31,,,0
12019,'1184784',2303,,4984,31,,,0
12019,'1184786',1305,,4985,31,,,0
12019,'1184787',1105,,4986,31,,,0
12019,'1184846',1535,,4987,31,,,0
12019,'1184885',1505,,4988,31,,,0
12019,'1184933',634,,4989,31,,,0
12019,'1185003',834,,4991,31,,,0
12019,'1185020',705,,4992,31,,,0
12019,'1185027',1003,,4993,31,,,0
12019,'1185033',1405,,4994,31,,,0
12019,'1185098',1933,,4995,31,,,0
12019,'1185121',734,,4996,31,,,0
12019,'1185187',903,,4997,31,,,0
12019,'1185218',1805,,4998,31,,,0
12019,'1185271',2233,,4999,31,,,0
12019,'1185305',1805,,5000,31,,,0
12019,'1185383',1004,,5001,31,,,0
12019,'1185445',1135,,5003,31,,,0
12019,'1185548',1635,,5006,31,,,0
12019,'1185614',1735,,5007,31,,,0
12019,'1185634',1535,,5008,31,,,0
12019,'1185678',1034,,5009,31,,,0
12019,'1185724',1435,,5010,31,,,0
12019,'1185780',1435,,5011,31,,,0
12019,'1185785',2033,,5012,31,,,0
12019,'1185860',1635,,5013,31,,,0
12019,'1185945',2403,,5014,31,,,0
12019,'1185982',1405,,5015,31,,,0
12019,'1186032',2333,,5018,31,,,0
12019,'1186204',1505,,5020,31,,,0
12019,'1186234',2203,,5023,31,,,0
12019,'1186235',1235,,5024,31,,,0
12019,'1186277',2103,,5025,31,,,0
12019,'1186367',1605,,5027,31,,,0
12019,'1186399',904,,5028,31,,,0
12019,'1186412',1335,,5029,31,,,0
12019,'1186555',804,,5030,31,,,0
12019,'1186611',2133,,5031,31,,,0
12019,'1186615',1205,,5032,31,,,0
12019,'1186667',934,,5035,31,,,0
12019,'1186670',1305,,5036,31,,,0
12019,'1186717',1903,,5038,31,,,0
12019,'1186735',1135,,5039,31,,,0
12019,'1186753',1605,,5040,31,,,0
12019,'1186892',1235,,5042,31,,,0
12019,'1186907',704,,5043,31,,,0
12019,'1186909',2003,,5044,31,,,0
12019,'1186938',1205,,5045,31,,,0
12019,'1187125',1735,,5048,31,,,0
