4019,'1150173',1401,,519,2,,,0
4019,'1150739',731,,520,2,,,0
4019,'1150908',1731,,521,2,,,0
4019,'1150956',1601,,522,2,,,0
4019,'1151139',1531,,523,2,,,0
4019,'1151875',831,,524,2,,,0
4019,'1152822',701,,525,2,,,0
4019,'1153216',1631,,526,2,,,0
4019,'1153770',1701,,527,2,,,0
4019,'1154133',801,,528,2,,,0
4019,'1154229',1331,,529,2,,,0
4019,'1154526',901,,530,2,,,0
4019,'1154911',1501,,531,2,,,0
4019,'1155331',931,,532,2,,,0
4019,'1155513',1431,,533,2,,,0
10029,'1150182',916,,646,2,,,0
10029,'1150266',2316,,648,2,,,0
10029,'1150349',1946,,649,2,,,0
10029,'1150424',1416,,650,2,,,0
10029,'1150440',1916,,651,2,,,0
10029,'1150450',1616,,653,2,,,0
10029,'1150454',1716,,654,2,,,0
10029,'1150680',716,,656,2,,,0
10029,'1150683',1216,,657,2,,,0
10029,'1150947',1016,,659,2,,,0
10029,'1151232',2116,,662,2,,,0
10029,'1151240',916,,663,2,,,0
10029,'1151358',1016,,666,2,,,0
10029,'1151389',2146,,667,2,,,0
10029,'1151548',1316,,668,2,,,0
10029,'1151699',1416,,674,2,,,0
10029,'1151704',2351,,676,2,,,0
10029,'1151927',2046,,678,2,,,0
10029,'1152089',816,,679,2,,,0
10029,'1152120',1516,,680,2,,,0
10029,'1152213',1746,,682,2,,,0
10029,'1152237',1116,,683,2,,,0
10029,'1152276',616,,685,2,,,0
10029,'1152614',1716,,692,2,,,0
10029,'1152687',1646,,693,2,,,0
10029,'1152696',816,,694,2,,,0
10029,'1152744',1546,,697,2,,,0
10029,'1152927',1316,,700,2,,,0
10029,'1153201',716,,704,2,,,0
10029,'1153510',1616,,706,2,,,0
10029,'1153532',2016,,707,2,,,0
10029,'1153887',2216,,712,2,,,0
10029,'1154165',746,,715,2,,,0
10029,'1154182',1516,,716,2,,,0
10029,'1154281',1216,,718,2,,,0
10029,'1154360',2246,,719,2,,,0
10029,'1154531',1446,,720,2,,,0
10029,'1154688',646,,722,2,,,0
10029,'1154710',1816,,723,2,,,0
10029,'1155230',846,,733,2,,,0
10029,'1155449',1846,,734,2,,,0
10029,'1155474',1116,,735,2,,,0
11019,'1150143',646,,880,2,,,0
11019,'1150149',1816,,881,2,,,0
11019,'1150435',1717,,887,2,,,0
11019,'1150556',1346,,889,2,,,0
11019,'1150629',1617,,890,2,,,0
11019,'1150657',816,,891,2,,,0
11019,'1150677',2016,,892,2,,,0
11019,'1150686',2351,,893,2,,,0
11019,'1150726',1547,,894,2,,,0
11019,'1150735',1432,,895,2,,,0
11019,'1150744',1602,,896,2,,,0
11019,'1150925',1446,,899,2,,,0
11019,'1150938',1316,,901,2,,,0
11019,'1151038',916,,902,2,,,0
11019,'1151140',1001,,905,2,,,0
11019,'1151144',2201,,906,2,,,0
11019,'1151191',1202,,908,2,,,0
11019,'1151326',1931,,910,2,,,0
11019,'1151442',831,,913,2,,,0
11019,'1151502',1516,,914,2,,,0
11019,'1151687',716,,917,2,,,0
11019,'1151694',1317,,918,2,,,0
11019,'1151697',1632,,919,2,,,0
11019,'1151715',701,,920,2,,,0
11019,'1151806',816,,923,2,,,0
11019,'1151889',1216,,925,2,,,0
11019,'1151897',1647,,926,2,,,0
11019,'1151910',801,,927,2,,,0
11019,'1152031',916,,929,2,,,0
11019,'1152198',946,,932,2,,,0
11019,'1152246',1146,,933,2,,,0
11019,'1152286',631,,934,2,,,0
11019,'1152347',2131,,936,2,,,0
11019,'1152358',1831,,937,2,,,0
11019,'1152422',2331,,939,2,,,0
11019,'1152449',1732,,940,2,,,0
11019,'1152484',1131,,941,2,,,0
11019,'1152597',1402,,943,2,,,0
11019,'1152670',1747,,944,2,,,0
11019,'1152706',1332,,945,2,,,0
11019,'1152810',1517,,947,2,,,0
11019,'1152872',1417,,948,2,,,0
11019,'1152996',901,,951,2,,,0
11019,'1153015',1246,,952,2,,,0
11019,'1153067',2216,,953,2,,,0
11019,'1153085',716,,955,2,,,0
11019,'1153098',1716,,956,2,,,0
11019,'1153395',1116,,962,2,,,0
11019,'1153405',1702,,963,2,,,0
11019,'1153484',2301,,965,2,,,0
11019,'1153506',1616,,967,2,,,0
11019,'1153527',931,,969,2,,,0
11019,'1153562',1247,,971,2,,,0
11019,'1153565',1447,,972,2,,,0
11019,'1153586',2231,,973,2,,,0
11019,'1153587',1302,,974,2,,,0
11019,'1153669',1646,,977,2,,,0
11019,'1153677',1016,,978,2,,,0
11019,'1153881',1232,,981,2,,,0
11019,'1153984',1502,,984,2,,,0
11019,'1154120',2001,,986,2,,,0
11019,'1154168',1347,,987,2,,,0
11019,'1154195',1016,,988,2,,,0
11019,'1154287',846,,989,2,,,0
11019,'1154314',1146,,990,2,,,0
11019,'1154475',1217,,991,2,,,0
11019,'1154577',2116,,993,2,,,0
11019,'1154613',1101,,994,2,,,0
11019,'1154616',746,,995,2,,,0
11019,'1154627',616,,996,2,,,0
11019,'1154690',1031,,998,2,,,0
11019,'1154863',1116,,1000,2,,,0
11019,'1154896',2101,,1001,2,,,0
11019,'1155038',1916,,1006,2,,,0
11019,'1155047',1532,,1007,2,,,0
11019,'1155187',2031,,1009,2,,,0
11019,'1155194',1546,,1010,2,,,0
11019,'1155204',1801,,1011,2,,,0
11019,'1155245',731,,1012,2,,,0
11019,'1155289',1416,,1013,2,,,0
11019,'1155293',1046,,1014,2,,,0
11019,'1155433',2316,,1016,2,,,0
11019,'1155512',1901,,1018,2,,,0
13019,'1150207',816,,1247,2,,,0
13019,'1150227',916,,1248,2,,,0
13019,'1150493',916,,1249,2,,,0
13019,'1150585',1746,,1251,2,,,0
13019,'1150628',1447,,1253,2,,,0
13019,'1150643',2216,,1254,2,,,0
13019,'1150645',1647,,1255,2,,,0
13019,'1150729',1616,,1256,2,,,0
13019,'1150851',1717,,1257,2,,,0
13019,'1151123',1217,,1265,2,,,0
13019,'1151365',746,,1267,2,,,0
13019,'1151417',1017,,1269,2,,,0
13019,'1151524',1516,,1273,2,,,0
13019,'1151771',1617,,1275,2,,,0
13019,'1151796',846,,1276,2,,,0
13019,'1151799',2246,,1277,2,,,0
13019,'1151808',2046,,1278,2,,,0
13019,'1152195',1116,,1281,2,,,0
13019,'1152254',2146,,1283,2,,,0
13019,'1152429',716,,1285,2,,,0
13019,'1152560',1816,,1288,2,,,0
13019,'1152603',1316,,1289,2,,,0
13019,'1152985',1317,,1296,2,,,0
13019,'1153202',2116,,1297,2,,,0
13019,'1153301',1117,,1300,2,,,0
13019,'1153469',1716,,1303,2,,,0
13019,'1153618',816,,1306,2,,,0
13019,'1153699',1517,,1310,2,,,0
13019,'1154058',1016,,1314,2,,,0
13019,'1154251',616,,1316,2,,,0
13019,'1154276',946,,1317,2,,,0
13019,'1154383',1417,,1319,2,,,0
13019,'1154424',2016,,1320,2,,,0
13019,'1154456',1216,,1321,2,,,0
13019,'1154547',1946,,1324,2,,,0
13019,'1154651',646,,1325,2,,,0
13019,'1154956',1547,,1327,2,,,0
13019,'1155135',716,,1331,2,,,0
13019,'1155249',1416,,1333,2,,,0
13019,'1155251',2351,,1334,2,,,0
13019,'1155283',1846,,1336,2,,,0
13019,'1155329',1916,,1337,2,,,0
13019,'1155371',2316,,1339,2,,,0
25019,'1150209',1701,,2062,2,,,0
25019,'1150247',831,,2063,2,,,0
25019,'1150329',1201,,2064,2,,,0
25019,'1150363',1231,,2065,2,,,0
25019,'1150425',2031,,2066,2,,,0
25019,'1150527',1531,,2069,2,,,0
25019,'1150689',701,,2071,2,,,0
25019,'1150696',1731,,2072,2,,,0
25019,'1150730',2331,,2074,2,,,0
25019,'1150988',1431,,2075,2,,,0
25019,'1151062',2131,,2076,2,,,0
25019,'1151067',931,,2077,2,,,0
25019,'1151104',931,,2078,2,,,0
25019,'1151242',2231,,2079,2,,,0
25019,'1151384',1101,,2082,2,,,0
25019,'1151534',1331,,2085,2,,,0
25019,'1151656',2031,,2086,2,,,0
25019,'1151791',1431,,2088,2,,,0
25019,'1151809',2231,,2089,2,,,0
25019,'1151820',801,,2090,2,,,0
25019,'1151857',1831,,2091,2,,,0
25019,'1151998',831,,2093,2,,,0
25019,'1152331',1001,,2098,2,,,0
25019,'1152372',1601,,2100,2,,,0
25019,'1152581',1031,,2104,2,,,0
25019,'1152998',631,,2110,2,,,0
25019,'1153199',1931,,2114,2,,,0
25019,'1153262',1631,,2115,2,,,0
25019,'1153285',1501,,2118,2,,,0
25019,'1153297',1131,,2119,2,,,0
25019,'1153352',731,,2121,2,,,0
25019,'1153432',1531,,2123,2,,,0
25019,'1153859',2351,,2126,2,,,0
25019,'1154166',1631,,2128,2,,,0
25019,'1154390',1401,,2131,2,,,0
25019,'1154610',1831,,2135,2,,,0
25019,'1154641',901,,2136,2,,,0
25019,'1154763',1301,,2140,2,,,0
25019,'1154910',731,,2145,2,,,0
25019,'1154988',2131,,2148,2,,,0
25019,'1155012',1931,,2149,2,,,0
25019,'1155109',631,,2150,2,,,0
25019,'1155210',1731,,2151,2,,,0
101029,'1150355',831,,2916,2,,,0
101029,'1150535',931,,2919,2,,,0
101029,'1150632',1416,,2920,2,,,0
101029,'1151005',1016,,2922,2,,,0
101029,'1151171',1731,,2924,2,,,0
101029,'1151294',731,,2925,2,,,0
101029,'1151635',2131,,2927,2,,,0
101029,'1151840',631,,2929,2,,,0
101029,'1152316',1816,,2930,2,,,0
101029,'1152666',1031,,2933,2,,,0
101029,'1152802',1632,,2934,2,,,0
101029,'1153001',1931,,2938,2,,,0
101029,'1153050',1232,,2939,2,,,0
101029,'1153195',616,,2941,2,,,0
101029,'1153306',1616,,2942,2,,,0
101029,'1153598',2216,,2945,2,,,0
101029,'1153935',1532,,2949,2,,,0
101029,'1154557',2016,,2953,2,,,0
101029,'1154632',2351,,2954,2,,,0
101029,'1154742',1332,,2955,2,,,0
101029,'1154771',816,,2956,2,,,0
101029,'1154943',1216,,2958,2,,,0
101029,'1155502',1432,,2962,2,,,0
