10029,'1150182',937,,646,37,,,0
10029,'1150266',2337,,648,37,,,0
10029,'1150349',2007,,649,37,,,0
10029,'1150424',1437,,650,37,,,0
10029,'1150440',1937,,651,37,,,0
10029,'1150450',1637,,653,37,,,0
10029,'1150454',1737,,654,37,,,0
10029,'1150680',737,,656,37,,,0
10029,'1150683',1237,,657,37,,,0
10029,'1150947',1037,,659,37,,,0
10029,'1151232',2137,,662,37,,,0
10029,'1151240',937,,663,37,,,0
10029,'1151358',1037,,666,37,,,0
10029,'1151389',2207,,667,37,,,0
10029,'1151548',1337,,668,37,,,0
10029,'1151699',1437,,674,37,,,0
10029,'1151704',2412,,676,37,,,0
10029,'1151927',2107,,678,37,,,0
10029,'1152089',837,,679,37,,,0
10029,'1152120',1537,,680,37,,,0
10029,'1152213',1807,,682,37,,,0
10029,'1152237',1137,,683,37,,,0
10029,'1152276',637,,685,37,,,0
10029,'1152614',1737,,692,37,,,0
10029,'1152687',1707,,693,37,,,0
10029,'1152696',837,,694,37,,,0
10029,'1152744',1607,,697,37,,,0
10029,'1152927',1337,,700,37,,,0
10029,'1153201',737,,704,37,,,0
10029,'1153510',1637,,706,37,,,0
10029,'1153532',2037,,707,37,,,0
10029,'1153887',2237,,712,37,,,0
10029,'1154165',807,,715,37,,,0
10029,'1154182',1537,,716,37,,,0
10029,'1154281',1237,,718,37,,,0
10029,'1154360',2307,,719,37,,,0
10029,'1154531',1507,,720,37,,,0
10029,'1154688',707,,722,37,,,0
10029,'1154710',1837,,723,37,,,0
10029,'1155230',907,,733,37,,,0
10029,'1155449',1907,,734,37,,,0
10029,'1155474',1137,,735,37,,,0
