22019,'1150441',1419,,1811,20,,,0
22019,'1150800',1019,,1812,20,,,0
22019,'1151346',1249,,1813,20,,,0
22019,'1152264',1819,,1814,20,,,0
22019,'1152425',1449,,1815,20,,,0
22019,'1152695',1819,,1816,20,,,0
22019,'1152712',1619,,1817,20,,,0
22019,'1152891',1049,,1818,20,,,0
22019,'1153159',1619,,1819,20,,,0
22019,'1153570',1219,,1820,20,,,0
22019,'1154152',1219,,1821,20,,,0
22019,'1154488',819,,1822,20,,,0
22019,'1154626',849,,1823,20,,,0
22019,'1154882',819,,1824,20,,,0
22019,'1155378',1019,,1825,20,,,0
22019,'1155508',1419,,1826,20,,,0
