26029,'1150100',1413,,2338,4,,,0
26029,'1150123',1443,,2339,4,,,0
26029,'1150271',1513,,2342,4,,,0
26029,'1150324',1313,,2343,4,,,0
26029,'1150367',2212,,2344,4,,,0
26029,'1150583',1513,,2346,4,,,0
26029,'1150914',1043,,2351,4,,,0
26029,'1151447',612,,2358,4,,,0
26029,'1151768',1013,,2361,4,,,0
26029,'1152227',1813,,2368,4,,,0
26029,'1152563',2013,,2373,4,,,0
26029,'1152589',1213,,2374,4,,,0
26029,'1152694',1613,,2376,4,,,0
26029,'1152967',1343,,2379,4,,,0
26029,'1153010',2013,,2381,4,,,0
26029,'1153161',2313,,2383,4,,,0
26029,'1153226',713,,2385,4,,,0
26029,'1153388',1614,,2386,4,,,0
26029,'1153444',712,,2388,4,,,0
26029,'1153679',1013,,2393,4,,,0
26029,'1153836',2213,,2397,4,,,0
26029,'1153996',1243,,2399,4,,,0
26029,'1154146',613,,2401,4,,,0
26029,'1154204',2113,,2402,4,,,0
26029,'1154235',1913,,2404,4,,,0
26029,'1154258',1813,,2405,4,,,0
26029,'1154345',812,,2407,4,,,0
26029,'1154397',1913,,2409,4,,,0
26029,'1154512',1113,,2410,4,,,0
26029,'1154536',1143,,2411,4,,,0
26029,'1154620',913,,2413,4,,,0
26029,'1154679',2113,,2414,4,,,0
26029,'1154682',912,,2415,4,,,0
26029,'1154861',1713,,2416,4,,,0
26029,'1155188',1713,,2420,4,,,0
26029,'1155234',813,,2421,4,,,0
26029,'1155304',2312,,2423,4,,,0
