101029,'1150355',859,,2916,33,,,0
101029,'1150535',959,,2919,33,,,0
101029,'1150632',1443,,2920,33,,,0
101029,'1151005',1043,,2922,33,,,0
101029,'1151171',1759,,2924,33,,,0
101029,'1151294',759,,2925,33,,,0
101029,'1151635',2159,,2927,33,,,0
101029,'1151840',659,,2929,33,,,0
101029,'1152316',1843,,2930,33,,,0
101029,'1152666',1059,,2933,33,,,0
101029,'1152802',1701,,2934,33,,,0
101029,'1153001',1959,,2938,33,,,0
101029,'1153050',1301,,2939,33,,,0
101029,'1153195',643,,2941,33,,,0
101029,'1153306',1643,,2942,33,,,0
101029,'1153598',2243,,2945,33,,,0
101029,'1153935',1601,,2949,33,,,0
101029,'1154557',2043,,2953,33,,,0
101029,'1154632',2419,,2954,33,,,0
101029,'1154742',1401,,2955,33,,,0
101029,'1154771',843,,2956,33,,,0
101029,'1154943',1243,,2958,33,,,0
101029,'1155502',1501,,2962,33,,,0
