10019,'1150177',1823,,551,23,,,0
10019,'1150195',2053,,552,23,,,0
10019,'1150212',1853,,553,23,,,0
10019,'1150401',1523,,556,23,,,0
10019,'1150422',1753,,557,23,,,0
10019,'1150466',653,,558,23,,,0
10019,'1150579',1353,,560,23,,,0
10019,'1150648',2123,,561,23,,,0
10019,'1150771',2253,,562,23,,,0
10019,'1150873',1653,,564,23,,,0
10019,'1151478',1553,,570,23,,,0
10019,'1151671',953,,574,23,,,0
10019,'1151864',1153,,578,23,,,0
10019,'1151877',1253,,579,23,,,0
10019,'1151907',2023,,580,23,,,0
10019,'1151917',1753,,581,23,,,0
10019,'1152017',1253,,582,23,,,0
10019,'1152060',1053,,584,23,,,0
10019,'1152311',953,,588,23,,,0
10019,'1152461',2323,,590,23,,,0
10019,'1152473',853,,591,23,,,0
10019,'1152615',1153,,593,23,,,0
10019,'1152634',2353,,594,23,,,0
10019,'1152791',1053,,597,23,,,0
10019,'1152900',923,,600,23,,,0
10019,'1152904',1953,,601,23,,,0
10019,'1153120',653,,602,23,,,0
10019,'1153228',753,,604,23,,,0
10019,'1153418',2153,,606,23,,,0
10019,'1153451',723,,607,23,,,0
10019,'1153499',853,,609,23,,,0
10019,'1153548',1923,,610,23,,,0
10019,'1153739',753,,613,23,,,0
10019,'1153751',1553,,615,23,,,0
10019,'1153967',2223,,619,23,,,0
10019,'1154257',823,,627,23,,,0
10019,'1154380',1653,,630,23,,,0
10019,'1154723',1623,,635,23,,,0
10019,'1155009',1353,,638,23,,,0
10019,'1155027',1453,,639,23,,,0
10019,'1155413',1453,,640,23,,,0
10019,'1155441',1723,,642,23,,,0
10019,'1155495',624,,643,23,,,0
