101019,'1150144',1535,,2867,36,,,0
101019,'1150380',1058,,2869,36,,,0
101019,'1150746',1935,,2873,36,,,0
101019,'1150862',2135,,2874,36,,,0
101019,'1150954',558,,2875,36,,,0
101019,'1150998',1400,,2876,36,,,0
101019,'1151001',735,,2877,36,,,0
101019,'1151295',1800,,2880,36,,,0
101019,'1151359',758,,2881,36,,,0
101019,'1151610',1158,,2883,36,,,0
101019,'1151994',1735,,2886,36,,,0
101019,'1152080',1700,,2887,36,,,0
101019,'1152371',1600,,2888,36,,,0
101019,'1152676',858,,2890,36,,,0
101019,'1152765',2057,,2891,36,,,0
101019,'1152944',2335,,2893,36,,,0
101019,'1153556',2258,,2899,36,,,0
101019,'1153641',1135,,2900,36,,,0
101019,'1153864',1335,,2903,36,,,0
101019,'1154431',1500,,2908,36,,,0
101019,'1154552',1858,,2909,36,,,0
101019,'1155432',935,,2913,36,,,0
101019,'1155460',958,,2914,36,,,0
