14019,'1150200',941,,1440,1,,,0
14019,'1150262',641,,1441,1,,,0
14019,'1150337',841,,1443,1,,,0
14019,'1150348',1141,,1444,1,,,0
14019,'1150379',711,,1445,1,,,0
14019,'1150712',2041,,1451,1,,,0
14019,'1151030',1342,,1452,1,,,0
14019,'1151165',2241,,1455,1,,,0
14019,'1151250',1741,,1456,1,,,0
14019,'1151355',2111,,1458,1,,,0
14019,'1151402',2311,,1459,1,,,0
14019,'1151531',741,,1462,1,,,0
14019,'1151546',2211,,1464,1,,,0
14019,'1151663',1512,,1466,1,,,0
14019,'1151708',1712,,1468,1,,,0
14019,'1151821',1242,,1470,1,,,0
14019,'1152024',941,,1471,1,,,0
14019,'1152219',1641,,1473,1,,,0
14019,'1152241',1241,,1474,1,,,0
14019,'1152242',1742,,1475,1,,,0
14019,'1152324',2011,,1479,1,,,0
14019,'1152363',841,,1481,1,,,0
14019,'1152413',1642,,1482,1,,,0
14019,'1152541',911,,1485,1,,,0
14019,'1152725',1542,,1488,1,,,0
14019,'1152770',1612,,1490,1,,,0
14019,'1152772',1911,,1491,1,,,0
14019,'1152885',1341,,1493,1,,,0
14019,'1153060',2141,,1494,1,,,0
14019,'1153371',641,,1499,1,,,0
14019,'1153493',741,,1502,1,,,0
14019,'1153692',1442,,1505,1,,,0
14019,'1153780',1042,,1506,1,,,0
14019,'1153908',1142,,1508,1,,,0
14019,'1154077',1811,,1510,1,,,0
14019,'1154090',1541,,1511,1,,,0
14019,'1154211',1941,,1514,1,,,0
14019,'1154339',1041,,1517,1,,,0
14019,'1154509',1841,,1520,1,,,0
14019,'1154513',1441,,1521,1,,,0
14019,'1154567',811,,1522,1,,,0
14019,'1155390',2341,,1531,1,,,0
14029,'1150190',1839,,1534,46,4,,0
14029,'1150439',839,,1538,46,4,,0
14029,'1150459',1340,,1539,46,4,,0
14029,'1150588',2309,,1543,46,4,,0
14029,'1150672',1510,,1546,46,4,,0
14029,'1150717',939,,1547,46,4,,0
14029,'1150738',2009,,1548,46,4,,0
14029,'1151331',1939,,1555,46,4,,0
14029,'1151766',739,,1558,46,4,,0
14029,'1151954',1639,,1561,46,4,,0
14029,'1152193',2339,,1563,46,4,,0
14029,'1152310',1439,,1566,46,4,,0
14029,'1152526',1240,,1568,46,4,,0
14029,'1152537',939,,1569,46,4,,0
14029,'1152587',809,,1573,46,4,,0
14029,'1152675',1539,,1575,46,4,,0
14029,'1152745',2039,,1576,46,4,,0
14029,'1152748',1540,,1577,46,4,,0
14029,'1152812',639,,1578,46,4,,0
14029,'1152932',2139,,1581,46,4,,0
14029,'1152939',1739,,1582,46,4,,0
14029,'1153024',1039,,1583,46,4,,0
14029,'1153508',739,,1587,46,4,,0
14029,'1153585',1610,,1591,46,4,,0
14029,'1153659',1339,,1592,46,4,,0
14029,'1153682',1640,,1593,46,4,,0
14029,'1153912',839,,1596,46,4,,0
14029,'1154347',1139,,1598,46,4,,0
14029,'1154414',709,,1599,46,4,,0
14029,'1154420',909,,1600,46,4,,0
14029,'1154562',2239,,1602,46,4,,0
14029,'1154601',2209,,1603,46,4,,0
14029,'1154633',1710,,1605,46,4,,0
14029,'1154637',2414,,1606,46,4,,0
14029,'1154683',2109,,1607,46,4,,0
14029,'1154906',1740,,1611,46,4,,0
14029,'1154942',1809,,1612,46,4,,0
14029,'1155036',1239,,1613,46,4,,0
14029,'1155042',1040,,1614,46,4,,0
14029,'1155063',1440,,1615,46,4,,0
14029,'1155252',1909,,1620,46,4,,0
14029,'1155490',1140,,1625,46,4,,0
28019,'1150119',2005,,2597,1,,,0
28019,'1150253',2250,,2600,1,,,0
28019,'1150637',1250,,2603,1,,,0
28019,'1150649',2105,,2604,1,,,0
28019,'1150668',805,,2605,1,,,0
28019,'1150701',850,,2606,1,,,0
28019,'1150944',1950,,2609,1,,,0
28019,'1151017',1305,,2610,1,,,0
28019,'1151345',905,,2615,1,,,0
28019,'1151408',1735,,2619,1,,,0
28019,'1151418',1805,,2620,1,,,0
28019,'1151480',2305,,2623,1,,,0
28019,'1151539',2350,,2626,1,,,0
28019,'1151607',2150,,2627,1,,,0
28019,'1151707',650,,2629,1,,,0
28019,'1151756',635,,2630,1,,,0
28019,'1151817',950,,2631,1,,,0
28019,'1151995',1050,,2632,1,,,0
28019,'1152009',1205,,2633,1,,,0
28019,'1152288',1350,,2637,1,,,0
28019,'1152327',1105,,2639,1,,,0
28019,'1152496',835,,2643,1,,,0
28019,'1153084',605,,2648,1,,,0
28019,'1153391',1835,,2650,1,,,0
28019,'1153447',1005,,2651,1,,,0
28019,'1153809',750,,2655,1,,,0
28019,'1154018',1650,,2659,1,,,0
28019,'1154326',705,,2667,1,,,0
28019,'1154366',1605,,2668,1,,,0
28019,'1154415',1505,,2670,1,,,0
28019,'1154553',735,,2671,1,,,0
28019,'1154597',1750,,2672,1,,,0
28019,'1154599',1150,,2673,1,,,0
28019,'1154608',1850,,2674,1,,,0
28019,'1154700',1635,,2675,1,,,0
28019,'1154792',1550,,2677,1,,,0
28019,'1154878',2205,,2678,1,,,0
28019,'1154929',2050,,2679,1,,,0
28019,'1155022',1705,,2681,1,,,0
28019,'1155051',1450,,2682,1,,,0
28019,'1155256',1405,,2685,1,,,0
28019,'1155361',1905,,2686,1,,,0
28029,'1156056',713,,2693,12,4,,0
28029,'1156061',1514,,2698,12,4,,0
28029,'1156062',658,,2699,12,4,,0
28029,'1156063',1328,,2700,12,4,,0
28029,'1156069',1813,,2706,12,4,,0
28029,'1156070',1858,,2707,12,4,,0
28029,'1156076',2413,,2713,12,4,,0
28029,'1156078',2028,,2715,12,4,,0
28029,'1156079',1414,,2716,12,4,,0
28029,'1156083',1528,,2720,12,4,,0
28029,'1156084',1628,,2721,12,4,,0
28029,'1156089',2328,,2726,12,4,,0
28029,'1156091',928,,2728,12,4,,0
28029,'1156093',1013,,2730,12,4,,0
28029,'1156094',628,,2731,12,4,,0
28029,'1156095',1614,,2732,12,4,,0
28029,'1156096',2128,,2733,12,4,,0
28029,'1156098',1828,,2735,12,4,,0
28029,'1156100',813,,2737,12,4,,0
28029,'1156103',1758,,2740,12,4,,0
28029,'1156105',1728,,2742,12,4,,0
28029,'1156106',1214,,2743,12,4,,0
28029,'1156107',1913,,2744,12,4,,0
28029,'1156111',1028,,2748,12,4,,0
28029,'1156117',913,,2754,12,4,,0
28029,'1156118',828,,2755,12,4,,0
28029,'1156120',2013,,2757,12,4,,0
28029,'1156121',1113,,2758,12,4,,0
28029,'1156124',1314,,2761,12,4,,0
28029,'1156125',2113,,2762,12,4,,0
28029,'1156126',1432,,2763,12,4,,0
28029,'1156127',728,,2764,12,4,,0
28029,'1156128',1928,,2765,12,4,,0
28029,'1156130',2228,,2767,12,4,,0
28029,'1156133',1228,,2770,12,4,,0
28029,'1156134',858,,2771,12,4,,0
28029,'1156135',758,,2772,12,4,,0
28029,'1156136',1713,,2773,12,4,,0
28029,'1156138',2313,,2775,12,4,,0
28029,'1156140',1658,,2777,12,4,,0
28029,'1156142',2213,,2779,12,4,,0
28029,'1156143',1128,,2780,12,4,,0
29019,'1150216',1435,,2785,1,,,0
29019,'1150542',1520,,2787,1,,,0
29019,'1150663',920,,2788,1,,,0
29019,'1150707',1320,,2789,1,,,0
29019,'1150798',1020,,2790,1,,,0
29019,'1150837',2120,,2791,1,,,0
29019,'1150850',1220,,2792,1,,,0
29019,'1151243',935,,2794,1,,,0
29019,'1151749',1335,,2797,1,,,0
29019,'1151947',1720,,2798,1,,,0
29019,'1152147',1235,,2799,1,,,0
29019,'1152178',2320,,2801,1,,,0
29019,'1152251',820,,2802,1,,,0
29019,'1152782',2020,,2804,1,,,0
29019,'1152790',1420,,2805,1,,,0
29019,'1152913',1820,,2806,1,,,0
29019,'1153101',1620,,2808,1,,,0
29019,'1153250',2220,,2809,1,,,0
29019,'1153364',720,,2810,1,,,0
29019,'1153817',1120,,2814,1,,,0
29019,'1153846',1920,,2815,1,,,0
29019,'1154151',1535,,2816,1,,,0
29019,'1154660',1135,,2819,1,,,0
29019,'1155273',1035,,2824,1,,,0
29029,'1156000',1500,,2826,15,4,,0
29029,'1156001',1545,,2827,15,4,,0
29029,'1156003',1000,,2828,15,4,,0
29029,'1156005',1200,,2830,15,4,,0
29029,'1156007',1944,,2831,15,4,,0
29029,'1156008',1400,,2832,15,4,,0
29029,'1156010',1645,,2834,15,4,,0
29029,'1156011',2044,,2835,15,4,,0
29029,'1156014',1745,,2838,15,4,,0
29029,'1156017',1145,,2841,15,4,,0
29029,'1156018',2244,,2842,15,4,,0
29029,'1156019',844,,2843,15,4,,0
29029,'1156022',1345,,2846,15,4,,0
29029,'1156023',1245,,2847,15,4,,0
29029,'1156025',1100,,2848,15,4,,0
29029,'1156030',2144,,2852,15,4,,0
29029,'1156032',744,,2854,15,4,,0
29029,'1156034',1844,,2856,15,4,,0
29029,'1156037',1600,,2859,15,4,,0
29029,'1156043',944,,2862,15,4,,0
29029,'1156044',2344,,2863,15,4,,0
29029,'1156045',1300,,2864,15,4,,0
29029,'1156046',1045,,2865,15,4,,0
29029,'1156047',1445,,2866,15,4,,0
190001019,'1150167',1410,,3927,1,,,0
190001019,'1150378',1455,,3940,1,,,0
190001019,'1150412',2050,,3943,1,,,0
190001019,'1150432',1136,,3944,1,,,0
190001019,'1150455',1510,,3945,1,,,0
190001019,'1150496',1440,,3950,1,,,0
190001019,'1150557',1421,,3955,1,,,0
190001019,'1150567',1655,,3956,1,,,0
190001019,'1150623',1451,,3964,1,,,0
190001019,'1150669',2105,,3965,1,,,0
190001019,'1150671',1721,,3966,1,,,0
190001019,'1150695',1251,,3969,1,,,0
190001019,'1150743',2135,,3972,1,,,0
190001019,'1150792',720,,3977,1,,,0
190001019,'1150857',835,,3981,1,,,0
190001019,'1150903',1806,,3986,1,,,0
190001019,'1150953',805,,3989,1,,,0
190001019,'1150955',1106,,3990,1,,,0
190001019,'1150978',1350,,3991,1,,,0
190001019,'1150995',750,,3992,1,,,0
190001019,'1151072',1820,,4000,1,,,0
190001019,'1151099',2350,,4002,1,,,0
190001019,'1151128',920,,4004,1,,,0
190001019,'1151153',1540,,4008,1,,,0
190001019,'1151340',1805,,4014,1,,,0
190001019,'1151382',1021,,4016,1,,,0
190001019,'1151419',1905,,4020,1,,,0
190001019,'1151431',2250,,4021,1,,,0
190001019,'1151438',620,,4022,1,,,0
190001019,'1151519',1551,,4028,1,,,0
190001019,'1151569',1935,,4031,1,,,0
190001019,'1151650',1020,,4036,1,,,0
190001019,'1151674',1850,,4038,1,,,0
190001019,'1151688',1220,,4039,1,,,0
190001019,'1151700',1406,,4040,1,,,0
190001019,'1151776',1105,,4043,1,,,0
190001019,'1151790',1950,,4047,1,,,0
190001019,'1151826',2150,,4051,1,,,0
190001019,'1151848',1051,,4054,1,,,0
190001019,'1151893',1250,,4058,1,,,0
190001019,'1151946',2120,,4060,1,,,0
190001019,'1151966',735,,4061,1,,,0
190001019,'1151973',1135,,4062,1,,,0
190001019,'1152132',1151,,4072,1,,,0
190001019,'1152136',1305,,4073,1,,,0
190001019,'1152230',1206,,4077,1,,,0
190001019,'1152295',1606,,4084,1,,,0
190001019,'1152305',2020,,4085,1,,,0
190001019,'1152312',820,,4086,1,,,0
190001019,'1152361',2005,,4087,1,,,0
190001019,'1152368',820,,4088,1,,,0
190001019,'1152486',1640,,4094,1,,,0
190001019,'1152529',1050,,4095,1,,,0
190001019,'1152673',850,,4102,1,,,0
190001019,'1152703',1035,,4103,1,,,0
190001019,'1152726',1150,,4104,1,,,0
190001019,'1152753',650,,4106,1,,,0
190001019,'1152787',1725,,4107,1,,,0
190001019,'1152813',1835,,4109,1,,,0
190001019,'1152879',1335,,4119,1,,,0
190001019,'1152958',1710,,4126,1,,,0
190001019,'1152980',635,,4131,1,,,0
190001019,'1152987',1751,,4132,1,,,0
190001019,'1153002',1740,,4134,1,,,0
190001019,'1153044',750,,4138,1,,,0
190001019,'1153081',950,,4143,1,,,0
190001019,'1153116',1036,,4148,1,,,0
190001019,'1153184',1555,,4153,1,,,0
190001019,'1153224',2220,,4155,1,,,0
190001019,'1153249',2035,,4156,1,,,0
190001019,'1153258',1920,,4157,1,,,0
190001019,'1153260',1306,,4159,1,,,0
190001019,'1153314',650,,4164,1,,,0
190001019,'1153317',1221,,4165,1,,,0
190001019,'1153361',1950,,4167,1,,,0
190001019,'1153398',1610,,4169,1,,,0
190001019,'1153481',1706,,4173,1,,,0
190001019,'1153496',1506,,4175,1,,,0
190001019,'1153611',2250,,4181,1,,,0
190001019,'1153722',1525,,4189,1,,,0
190001019,'1153725',1236,,4190,1,,,0
190001019,'1153756',1205,,4193,1,,,0
190001019,'1153781',1425,,4199,1,,,0
190001019,'1153816',1636,,4204,1,,,0
190001019,'1153882',2050,,4206,1,,,0
190001019,'1153969',1336,,4209,1,,,0
190001019,'1154141',720,,4220,1,,,0
190001019,'1154159',1750,,4223,1,,,0
190001019,'1154180',1436,,4224,1,,,0
190001019,'1154219',2020,,4229,1,,,0
190001019,'1154273',920,,4234,1,,,0
190001019,'1154358',1005,,4243,1,,,0
190001019,'1154413',1521,,4248,1,,,0
190001019,'1154439',2320,,4250,1,,,0
190001019,'1154452',950,,4252,1,,,0
190001019,'1154708',1850,,4270,1,,,0
190001019,'1154720',2350,,4271,1,,,0
190001019,'1154801',1621,,4274,1,,,0
190001019,'1154809',705,,4275,1,,,0
190001019,'1154826',850,,4279,1,,,0
190001019,'1154831',2410,,4280,1,,,0
190001019,'1154832',1536,,4281,1,,,0
190001019,'1154885',1351,,4283,1,,,0
190001019,'1154918',905,,4285,1,,,0
190001019,'1154962',1320,,4287,1,,,0
190001019,'1154986',1625,,4293,1,,,0
190001019,'1155003',1820,,4295,1,,,0
190001019,'1155067',2220,,4299,1,,,0
190001019,'1155074',1920,,4301,1,,,0
190001019,'1155158',1121,,4310,1,,,0
190001019,'1155163',1235,,4312,1,,,0
190001019,'1155181',1736,,4313,1,,,0
190001019,'1155208',2150,,4314,1,,,0
190001019,'1155242',1321,,4316,1,,,0
190001019,'1155284',2120,,4318,1,,,0
190001019,'1155351',935,,4325,1,,,0
190001019,'1155362',1651,,4328,1,,,0
190001019,'1155407',2320,,4330,1,,,0
190001019,'1155492',1835,,4334,1,,,0
190001019,'1155509',1120,,4336,1,,,0
190001019,'1155522',1005,,4337,1,,,0
190001029,'1150129',1533,,3923,24,4,,0
190001029,'1150221',1620,,3928,24,4,,0
190001029,'1150261',703,,3932,24,4,,0
190001029,'1150317',1833,,3934,24,4,,0
190001029,'1150323',1048,,3936,24,4,,0
190001029,'1150326',1333,,3937,24,4,,0
190001029,'1150371',1648,,3939,24,4,,0
190001029,'1150463',1918,,3946,24,4,,0
190001029,'1150467',2318,,3948,24,4,,0
190001029,'1150530',1947,,3951,24,4,,0
190001029,'1150605',833,,3959,24,4,,0
190001029,'1150700',1448,,3970,24,4,,0
190001029,'1150770',1018,,3975,24,4,,0
190001029,'1150865',2317,,3982,24,4,,0
190001029,'1150887',1405,,3984,24,4,,0
190001029,'1150891',1733,,3985,24,4,,0
190001029,'1150910',2347,,3987,24,4,,0
190001029,'1151015',633,,3994,24,4,,0
190001029,'1151019',1650,,3995,24,4,,0
190001029,'1151022',2348,,3996,24,4,,0
190001029,'1151146',718,,4006,24,4,,0
190001029,'1151308',1933,,4012,24,4,,0
190001029,'1151334',1450,,4013,24,4,,0
190001029,'1151383',2148,,4017,24,4,,0
190001029,'1151399',1150,,4018,24,4,,0
190001029,'1151410',1418,,4019,24,4,,0
190001029,'1151450',817,,4024,24,4,,0
190001029,'1151461',1002,,4025,24,4,,0
190001029,'1151471',1118,,4026,24,4,,0
190001029,'1151532',2147,,4029,24,4,,0
190001029,'1151622',1233,,4033,24,4,,0
190001029,'1151649',1148,,4035,24,4,,0
190001029,'1151652',1635,,4037,24,4,,0
190001029,'1151755',1818,,4042,24,4,,0
190001029,'1151778',847,,4044,24,4,,0
190001029,'1151835',933,,4053,24,4,,0
190001029,'1151851',1803,,4055,24,4,,0
190001029,'1151867',1035,,4057,24,4,,0
190001029,'1151941',1348,,4059,24,4,,0
190001029,'1152013',2217,,4063,24,4,,0
190001029,'1152049',1235,,4067,24,4,,0
190001029,'1152277',1605,,4081,24,4,,0
190001029,'1152292',1250,,4083,24,4,,0
190001029,'1152433',1535,,4091,24,4,,0
190001029,'1152611',1748,,4096,24,4,,0
190001029,'1152619',1003,,4098,24,4,,0
190001029,'1152641',1335,,4099,24,4,,0
190001029,'1152642',1433,,4100,24,4,,0
190001029,'1152671',1848,,4101,24,4,,0
190001029,'1152729',647,,4105,24,4,,0
190001029,'1152816',803,,4110,24,4,,0
190001029,'1152836',1318,,4112,24,4,,0
190001029,'1152897',1320,,4120,24,4,,0
190001029,'1152898',1718,,4121,24,4,,0
190001029,'1152903',1505,,4122,24,4,,0
190001029,'1152933',947,,4123,24,4,,0
190001029,'1152946',1903,,4124,24,4,,0
190001029,'1152957',1720,,4125,24,4,,0
190001029,'1152979',648,,4130,24,4,,0
190001029,'1153028',918,,4137,24,4,,0
190001029,'1153063',1105,,4140,24,4,,0
190001029,'1153069',1748,,4142,24,4,,0
190001029,'1153087',1133,,4144,24,4,,0
190001029,'1153094',1218,,4145,24,4,,0
190001029,'1153180',2247,,4151,24,4,,0
190001029,'1153259',1917,,4158,24,4,,0
190001029,'1153305',1020,,4162,24,4,,0
190001029,'1153328',1705,,4166,24,4,,0
190001029,'1153379',2103,,4168,24,4,,0
190001029,'1153468',1817,,4170,24,4,,0
190001029,'1153471',1420,,4172,24,4,,0
190001029,'1153535',2048,,4178,24,4,,0
190001029,'1153710',1435,,4185,24,4,,0
190001029,'1153717',1548,,4188,24,4,,0
190001029,'1153754',2117,,4192,24,4,,0
190001029,'1153759',717,,4195,24,4,,0
190001029,'1153779',1103,,4198,24,4,,0
190001029,'1153791',1618,,4201,24,4,,0
190001029,'1153796',1050,,4203,24,4,,0
190001029,'1154047',1503,,4216,24,4,,0
190001029,'1154056',733,,4217,24,4,,0
190001029,'1154092',1120,,4219,24,4,,0
190001029,'1154144',2018,,4221,24,4,,0
190001029,'1154192',2017,,4226,24,4,,0
190001029,'1154194',2003,,4227,24,4,,0
190001029,'1154283',903,,4236,24,4,,0
190001029,'1154294',917,,4237,24,4,,0
190001029,'1154319',748,,4239,24,4,,0
190001029,'1154363',1303,,4244,24,4,,0
190001029,'1154387',848,,4245,24,4,,0
190001029,'1154428',1803,,4249,24,4,,0
190001029,'1154446',1832,,4251,24,4,,0
190001029,'1154457',617,,4253,24,4,,0
190001029,'1154476',2218,,4255,24,4,,0
190001029,'1154483',1633,,4256,24,4,,0
190001029,'1154606',1135,,4259,24,4,,0
190001029,'1154631',2118,,4262,24,4,,0
190001029,'1154666',1203,,4267,24,4,,0
190001029,'1154698',1205,,4268,24,4,,0
190001029,'1154735',2133,,4272,24,4,,0
190001029,'1154819',1550,,4277,24,4,,0
190001029,'1154825',1033,,4278,24,4,,0
190001029,'1154967',1305,,4289,24,4,,0
190001029,'1154974',2408,,4291,24,4,,0
190001029,'1154982',1948,,4292,24,4,,0
190001029,'1155035',1735,,4297,24,4,,0
190001029,'1155059',2248,,4298,24,4,,0
190001029,'1155085',1220,,4302,24,4,,0
190001029,'1155117',1847,,4303,24,4,,0
190001029,'1155121',1703,,4304,24,4,,0
190001029,'1155122',818,,4305,24,4,,0
190001029,'1155134',1520,,4307,24,4,,0
190001029,'1155216',1248,,4315,24,4,,0
190001029,'1155287',2033,,4319,24,4,,0
190001029,'1155299',1403,,4322,24,4,,0
190001029,'1155348',2047,,4324,24,4,,0
190001029,'1155357',1350,,4326,24,4,,0
190001029,'1155358',1603,,4327,24,4,,0
190001029,'1155429',948,,4332,24,4,,0
190001029,'1155491',747,,4333,24,4,,0
190001029,'1155499',1518,,4335,24,4,,0
