3019,'1150305',810,,311,17,,,0
3019,'1150481',1211,,313,17,,,0
3019,'1150563',811,,315,17,,,0
3019,'1150811',1810,,317,17,,,0
3019,'1150889',1111,,319,17,,,0
3019,'1151035',1411,,321,17,,,0
3019,'1151203',941,,325,17,,,0
3019,'1151213',1511,,326,17,,,0
3019,'1151256',2310,,328,17,,,0
3019,'1151321',911,,329,17,,,0
3019,'1151393',2040,,330,17,,,0
3019,'1151400',641,,331,17,,,0
3019,'1151491',1211,,332,17,,,0
3019,'1151513',1711,,334,17,,,0
3019,'1151779',1041,,339,17,,,0
3019,'1151871',2010,,343,17,,,0
3019,'1151922',2310,,344,17,,,0
3019,'1152057',1711,,347,17,,,0
3019,'1152063',1511,,348,17,,,0
3019,'1152202',2140,,350,17,,,0
3019,'1152231',1441,,351,17,,,0
3019,'1152571',841,,352,17,,,0
3019,'1152669',1810,,354,17,,,0
3019,'1153248',1940,,365,17,,,0
3019,'1153272',710,,366,17,,,0
3019,'1153282',2010,,367,17,,,0
3019,'1153300',1311,,368,17,,,0
3019,'1153438',1641,,373,17,,,0
3019,'1153604',1741,,375,17,,,0
3019,'1153670',1010,,377,17,,,0
3019,'1153676',2210,,378,17,,,0
3019,'1153785',1341,,380,17,,,0
3019,'1153853',1611,,381,17,,,0
3019,'1154020',1111,,384,17,,,0
3019,'1154065',2410,,386,17,,,0
3019,'1154163',1910,,387,17,,,0
3019,'1154275',1241,,388,17,,,0
3019,'1154394',2110,,390,17,,,0
3019,'1154423',741,,391,17,,,0
3019,'1154499',2110,,394,17,,,0
3019,'1154600',1011,,395,17,,,0
3019,'1154623',1840,,397,17,,,0
3019,'1154659',1611,,398,17,,,0
3019,'1154779',2400,,399,17,,,0
3019,'1154791',910,,400,17,,,0
3019,'1154895',1311,,402,17,,,0
3019,'1154981',1141,,403,17,,,0
3019,'1155129',1541,,404,17,,,0
3019,'1155147',711,,405,17,,,0
3019,'1155272',1910,,407,17,,,0
3019,'1155323',1411,,408,17,,,0
3019,'1155504',2210,,412,17,,,0
