105029,'1150199',2028,,3422,74,,,0
105029,'1150361',658,,3424,74,,,0
105029,'1150640',1246,,3425,74,,,0
105029,'1150831',1643,,3427,74,,,0
105029,'1150967',1743,,3428,74,,,0
105029,'1151263',1746,,3431,74,,,0
105029,'1151286',2228,,3432,74,,,0
105029,'1151500',1501,,3433,74,,,0
105029,'1151551',641,,3434,74,,,0
105029,'1151563',1858,,3435,74,,,0
105029,'1151643',1843,,3437,74,,,0
105029,'1151929',841,,3440,74,,,0
105029,'1152027',1346,,3442,74,,,0
105029,'1152064',1816,,3445,74,,,0
105029,'1152144',2433,,3447,74,,,0
105029,'1152244',2241,,3449,74,,,0
105029,'1152289',1043,,3450,74,,,0
105029,'1152606',1543,,3454,74,,,0
105029,'1152997',1343,,3457,74,,,0
105029,'1153205',2041,,3458,74,,,0
105029,'1153333',1443,,3459,74,,,0
105029,'1153409',1143,,3461,74,,,0
105029,'1153442',2328,,3464,74,,,0
105029,'1153503',1031,,3465,74,,,0
105029,'1153624',1431,,3467,74,,,0
105029,'1153688',1716,,3468,74,,,0
105029,'1154104',1601,,3474,74,,,0
105029,'1154267',828,,3476,74,,,0
105029,'1154372',2128,,3477,74,,,0
105029,'1154485',728,,3479,74,,,0
105029,'1154581',2441,,3481,74,,,0
105029,'1154663',1646,,3482,74,,,0
105029,'1154768',1531,,3486,74,,,0
105029,'1154987',1131,,3487,74,,,0
105029,'1155078',928,,3488,74,,,0
105029,'1155257',1243,,3489,74,,,0
105029,'1155338',758,,3490,74,,,0
