25019,'1150209',1713,,2062,21,,,0
25019,'1150247',843,,2063,21,,,0
25019,'1150329',1213,,2064,21,,,0
25019,'1150363',1242,,2065,21,,,0
25019,'1150425',2043,,2066,21,,,0
25019,'1150527',1542,,2069,21,,,0
25019,'1150689',713,,2071,21,,,0
25019,'1150696',1742,,2072,21,,,0
25019,'1150730',2341,,2074,21,,,0
25019,'1150988',1442,,2075,21,,,0
25019,'1151062',2142,,2076,21,,,0
25019,'1151067',943,,2077,21,,,0
25019,'1151104',942,,2078,21,,,0
25019,'1151242',2243,,2079,21,,,0
25019,'1151384',1113,,2082,21,,,0
25019,'1151534',1342,,2085,21,,,0
25019,'1151656',2042,,2086,21,,,0
25019,'1151791',1443,,2088,21,,,0
25019,'1151809',2242,,2089,21,,,0
25019,'1151820',813,,2090,21,,,0
25019,'1151857',1842,,2091,21,,,0
25019,'1151998',842,,2093,21,,,0
25019,'1152331',1013,,2098,21,,,0
25019,'1152372',1613,,2100,21,,,0
25019,'1152581',1042,,2104,21,,,0
25019,'1152998',641,,2110,21,,,0
25019,'1153199',1942,,2114,21,,,0
25019,'1153262',1642,,2115,21,,,0
25019,'1153285',1513,,2118,21,,,0
25019,'1153297',1142,,2119,21,,,0
25019,'1153352',743,,2121,21,,,0
25019,'1153432',1543,,2123,21,,,0
25019,'1153859',2403,,2126,21,,,0
25019,'1154166',1643,,2128,21,,,0
25019,'1154390',1413,,2131,21,,,0
25019,'1154610',1843,,2135,21,,,0
25019,'1154641',913,,2136,21,,,0
25019,'1154763',1313,,2140,21,,,0
25019,'1154910',741,,2145,21,,,0
25019,'1154988',2143,,2148,21,,,0
25019,'1155012',1943,,2149,21,,,0
25019,'1155109',643,,2150,21,,,0
25019,'1155210',1743,,2151,21,,,0
