103029,'1155767',931,,3159,5,,,0
103029,'1155769',1729,,3160,5,,,0
103029,'1155770',828,,3161,5,,,0
103029,'1155780',2300,,3163,5,,,0
103029,'1155784',958,,3165,5,,,0
103029,'1155785',1514,,3166,5,,,0
103029,'1155786',2130,,3167,5,,,0
103029,'1155788',1129,,3169,5,,,0
103029,'1155799',658,,3173,5,,,0
103029,'1155807',1858,,3176,5,,,0
103029,'1155808',2158,,3177,5,,,0
103029,'1155815',2328,,3180,5,,,0
103029,'1155818',1531,,3181,5,,,0
103029,'1155823',913,,3184,5,,,0
103029,'1155825',1701,,3185,5,,,0
103029,'1155828',2000,,3186,5,,,0
103029,'1155835',1101,,3189,5,,,0
103029,'1155847',1429,,3191,5,,,0
103029,'1155858',631,,3194,5,,,0
103029,'1155885',1259,,3198,5,,,0
103029,'1155900',801,,3201,5,,,0
103029,'1155902',1231,,3202,5,,,0
103029,'1155922',1830,,3204,5,,,0
103029,'1155923',743,,3205,5,,,0
103029,'1155944',1559,,3208,5,,,0
103029,'1155948',1644,,3210,5,,,0
103029,'1155949',1401,,3211,5,,,0
103029,'1155958',2028,,3214,5,,,0
