3019,'1150305',824,,311,35,,,0
3019,'1150481',1225,,313,35,,,0
3019,'1150563',825,,315,35,,,0
3019,'1150811',1824,,317,35,,,0
3019,'1150889',1125,,319,35,,,0
3019,'1151035',1425,,321,35,,,0
3019,'1151203',955,,325,35,,,0
3019,'1151213',1525,,326,35,,,0
3019,'1151256',2324,,328,35,,,0
3019,'1151321',925,,329,35,,,0
3019,'1151393',2054,,330,35,,,0
3019,'1151400',655,,331,35,,,0
3019,'1151491',1225,,332,35,,,0
3019,'1151513',1725,,334,35,,,0
3019,'1151779',1055,,339,35,,,0
3019,'1151871',2024,,343,35,,,0
3019,'1151922',2324,,344,35,,,0
3019,'1152057',1725,,347,35,,,0
3019,'1152063',1525,,348,35,,,0
3019,'1152133',627,,349,5,,,0
3019,'1152202',2154,,350,35,,,0
3019,'1152231',1455,,351,35,,,0
3019,'1152571',855,,352,35,,,0
3019,'1152669',1824,,354,35,,,0
3019,'1153248',1954,,365,35,,,0
3019,'1153272',724,,366,35,,,0
3019,'1153282',2024,,367,35,,,0
3019,'1153300',1325,,368,35,,,0
3019,'1153438',1655,,373,35,,,0
3019,'1153604',1755,,375,35,,,0
3019,'1153670',1024,,377,35,,,0
3019,'1153676',2224,,378,35,,,0
3019,'1153785',1355,,380,35,,,0
3019,'1153853',1625,,381,35,,,0
3019,'1154020',1125,,384,35,,,0
3019,'1154065',2424,,386,35,,,0
3019,'1154163',1924,,387,35,,,0
3019,'1154275',1255,,388,35,,,0
3019,'1154394',2124,,390,35,,,0
3019,'1154423',755,,391,35,,,0
3019,'1154499',2124,,394,35,,,0
3019,'1154600',1025,,395,35,,,0
3019,'1154623',1854,,397,35,,,0
3019,'1154659',1625,,398,35,,,0
3019,'1154779',2414,,399,35,,,0
3019,'1154791',924,,400,35,,,0
3019,'1154895',1325,,402,35,,,0
3019,'1154981',1155,,403,35,,,0
3019,'1155129',1555,,404,35,,,0
3019,'1155147',725,,405,35,,,0
3019,'1155272',1924,,407,35,,,0
3019,'1155323',1425,,408,35,,,0
3019,'1155368',627,,409,5,,,0
3019,'1155504',2224,,412,35,,,0
