25029,'1184624',748,,5697,4,,,0
25029,'1184660',1648,,5699,4,,,0
25029,'1184741',848,,5701,4,,,0
25029,'1184768',1018,,5703,4,,,0
25029,'1184805',1948,,5704,4,,,0
25029,'1184807',918,,5705,4,,,0
25029,'1184936',1518,,5707,4,,,0
25029,'1185050',1118,,5710,4,,,0
25029,'1185055',2248,,5711,4,,,0
25029,'1185112',1748,,5713,4,,,0
25029,'1185133',1848,,5714,4,,,0
25029,'1185317',948,,5716,4,,,0
25029,'1185327',1718,,5717,4,,,0
25029,'1185362',648,,5718,4,,,0
25029,'1185464',1418,,5720,4,,,0
25029,'1185478',1218,,5721,4,,,0
25029,'1185508',1548,,5722,4,,,0
25029,'1185642',1618,,5723,4,,,0
25029,'1185971',718,,5730,4,,,0
25029,'1185996',818,,5731,4,,,0
25029,'1186161',2048,,5735,4,,,0
25029,'1186207',2408,,5737,4,,,0
25029,'1186360',1448,,5742,4,,,0
25029,'1186605',2148,,5745,4,,,0
25029,'1186665',1318,,5747,4,,,0
26029,'1184587',1248,,5812,13,,,0
26029,'1184730',2018,,5815,13,,,0
26029,'1184884',918,,5817,13,,,0
26029,'1184890',818,,5818,13,,,0
26029,'1184923',1348,,5819,13,,,0
26029,'1185261',1718,,5825,13,,,0
26029,'1185279',1518,,5826,13,,,0
26029,'1185365',618,,5827,13,,,0
26029,'1185507',2318,,5831,13,,,0
26029,'1185525',1918,,5832,13,,,0
26029,'1185621',2118,,5835,13,,,0
26029,'1185697',1818,,5837,13,,,0
26029,'1185769',2218,,5838,13,,,0
26029,'1185849',718,,5841,13,,,0
26029,'1185956',1448,,5842,13,,,0
26029,'1186441',1619,,5848,13,,,0
26029,'1186684',1148,,5854,13,,,0
26029,'1186884',1048,,5856,13,,,0
26029,'1186941',1018,,5857,13,,,0
104029,'1184515',1803,,6402,40,,,0
104029,'1184569',1516,,6403,40,,,0
104029,'1184607',1003,,6404,40,,,0
104029,'1184753',1048,,6406,40,,,0
104029,'1185072',1301,,6408,40,,,0
104029,'1185283',933,,6412,40,,,0
104029,'1185308',1646,,6413,40,,,0
104029,'1185376',733,,6417,40,,,0
104029,'1185608',818,,6418,40,,,0
104029,'1185732',848,,6420,40,,,0
104029,'1185743',618,,6421,40,,,0
104029,'1186088',2148,,6425,40,,,0
104029,'1186151',2318,,6426,40,,,0
104029,'1186191',1346,,6428,40,,,0
104029,'1186192',1601,,6429,40,,,0
104029,'1186354',1731,,6432,40,,,0
104029,'1186398',703,,6433,40,,,0
104029,'1186854',1431,,6439,40,,,0
104029,'1186944',1848,,6440,40,,,0
104029,'1187100',1216,,6442,40,,,0
104029,'1187128',2018,,6443,40,,,0
