105019,'1184475',1919,,6445,95,,,0
105019,'1184709',1849,,6446,95,,,0
105019,'1184754',1138,,6447,95,,,0
105019,'1184819',831,,6448,95,,,0
105019,'1184825',2323,,6449,95,,,0
105019,'1184879',1534,,6450,95,,,0
105019,'1184888',1031,,6451,95,,,0
105019,'1184928',1238,,6452,95,,,0
105019,'1184969',2337,,6453,95,,,0
105019,'1185022',2137,,6454,95,,,0
105019,'1185176',724,,6455,95,,,0
105019,'1185212',654,,6456,95,,,0
105019,'1185354',1938,,6457,95,,,0
105019,'1185498',1953,,6458,95,,,0
105019,'1185550',1438,,6460,95,,,0
105019,'1185569',1819,,6462,95,,,0
105019,'1185641',931,,6463,95,,,0
105019,'1185695',1349,,6465,95,,,0
105019,'1185708',2123,,6466,95,,,0
105019,'1185822',1338,,6468,95,,,0
105019,'1185894',1234,,6469,95,,,0
105019,'1186015',1449,,6470,95,,,0
105019,'1186061',1634,,6471,95,,,0
105019,'1186380',1134,,6473,95,,,0
105019,'1186477',1704,,6475,95,,,0
105019,'1186519',1738,,6477,95,,,0
105019,'1186601',1749,,6478,95,,,0
105019,'1186602',801,,6479,95,,,0
105019,'1186624',1638,,6481,95,,,0
105019,'1186706',1838,,6482,95,,,0
105019,'1186813',937,,6483,95,,,0
105019,'1186864',2423,,6484,95,,,0
105019,'1186870',624,,6485,95,,,0
105019,'1186896',901,,6486,95,,,0
105019,'1187008',737,,6487,95,,,0
105019,'1187009',2223,,6488,95,,,0
105019,'1187061',1604,,6489,95,,,0
105019,'1187069',1538,,6490,95,,,0
106029,'1184503',1019,,6543,26,,,0
106029,'1184668',1851,,6544,26,,,0
106029,'1185934',1736,,6545,26,,,0
106029,'1185946',1621,,6546,26,,,0
106029,'1186791',904,,6547,26,,,0
106029,'1186882',749,,6548,26,,,0
