105019,'1184475',1837,,6445,28,,,0
105019,'1184709',1807,,6446,28,,,0
105019,'1184754',1101,,6447,28,,,0
105019,'1184819',749,,6448,28,,,0
105019,'1184825',2246,,6449,28,,,0
105019,'1184879',1452,,6450,28,,,0
105019,'1184888',949,,6451,28,,,0
105019,'1184928',1201,,6452,28,,,0
105019,'1184969',2259,,6453,28,,,0
105019,'1185022',2059,,6454,28,,,0
105019,'1185176',646,,6455,28,,,0
105019,'1185212',616,,6456,28,,,0
105019,'1185354',1901,,6457,28,,,0
105019,'1185498',1916,,6458,28,,,0
105019,'1185550',1401,,6460,28,,,0
105019,'1185569',1737,,6462,28,,,0
105019,'1185641',849,,6463,28,,,0
105019,'1185695',1307,,6465,28,,,0
105019,'1185708',2046,,6466,28,,,0
105019,'1185822',1301,,6468,28,,,0
105019,'1185894',1152,,6469,28,,,0
105019,'1186015',1407,,6470,28,,,0
105019,'1186061',1552,,6471,28,,,0
105019,'1186380',1052,,6473,28,,,0
105019,'1186477',1622,,6475,28,,,0
105019,'1186519',1701,,6477,28,,,0
105019,'1186601',1707,,6478,28,,,0
105019,'1186602',719,,6479,28,,,0
105019,'1186624',1601,,6481,28,,,0
105019,'1186706',1801,,6482,28,,,0
105019,'1186813',859,,6483,28,,,0
105019,'1186864',2346,,6484,28,,,0
105019,'1186870',546,,6485,28,,,0
105019,'1186896',819,,6486,28,,,0
105019,'1187008',659,,6487,28,,,0
105019,'1187009',2146,,6488,28,,,0
105019,'1187061',1522,,6489,28,,,0
105019,'1187069',1501,,6490,28,,,0
