101019,'1184498',2316,,6132,11,,,0
101019,'1184591',1116,,6135,11,,,0
101019,'1184796',1837,,6136,11,,,0
101019,'1184902',1516,,6137,11,,,0
101019,'1184924',916,,6138,11,,,0
101019,'1184925',2036,,6139,11,,,0
101019,'1185023',1137,,6140,11,,,0
101019,'1185092',1739,,6141,11,,,0
101019,'1185544',716,,6142,11,,,0
101019,'1185625',1037,,6145,11,,,0
101019,'1185636',837,,6146,11,,,0
101019,'1185684',1916,,6147,11,,,0
101019,'1185751',1439,,6148,11,,,0
101019,'1185803',937,,6149,11,,,0
101019,'1185998',1339,,6150,11,,,0
101019,'1186087',2237,,6153,11,,,0
101019,'1186263',2116,,6154,11,,,0
101019,'1186308',1316,,6155,11,,,0
101019,'1186331',537,,6156,11,,,0
101019,'1186580',1539,,6157,11,,,0
101019,'1186587',1639,,6158,11,,,0
101019,'1186594',1716,,6159,11,,,0
101019,'1187155',737,,6161,11,,,0
101029,'1184516',2423,,6162,40,,,0
101029,'1184584',1247,,6163,40,,,0
101029,'1184684',1803,,6164,40,,,0
101029,'1184724',1003,,6165,40,,,0
101029,'1184785',1505,,6166,40,,,0
101029,'1184855',1447,,6167,40,,,0
101029,'1185015',803,,6169,40,,,0
101029,'1185143',2047,,6171,40,,,0
101029,'1185400',1647,,6173,40,,,0
101029,'1185619',1103,,6174,40,,,0
101029,'1185854',1847,,6178,40,,,0
101029,'1186045',847,,6179,40,,,0
101029,'1186082',1705,,6180,40,,,0
101029,'1186107',647,,6181,40,,,0
101029,'1186135',703,,6182,40,,,0
101029,'1186184',903,,6184,40,,,0
101029,'1186356',2203,,6185,40,,,0
101029,'1186597',1605,,6187,40,,,0
101029,'1186712',2247,,6188,40,,,0
101029,'1186784',2003,,6189,40,,,0
101029,'1186801',1047,,6190,40,,,0
101029,'1186815',1405,,6191,40,,,0
101029,'1187194',1305,,6192,40,,,0
