3029,'1190608',746,,7499,2,,,0
3029,'1190611',1931,,7500,2,,,0
3029,'1190627',1731,,7501,2,,,0
3029,'1190644',1501,,7502,2,,,0
3029,'1190703',846,,7503,2,,,0
3029,'1190736',1201,,7504,2,,,0
3029,'1190789',1631,,7505,2,,,0
3029,'1190824',2231,,7506,2,,,0
3029,'1190826',1046,,7507,2,,,0
3029,'1190828',1746,,7508,2,,,0
3029,'1190874',731,,7509,2,,,0
3029,'1190893',1146,,7510,2,,,0
3029,'1190909',1101,,7511,2,,,0
3029,'1190946',1431,,7512,2,,,0
3029,'1190994',731,,7513,2,,,0
3029,'1191014',901,,7514,2,,,0
3029,'1191024',1801,,7515,2,,,0
3029,'1191040',1531,,7516,2,,,0
3029,'1191098',1831,,7517,2,,,0
3029,'1191158',2331,,7518,2,,,0
3029,'1191226',931,,7519,2,,,0
3029,'1191231',1231,,7520,2,,,0
3029,'1191245',946,,7521,2,,,0
3029,'1191258',701,,7522,2,,,0
3029,'1191314',1431,,7523,2,,,0
3029,'1191341',1546,,7524,2,,,0
3029,'1191381',1646,,7525,2,,,0
3029,'1191407',2146,,7526,2,,,0
3029,'1191474',2346,,7527,2,,,0
3029,'1191535',1031,,7528,2,,,0
3029,'1191540',1731,,7529,2,,,0
3029,'1191586',2231,,7530,2,,,0
3029,'1191666',2131,,7531,2,,,0
3029,'1191712',1401,,7532,2,,,0
3029,'1191791',1631,,7533,2,,,0
3029,'1191888',1946,,7534,2,,,0
3029,'1191899',1931,,7535,2,,,0
3029,'1191925',1531,,7536,2,,,0
3029,'1191939',2328,,7537,2,,,0
3029,'1192011',1846,,7538,2,,,0
3029,'1192084',2131,,7539,2,,,0
3029,'1192087',931,,7540,2,,,0
3029,'1192092',1346,,7541,2,,,0
3029,'1192097',631,,7542,2,,,0
3029,'1192186',1831,,7543,2,,,0
3029,'1192237',1331,,7544,2,,,0
3029,'1192250',2246,,7545,2,,,0
3029,'1192257',1701,,7546,2,,,0
3029,'1192374',2031,,7547,2,,,0
3029,'1192469',1131,,7548,2,,,0
3029,'1192581',2046,,7549,2,,,0
3029,'1192585',1231,,7550,2,,,0
3029,'1192635',831,,7551,2,,,0
3029,'1192717',631,,7552,2,,,0
3029,'1192825',1246,,7553,2,,,0
3029,'1192832',1301,,7554,2,,,0
3029,'1192839',2031,,7555,2,,,0
3029,'1192856',1001,,7556,2,,,0
3029,'1192861',1031,,7557,2,,,0
3029,'1193034',1446,,7558,2,,,0
3029,'1193061',831,,7559,2,,,0
3029,'1193095',801,,7560,2,,,0
3029,'1193126',1601,,7561,2,,,0
3029,'1193264',1131,,7562,2,,,0
3029,'1193282',1331,,7563,2,,,0
