28019,'1184531',1815,,5965,15,,,0
28019,'1184536',745,,5966,15,,,0
28019,'1184586',1940,,5967,15,,,0
28019,'1184590',845,,5968,15,,,0
28019,'1184806',1415,,5969,15,,,0
28019,'1184941',2140,,5970,15,,,0
28019,'1184960',800,,5971,15,,,0
28019,'1184962',1300,,5972,15,,,0
28019,'1185009',1745,,5973,15,,,0
28019,'1185083',1315,,5974,15,,,0
28019,'1185094',1040,,5975,15,,,0
28019,'1185095',1615,,5976,15,,,0
28019,'1185107',1800,,5977,15,,,0
28019,'1185217',1440,,5978,15,,,0
28019,'1185229',1015,,5979,15,,,0
28019,'1185235',740,,5980,15,,,0
28019,'1185263',2115,,5981,15,,,0
28019,'1185291',1640,,5982,15,,,0
28019,'1185463',2400,,5983,15,,,0
28019,'1185469',1915,,5984,15,,,0
28019,'1185546',2240,,5985,15,,,0
28019,'1185615',2215,,5986,15,,,0
28019,'1185718',1340,,5987,15,,,0
28019,'1185768',645,,5988,15,,,0
28019,'1185787',1515,,5989,15,,,0
28019,'1185832',1840,,5990,15,,,0
28019,'1185834',700,,5991,15,,,0
28019,'1185836',1900,,5992,15,,,0
28019,'1185880',2015,,5993,15,,,0
28019,'1185920',2315,,5994,15,,,0
28019,'1185987',1100,,5995,15,,,0
28019,'1186020',2200,,5996,15,,,0
28019,'1186085',1115,,5997,15,,,0
28019,'1186130',1215,,5998,15,,,0
28019,'1186196',1400,,5999,15,,,0
28019,'1186203',900,,6000,15,,,0
28019,'1186206',1500,,6001,15,,,0
28019,'1186293',815,,6002,15,,,0
28019,'1186426',1700,,6003,15,,,0
28019,'1186487',1540,,6004,15,,,0
28019,'1186488',2040,,6005,15,,,0
28019,'1186500',2300,,6006,15,,,0
28019,'1186547',2100,,6007,15,,,0
28019,'1186557',1240,,6008,15,,,0
28019,'1186574',615,,6009,15,,,0
28019,'1186585',1715,,6010,15,,,0
28019,'1186695',1140,,6011,15,,,0
28019,'1186743',1645,,6012,15,,,0
28019,'1186748',1740,,6013,15,,,0
28019,'1186749',840,,6014,15,,,0
28019,'1186761',1845,,6015,15,,,0
28019,'1186800',940,,6016,15,,,0
28019,'1186844',915,,6017,15,,,0
28019,'1186887',2000,,6018,15,,,0
28019,'1187015',1000,,6019,15,,,0
28019,'1187017',715,,6020,15,,,0
28019,'1187021',1200,,6021,15,,,0
28019,'1187046',1600,,6022,15,,,0
28019,'1187163',2340,,6023,15,,,0
