3029,'1184601',2149,,4654,28,,,0
3029,'1184610',1423,,4655,28,,,0
3029,'1184667',1049,,4656,28,,,0
3029,'1184671',1452,,4657,28,,,0
3029,'1184694',751,,4658,28,,,0
3029,'1184700',1021,,4659,28,,,0
3029,'1184711',1252,,4660,28,,,0
3029,'1184828',1849,,4662,28,,,0
3029,'1184849',1752,,4663,28,,,0
3029,'1184920',749,,4664,28,,,0
3029,'1184950',1723,,4665,28,,,0
3029,'1185062',1552,,4666,28,,,0
3029,'1185088',1051,,4669,28,,,0
3029,'1185097',1949,,4670,28,,,0
3029,'1185208',921,,4672,28,,,0
3029,'1185224',1152,,4673,28,,,0
3029,'1185236',1949,,4674,28,,,0
3029,'1185267',1153,,4676,28,,,0
3029,'1185330',1352,,4677,28,,,0
3029,'1185341',2149,,4678,28,,,0
3029,'1185366',2249,,4679,28,,,0
3029,'1185635',821,,4682,28,,,0
3029,'1185703',651,,4683,28,,,0
3029,'1185734',2346,,4684,28,,,0
3029,'1185742',2249,,4685,28,,,0
3029,'1185753',721,,4686,28,,,0
3029,'1185782',1623,,4687,28,,,0
3029,'1186038',1653,,4689,28,,,0
3029,'1186062',949,,4690,28,,,0
3029,'1186084',1121,,4691,28,,,0
3029,'1186099',1453,,4692,28,,,0
3029,'1186101',1523,,4693,28,,,0
3029,'1186193',2349,,4696,28,,,0
3029,'1186202',849,,4698,28,,,0
3029,'1186260',951,,4699,28,,,0
3029,'1186349',2049,,4700,28,,,0
3029,'1186422',649,,4701,28,,,0
3029,'1186437',1553,,4702,28,,,0
3029,'1186578',1823,,4705,28,,,0
3029,'1186621',1652,,4707,28,,,0
3029,'1186659',1849,,4708,28,,,0
3029,'1186686',1323,,4709,28,,,0
3029,'1186714',1253,,4710,28,,,0
3029,'1186807',1223,,4713,28,,,0
3029,'1186848',2049,,4714,28,,,0
3029,'1186943',851,,4715,28,,,0
3029,'1187014',1753,,4716,28,,,0
3029,'1187130',1353,,4717,28,,,0
10019,'1184691',1401,,4721,36,,,0
10019,'1184710',2130,,4722,36,,,0
10019,'1184801',800,,4723,36,,,0
10019,'1184804',1700,,4724,36,,,0
10019,'1184932',1301,,4726,36,,,0
10019,'1185103',2230,,4729,36,,,0
10019,'1185108',1101,,4730,36,,,0
10019,'1185124',1930,,4731,36,,,0
10019,'1185132',2259,,4732,36,,,0
10019,'1185169',1830,,4734,36,,,0
10019,'1185191',1600,,4735,36,,,0
10019,'1185284',830,,4737,36,,,0
10019,'1185450',1800,,4739,36,,,0
10019,'1185473',1531,,4740,36,,,0
10019,'1185509',1900,,4741,36,,,0
10019,'1185547',1600,,4742,36,,,0
10019,'1185581',1500,,4743,36,,,0
10019,'1185594',1000,,4744,36,,,0
10019,'1185618',1700,,4745,36,,,0
10019,'1185672',701,,4747,36,,,0
10019,'1185674',1100,,4748,36,,,0
10019,'1185752',700,,4749,36,,,0
10019,'1185811',1630,,4751,36,,,0
10019,'1185892',2100,,4752,36,,,0
10019,'1185902',1501,,4753,36,,,0
10019,'1186039',900,,4754,36,,,0
10019,'1186042',1730,,4755,36,,,0
10019,'1186065',900,,4756,36,,,0
10019,'1186096',2030,,4757,36,,,0
10019,'1186123',1000,,4758,36,,,0
10019,'1186225',2159,,4760,36,,,0
10019,'1186300',730,,4763,36,,,0
10019,'1186368',2000,,4764,36,,,0
10019,'1186511',930,,4766,36,,,0
10019,'1186540',1400,,4767,36,,,0
10019,'1186560',1800,,4768,36,,,0
10019,'1186575',631,,4769,36,,,0
10019,'1186626',2330,,4770,36,,,0
10019,'1186729',1201,,4772,36,,,0
10019,'1186978',1300,,4774,36,,,0
10019,'1187036',800,,4775,36,,,0
10019,'1187051',1200,,4776,36,,,0
10019,'1187191',2359,,4777,36,,,0
14019,'1184716',1608,,5245,45,,,0
14019,'1184729',1308,,5246,45,,,0
14019,'1184750',1538,,5248,45,,,0
14019,'1184836',2036,,5249,45,,,0
14019,'1184848',1708,,5250,45,,,0
14019,'1184987',1708,,5251,45,,,0
14019,'1185080',1608,,5252,45,,,0
14019,'1185130',1108,,5253,45,,,0
14019,'1185168',1808,,5255,45,,,0
14019,'1185211',936,,5256,45,,,0
14019,'1185255',906,,5257,45,,,0
14019,'1185335',2336,,5260,45,,,0
14019,'1185474',2205,,5261,45,,,0
14019,'1185505',706,,5262,45,,,0
14019,'1185610',705,,5264,45,,,0
14019,'1185620',2005,,5265,45,,,0
14019,'1185624',1208,,5266,45,,,0
14019,'1185659',905,,5267,45,,,0
14019,'1185808',1836,,5269,45,,,0
14019,'1185845',736,,5270,45,,,0
14019,'1185852',1508,,5271,45,,,0
14019,'1186014',1638,,5273,45,,,0
14019,'1186071',1905,,5275,45,,,0
14019,'1186156',1408,,5277,45,,,0
14019,'1186165',1408,,5278,45,,,0
14019,'1186173',1936,,5279,45,,,0
14019,'1186180',2405,,5280,45,,,0
14019,'1186195',2105,,5281,45,,,0
14019,'1186256',805,,5284,45,,,0
14019,'1186333',1208,,5285,45,,,0
14019,'1186421',806,,5288,45,,,0
14019,'1186443',2136,,5289,45,,,0
14019,'1186444',1808,,5290,45,,,0
14019,'1186532',836,,5292,45,,,0
14019,'1186537',1508,,5293,45,,,0
14019,'1186609',1738,,5295,45,,,0
14019,'1186632',1108,,5296,45,,,0
14019,'1186657',1005,,5297,45,,,0
14019,'1186671',2236,,5298,45,,,0
14019,'1186767',1308,,5299,45,,,0
14019,'1187071',1006,,5301,45,,,0
14019,'1187144',2305,,5302,45,,,0
