105029,'1184521',1800,,6491,45,,,0
105029,'1184537',1330,,6492,45,,,0
105029,'1184580',913,,6493,45,,,0
105029,'1184670',1545,,6494,45,,,0
105029,'1184808',2313,,6496,45,,,0
105029,'1184833',1015,,6497,45,,,0
105029,'1184834',2418,,6498,45,,,0
105029,'1184863',1230,,6499,45,,,0
105029,'1185135',713,,6501,45,,,0
105029,'1185332',1843,,6505,45,,,0
105029,'1185350',2013,,6506,45,,,0
105029,'1185359',2213,,6507,45,,,0
105029,'1185440',1630,,6510,45,,,0
105029,'1185668',743,,6513,45,,,0
105029,'1185827',2113,,6515,45,,,0
105029,'1185938',1445,,6516,45,,,0
105029,'1186005',1700,,6517,45,,,0
105029,'1186279',1515,,6519,45,,,0
105029,'1186282',1415,,6520,45,,,0
105029,'1186470',1115,,6525,45,,,0
105029,'1186861',643,,6531,45,,,0
105029,'1186874',1730,,6532,45,,,0
105029,'1187005',813,,6534,45,,,0
