22019,'1150441',1410,,1811,6,,,0
22019,'1150800',1010,,1812,6,,,0
22019,'1151346',1240,,1813,6,,,0
22019,'1152264',1810,,1814,6,,,0
22019,'1152425',1440,,1815,6,,,0
22019,'1152695',1810,,1816,6,,,0
22019,'1152712',1610,,1817,6,,,0
22019,'1152891',1040,,1818,6,,,0
22019,'1153159',1610,,1819,6,,,0
22019,'1153570',1210,,1820,6,,,0
22019,'1154152',1210,,1821,6,,,0
22019,'1154488',810,,1822,6,,,0
22019,'1154626',840,,1823,6,,,0
22019,'1154882',810,,1824,6,,,0
22019,'1155378',1010,,1825,6,,,0
22019,'1155508',1410,,1826,6,,,0
