102029,'1184571',1647,,6236,16,,,0
102029,'1184618',1732,,6237,16,,,0
102029,'1184714',2417,,6239,16,,,0
102029,'1184773',2117,,6240,16,,,0
102029,'1184861',832,,6242,16,,,0
102029,'1184912',1947,,6243,16,,,0
102029,'1184978',1602,,6244,16,,,0
102029,'1185373',1047,,6250,16,,,0
102029,'1185461',747,,6253,16,,,0
102029,'1185534',2247,,6254,16,,,0
102029,'1185681',617,,6255,16,,,0
102029,'1185738',1517,,6256,16,,,0
102029,'1185941',1217,,6258,16,,,0
102029,'1186057',917,,6259,16,,,0
102029,'1186170',1347,,6260,16,,,0
102029,'1186432',1002,,6261,16,,,0
102029,'1186708',1432,,6265,16,,,0
102029,'1186709',1817,,6266,16,,,0
102029,'1186954',702,,6271,16,,,0
