14029,'1150190',1822,,1534,13,,,0
14029,'1150439',822,,1538,13,,,0
14029,'1150459',1322,,1539,13,,,0
14029,'1150588',2252,,1543,13,,,0
14029,'1150672',1452,,1546,13,,,0
14029,'1150717',922,,1547,13,,,0
14029,'1150738',1952,,1548,13,,,0
14029,'1151331',1922,,1555,13,,,0
14029,'1151766',722,,1558,13,,,0
14029,'1151954',1622,,1561,13,,,0
14029,'1152193',2322,,1563,13,,,0
14029,'1152310',1422,,1566,13,,,0
14029,'1152526',1222,,1568,13,,,0
14029,'1152537',922,,1569,13,,,0
14029,'1152587',752,,1573,13,,,0
14029,'1152675',1522,,1575,13,,,0
14029,'1152745',2022,,1576,13,,,0
14029,'1152748',1522,,1577,13,,,0
14029,'1152812',622,,1578,13,,,0
14029,'1152932',2122,,1581,13,,,0
14029,'1152939',1722,,1582,13,,,0
14029,'1153024',1022,,1583,13,,,0
14029,'1153508',722,,1587,13,,,0
14029,'1153585',1552,,1591,13,,,0
14029,'1153659',1322,,1592,13,,,0
14029,'1153682',1622,,1593,13,,,0
14029,'1153912',822,,1596,13,,,0
14029,'1154347',1122,,1598,13,,,0
14029,'1154414',652,,1599,13,,,0
14029,'1154420',852,,1600,13,,,0
14029,'1154562',2222,,1602,13,,,0
14029,'1154601',2152,,1603,13,,,0
14029,'1154633',1652,,1605,13,,,0
14029,'1154637',2357,,1606,13,,,0
14029,'1154683',2052,,1607,13,,,0
14029,'1154906',1722,,1611,13,,,0
14029,'1154942',1752,,1612,13,,,0
14029,'1155036',1222,,1613,13,,,0
14029,'1155042',1022,,1614,13,,,0
14029,'1155063',1422,,1615,13,,,0
14029,'1155252',1852,,1620,13,,,0
14029,'1155490',1122,,1625,13,,,0
