190001029,'1184490',1646,,6961,2,,,0
190001029,'1184527',1146,,6962,2,,,0
190001029,'1184534',846,,6963,2,,,0
190001029,'1184609',631,,6964,2,,,0
190001029,'1184616',1031,,6965,2,,,0
190001029,'1184651',2031,,6966,2,,,0
190001029,'1184661',1616,,6967,2,,,0
190001029,'1184721',2331,,6968,2,,,0
190001029,'1184789',631,,6969,2,,,0
190001029,'1184791',2131,,6970,2,,,0
190001029,'1184794',1331,,6971,2,,,0
190001029,'1184799',1246,,6972,2,,,0
190001029,'1184802',2351,,6973,2,,,0
190001029,'1184839',816,,6974,2,,,0
190001029,'1184889',2201,,6975,2,,,0
190001029,'1184906',1231,,6976,2,,,0
190001029,'1184944',1431,,6977,2,,,0
190001029,'1184980',1946,,6978,2,,,0
190001029,'1184997',1446,,6979,2,,,0
190001029,'1185017',2131,,6980,2,,,0
190001029,'1185025',1346,,6981,2,,,0
190001029,'1185053',1216,,6982,2,,,0
190001029,'1185071',1646,,6983,2,,,0
190001029,'1185119',2231,,6984,2,,,0
190001029,'1185120',1616,,6985,2,,,0
190001029,'1185125',1101,,6986,2,,,0
190001029,'1185166',1046,,6987,2,,,0
190001029,'1185167',1746,,6988,2,,,0
190001029,'1185180',2031,,6989,2,,,0
190001029,'1185201',1816,,6990,2,,,0
190001029,'1185223',1731,,6991,2,,,0
190001029,'1185234',916,,6992,2,,,0
190001029,'1185246',701,,6993,2,,,0
190001029,'1185252',1001,,6994,2,,,0
190001029,'1185262',1246,,6995,2,,,0
190001029,'1185321',2001,,6996,2,,,0
190001029,'1185331',1916,,6997,2,,,0
190001029,'1185351',901,,6998,2,,,0
190001029,'1185355',1516,,6999,2,,,0
190001029,'1185367',901,,7000,2,,,0
190001029,'1185389',2101,,7001,2,,,0
190001029,'1185390',1801,,7002,2,,,0
190001029,'1185410',2301,,7003,2,,,0
190001029,'1185424',801,,7004,2,,,0
190001029,'1185432',731,,7005,2,,,0
190001029,'1185483',1116,,7006,2,,,0
190001029,'1185504',1601,,7007,2,,,0
190001029,'1185587',1501,,7008,2,,,0
190001029,'1185591',1316,,7009,2,,,0
190001029,'1185606',1546,,7010,2,,,0
190001029,'1185626',1831,,7011,2,,,0
190001029,'1185646',1216,,7012,2,,,0
190001029,'1185689',1501,,7013,2,,,0
190001029,'1185714',1131,,7014,2,,,0
190001029,'1185744',1346,,7015,2,,,0
190001029,'1185775',1531,,7016,2,,,0
190001029,'1185855',1401,,7017,2,,,0
190001029,'1185865',946,,7018,2,,,0
190001029,'1185898',1631,,7019,2,,,0
190001029,'1185905',1846,,7020,2,,,0
190001029,'1185932',1631,,7021,2,,,0
190001029,'1185962',746,,7022,2,,,0
190001029,'1186000',1131,,7023,2,,,0
190001029,'1186001',716,,7024,2,,,0
190001029,'1186004',1201,,7025,2,,,0
190001029,'1186023',1231,,7026,2,,,0
190001029,'1186073',1446,,7027,2,,,0
190001029,'1186074',601,,7028,2,,,0
190001029,'1186081',931,,7029,2,,,0
190001029,'1186094',2046,,7030,2,,,0
190001029,'1186100',1716,,7031,2,,,0
190001029,'1186108',1146,,7032,2,,,0
190001029,'1186109',1701,,7033,2,,,0
190001029,'1186134',1301,,7034,2,,,0
190001029,'1186143',1401,,7035,2,,,0
190001029,'1186171',1746,,7036,2,,,0
190001029,'1186182',1016,,7037,2,,,0
190001029,'1186183',2016,,7038,2,,,0
190001029,'1186248',616,,7039,2,,,0
190001029,'1186250',1316,,7040,2,,,0
190001029,'1186307',1901,,7041,2,,,0
190001029,'1186324',2001,,7042,2,,,0
190001029,'1186336',646,,7043,2,,,0
190001029,'1186400',731,,7044,2,,,0
190001029,'1186407',1516,,7045,2,,,0
190001029,'1186448',1546,,7046,2,,,0
190001029,'1186468',1601,,7047,2,,,0
190001029,'1186469',1016,,7048,2,,,0
190001029,'1186472',1816,,7049,2,,,0
190001029,'1186480',1901,,7050,2,,,0
190001029,'1186542',1001,,7051,2,,,0
190001029,'1186570',831,,7052,2,,,0
190001029,'1186592',1716,,7053,2,,,0
190001029,'1186617',1431,,7054,2,,,0
190001029,'1186627',2116,,7055,2,,,0
190001029,'1186718',2301,,7056,2,,,0
190001029,'1186758',1031,,7057,2,,,0
190001029,'1186764',1101,,7058,2,,,0
190001029,'1186808',2231,,7059,2,,,0
190001029,'1186828',1331,,7060,2,,,0
190001029,'1186840',931,,7061,2,,,0
190001029,'1186842',1931,,7062,2,,,0
190001029,'1186847',2101,,7063,2,,,0
190001029,'1186858',1301,,7064,2,,,0
190001029,'1186862',946,,7065,2,,,0
190001029,'1186865',1416,,7066,2,,,0
190001029,'1186868',1931,,7067,2,,,0
190001029,'1186899',1801,,7068,2,,,0
190001029,'1186910',2201,,7069,2,,,0
190001029,'1186923',801,,7070,2,,,0
190001029,'1186947',701,,7071,2,,,0
190001029,'1186965',1531,,7072,2,,,0
190001029,'1186988',1046,,7073,2,,,0
190001029,'1186997',1116,,7074,2,,,0
190001029,'1187034',831,,7075,2,,,0
190001029,'1187119',1201,,7076,2,,,0
190001029,'1187129',1731,,7077,2,,,0
190001029,'1187140',2331,,7078,2,,,0
190001029,'1187146',1701,,7079,2,,,0
190001029,'1187167',1831,,7080,2,,,0
190001029,'1187176',1416,,7081,2,,,0
190001029,'1187611',1531,,7082,2,,,0
190001029,'1187612',701,,7083,2,,,0
190001029,'1187613',1331,,7084,2,,,0
190001029,'1187614',2001,,7085,2,,,0
190001029,'1187615',1746,,7086,2,,,0
190001029,'1187616',1816,,7087,2,,,0
190001029,'1187617',1146,,7088,2,,,0
190001029,'1187618',1246,,7089,2,,,0
190001029,'1187619',1831,,7090,2,,,0
190001029,'1187620',1031,,7091,2,,,0
190001029,'1187621',1701,,7092,2,,,0
190001029,'1187622',801,,7093,2,,,0
190001029,'1187623',1046,,7094,2,,,0
190001029,'1187624',1846,,7095,2,,,0
190001029,'1187625',2331,,7096,2,,,0
190001029,'1187626',931,,7097,2,,,0
190001029,'1187627',1416,,7098,2,,,0
190001029,'1187628',2016,,7099,2,,,0
190001029,'1187629',1631,,7100,2,,,0
190001029,'1187630',816,,7101,2,,,0
190001029,'1187631',1801,,7102,2,,,0
190001029,'1187632',2131,,7103,2,,,0
190001029,'1187633',1731,,7104,2,,,0
190001029,'1187634',2101,,7105,2,,,0
190001029,'1187635',1716,,7106,2,,,0
190001029,'1187636',2116,,7107,2,,,0
190001029,'1187637',2331,,7108,2,,,0
190001029,'1187638',1146,,7109,2,,,0
190001029,'1187639',746,,7110,2,,,0
190001029,'1187640',1431,,7111,2,,,0
190001029,'1187641',2201,,7112,2,,,0
190001029,'1187642',1616,,7113,2,,,0
190001029,'1187643',701,,7114,2,,,0
190001029,'1187644',916,,7115,2,,,0
190001029,'1187645',1331,,7116,2,,,0
190001029,'1187646',1216,,7117,2,,,0
190001029,'1187647',1316,,7118,2,,,0
190001029,'1187648',1116,,7119,2,,,0
190001029,'1187649',1246,,7120,2,,,0
190001029,'1187650',901,,7121,2,,,0
190001029,'1187651',1431,,7122,2,,,0
190001029,'1187652',731,,7123,2,,,0
190001029,'1187653',816,,7124,2,,,0
190001029,'1187654',2301,,7125,2,,,0
190001029,'1187655',1116,,7126,2,,,0
190001029,'1187656',2131,,7127,2,,,0
190001029,'1187657',846,,7128,2,,,0
190001029,'1187658',2031,,7129,2,,,0
190001029,'1187659',1616,,7130,2,,,0
190001029,'1187660',1101,,7131,2,,,0
190001029,'1187661',1401,,7132,2,,,0
190001029,'1187662',1316,,7133,2,,,0
190001029,'1187663',1216,,7134,2,,,0
190001029,'1187664',2216,,7135,2,,,0
190001029,'1187665',1531,,7136,2,,,0
190001029,'1187666',1401,,7137,2,,,0
190001029,'1187667',716,,7138,2,,,0
190001029,'1187668',2101,,7139,2,,,0
190001029,'1187669',901,,7140,2,,,0
190001029,'1187670',1516,,7141,2,,,0
190001029,'1187671',2016,,7142,2,,,0
190001029,'1187672',1916,,7143,2,,,0
190001029,'1187673',1301,,7144,2,,,0
190001029,'1187674',631,,7145,2,,,0
190001029,'1187675',616,,7146,2,,,0
190001029,'1187676',1731,,7147,2,,,0
190001029,'1187677',1231,,7148,2,,,0
190001029,'1187678',1631,,7149,2,,,0
190001029,'1187679',1746,,7150,2,,,0
190001029,'1187680',1101,,7151,2,,,0
190001029,'1187681',1701,,7152,2,,,0
190001029,'1187682',1016,,7153,2,,,0
190001029,'1187683',1546,,7154,2,,,0
190001029,'1187684',1946,,7155,2,,,0
190001029,'1187685',2116,,7156,2,,,0
190001029,'1187686',1646,,7157,2,,,0
190001029,'1187687',1716,,7158,2,,,0
190001029,'1187688',2351,,7159,2,,,0
190001029,'1187689',1816,,7160,2,,,0
190001029,'1187690',2316,,7161,2,,,0
190001029,'1187691',1001,,7162,2,,,0
190001029,'1187692',2046,,7163,2,,,0
190001029,'1187693',2231,,7164,2,,,0
190001029,'1187694',1116,,7165,2,,,0
190001029,'1187695',1231,,7166,2,,,0
190001029,'1187696',1131,,7167,2,,,0
190001029,'1187697',1501,,7168,2,,,0
190001029,'1187698',601,,7169,2,,,0
190001029,'1187699',1046,,7170,2,,,0
190001029,'1187700',1601,,7171,2,,,0
190001029,'1187701',1316,,7172,2,,,0
190001029,'1187702',1916,,7173,2,,,0
190001029,'1187703',1346,,7174,2,,,0
190001029,'1187704',931,,7175,2,,,0
190001029,'1187705',946,,7176,2,,,0
190001029,'1187706',1546,,7177,2,,,0
190001029,'1187707',1831,,7178,2,,,0
190001029,'1187708',1601,,7179,2,,,0
190001029,'1187709',2231,,7180,2,,,0
190001029,'1187710',1346,,7181,2,,,0
190001029,'1187711',1516,,7182,2,,,0
190001029,'1187712',1016,,7183,2,,,0
190001029,'1187713',1901,,7184,2,,,0
190001029,'1187714',1446,,7185,2,,,0
190001029,'1187715',1201,,7186,2,,,0
190001029,'1187716',946,,7187,2,,,0
190001029,'1187717',2031,,7188,2,,,0
190001029,'1187718',831,,7189,2,,,0
190001029,'1187719',1131,,7190,2,,,0
190001029,'1187720',1816,,7191,2,,,0
190001029,'1187721',916,,7192,2,,,0
190001029,'1187722',1031,,7193,2,,,0
190001029,'1187723',646,,7194,2,,,0
190001029,'1187724',631,,7195,2,,,0
190001029,'1187725',1016,,7196,2,,,0
190001029,'1187726',1716,,7197,2,,,0
190001029,'1187727',1931,,7198,2,,,0
190001029,'1187728',1501,,7199,2,,,0
190001029,'1187729',831,,7200,2,,,0
190001029,'1187730',1616,,7201,2,,,0
190001029,'1187731',2201,,7202,2,,,0
190001029,'1187732',1416,,7203,2,,,0
190001029,'1187733',801,,7204,2,,,0
190001029,'1187734',1931,,7205,2,,,0
190001029,'1187735',1216,,7206,2,,,0
190001029,'1187736',1001,,7207,2,,,0
190001029,'1187737',1801,,7208,2,,,0
190001029,'1187738',1646,,7209,2,,,0
190001029,'1187739',1416,,7210,2,,,0
190001029,'1187740',1446,,7211,2,,,0
190001029,'1187741',2001,,7212,2,,,0
190001029,'1187742',1901,,7213,2,,,0
190001029,'1187743',1301,,7214,2,,,0
190001029,'1187744',2301,,7215,2,,,0
190001029,'1187745',1516,,7216,2,,,0
190001029,'1187746',731,,7217,2,,,0
190001029,'1187747',716,,7218,2,,,0
190001029,'1187748',1201,,7219,2,,,0
