12019,'1184525',1325,,4978,13,,,0
12019,'1184629',1824,,4980,13,,,0
12019,'1184761',1655,,4983,13,,,0
12019,'1184786',1255,,4985,13,,,0
12019,'1184787',1055,,4986,13,,,0
12019,'1184885',1455,,4988,13,,,0
12019,'1184933',624,,4989,13,,,0
12019,'1185003',824,,4991,13,,,0
12019,'1185098',1924,,4995,13,,,0
12019,'1185121',724,,4996,13,,,0
12019,'1185271',2224,,4999,13,,,0
12019,'1185305',1755,,5000,13,,,0
12019,'1185383',954,,5001,13,,,0
12019,'1185614',1725,,5007,13,,,0
12019,'1185634',1525,,5008,13,,,0
12019,'1185678',1024,,5009,13,,,0
12019,'1185724',1425,,5010,13,,,0
12019,'1185785',2024,,5012,13,,,0
12019,'1185860',1625,,5013,13,,,0
12019,'1185982',1355,,5015,13,,,0
12019,'1186032',2324,,5018,13,,,0
12019,'1186235',1225,,5024,13,,,0
12019,'1186399',854,,5028,13,,,0
12019,'1186555',754,,5030,13,,,0
12019,'1186611',2124,,5031,13,,,0
12019,'1186615',1155,,5032,13,,,0
12019,'1186667',924,,5035,13,,,0
12019,'1186735',1125,,5039,13,,,0
12019,'1186753',1555,,5040,13,,,0
12019,'1186907',654,,5043,13,,,0
