101019,'1184498',2341,,6132,42,,,0
101019,'1184591',1141,,6135,42,,,0
101019,'1184796',1904,,6136,42,,,0
101019,'1184902',1541,,6137,42,,,0
101019,'1184924',941,,6138,42,,,0
101019,'1184925',2103,,6139,42,,,0
101019,'1185023',1204,,6140,42,,,0
101019,'1185092',1806,,6141,42,,,0
101019,'1185544',741,,6142,42,,,0
101019,'1185625',1104,,6145,42,,,0
101019,'1185636',904,,6146,42,,,0
101019,'1185684',1941,,6147,42,,,0
101019,'1185751',1506,,6148,42,,,0
101019,'1185803',1004,,6149,42,,,0
101019,'1185998',1406,,6150,42,,,0
101019,'1186087',2304,,6153,42,,,0
101019,'1186263',2141,,6154,42,,,0
101019,'1186308',1341,,6155,42,,,0
101019,'1186331',604,,6156,42,,,0
101019,'1186580',1606,,6157,42,,,0
101019,'1186587',1706,,6158,42,,,0
101019,'1186594',1741,,6159,42,,,0
101019,'1187155',804,,6161,42,,,0
