105019,'1190616',2248,,9291,84,,,0
105019,'1190769',1444,,9292,84,,,0
105019,'1190825',1648,,9293,84,,,0
105019,'1190865',1844,,9294,84,,,0
105019,'1190975',1914,,9295,84,,,0
105019,'1190992',1833,,9296,84,,,0
105019,'1190998',1233,,9297,84,,,0
105019,'1191007',1744,,9298,84,,,0
105019,'1191038',1533,,9299,84,,,0
105019,'1191063',1026,,9300,84,,,0
105019,'1191065',1344,,9301,84,,,0
105019,'1191145',719,,9302,84,,,0
105019,'1191217',2332,,9303,84,,,0
105019,'1191294',1433,,9304,84,,,0
105019,'1191329',932,,9305,84,,,0
105019,'1191413',1048,,9306,84,,,0
105019,'1191457',1333,,9307,84,,,0
105019,'1191557',926,,9308,84,,,0
105019,'1191709',826,,9309,84,,,0
105019,'1191750',2318,,9310,84,,,0
105019,'1191859',732,,9311,84,,,0
105019,'1191891',1814,,9312,84,,,0
105019,'1192052',1933,,9313,84,,,0
105019,'1192113',649,,9314,84,,,0
105019,'1192142',1633,,9315,84,,,0
105019,'1192176',848,,9316,84,,,0
105019,'1192218',2418,,9317,84,,,0
105019,'1192236',1448,,9318,84,,,0
105019,'1192248',2118,,9319,84,,,0
105019,'1192267',1733,,9320,84,,,0
105019,'1192318',1133,,9321,84,,,0
105019,'1192337',1659,,9322,84,,,0
105019,'1192353',1529,,9323,84,,,0
105019,'1192579',1229,,9324,84,,,0
105019,'1192586',1248,,9325,84,,,0
105019,'1192598',2048,,9326,84,,,0
105019,'1192614',756,,9327,84,,,0
105019,'1192661',2218,,9328,84,,,0
105019,'1192725',1559,,9329,84,,,0
105019,'1192735',1948,,9330,84,,,0
105019,'1192821',2132,,9331,84,,,0
105019,'1192836',1848,,9332,84,,,0
105019,'1192847',619,,9333,84,,,0
105019,'1192875',1629,,9334,84,,,0
105019,'1193045',856,,9335,84,,,0
105019,'1193298',1129,,9336,84,,,0
106019,'1190751',725,,9383,27,,,0
106019,'1190960',1712,,9384,27,,,0
106019,'1191191',1827,,9385,27,,,0
106019,'1191645',955,,9386,27,,,0
106019,'1192317',1557,,9387,27,,,0
106019,'1192475',840,,9388,27,,,0
