2029,'1150099',736,,153,20,,,0
2029,'1150204',2249,,154,20,,,0
2029,'1150205',1432,,155,20,,,0
2029,'1150235',1806,,156,20,,,0
2029,'1150264',1136,,157,20,,,0
2029,'1150359',2149,,159,20,,,0
2029,'1150387',1636,,160,20,,,0
2029,'1150399',1321,,161,20,,,0
2029,'1150596',905,,163,20,,,0
2029,'1150706',1105,,164,20,,,0
2029,'1150737',1551,,166,20,,,0
2029,'1150754',705,,167,20,,,0
2029,'1150835',1020,,171,20,,,0
2029,'1150893',2119,,172,20,,,0
2029,'1150915',1036,,173,20,,,0
2029,'1150964',2345,,174,20,,,0
2029,'1151020',935,,175,20,,,0
2029,'1151059',1621,,176,20,,,0
2029,'1151109',1306,,177,20,,,0
2029,'1151112',2336,,178,20,,,0
2029,'1151287',1206,,183,20,,,0
2029,'1151318',1821,,184,20,,,0
2029,'1151377',1302,,185,20,,,0
2029,'1151512',1751,,187,20,,,0
2029,'1151673',2049,,189,20,,,0
2029,'1151753',2421,,190,20,,,0
2029,'1151810',1150,,192,20,,,0
2029,'1151846',1732,,194,20,,,0
2029,'1151913',1035,,195,20,,,0
2029,'1151977',735,,196,20,,,0
2029,'1151981',1406,,197,20,,,0
2029,'1151987',2415,,199,20,,,0
2029,'1152028',1836,,203,20,,,0
2029,'1152045',950,,204,20,,,0
2029,'1152158',2036,,205,20,,,0
2029,'1152377',1436,,207,20,,,0
2029,'1152464',820,,210,20,,,0
2029,'1152591',1421,,213,20,,,0
2029,'1152677',1502,,217,20,,,0
2029,'1152700',1919,,218,20,,,0
2029,'1152710',1402,,220,20,,,0
2029,'1152711',1651,,221,20,,,0
2029,'1152851',650,,223,20,,,0
2029,'1152909',1120,,224,20,,,0
2029,'1152943',2219,,225,20,,,0
2029,'1152978',1506,,226,20,,,0
2029,'1153006',1521,,227,20,,,0
2029,'1153039',1602,,228,20,,,0
2029,'1153131',1351,,230,20,,,0
2029,'1153150',906,,232,20,,,0
2029,'1153234',1951,,234,20,,,0
2029,'1153375',951,,236,20,,,0
2029,'1153517',1536,,238,20,,,0
2029,'1153626',1332,,242,20,,,0
2029,'1153665',1632,,243,20,,,0
2029,'1153733',1849,,244,20,,,0
2029,'1153775',1220,,247,20,,,0
2029,'1153874',1050,,249,20,,,0
2029,'1153876',1106,,250,20,,,0
2029,'1153897',1336,,252,20,,,0
2029,'1153931',1706,,255,20,,,0
2029,'1154143',850,,257,20,,,0
2029,'1154288',1702,,261,20,,,0
2029,'1154306',1606,,263,20,,,0
2029,'1154316',1736,,264,20,,,0
2029,'1154343',651,,265,20,,,0
2029,'1154350',1205,,266,20,,,0
2029,'1154435',1721,,268,20,,,0
2029,'1154444',1949,,270,20,,,0
2029,'1154549',1802,,272,20,,,0
2029,'1154551',1532,,273,20,,,0
2029,'1154560',1135,,274,20,,,0
2029,'1154588',2319,,275,20,,,0
2029,'1154727',2019,,279,20,,,0
2029,'1154740',1235,,280,20,,,0
2029,'1154770',1005,,281,20,,,0
2029,'1154848',1232,,283,20,,,0
2029,'1154950',2206,,287,20,,,0
2029,'1154993',720,,288,20,,,0
2029,'1155076',2121,,290,20,,,0
2029,'1155100',2435,,292,20,,,0
2029,'1155178',2251,,293,20,,,0
2029,'1155312',750,,296,20,,,0
2029,'1155326',1836,,297,20,,,0
2029,'1155346',1906,,298,20,,,0
2029,'1155405',821,,301,20,,,0
2029,'1155418',920,,302,20,,,0
2029,'1155423',805,,303,20,,,0
2029,'1155457',1451,,304,20,,,0
2029,'1155498',1251,,305,20,,,0
2029,'1155507',835,,306,20,,,0
12019,'1150154',1338,,1020,35,,,0
12019,'1150175',1906,,1022,35,,,0
12019,'1150184',1936,,1023,35,,,0
12019,'1150234',1508,,1024,35,,,0
12019,'1150259',2336,,1025,35,,,0
12019,'1150277',2206,,1026,35,,,0
12019,'1150366',1037,,1027,35,,,0
12019,'1150385',1238,,1028,35,,,0
12019,'1150392',807,,1029,35,,,0
12019,'1150604',707,,1033,35,,,0
12019,'1150653',1638,,1034,35,,,0
12019,'1150742',1438,,1035,35,,,0
12019,'1150791',1338,,1038,35,,,0
12019,'1150924',2006,,1042,35,,,0
12019,'1151080',1538,,1043,35,,,0
12019,'1151133',1708,,1045,35,,,0
12019,'1151142',1138,,1046,35,,,0
12019,'1151177',1238,,1047,35,,,0
12019,'1151270',806,,1049,35,,,0
12019,'1151362',1308,,1050,35,,,0
12019,'1151391',906,,1051,35,,,0
12019,'1151499',708,,1053,35,,,0
12019,'1151718',1538,,1059,35,,,0
12019,'1152145',1836,,1067,35,,,0
12019,'1152225',1708,,1068,35,,,0
12019,'1152395',1808,,1073,35,,,0
12019,'1152487',1608,,1075,35,,,0
12019,'1152602',2136,,1079,35,,,0
12019,'1152688',1208,,1080,35,,,0
12019,'1152713',1408,,1081,35,,,0
12019,'1152992',1208,,1082,35,,,0
12019,'1153089',1738,,1086,35,,,0
12019,'1153148',907,,1087,35,,,0
12019,'1153225',1006,,1088,35,,,0
12019,'1153303',1408,,1089,35,,,0
12019,'1153363',1007,,1091,35,,,0
12019,'1153936',1638,,1101,35,,,0
12019,'1153983',737,,1102,35,,,0
12019,'1154016',1808,,1103,35,,,0
12019,'1154114',1138,,1105,35,,,0
12019,'1154338',1108,,1106,35,,,0
12019,'1154371',2036,,1108,35,,,0
12019,'1154398',1508,,1109,35,,,0
12019,'1154614',637,,1113,35,,,0
12019,'1154699',2306,,1114,35,,,0
12019,'1154864',2236,,1118,35,,,0
12019,'1154979',2406,,1119,35,,,0
12019,'1154992',1608,,1120,35,,,0
12019,'1155019',1438,,1122,35,,,0
12019,'1155075',837,,1123,35,,,0
12019,'1155095',1108,,1124,35,,,0
12019,'1155235',1738,,1126,35,,,0
12019,'1155248',2106,,1127,35,,,0
12019,'1155350',1308,,1131,35,,,0
12019,'1155503',937,,1133,35,,,0
