2029,'1184483',1830,,4479,12,,,0
2029,'1184510',1200,,4480,12,,,0
2029,'1184555',1546,,4481,12,,,0
2029,'1184566',2159,,4482,12,,,0
2029,'1184576',1646,,4483,12,,,0
2029,'1184598',1516,,4484,12,,,0
2029,'1184615',1046,,4485,12,,,0
2029,'1184638',946,,4486,12,,,0
2029,'1184654',1446,,4487,12,,,0
2029,'1184674',2245,,4488,12,,,0
2029,'1184698',1731,,4489,12,,,0
2029,'1184704',1846,,4490,12,,,0
2029,'1184706',831,,4491,12,,,0
2029,'1184810',1030,,4492,12,,,0
2029,'1184840',1600,,4493,12,,,0
2029,'1184876',2329,,4494,12,,,0
2029,'1184881',2115,,4495,12,,,0
2029,'1184893',1230,,4496,12,,,0
2029,'1184898',1100,,4497,12,,,0
2029,'1184908',1616,,4498,12,,,0
2029,'1184911',2030,,4499,12,,,0
2029,'1184917',1146,,4500,12,,,0
2029,'1184977',1246,,4501,12,,,0
2029,'1185001',1231,,4502,12,,,0
2029,'1185029',816,,4503,12,,,0
2029,'1185044',1416,,4504,12,,,0
2029,'1185070',1001,,4505,12,,,0
2029,'1185111',1630,,4506,12,,,0
2029,'1185172',1201,,4507,12,,,0
2029,'1185219',1301,,4508,12,,,0
2029,'1185226',1400,,4509,12,,,0
2029,'1185249',1501,,4510,12,,,0
2029,'1185288',1546,,4511,12,,,0
2029,'1185301',2200,,4512,12,,,0
2029,'1185382',1146,,4513,12,,,0
2029,'1185420',2246,,4514,12,,,0
2029,'1185429',746,,4515,12,,,0
2029,'1185442',2346,,4516,12,,,0
2029,'1185446',931,,4517,12,,,0
2029,'1185462',2129,,4518,12,,,0
2029,'1185467',1046,,4519,12,,,0
2029,'1185472',901,,4520,12,,,0
2029,'1185493',1900,,4521,12,,,0
2029,'1185513',1800,,4522,12,,,0
2029,'1185582',1716,,4523,12,,,0
2029,'1185696',1701,,4524,12,,,0
2029,'1185740',815,,4525,12,,,0
2029,'1185746',2046,,4526,12,,,0
2029,'1185770',1316,,4527,12,,,0
2029,'1185813',1946,,4528,12,,,0
2029,'1185818',1401,,4529,12,,,0
2029,'1185829',1131,,4530,12,,,0
2029,'1185846',1930,,4531,12,,,0
2029,'1185908',2330,,4532,12,,,0
2029,'1185930',1500,,4533,12,,,0
2029,'1185976',716,,4534,12,,,0
2029,'1185986',701,,4535,12,,,0
2029,'1185988',1801,,4536,12,,,0
2029,'1186019',1830,,4537,12,,,0
2029,'1186024',846,,4538,12,,,0
2029,'1186070',645,,4539,12,,,0
2029,'1186093',1700,,4540,12,,,0
2029,'1186116',1130,,4541,12,,,0
2029,'1186217',1016,,4542,12,,,0
2029,'1186239',1331,,4543,12,,,0
2029,'1186328',1346,,4544,12,,,0
2029,'1186343',1746,,4545,12,,,0
2029,'1186355',1216,,4546,12,,,0
2029,'1186379',1646,,4547,12,,,0
2029,'1186386',2030,,4548,12,,,0
2029,'1186404',2359,,4549,12,,,0
2029,'1186428',1246,,4550,12,,,0
2029,'1186438',2146,,4551,12,,,0
2029,'1186455',731,,4552,12,,,0
2029,'1186482',1746,,4553,12,,,0
2029,'1186486',1446,,4554,12,,,0
2029,'1186498',1116,,4555,12,,,0
2029,'1186505',946,,4556,12,,,0
2029,'1186508',1531,,4557,12,,,0
2029,'1186636',1031,,4558,12,,,0
2029,'1186650',1816,,4559,12,,,0
2029,'1186652',801,,4560,12,,,0
2029,'1186664',2415,,4561,12,,,0
2029,'1186674',1300,,4562,12,,,0
2029,'1186678',2419,,4563,12,,,0
2029,'1186681',1330,,4564,12,,,0
2029,'1186698',646,,4565,12,,,0
2029,'1186780',1900,,4566,12,,,0
2029,'1186792',730,,4567,12,,,0
2029,'1186820',2229,,4568,12,,,0
2029,'1186823',1945,,4569,12,,,0
2029,'1186843',1631,,4570,12,,,0
2029,'1186891',1730,,4571,12,,,0
2029,'1186903',945,,4572,12,,,0
2029,'1186905',1430,,4573,12,,,0
2029,'1186942',1601,,4574,12,,,0
2029,'1186967',916,,4575,12,,,0
2029,'1186984',2100,,4576,12,,,0
2029,'1186986',2259,,4577,12,,,0
2029,'1187003',1431,,4578,12,,,0
2029,'1187004',1346,,4579,12,,,0
2029,'1187018',746,,4580,12,,,0
2029,'1187096',1530,,4581,12,,,0
2029,'1187126',2000,,4582,12,,,0
2029,'1187139',900,,4583,12,,,0
2029,'1187165',846,,4584,12,,,0
2029,'1187168',1101,,4585,12,,,0
