2019,'1184478',944,,4374,19,,,0
2019,'1184493',1659,,4376,19,,,0
2019,'1184635',2014,,4379,19,,,0
2019,'1184644',1129,,4381,19,,,0
2019,'1184673',1844,,4383,19,,,0
2019,'1184695',1714,,4384,19,,,0
2019,'1184777',1544,,4386,19,,,0
2019,'1184873',1314,,4388,19,,,0
2019,'1184875',2143,,4389,19,,,0
2019,'1185034',829,,4391,19,,,0
2019,'1185067',959,,4392,19,,,0
2019,'1185089',1729,,4393,19,,,0
2019,'1185138',1014,,4395,19,,,0
2019,'1185159',2213,,4396,19,,,0
2019,'1185185',1159,,4397,19,,,0
2019,'1185186',1614,,4398,19,,,0
2019,'1185210',1029,,4400,19,,,0
2019,'1185302',1814,,4401,19,,,0
2019,'1185349',1244,,4403,19,,,0
2019,'1185380',1429,,4404,19,,,0
2019,'1185475',759,,4410,19,,,0
2019,'1185486',1629,,4411,19,,,0
2019,'1185503',1229,,4412,19,,,0
2019,'1185530',1529,,4413,19,,,0
2019,'1185629',2403,,4417,19,,,0
2019,'1185712',1344,,4420,19,,,0
2019,'1185783',2113,,4422,19,,,0
2019,'1185790',1444,,4423,19,,,0
2019,'1185864',2313,,4426,19,,,0
2019,'1185870',2243,,4427,19,,,0
2019,'1185887',1759,,4428,19,,,0
2019,'1185891',644,,4429,19,,,0
2019,'1185901',1214,,4430,19,,,0
2019,'1185914',859,,4431,19,,,0
2019,'1185947',2044,,4432,19,,,0
2019,'1186079',714,,4435,19,,,0
2019,'1186092',1259,,4436,19,,,0
2019,'1186200',1459,,4437,19,,,0
2019,'1186232',1359,,4439,19,,,0
2019,'1186306',1644,,4442,19,,,0
2019,'1186352',929,,4444,19,,,0
2019,'1186385',729,,4446,19,,,0
2019,'1186389',1044,,4447,19,,,0
2019,'1186533',2343,,4451,19,,,0
2019,'1186546',744,,4452,19,,,0
2019,'1186563',814,,4453,19,,,0
2019,'1186697',844,,4456,19,,,0
2019,'1186701',1559,,4457,19,,,0
2019,'1186724',1329,,4458,19,,,0
2019,'1186755',1414,,4460,19,,,0
2019,'1186766',1514,,4461,19,,,0
2019,'1186795',1059,,4463,19,,,0
2019,'1186802',1144,,4464,19,,,0
2019,'1186918',914,,4466,19,,,0
2019,'1186929',1114,,4467,19,,,0
2019,'1186952',659,,4468,19,,,0
2019,'1187031',1914,,4471,19,,,0
2019,'1187083',1744,,4473,19,,,0
2019,'1187179',1944,,4477,19,,,0
