10019,'1184691',1358,,4721,32,,,0
10019,'1184710',2126,,4722,32,,,0
10019,'1184932',1258,,4726,32,,,0
10019,'1185103',2226,,4729,32,,,0
10019,'1185108',1058,,4730,32,,,0
10019,'1185124',1926,,4731,32,,,0
10019,'1185169',1826,,4734,32,,,0
10019,'1185191',1556,,4735,32,,,0
10019,'1185284',827,,4737,32,,,0
10019,'1185473',1527,,4740,32,,,0
10019,'1185618',1656,,4745,32,,,0
10019,'1185672',657,,4747,32,,,0
10019,'1185811',1626,,4751,32,,,0
10019,'1185902',1458,,4753,32,,,0
10019,'1186039',857,,4754,32,,,0
10019,'1186042',1726,,4755,32,,,0
10019,'1186096',2026,,4757,32,,,0
10019,'1186123',957,,4758,32,,,0
10019,'1186300',727,,4763,32,,,0
10019,'1186511',927,,4766,32,,,0
10019,'1186560',1756,,4768,32,,,0
10019,'1186575',627,,4769,32,,,0
10019,'1186626',2326,,4770,32,,,0
10019,'1186729',1158,,4772,32,,,0
10019,'1187036',757,,4775,32,,,0
