2,2019,'1150113',1
2,2019,'1150127',2
2,2019,'1150145',3
2,2019,'1150159',4
2,2019,'1150185',5
2,2019,'1150334',8
2,2019,'1150346',9
2,2019,'1150354',10
2,2019,'1150373',11
2,2019,'1150544',14
2,2019,'1150626',16
2,2019,'1150633',17
2,2019,'1150888',21
2,2019,'1150927',22
2,2019,'1150962',23
2,2019,'1150968',24
2,2019,'1150996',25
2,2019,'1151007',26
2,2019,'1151436',29
2,2019,'1151448',30
2,2019,'1151460',31
2,2019,'1151566',33
2,2019,'1151592',34
2,2019,'1151689',36
2,2019,'1151728',38
2,2019,'1152109',45
2,2019,'1152151',47
2,2019,'1152161',48
2,2019,'1152206',50
2,2019,'1152208',51
2,2019,'1152274',53
2,2019,'1152290',54
2,2019,'1152296',55
2,2019,'1152309',56
2,2019,'1152398',57
2,2019,'1152414',58
2,2019,'1152435',59
2,2019,'1152475',62
2,2019,'1152625',65
2,2019,'1152627',66
2,2019,'1152633',67
2,2019,'1152645',69
2,2019,'1152714',70
2,2019,'1152842',72
2,2019,'1153005',75
2,2019,'1153049',76
2,2019,'1153134',77
2,2019,'1153154',78
2,2019,'1153166',79
2,2019,'1153254',81
2,2019,'1153309',82
2,2019,'1153345',83
2,2019,'1153437',84
2,2019,'1153490',85
2,2019,'1153575',91
2,2019,'1153580',92
2,2019,'1153597',93
2,2019,'1153634',95
2,2019,'1153734',98
2,2019,'1153808',100
2,2019,'1153812',101
2,2019,'1153843',103
2,2019,'1153849',104
2,2019,'1153857',105
2,2019,'1153933',106
2,2019,'1154005',108
2,2019,'1154135',111
2,2019,'1154176',114
2,2019,'1154184',115
2,2019,'1154213',118
2,2019,'1154261',119
2,2019,'1154395',122
2,2019,'1154406',123
2,2019,'1154427',124
2,2019,'1154495',125
2,2019,'1154537',126
2,2019,'1154545',127
2,2019,'1154578',129
2,2019,'1154617',130
2,2019,'1154656',131
2,2019,'1154684',132
2,2019,'1154726',133
2,2019,'1154850',135
2,2019,'1154999',138
2,2019,'1155070',140
2,2019,'1155246',143
2,2019,'1155364',146
2,2019,'1155383',147
2,2019,'1155465',152
2,2029,'1150099',153
2,2029,'1150204',154
2,2029,'1150205',155
2,2029,'1150235',156
2,2029,'1150264',157
2,2029,'1150359',159
2,2029,'1150387',160
2,2029,'1150399',161
2,2029,'1150596',163
2,2029,'1150706',164
2,2029,'1150737',166
2,2029,'1150754',167
2,2029,'1150835',171
2,2029,'1150893',172
2,2029,'1150915',173
2,2029,'1150964',174
2,2029,'1151020',175
2,2029,'1151059',176
2,2029,'1151109',177
2,2029,'1151112',178
2,2029,'1151287',183
2,2029,'1151318',184
2,2029,'1151377',185
2,2029,'1151512',187
2,2029,'1151673',189
2,2029,'1151753',190
2,2029,'1151810',192
2,2029,'1151846',194
2,2029,'1151913',195
2,2029,'1151977',196
2,2029,'1151981',197
2,2029,'1151987',199
2,2029,'1152028',203
2,2029,'1152045',204
2,2029,'1152158',205
2,2029,'1152377',207
2,2029,'1152464',210
2,2029,'1152591',213
2,2029,'1152677',217
2,2029,'1152700',218
2,2029,'1152710',220
2,2029,'1152711',221
2,2029,'1152851',223
2,2029,'1152909',224
2,2029,'1152943',225
2,2029,'1152978',226
2,2029,'1153006',227
2,2029,'1153039',228
2,2029,'1153131',230
2,2029,'1153150',232
2,2029,'1153234',234
2,2029,'1153375',236
2,2029,'1153517',238
2,2029,'1153626',242
2,2029,'1153665',243
2,2029,'1153733',244
2,2029,'1153775',247
2,2029,'1153874',249
2,2029,'1153876',250
2,2029,'1153897',252
2,2029,'1153931',255
2,2029,'1154143',257
2,2029,'1154288',261
2,2029,'1154306',263
2,2029,'1154316',264
2,2029,'1154343',265
2,2029,'1154350',266
2,2029,'1154435',268
2,2029,'1154444',270
2,2029,'1154549',272
2,2029,'1154551',273
2,2029,'1154560',274
2,2029,'1154588',275
2,2029,'1154727',279
2,2029,'1154740',280
2,2029,'1154770',281
2,2029,'1154848',283
2,2029,'1154950',287
2,2029,'1154993',288
2,2029,'1155076',290
2,2029,'1155100',292
2,2029,'1155178',293
2,2029,'1155312',296
2,2029,'1155326',297
2,2029,'1155346',298
2,2029,'1155405',301
2,2029,'1155418',302
2,2029,'1155423',303
2,2029,'1155457',304
2,2029,'1155498',305
2,2029,'1155507',306
3,3019,'1150305',311
3,3019,'1150481',313
3,3019,'1150563',315
3,3019,'1150811',317
3,3019,'1150889',319
3,3019,'1151035',321
3,3019,'1151203',325
3,3019,'1151213',326
3,3019,'1151256',328
3,3019,'1151321',329
3,3019,'1151393',330
3,3019,'1151400',331
3,3019,'1151491',332
3,3019,'1151513',334
3,3019,'1151779',339
3,3019,'1151871',343
3,3019,'1151922',344
3,3019,'1152057',347
3,3019,'1152063',348
3,3019,'1152133',349
3,3019,'1152202',350
3,3019,'1152231',351
3,3019,'1152571',352
3,3019,'1152669',354
3,3019,'1153248',365
3,3019,'1153272',366
3,3019,'1153282',367
3,3019,'1153300',368
3,3019,'1153438',373
3,3019,'1153604',375
3,3019,'1153670',377
3,3019,'1153676',378
3,3019,'1153785',380
3,3019,'1153853',381
3,3019,'1154020',384
3,3019,'1154065',386
3,3019,'1154163',387
3,3019,'1154275',388
3,3019,'1154394',390
3,3019,'1154423',391
3,3019,'1154499',394
3,3019,'1154600',395
3,3019,'1154623',397
3,3019,'1154659',398
3,3019,'1154779',399
3,3019,'1154791',400
3,3019,'1154895',402
3,3019,'1154981',403
3,3019,'1155129',404
3,3019,'1155147',405
3,3019,'1155272',407
3,3019,'1155323',408
3,3019,'1155368',409
3,3019,'1155504',412
3,3029,'1150202',417
3,3029,'1150338',419
3,3029,'1150614',422
3,3029,'1150985',425
3,3029,'1151183',429
3,3029,'1151192',430
3,3029,'1151504',432
3,3029,'1151640',435
3,3029,'1151683',437
3,3029,'1151731',438
3,3029,'1151876',442
3,3029,'1151984',445
3,3029,'1152000',447
3,3029,'1152164',450
3,3029,'1152335',453
3,3029,'1152374',454
3,3029,'1152494',459
3,3029,'1152784',463
3,3029,'1152803',464
3,3029,'1152828',465
3,3029,'1152863',466
3,3029,'1152936',467
3,3029,'1153075',470
3,3029,'1153143',473
3,3029,'1153218',474
3,3029,'1153269',475
3,3029,'1153277',476
3,3029,'1153325',477
3,3029,'1153346',478
3,3029,'1153473',480
3,3029,'1153476',481
3,3029,'1153644',482
3,3029,'1153678',483
3,3029,'1153903',485
3,3029,'1153992',487
3,3029,'1154123',491
3,3029,'1154264',495
3,3029,'1154368',497
3,3029,'1154445',498
3,3029,'1154525',500
3,3029,'1154677',502
3,3029,'1154694',503
3,3029,'1154731',504
3,3029,'1154736',505
3,3029,'1154807',506
3,3029,'1154840',508
3,3029,'1155071',511
3,3029,'1155137',512
3,3029,'1155140',513
3,3029,'1155180',514
3,3029,'1155345',516
3,3029,'1155451',518
4,4019,'1150173',519
4,4019,'1150739',520
4,4019,'1150908',521
4,4019,'1150956',522
4,4019,'1151139',523
4,4019,'1151875',524
4,4019,'1152822',525
4,4019,'1153216',526
4,4019,'1153770',527
4,4019,'1154133',528
4,4019,'1154229',529
4,4019,'1154526',530
4,4019,'1154911',531
4,4019,'1155331',532
4,4019,'1155513',533
4,4029,'1150488',534
4,4029,'1150534',535
4,4029,'1150809',536
4,4029,'1150905',537
4,4029,'1151009',538
4,4029,'1151572',539
4,4029,'1151800',540
4,4029,'1152734',541
4,4029,'1152848',542
4,4029,'1153740',543
4,4029,'1154197',544
4,4029,'1154409',545
4,4029,'1154674',546
4,4029,'1155056',547
4,4029,'1155206',548
10,10019,'1150177',551
10,10019,'1150195',552
10,10019,'1150212',553
10,10019,'1150401',556
10,10019,'1150422',557
10,10019,'1150466',558
10,10019,'1150579',560
10,10019,'1150648',561
10,10019,'1150771',562
10,10019,'1150873',564
10,10019,'1151478',570
10,10019,'1151671',574
10,10019,'1151864',578
10,10019,'1151877',579
10,10019,'1151907',580
10,10019,'1151917',581
10,10019,'1152017',582
10,10019,'1152060',584
10,10019,'1152311',588
10,10019,'1152461',590
10,10019,'1152473',591
10,10019,'1152615',593
10,10019,'1152634',594
10,10019,'1152791',597
10,10019,'1152900',600
10,10019,'1152904',601
10,10019,'1153120',602
10,10019,'1153228',604
10,10019,'1153418',606
10,10019,'1153451',607
10,10019,'1153499',609
10,10019,'1153548',610
10,10019,'1153739',613
10,10019,'1153751',615
10,10019,'1153967',619
10,10019,'1154257',627
10,10019,'1154380',630
10,10019,'1154723',635
10,10019,'1155009',638
10,10019,'1155027',639
10,10019,'1155413',640
10,10019,'1155441',642
10,10019,'1155495',643
10,10029,'1150182',646
10,10029,'1150266',648
10,10029,'1150349',649
10,10029,'1150424',650
10,10029,'1150440',651
10,10029,'1150450',653
10,10029,'1150454',654
10,10029,'1150680',656
10,10029,'1150683',657
10,10029,'1150947',659
10,10029,'1151232',662
10,10029,'1151240',663
10,10029,'1151358',666
10,10029,'1151389',667
10,10029,'1151548',668
10,10029,'1151699',674
10,10029,'1151704',676
10,10029,'1151927',678
10,10029,'1152089',679
10,10029,'1152120',680
10,10029,'1152213',682
10,10029,'1152237',683
10,10029,'1152276',685
10,10029,'1152614',692
10,10029,'1152687',693
10,10029,'1152696',694
10,10029,'1152744',697
10,10029,'1152927',700
10,10029,'1153201',704
10,10029,'1153510',706
10,10029,'1153532',707
10,10029,'1153887',712
10,10029,'1154165',715
10,10029,'1154182',716
10,10029,'1154281',718
10,10029,'1154360',719
10,10029,'1154531',720
10,10029,'1154688',722
10,10029,'1154710',723
10,10029,'1155230',733
10,10029,'1155449',734
10,10029,'1155474',735
11,11019,'1150143',880
11,11019,'1150149',881
11,11019,'1150435',887
11,11019,'1150556',889
11,11019,'1150629',890
11,11019,'1150657',891
11,11019,'1150677',892
11,11019,'1150686',893
11,11019,'1150726',894
11,11019,'1150735',895
11,11019,'1150744',896
11,11019,'1150925',899
11,11019,'1150938',901
11,11019,'1151038',902
11,11019,'1151140',905
11,11019,'1151144',906
11,11019,'1151191',908
11,11019,'1151326',910
11,11019,'1151442',913
11,11019,'1151502',914
11,11019,'1151687',917
11,11019,'1151694',918
11,11019,'1151697',919
11,11019,'1151715',920
11,11019,'1151806',923
11,11019,'1151889',925
11,11019,'1151897',926
11,11019,'1151910',927
11,11019,'1152031',929
11,11019,'1152198',932
11,11019,'1152246',933
11,11019,'1152286',934
11,11019,'1152347',936
11,11019,'1152358',937
11,11019,'1152422',939
11,11019,'1152449',940
11,11019,'1152484',941
11,11019,'1152597',943
11,11019,'1152670',944
11,11019,'1152706',945
11,11019,'1152810',947
11,11019,'1152872',948
11,11019,'1152996',951
11,11019,'1153015',952
11,11019,'1153067',953
11,11019,'1153085',955
11,11019,'1153098',956
11,11019,'1153395',962
11,11019,'1153405',963
11,11019,'1153484',965
11,11019,'1153506',967
11,11019,'1153527',969
11,11019,'1153562',971
11,11019,'1153565',972
11,11019,'1153586',973
11,11019,'1153587',974
11,11019,'1153669',977
11,11019,'1153677',978
11,11019,'1153881',981
11,11019,'1153984',984
11,11019,'1154120',986
11,11019,'1154168',987
11,11019,'1154195',988
11,11019,'1154287',989
11,11019,'1154314',990
11,11019,'1154475',991
11,11019,'1154577',993
11,11019,'1154613',994
11,11019,'1154616',995
11,11019,'1154627',996
11,11019,'1154690',998
11,11019,'1154863',1000
11,11019,'1154896',1001
11,11019,'1155038',1006
11,11019,'1155047',1007
11,11019,'1155187',1009
11,11019,'1155194',1010
11,11019,'1155204',1011
11,11019,'1155245',1012
11,11019,'1155289',1013
11,11019,'1155293',1014
11,11019,'1155433',1016
11,11019,'1155512',1018
11,11029,'1150094',737
11,11029,'1150136',738
11,11029,'1150251',740
11,11029,'1150257',741
11,11029,'1150260',742
11,11029,'1150315',743
11,11029,'1150362',744
11,11029,'1150395',746
11,11029,'1150398',747
11,11029,'1150408',748
11,11029,'1150418',750
11,11029,'1150503',751
11,11029,'1150565',752
11,11029,'1150594',753
11,11029,'1150694',755
11,11029,'1150946',761
11,11029,'1150979',762
11,11029,'1151013',763
11,11029,'1151028',764
11,11029,'1151212',767
11,11029,'1151228',768
11,11029,'1151266',770
11,11029,'1151288',772
11,11029,'1151317',773
11,11029,'1151379',775
11,11029,'1151495',776
11,11029,'1151501',777
11,11029,'1151570',778
11,11029,'1151605',780
11,11029,'1151662',781
11,11029,'1151677',782
11,11029,'1151681',783
11,11029,'1151696',784
11,11029,'1151854',786
11,11029,'1151888',787
11,11029,'1152006',792
11,11029,'1152021',794
11,11029,'1152139',796
11,11029,'1152148',797
11,11029,'1152172',798
11,11029,'1152323',800
11,11029,'1152476',803
11,11029,'1152508',805
11,11029,'1152540',807
11,11029,'1152655',810
11,11029,'1152678',811
11,11029,'1152705',814
11,11029,'1152829',815
11,11029,'1152889',817
11,11029,'1152890',818
11,11029,'1152893',819
11,11029,'1152955',821
11,11029,'1153079',824
11,11029,'1153114',825
11,11029,'1153126',827
11,11029,'1153213',830
11,11029,'1153336',834
11,11029,'1153651',837
11,11029,'1153681',838
11,11029,'1153694',839
11,11029,'1153712',840
11,11029,'1153871',841
11,11029,'1153888',842
11,11029,'1153932',843
11,11029,'1154011',844
11,11029,'1154028',845
11,11029,'1154067',846
11,11029,'1154075',847
11,11029,'1154129',849
11,11029,'1154218',851
11,11029,'1154331',854
11,11029,'1154388',855
11,11029,'1154440',856
11,11029,'1154442',857
11,11029,'1154675',861
11,11029,'1154748',862
11,11029,'1154769',864
11,11029,'1154884',867
11,11029,'1154901',868
11,11029,'1154909',869
11,11029,'1155052',871
11,11029,'1155138',872
11,11029,'1155227',874
11,11029,'1155231',875
11,11029,'1155469',878
12,12019,'1150154',1020
12,12019,'1150175',1022
12,12019,'1150184',1023
12,12019,'1150234',1024
12,12019,'1150259',1025
12,12019,'1150277',1026
12,12019,'1150366',1027
12,12019,'1150385',1028
12,12019,'1150392',1029
12,12019,'1150604',1033
12,12019,'1150653',1034
12,12019,'1150742',1035
12,12019,'1150791',1038
12,12019,'1150924',1042
12,12019,'1151080',1043
12,12019,'1151133',1045
12,12019,'1151142',1046
12,12019,'1151177',1047
12,12019,'1151270',1049
12,12019,'1151362',1050
12,12019,'1151391',1051
12,12019,'1151499',1053
12,12019,'1151718',1059
12,12019,'1152145',1067
12,12019,'1152225',1068
12,12019,'1152395',1073
12,12019,'1152487',1075
12,12019,'1152602',1079
12,12019,'1152688',1080
12,12019,'1152713',1081
12,12019,'1152992',1082
12,12019,'1153089',1086
12,12019,'1153148',1087
12,12019,'1153225',1088
12,12019,'1153303',1089
12,12019,'1153363',1091
12,12019,'1153936',1101
12,12019,'1153983',1102
12,12019,'1154016',1103
12,12019,'1154114',1105
12,12019,'1154338',1106
12,12019,'1154371',1108
12,12019,'1154398',1109
12,12019,'1154614',1113
12,12019,'1154699',1114
12,12019,'1154864',1118
12,12019,'1154979',1119
12,12019,'1154992',1120
12,12019,'1155019',1122
12,12019,'1155075',1123
12,12019,'1155095',1124
12,12019,'1155235',1126
12,12019,'1155248',1127
12,12019,'1155350',1131
12,12019,'1155503',1133
12,12029,'1155758',1134
12,12029,'1155760',1135
12,12029,'1155761',1136
12,12029,'1155763',1137
12,12029,'1155764',1138
12,12029,'1155766',1139
12,12029,'1155772',1141
12,12029,'1155776',1143
12,12029,'1155779',1145
12,12029,'1155795',1150
12,12029,'1155797',1151
12,12029,'1155798',1152
12,12029,'1155804',1155
12,12029,'1155821',1161
12,12029,'1155822',1162
12,12029,'1155827',1164
12,12029,'1155832',1167
12,12029,'1155838',1170
12,12029,'1155840',1172
12,12029,'1155845',1175
12,12029,'1155848',1176
12,12029,'1155849',1177
12,12029,'1155850',1178
12,12029,'1155852',1179
12,12029,'1155860',1182
12,12029,'1155861',1183
12,12029,'1155868',1185
12,12029,'1155871',1187
12,12029,'1155872',1188
12,12029,'1155878',1193
12,12029,'1155879',1194
12,12029,'1155880',1195
12,12029,'1155882',1196
12,12029,'1155883',1197
12,12029,'1155884',1198
12,12029,'1155886',1199
12,12029,'1155891',1202
12,12029,'1155901',1207
12,12029,'1155903',1208
12,12029,'1155908',1211
12,12029,'1155909',1212
12,12029,'1155915',1214
12,12029,'1155917',1216
12,12029,'1155920',1218
12,12029,'1155927',1223
12,12029,'1155930',1226
12,12029,'1155932',1227
12,12029,'1155934',1229
12,12029,'1155940',1232
12,12029,'1155942',1233
12,12029,'1155945',1234
12,12029,'1155953',1236
12,12029,'1155963',1242
12,12029,'1155964',1243
13,13019,'1150115',1246
13,13019,'1150207',1247
13,13019,'1150227',1248
13,13019,'1150493',1249
13,13019,'1150585',1251
13,13019,'1150628',1253
13,13019,'1150643',1254
13,13019,'1150645',1255
13,13019,'1150729',1256
13,13019,'1150851',1257
13,13019,'1151123',1265
13,13019,'1151365',1267
13,13019,'1151417',1269
13,13019,'1151524',1273
13,13019,'1151771',1275
13,13019,'1151796',1276
13,13019,'1151799',1277
13,13019,'1151808',1278
13,13019,'1152195',1281
13,13019,'1152254',1283
13,13019,'1152429',1285
13,13019,'1152560',1288
13,13019,'1152603',1289
13,13019,'1152985',1296
13,13019,'1153202',1297
13,13019,'1153301',1300
13,13019,'1153469',1303
13,13019,'1153618',1306
13,13019,'1153699',1310
13,13019,'1154058',1314
13,13019,'1154251',1316
13,13019,'1154276',1317
13,13019,'1154383',1319
13,13019,'1154424',1320
13,13019,'1154456',1321
13,13019,'1154547',1324
13,13019,'1154651',1325
13,13019,'1154956',1327
13,13019,'1155135',1331
13,13019,'1155249',1333
13,13019,'1155251',1334
13,13019,'1155283',1336
13,13019,'1155329',1337
13,13019,'1155371',1339
13,13019,'1155396',1340
13,13029,'1150166',1343
13,13029,'1150192',1344
13,13029,'1150236',1345
13,13029,'1150280',1346
13,13029,'1150428',1348
13,13029,'1150802',1354
13,13029,'1150970',1357
13,13029,'1151261',1361
13,13029,'1151608',1365
13,13029,'1151634',1366
13,13029,'1151678',1369
13,13029,'1151825',1371
13,13029,'1152154',1377
13,13029,'1152196',1378
13,13029,'1152291',1379
13,13029,'1152631',1381
13,13029,'1152685',1382
13,13029,'1152832',1384
13,13029,'1152857',1385
13,13029,'1152875',1386
13,13029,'1153017',1387
13,13029,'1153018',1388
13,13029,'1153194',1392
13,13029,'1153367',1395
13,13029,'1153482',1396
13,13029,'1153582',1398
13,13029,'1153914',1402
13,13029,'1153951',1403
13,13029,'1154032',1406
13,13029,'1154045',1407
13,13029,'1154050',1408
13,13029,'1154418',1414
13,13029,'1154462',1416
13,13029,'1154559',1419
13,13029,'1154667',1421
13,13029,'1154705',1423
13,13029,'1154900',1426
13,13029,'1154948',1427
13,13029,'1155079',1428
13,13029,'1155165',1429
13,13029,'1155317',1433
13,13029,'1155427',1436
13,13029,'1155442',1437
13,13029,'1155494',1438
14,14019,'1150200',1440
14,14019,'1150262',1441
14,14019,'1150337',1443
14,14019,'1150348',1444
14,14019,'1150379',1445
14,14019,'1150712',1451
14,14019,'1151030',1452
14,14019,'1151165',1455
14,14019,'1151250',1456
14,14019,'1151355',1458
14,14019,'1151402',1459
14,14019,'1151531',1462
14,14019,'1151546',1464
14,14019,'1151663',1466
14,14019,'1151708',1468
14,14019,'1151821',1470
14,14019,'1152024',1471
14,14019,'1152219',1473
14,14019,'1152241',1474
14,14019,'1152242',1475
14,14019,'1152324',1479
14,14019,'1152363',1481
14,14019,'1152413',1482
14,14019,'1152541',1485
14,14019,'1152725',1488
14,14019,'1152770',1490
14,14019,'1152772',1491
14,14019,'1152885',1493
14,14019,'1153060',1494
14,14019,'1153371',1499
14,14019,'1153493',1502
14,14019,'1153692',1505
14,14019,'1153780',1506
14,14019,'1153908',1508
14,14019,'1154077',1510
14,14019,'1154090',1511
14,14019,'1154211',1514
14,14019,'1154339',1517
14,14019,'1154509',1520
14,14019,'1154513',1521
14,14019,'1154567',1522
14,14019,'1155390',1531
14,14029,'1150190',1534
14,14029,'1150439',1538
14,14029,'1150459',1539
14,14029,'1150588',1543
14,14029,'1150672',1546
14,14029,'1150717',1547
14,14029,'1150738',1548
14,14029,'1151331',1555
14,14029,'1151766',1558
14,14029,'1151954',1561
14,14029,'1152193',1563
14,14029,'1152310',1566
14,14029,'1152526',1568
14,14029,'1152537',1569
14,14029,'1152587',1573
14,14029,'1152675',1575
14,14029,'1152745',1576
14,14029,'1152748',1577
14,14029,'1152812',1578
14,14029,'1152932',1581
14,14029,'1152939',1582
14,14029,'1153024',1583
14,14029,'1153508',1587
14,14029,'1153585',1591
14,14029,'1153659',1592
14,14029,'1153682',1593
14,14029,'1153912',1596
14,14029,'1154347',1598
14,14029,'1154414',1599
14,14029,'1154420',1600
14,14029,'1154562',1602
14,14029,'1154601',1603
14,14029,'1154633',1605
14,14029,'1154637',1606
14,14029,'1154683',1607
14,14029,'1154906',1611
14,14029,'1154942',1612
14,14029,'1155036',1613
14,14029,'1155042',1614
14,14029,'1155063',1615
14,14029,'1155252',1620
14,14029,'1155490',1625
20,20019,'1150303',1629
20,20019,'1150364',1630
20,20019,'1150489',1631
20,20019,'1150747',1634
20,20019,'1150854',1635
20,20019,'1151024',1637
20,20019,'1151122',1640
20,20019,'1151303',1643
20,20019,'1151373',1647
20,20019,'1151387',1648
20,20019,'1151433',1651
20,20019,'1151762',1656
20,20019,'1151886',1658
20,20019,'1151931',1659
20,20019,'1152721',1670
20,20019,'1152762',1671
20,20019,'1152786',1672
20,20019,'1152918',1675
20,20019,'1153149',1677
20,20019,'1153158',1678
20,20019,'1153200',1680
20,20019,'1153211',1681
20,20019,'1153280',1683
20,20019,'1153430',1684
20,20019,'1153443',1685
20,20019,'1153668',1687
20,20019,'1153787',1688
20,20019,'1153845',1690
20,20019,'1153869',1691
20,20019,'1154012',1692
20,20019,'1154297',1699
20,20019,'1154396',1701
20,20019,'1154561',1703
20,20019,'1154717',1704
20,20019,'1154777',1705
20,20019,'1154972',1708
20,20019,'1155160',1712
20,20019,'1155229',1713
20,20019,'1155285',1714
20,20019,'1155406',1716
20,20019,'1155462',1717
20,20029,'1150443',1720
20,20029,'1150518',1722
20,20029,'1150558',1723
20,20029,'1150595',1724
20,20029,'1150715',1726
20,20029,'1150789',1731
20,20029,'1150855',1732
20,20029,'1150951',1733
20,20029,'1151182',1738
20,20029,'1151252',1739
20,20029,'1151298',1740
20,20029,'1151315',1741
20,20029,'1151530',1742
20,20029,'1151590',1743
20,20029,'1152131',1752
20,20029,'1152153',1753
20,20029,'1152501',1757
20,20029,'1152640',1758
20,20029,'1152750',1759
20,20029,'1152826',1760
20,20029,'1152948',1762
20,20029,'1153117',1763
20,20029,'1153480',1771
20,20029,'1153714',1774
20,20029,'1153811',1776
20,20029,'1153829',1777
20,20029,'1153858',1778
20,20029,'1154049',1779
20,20029,'1154088',1780
20,20029,'1154095',1781
20,20029,'1154425',1790
20,20029,'1154500',1792
20,20029,'1154533',1793
20,20029,'1154750',1796
20,20029,'1154788',1797
20,20029,'1154811',1798
20,20029,'1155011',1799
20,20029,'1155237',1802
20,20029,'1155373',1806
20,20029,'1155443',1808
22,22019,'1150441',1811
22,22019,'1150800',1812
22,22019,'1151346',1813
22,22019,'1152264',1814
22,22019,'1152425',1815
22,22019,'1152712',1817
22,22019,'1152891',1818
22,22019,'1154152',1821
22,22019,'1154488',1822
22,22019,'1154626',1823
22,22029,'1150220',1827
22,22029,'1150933',1828
22,22029,'1150935',1829
22,22029,'1151147',1830
22,22029,'1151839',1832
22,22029,'1152014',1833
22,22029,'1152171',1834
22,22029,'1153526',1837
22,22029,'1154636',1840
22,22029,'1154908',1841
23,23019,'1150641',1846
23,23019,'1150844',1847
23,23019,'1151865',1849
23,23019,'1152093',1850
23,23019,'1152479',1851
23,23019,'1152622',1852
23,23019,'1152908',1853
23,23019,'1153524',1854
23,23019,'1153718',1855
23,23029,'1150768',1859
23,23029,'1151003',1860
23,23029,'1151972',1861
23,23029,'1152184',1863
23,23029,'1152439',1865
23,23029,'1153255',1866
23,23029,'1154303',1867
23,23029,'1155381',1869
23,23029,'1155476',1870
24,24019,'1150105',1871
24,24019,'1150252',1872
24,24019,'1150297',1873
24,24019,'1150370',1876
24,24019,'1150419',1877
24,24019,'1150426',1878
24,24019,'1150718',1885
24,24019,'1150819',1887
24,24019,'1151157',1890
24,24019,'1151201',1891
24,24019,'1151268',1893
24,24019,'1151299',1894
24,24019,'1151600',1897
24,24019,'1151675',1898
24,24019,'1151788',1901
24,24019,'1151937',1903
24,24019,'1152096',1907
24,24019,'1152175',1908
24,24019,'1152438',1911
24,24019,'1152463',1913
24,24019,'1152569',1915
24,24019,'1152830',1917
24,24019,'1153165',1922
24,24019,'1153232',1924
24,24019,'1153313',1926
24,24019,'1153329',1927
24,24019,'1153504',1929
24,24019,'1153783',1934
24,24019,'1153981',1941
24,24019,'1154057',1943
24,24019,'1154255',1944
24,24019,'1154332',1945
24,24019,'1154432',1946
24,24019,'1154504',1947
24,24019,'1154528',1949
24,24019,'1154718',1952
24,24019,'1154886',1953
24,24019,'1154890',1954
24,24019,'1154891',1955
24,24019,'1155021',1956
24,24019,'1155162',1959
24,24019,'1155258',1962
24,24019,'1155344',1965
24,24029,'1150189',1970
24,24029,'1150273',1971
24,24029,'1150702',1975
24,24029,'1150782',1976
24,24029,'1150828',1978
24,24029,'1150842',1979
24,24029,'1151093',1983
24,24029,'1151627',1991
24,24029,'1151815',1992
24,24029,'1151853',1993
24,24029,'1151861',1994
24,24029,'1151934',1995
24,24029,'1151953',1996
24,24029,'1151997',1998
24,24029,'1152062',1999
24,24029,'1152072',2000
24,24029,'1152228',2001
24,24029,'1152271',2002
24,24029,'1152346',2003
24,24029,'1152617',2006
24,24029,'1152880',2007
24,24029,'1153025',2008
24,24029,'1153113',2009
24,24029,'1153402',2016
24,24029,'1153439',2018
24,24029,'1153502',2019
24,24029,'1153621',2020
24,24029,'1153961',2027
24,24029,'1154014',2028
24,24029,'1154023',2029
24,24029,'1154055',2031
24,24029,'1154317',2036
24,24029,'1154514',2040
24,24029,'1154712',2043
24,24029,'1154730',2044
24,24029,'1154757',2045
24,24029,'1154843',2048
24,24029,'1154905',2049
24,24029,'1155045',2051
24,24029,'1155093',2052
24,24029,'1155099',2053
24,24029,'1155144',2054
24,24029,'1155453',2060
25,25019,'1150209',2062
25,25019,'1150247',2063
25,25019,'1150329',2064
25,25019,'1150363',2065
25,25019,'1150425',2066
25,25019,'1150527',2069
25,25019,'1150689',2071
25,25019,'1150696',2072
25,25019,'1150730',2074
25,25019,'1150988',2075
25,25019,'1151062',2076
25,25019,'1151067',2077
25,25019,'1151104',2078
25,25019,'1151242',2079
25,25019,'1151384',2082
25,25019,'1151534',2085
25,25019,'1151656',2086
25,25019,'1151791',2088
25,25019,'1151809',2089
25,25019,'1151820',2090
25,25019,'1151857',2091
25,25019,'1151998',2093
25,25019,'1152331',2098
25,25019,'1152372',2100
25,25019,'1152581',2104
25,25019,'1152998',2110
25,25019,'1153199',2114
25,25019,'1153262',2115
25,25019,'1153285',2118
25,25019,'1153297',2119
25,25019,'1153352',2121
25,25019,'1153432',2123
25,25019,'1153859',2126
25,25019,'1154166',2128
25,25019,'1154390',2131
25,25019,'1154610',2135
25,25019,'1154641',2136
25,25019,'1154763',2140
25,25019,'1154910',2145
25,25019,'1154988',2148
25,25019,'1155012',2149
25,25019,'1155109',2150
25,25019,'1155210',2151
25,25029,'1150098',2156
25,25029,'1150151',2157
25,25029,'1150498',2158
25,25029,'1150759',2162
25,25029,'1150775',2164
25,25029,'1150917',2165
25,25029,'1151077',2170
25,25029,'1151239',2173
25,25029,'1151248',2174
25,25029,'1151251',2175
25,25029,'1151253',2176
25,25029,'1151398',2178
25,25029,'1151422',2179
25,25029,'1151517',2181
25,25029,'1151881',2184
25,25029,'1152003',2187
25,25029,'1152065',2189
25,25029,'1152448',2193
25,25029,'1152495',2194
25,25029,'1152593',2195
25,25029,'1152738',2198
25,25029,'1152975',2204
25,25029,'1153012',2205
25,25029,'1153020',2206
25,25029,'1153090',2207
25,25029,'1153136',2208
25,25029,'1153318',2211
25,25029,'1153599',2214
25,25029,'1153605',2215
25,25029,'1153798',2218
25,25029,'1154201',2226
25,25029,'1154378',2227
25,25029,'1154534',2229
25,25029,'1154602',2230
25,25029,'1154749',2232
25,25029,'1154753',2233
25,25029,'1154917',2237
25,25029,'1155119',2240
25,25029,'1155205',2242
25,25029,'1155264',2244
25,25029,'1155316',2245
25,25029,'1155410',2246
25,25029,'1155414',2247
26,26019,'1150268',2251
26,26019,'1150318',2252
26,26019,'1150654',2253
26,26019,'1150906',2257
26,26019,'1151018',2260
26,26019,'1151114',2261
26,26019,'1151349',2265
26,26019,'1151444',2267
26,26019,'1151445',2268
26,26019,'1151705',2273
26,26019,'1151777',2276
26,26019,'1151814',2278
26,26019,'1152149',2280
26,26019,'1152176',2281
26,26019,'1152424',2285
26,26019,'1152562',2287
26,26019,'1152577',2289
26,26019,'1152595',2290
26,26019,'1152690',2291
26,26019,'1152910',2295
26,26019,'1152959',2297
26,26019,'1153348',2302
26,26019,'1153366',2303
26,26019,'1153674',2307
26,26019,'1154254',2313
26,26019,'1154274',2314
26,26019,'1154301',2316
26,26019,'1154312',2317
26,26019,'1154417',2318
26,26019,'1154436',2319
26,26019,'1154437',2320
26,26019,'1154565',2324
26,26019,'1154582',2325
26,26019,'1154611',2326
26,26019,'1154622',2327
26,26019,'1155308',2334
26,26019,'1155354',2335
26,26029,'1150100',2338
26,26029,'1150123',2339
26,26029,'1150271',2342
26,26029,'1150324',2343
26,26029,'1150367',2344
26,26029,'1150583',2346
26,26029,'1150914',2351
26,26029,'1151447',2358
26,26029,'1151768',2361
26,26029,'1152227',2368
26,26029,'1152563',2373
26,26029,'1152589',2374
26,26029,'1152694',2376
26,26029,'1152967',2379
26,26029,'1153010',2381
26,26029,'1153161',2383
26,26029,'1153226',2385
26,26029,'1153388',2386
26,26029,'1153444',2388
26,26029,'1153679',2393
26,26029,'1153836',2397
26,26029,'1153996',2399
26,26029,'1154146',2401
26,26029,'1154204',2402
26,26029,'1154235',2404
26,26029,'1154258',2405
26,26029,'1154345',2407
26,26029,'1154397',2409
26,26029,'1154512',2410
26,26029,'1154536',2411
26,26029,'1154620',2413
26,26029,'1154679',2414
26,26029,'1154682',2415
26,26029,'1154861',2416
26,26029,'1155188',2420
26,26029,'1155234',2421
26,26029,'1155304',2423
27,27019,'1150137',2425
27,27019,'1150631',2429
27,27019,'1150670',2430
27,27019,'1150840',2434
27,27019,'1150942',2437
27,27019,'1151259',2441
27,27019,'1151292',2443
27,27019,'1151692',2449
27,27019,'1152142',2454
27,27019,'1152177',2456
27,27019,'1152336',2457
27,27019,'1152339',2458
27,27019,'1152364',2461
27,27019,'1152426',2462
27,27019,'1152643',2464
27,27019,'1152766',2465
27,27019,'1152827',2466
27,27019,'1152846',2467
27,27019,'1152906',2469
27,27019,'1152912',2470
27,27019,'1152915',2471
27,27019,'1153074',2472
27,27019,'1153392',2477
27,27019,'1153472',2478
27,27019,'1153709',2483
27,27019,'1153729',2485
27,27019,'1153884',2487
27,27019,'1154003',2488
27,27019,'1154210',2493
27,27019,'1154337',2495
27,27019,'1154494',2498
27,27019,'1154583',2499
27,27019,'1154759',2500
27,27019,'1154847',2501
27,27019,'1155286',2506
27,27019,'1155356',2508
27,27029,'1150111',2511
27,27029,'1150239',2512
27,27029,'1150341',2515
27,27029,'1150413',2517
27,27029,'1150719',2522
27,27029,'1150826',2524
27,27029,'1150872',2526
27,27029,'1151039',2529
27,27029,'1151078',2531
27,27029,'1151186',2532
27,27029,'1151193',2533
27,27029,'1151202',2534
27,27029,'1151342',2536
27,27029,'1151557',2538
27,27029,'1151573',2539
27,27029,'1151880',2544
27,27029,'1151964',2546
27,27029,'1152141',2550
27,27029,'1152349',2551
27,27029,'1152497',2555
27,27029,'1152928',2559
27,27029,'1152982',2560
27,27029,'1152989',2561
27,27029,'1153133',2563
27,27029,'1153160',2564
27,27029,'1153488',2567
27,27029,'1153743',2571
27,27029,'1154044',2574
27,27029,'1154181',2577
27,27029,'1154348',2580
27,27029,'1154516',2582
27,27029,'1154754',2586
27,27029,'1155224',2592
27,27029,'1155349',2594
27,27029,'1155360',2595
27,27029,'1155459',2596
28,28019,'1150119',2597
28,28019,'1150253',2600
28,28019,'1150637',2603
28,28019,'1150649',2604
28,28019,'1150668',2605
28,28019,'1150701',2606
28,28019,'1150944',2609
28,28019,'1151017',2610
28,28019,'1151345',2615
28,28019,'1151408',2619
28,28019,'1151418',2620
28,28019,'1151480',2623
28,28019,'1151539',2626
28,28019,'1151607',2627
28,28019,'1151707',2629
28,28019,'1151756',2630
28,28019,'1151817',2631
28,28019,'1151995',2632
28,28019,'1152009',2633
28,28019,'1152288',2637
28,28019,'1152327',2639
28,28019,'1152496',2643
28,28019,'1153084',2648
28,28019,'1153391',2650
28,28019,'1153447',2651
28,28019,'1153809',2655
28,28019,'1154018',2659
28,28019,'1154326',2667
28,28019,'1154366',2668
28,28019,'1154415',2670
28,28019,'1154553',2671
28,28019,'1154597',2672
28,28019,'1154599',2673
28,28019,'1154608',2674
28,28019,'1154700',2675
28,28019,'1154792',2677
28,28019,'1154878',2678
28,28019,'1154929',2679
28,28019,'1155022',2681
28,28019,'1155051',2682
28,28019,'1155256',2685
28,28019,'1155361',2686
28,28029,'1156056',2693
28,28029,'1156061',2698
28,28029,'1156062',2699
28,28029,'1156063',2700
28,28029,'1156069',2706
28,28029,'1156070',2707
28,28029,'1156076',2713
28,28029,'1156078',2715
28,28029,'1156079',2716
28,28029,'1156083',2720
28,28029,'1156084',2721
28,28029,'1156089',2726
28,28029,'1156091',2728
28,28029,'1156093',2730
28,28029,'1156094',2731
28,28029,'1156095',2732
28,28029,'1156096',2733
28,28029,'1156098',2735
28,28029,'1156100',2737
28,28029,'1156103',2740
28,28029,'1156105',2742
28,28029,'1156106',2743
28,28029,'1156107',2744
28,28029,'1156111',2748
28,28029,'1156117',2754
28,28029,'1156118',2755
28,28029,'1156120',2757
28,28029,'1156121',2758
28,28029,'1156124',2761
28,28029,'1156125',2762
28,28029,'1156126',2763
28,28029,'1156127',2764
28,28029,'1156128',2765
28,28029,'1156130',2767
28,28029,'1156133',2770
28,28029,'1156134',2771
28,28029,'1156135',2772
28,28029,'1156136',2773
28,28029,'1156138',2775
28,28029,'1156140',2777
28,28029,'1156142',2779
28,28029,'1156143',2780
29,29019,'1150216',2785
29,29019,'1150542',2787
29,29019,'1150663',2788
29,29019,'1150707',2789
29,29019,'1150798',2790
29,29019,'1150837',2791
29,29019,'1150850',2792
29,29019,'1151243',2794
29,29019,'1151749',2797
29,29019,'1151947',2798
29,29019,'1152147',2799
29,29019,'1152178',2801
29,29019,'1152251',2802
29,29019,'1152782',2804
29,29019,'1152790',2805
29,29019,'1152913',2806
29,29019,'1153101',2808
29,29019,'1153250',2809
29,29019,'1153364',2810
29,29019,'1153817',2814
29,29019,'1153846',2815
29,29019,'1154151',2816
29,29019,'1154660',2819
29,29019,'1155273',2824
29,29029,'1156000',2826
29,29029,'1156001',2827
29,29029,'1156003',2828
29,29029,'1156005',2830
29,29029,'1156007',2831
29,29029,'1156008',2832
29,29029,'1156010',2834
29,29029,'1156011',2835
29,29029,'1156014',2838
29,29029,'1156017',2841
29,29029,'1156018',2842
29,29029,'1156019',2843
29,29029,'1156022',2846
29,29029,'1156023',2847
29,29029,'1156025',2848
29,29029,'1156030',2852
29,29029,'1156032',2854
29,29029,'1156034',2856
29,29029,'1156037',2859
29,29029,'1156043',2862
29,29029,'1156044',2863
29,29029,'1156045',2864
29,29029,'1156046',2865
29,29029,'1156047',2866
101,101019,'1150144',2867
101,101019,'1150380',2869
101,101019,'1150746',2873
101,101019,'1150862',2874
101,101019,'1150954',2875
101,101019,'1150998',2876
101,101019,'1151001',2877
101,101019,'1151295',2880
101,101019,'1151359',2881
101,101019,'1151610',2883
101,101019,'1151994',2886
101,101019,'1152080',2887
101,101019,'1152371',2888
101,101019,'1152676',2890
101,101019,'1152765',2891
101,101019,'1152944',2893
101,101019,'1153556',2899
101,101019,'1153641',2900
101,101019,'1153864',2903
101,101019,'1154431',2908
101,101019,'1154552',2909
101,101019,'1155432',2913
101,101019,'1155460',2914
101,101029,'1150355',2916
101,101029,'1150535',2919
101,101029,'1150632',2920
101,101029,'1151005',2922
101,101029,'1151171',2924
101,101029,'1151294',2925
101,101029,'1151635',2927
101,101029,'1151840',2929
101,101029,'1152316',2930
101,101029,'1152666',2933
101,101029,'1152802',2934
101,101029,'1153001',2938
101,101029,'1153050',2939
101,101029,'1153195',2941
101,101029,'1153306',2942
101,101029,'1153598',2945
101,101029,'1153935',2949
101,101029,'1154557',2953
101,101029,'1154632',2954
101,101029,'1154742',2955
101,101029,'1154771',2956
101,101029,'1154943',2958
101,101029,'1155502',2962
102,102019,'1150569',2964
102,102019,'1150627',2965
102,102019,'1150699',2966
102,102019,'1150863',2967
102,102019,'1151084',2969
102,102019,'1151787',2975
102,102019,'1151885',2976
102,102019,'1152084',2978
102,102019,'1152215',2986
102,102019,'1152229',2987
102,102019,'1152320',2988
102,102019,'1152337',2989
102,102019,'1152355',2990
102,102019,'1152636',2991
102,102019,'1152650',2992
102,102019,'1152929',2996
102,102019,'1153088',2999
102,102019,'1153135',3000
102,102019,'1153320',3001
102,102019,'1153698',3006
102,102019,'1153746',3008
102,102019,'1154007',3012
102,102019,'1154026',3013
102,102019,'1154131',3015
102,102019,'1154161',3016
102,102019,'1154713',3020
102,102019,'1154782',3021
102,102019,'1154957',3022
102,102019,'1155014',3023
102,102019,'1155062',3024
102,102019,'1155467',3027
102,102029,'1150114',3028
102,102029,'1150311',3029
102,102029,'1150365',3031
102,102029,'1150624',3033
102,102029,'1151025',3035
102,102029,'1151033',3036
102,102029,'1151098',3037
102,102029,'1151612',3042
102,102029,'1151626',3043
102,102029,'1151712',3045
102,102029,'1152179',3051
102,102029,'1152187',3052
102,102029,'1152338',3054
102,102029,'1152412',3055
102,102029,'1152737',3061
102,102029,'1152743',3063
102,102029,'1152778',3064
102,102029,'1152823',3065
102,102029,'1152926',3067
102,102029,'1152934',3068
102,102029,'1152972',3069
102,102029,'1152993',3070
102,102029,'1153440',3074
102,102029,'1153653',3075
102,102029,'1153772',3079
102,102029,'1153821',3081
102,102029,'1153896',3082
102,102029,'1154767',3086
102,102029,'1154835',3088
102,102029,'1154970',3090
102,102029,'1155173',3092
102,102029,'1155411',3093
103,103019,'1150581',3099
103,103019,'1150650',3100
103,103019,'1150807',3102
103,103019,'1151036',3105
103,103019,'1151535',3109
103,103019,'1151614',3112
103,103019,'1151765',3115
103,103019,'1151829',3116
103,103019,'1152005',3120
103,103019,'1152137',3121
103,103019,'1152317',3124
103,103019,'1152724',3126
103,103019,'1152808',3128
103,103019,'1153162',3130
103,103019,'1153376',3132
103,103019,'1153872',3136
103,103019,'1153926',3137
103,103019,'1154277',3140
103,103019,'1154296',3141
103,103019,'1154523',3142
103,103019,'1154594',3143
103,103019,'1154619',3144
103,103019,'1154654',3145
103,103019,'1154776',3146
103,103019,'1154794',3148
103,103019,'1154815',3149
103,103019,'1154837',3150
103,103019,'1154924',3152
103,103029,'1155767',3159
103,103029,'1155769',3160
103,103029,'1155770',3161
103,103029,'1155780',3163
103,103029,'1155784',3165
103,103029,'1155785',3166
103,103029,'1155786',3167
103,103029,'1155788',3169
103,103029,'1155799',3173
103,103029,'1155807',3176
103,103029,'1155808',3177
103,103029,'1155815',3180
103,103029,'1155818',3181
103,103029,'1155823',3184
103,103029,'1155825',3185
103,103029,'1155828',3186
103,103029,'1155835',3189
103,103029,'1155847',3191
103,103029,'1155858',3194
103,103029,'1155885',3198
103,103029,'1155900',3201
103,103029,'1155902',3202
103,103029,'1155922',3204
103,103029,'1155923',3205
103,103029,'1155944',3208
103,103029,'1155948',3210
103,103029,'1155949',3211
103,103029,'1155958',3214
104,104019,'1150219',3218
104,104019,'1150233',3219
104,104019,'1150270',3220
104,104019,'1150434',3222
104,104019,'1150608',3223
104,104019,'1151426',3230
104,104019,'1151651',3233
104,104019,'1151672',3234
104,104019,'1151690',3235
104,104019,'1151783',3237
104,104019,'1152092',3242
104,104019,'1152111',3243
104,104019,'1152610',3248
104,104019,'1152754',3249
104,104019,'1152794',3251
104,104019,'1152800',3252
104,104019,'1152901',3253
104,104019,'1152965',3255
104,104019,'1153030',3257
104,104019,'1153383',3259
104,104019,'1153406',3260
104,104019,'1153572',3261
104,104019,'1153574',3262
104,104019,'1153609',3263
104,104019,'1154064',3265
104,104019,'1154112',3267
104,104019,'1154354',3268
104,104019,'1154530',3272
104,104019,'1154669',3273
104,104019,'1154762',3274
104,104019,'1155060',3276
104,104019,'1155114',3277
104,104019,'1155175',3278
104,104019,'1155177',3279
104,104019,'1155190',3280
104,104019,'1155233',3284
104,104019,'1155306',3287
104,104029,'1150508',3292
104,104029,'1150833',3301
104,104029,'1150856',3302
104,104029,'1151008',3304
104,104029,'1151097',3305
104,104029,'1151285',3310
104,104029,'1151623',3312
104,104029,'1151632',3313
104,104029,'1151639',3314
104,104029,'1151734',3316
104,104029,'1151896',3319
104,104029,'1152059',3322
104,104029,'1152405',3325
104,104029,'1152789',3333
104,104029,'1153825',3339
104,104029,'1154373',3341
104,104029,'1154842',3344
104,104029,'1154990',3347
104,104029,'1155225',3350
104,104029,'1155342',3352
104,104029,'1155435',3353
104,104029,'1174582',4339
104,104029,'1174742',4340
104,104029,'1174783',4341
104,104029,'1174936',4342
104,104029,'1175045',4343
104,104029,'1175446',4344
104,104029,'1175466',4345
104,104029,'1175637',4346
104,104029,'1175833',4347
104,104029,'1175995',4348
104,104029,'1176420',4349
104,104029,'1176424',4350
104,104029,'1176552',4351
104,104029,'1177233',4352
104,104029,'1181155',4353
104,104029,'1181212',4354
104,104029,'1181411',4355
104,104029,'1181445',4356
104,104029,'1181463',4357
104,104029,'1181465',4358
104,104029,'1181610',4359
104,104029,'1181818',4360
104,104029,'1181976',4361
104,104029,'1181990',4362
104,104029,'1182344',4363
104,104029,'1182649',4364
104,104029,'1182756',4365
104,104029,'1182765',4366
104,104029,'1183191',4367
104,104029,'1183225',4368
104,104029,'1183615',4369
104,104029,'1183699',4370
104,104029,'1183734',4371
104,104029,'1184115',4372
104,104029,'1184200',4373
105,105019,'1150133',3356
105,105019,'1150519',3358
105,105019,'1150723',3359
105,105019,'1150755',3360
105,105019,'1150957',3364
105,105019,'1150991',3365
105,105019,'1151148',3367
105,105019,'1151174',3368
105,105019,'1151428',3371
105,105019,'1151680',3374
105,105019,'1151743',3375
105,105019,'1152002',3380
105,105019,'1152300',3381
105,105019,'1152360',3382
105,105019,'1152386',3383
105,105019,'1152506',3384
105,105019,'1152547',3385
105,105019,'1152647',3386
105,105019,'1152697',3387
105,105019,'1153054',3390
105,105019,'1153337',3392
105,105019,'1153487',3393
105,105019,'1153863',3395
105,105019,'1153895',3397
105,105019,'1154206',3398
105,105019,'1154598',3402
105,105019,'1154605',3403
105,105019,'1154691',3404
105,105019,'1154711',3406
105,105019,'1154821',3407
105,105019,'1154915',3409
105,105019,'1154933',3410
105,105019,'1155111',3412
105,105019,'1155143',3413
105,105019,'1155198',3415
105,105019,'1155339',3419
105,105019,'1155343',3420
105,105019,'1155497',3421
105,105029,'1150199',3422
105,105029,'1150361',3424
105,105029,'1150640',3425
105,105029,'1150831',3427
105,105029,'1150967',3428
105,105029,'1151263',3431
105,105029,'1151286',3432
105,105029,'1151500',3433
105,105029,'1151551',3434
105,105029,'1151563',3435
105,105029,'1151643',3437
105,105029,'1151929',3440
105,105029,'1152027',3442
105,105029,'1152064',3445
105,105029,'1152144',3447
105,105029,'1152244',3449
105,105029,'1152289',3450
105,105029,'1152606',3454
105,105029,'1152997',3457
105,105029,'1153205',3458
105,105029,'1153333',3459
105,105029,'1153409',3461
105,105029,'1153442',3464
105,105029,'1153503',3465
105,105029,'1153624',3467
105,105029,'1153688',3468
105,105029,'1154104',3474
105,105029,'1154267',3476
105,105029,'1154372',3477
105,105029,'1154485',3479
105,105029,'1154581',3481
105,105029,'1154663',3482
105,105029,'1154768',3486
105,105029,'1154987',3487
105,105029,'1155078',3488
105,105029,'1155257',3489
105,105029,'1155338',3490
106,106019,'1151884',3491
106,106019,'1152474',3492
106,106019,'1152524',3493
106,106019,'1152767',3494
106,106019,'1154013',3495
106,106019,'1155307',3496
106,106029,'1150415',3497
106,106029,'1152319',3498
106,106029,'1153399',3499
106,106029,'1153977',3500
106,106029,'1155105',3501
106,106029,'1155380',3502
140001,140001019,'1150287',3510
140001,140001019,'1150304',3511
140001,140001019,'1150384',3513
140001,140001019,'1150451',3517
140001,140001019,'1150506',3518
140001,140001019,'1150536',3519
140001,140001019,'1150598',3521
140001,140001019,'1150609',3522
140001,140001019,'1150610',3523
140001,140001019,'1150664',3524
140001,140001019,'1150692',3525
140001,140001019,'1150716',3526
140001,140001019,'1150784',3527
140001,140001019,'1150853',3528
140001,140001019,'1150869',3529
140001,140001019,'1150882',3530
140001,140001019,'1151105',3536
140001,140001019,'1151119',3537
140001,140001019,'1151195',3538
140001,140001019,'1151208',3539
140001,140001019,'1151216',3541
140001,140001019,'1151218',3542
140001,140001019,'1151225',3543
140001,140001019,'1151265',3544
140001,140001019,'1151361',3548
140001,140001019,'1151371',3549
140001,140001019,'1151441',3550
140001,140001019,'1151470',3551
140001,140001019,'1151474',3553
140001,140001019,'1151528',3554
140001,140001019,'1151558',3555
140001,140001019,'1151606',3559
140001,140001019,'1151654',3562
140001,140001019,'1151658',3563
140001,140001019,'1151695',3565
140001,140001019,'1151710',3567
140001,140001019,'1151751',3571
140001,140001019,'1151754',3572
140001,140001019,'1151804',3573
140001,140001019,'1151901',3576
140001,140001019,'1152066',3579
140001,140001019,'1152068',3580
140001,140001019,'1152104',3581
140001,140001019,'1152107',3582
140001,140001019,'1152123',3583
140001,140001019,'1152165',3584
140001,140001019,'1152232',3585
140001,140001019,'1152240',3586
140001,140001019,'1152423',3590
140001,140001019,'1152471',3592
140001,140001019,'1152480',3593
140001,140001019,'1152565',3597
140001,140001019,'1152674',3600
140001,140001019,'1152758',3604
140001,140001019,'1152773',3605
140001,140001019,'1152818',3606
140001,140001019,'1152831',3607
140001,140001019,'1152874',3608
140001,140001019,'1152907',3610
140001,140001019,'1152920',3611
140001,140001019,'1152942',3614
140001,140001019,'1152950',3615
140001,140001019,'1152961',3616
140001,140001019,'1152981',3618
140001,140001019,'1152999',3619
140001,140001019,'1153096',3620
140001,140001019,'1153139',3622
140001,140001019,'1153145',3623
140001,140001019,'1153153',3624
140001,140001019,'1153208',3626
140001,140001019,'1153252',3628
140001,140001019,'1153294',3629
140001,140001019,'1153322',3631
140001,140001019,'1153327',3632
140001,140001019,'1153380',3635
140001,140001019,'1153393',3637
140001,140001019,'1153607',3642
140001,140001019,'1153629',3644
140001,140001019,'1153737',3645
140001,140001019,'1153742',3646
140001,140001019,'1153757',3647
140001,140001019,'1153879',3648
140001,140001019,'1153928',3649
140001,140001019,'1153949',3651
140001,140001019,'1153978',3653
140001,140001019,'1154051',3655
140001,140001019,'1154078',3656
140001,140001019,'1154230',3662
140001,140001019,'1154259',3663
140001,140001019,'1154323',3665
140001,140001019,'1154329',3667
140001,140001019,'1154451',3670
140001,140001019,'1154489',3671
140001,140001019,'1154490',3672
140001,140001019,'1154529',3673
140001,140001019,'1154538',3674
140001,140001019,'1154628',3676
140001,140001019,'1154634',3677
140001,140001019,'1154642',3678
140001,140001019,'1154758',3681
140001,140001019,'1154789',3682
140001,140001019,'1154820',3683
140001,140001019,'1154851',3684
140001,140001019,'1154866',3685
140001,140001019,'1154965',3687
140001,140001019,'1154991',3689
140001,140001019,'1154994',3690
140001,140001019,'1155094',3691
140001,140001019,'1155108',3692
140001,140001019,'1155222',3698
140001,140001019,'1155223',3699
140001,140001019,'1155228',3700
140001,140001019,'1155236',3702
140001,140001019,'1155259',3703
140001,140001019,'1155279',3704
140001,140001019,'1155314',3705
140001,140001019,'1155327',3707
140001,140001019,'1155399',3709
140001,140001019,'1155422',3710
140001,140001019,'1155482',3711
140001,140001029,'1150107',3712
140001,140001029,'1150153',3714
140001,140001029,'1150285',3718
140001,140001029,'1150345',3720
140001,140001029,'1150377',3722
140001,140001029,'1150391',3725
140001,140001029,'1150407',3726
140001,140001029,'1150453',3727
140001,140001029,'1150462',3728
140001,140001029,'1150529',3730
140001,140001029,'1150555',3732
140001,140001029,'1150559',3733
140001,140001029,'1150603',3734
140001,140001029,'1150660',3736
140001,140001029,'1150758',3738
140001,140001029,'1150812',3742
140001,140001029,'1150969',3746
140001,140001029,'1151075',3747
140001,140001029,'1151083',3748
140001,140001029,'1151132',3749
140001,140001029,'1151187',3753
140001,140001029,'1151190',3754
140001,140001029,'1151211',3755
140001,140001029,'1151220',3756
140001,140001029,'1151255',3758
140001,140001029,'1151297',3759
140001,140001029,'1151376',3763
140001,140001029,'1151388',3765
140001,140001029,'1151430',3767
140001,140001029,'1151583',3772
140001,140001029,'1151585',3773
140001,140001029,'1151597',3774
140001,140001029,'1151676',3776
140001,140001029,'1151682',3777
140001,140001029,'1151698',3778
140001,140001029,'1151726',3781
140001,140001029,'1151760',3783
140001,140001029,'1151781',3784
140001,140001029,'1151793',3786
140001,140001029,'1151812',3787
140001,140001029,'1151837',3790
140001,140001029,'1151882',3791
140001,140001029,'1151969',3792
140001,140001029,'1152073',3795
140001,140001029,'1152090',3796
140001,140001029,'1152101',3798
140001,140001029,'1152157',3800
140001,140001029,'1152234',3802
140001,140001029,'1152255',3803
140001,140001029,'1152278',3805
140001,140001029,'1152287',3806
140001,140001029,'1152299',3807
140001,140001029,'1152375',3808
140001,140001029,'1152383',3809
140001,140001029,'1152402',3810
140001,140001029,'1152437',3811
140001,140001029,'1152493',3814
140001,140001029,'1152528',3818
140001,140001029,'1152530',3819
140001,140001029,'1152532',3820
140001,140001029,'1152635',3824
140001,140001029,'1152653',3825
140001,140001029,'1152735',3826
140001,140001029,'1152747',3827
140001,140001029,'1152751',3828
140001,140001029,'1152759',3829
140001,140001029,'1152783',3830
140001,140001029,'1152811',3833
140001,140001029,'1152854',3834
140001,140001029,'1152865',3835
140001,140001029,'1152945',3836
140001,140001029,'1152973',3837
140001,140001029,'1152983',3838
140001,140001029,'1153104',3839
140001,140001029,'1153197',3841
140001,140001029,'1153253',3843
140001,140001029,'1153265',3844
140001,140001029,'1153267',3845
140001,140001029,'1153287',3846
140001,140001029,'1153315',3847
140001,140001029,'1153339',3848
140001,140001029,'1153342',3850
140001,140001029,'1153372',3852
140001,140001029,'1153465',3853
140001,140001029,'1153475',3854
140001,140001029,'1153486',3856
140001,140001029,'1153536',3857
140001,140001029,'1153567',3858
140001,140001029,'1153584',3860
140001,140001029,'1153592',3861
140001,140001029,'1153654',3862
140001,140001029,'1153683',3864
140001,140001029,'1153820',3866
140001,140001029,'1154107',3873
140001,140001029,'1154113',3874
140001,140001029,'1154137',3876
140001,140001029,'1154215',3878
140001,140001029,'1154249',3879
140001,140001029,'1154385',3881
140001,140001029,'1154399',3882
140001,140001029,'1154474',3884
140001,140001029,'1154555',3886
140001,140001029,'1154579',3887
140001,140001029,'1154703',3890
140001,140001029,'1154716',3891
140001,140001029,'1154813',3893
140001,140001029,'1154814',3894
140001,140001029,'1154828',3895
140001,140001029,'1154875',3897
140001,140001029,'1155029',3903
140001,140001029,'1155046',3904
140001,140001029,'1155054',3905
140001,140001029,'1155081',3906
140001,140001029,'1155141',3909
140001,140001029,'1155189',3911
140001,140001029,'1155197',3912
140001,140001029,'1155294',3915
140001,140001029,'1155302',3916
140001,140001029,'1155305',3917
140001,140001029,'1155377',3918
190001,190001019,'1150167',3927
190001,190001019,'1150378',3940
190001,190001019,'1150412',3943
190001,190001019,'1150432',3944
190001,190001019,'1150455',3945
190001,190001019,'1150496',3950
190001,190001019,'1150557',3955
190001,190001019,'1150567',3956
190001,190001019,'1150623',3964
190001,190001019,'1150669',3965
190001,190001019,'1150671',3966
190001,190001019,'1150695',3969
190001,190001019,'1150743',3972
190001,190001019,'1150792',3977
190001,190001019,'1150857',3981
190001,190001019,'1150903',3986
190001,190001019,'1150953',3989
190001,190001019,'1150955',3990
190001,190001019,'1150978',3991
190001,190001019,'1150995',3992
190001,190001019,'1151072',4000
190001,190001019,'1151099',4002
190001,190001019,'1151128',4004
190001,190001019,'1151153',4008
190001,190001019,'1151340',4014
190001,190001019,'1151382',4016
190001,190001019,'1151419',4020
190001,190001019,'1151431',4021
190001,190001019,'1151438',4022
190001,190001019,'1151519',4028
190001,190001019,'1151569',4031
190001,190001019,'1151650',4036
190001,190001019,'1151674',4038
190001,190001019,'1151688',4039
190001,190001019,'1151700',4040
190001,190001019,'1151776',4043
190001,190001019,'1151790',4047
190001,190001019,'1151826',4051
190001,190001019,'1151848',4054
190001,190001019,'1151893',4058
190001,190001019,'1151946',4060
190001,190001019,'1151966',4061
190001,190001019,'1151973',4062
190001,190001019,'1152132',4072
190001,190001019,'1152136',4073
190001,190001019,'1152230',4077
190001,190001019,'1152295',4084
190001,190001019,'1152305',4085
190001,190001019,'1152312',4086
190001,190001019,'1152361',4087
190001,190001019,'1152368',4088
190001,190001019,'1152486',4094
190001,190001019,'1152529',4095
190001,190001019,'1152673',4102
190001,190001019,'1152703',4103
190001,190001019,'1152726',4104
190001,190001019,'1152753',4106
190001,190001019,'1152787',4107
190001,190001019,'1152813',4109
190001,190001019,'1152879',4119
190001,190001019,'1152958',4126
190001,190001019,'1152980',4131
190001,190001019,'1152987',4132
190001,190001019,'1153002',4134
190001,190001019,'1153044',4138
190001,190001019,'1153081',4143
190001,190001019,'1153116',4148
190001,190001019,'1153184',4153
190001,190001019,'1153224',4155
190001,190001019,'1153249',4156
190001,190001019,'1153258',4157
190001,190001019,'1153260',4159
190001,190001019,'1153314',4164
190001,190001019,'1153317',4165
190001,190001019,'1153361',4167
190001,190001019,'1153398',4169
190001,190001019,'1153481',4173
190001,190001019,'1153496',4175
190001,190001019,'1153611',4181
190001,190001019,'1153722',4189
190001,190001019,'1153725',4190
190001,190001019,'1153756',4193
190001,190001019,'1153781',4199
190001,190001019,'1153816',4204
190001,190001019,'1153882',4206
190001,190001019,'1153969',4209
190001,190001019,'1154141',4220
190001,190001019,'1154159',4223
190001,190001019,'1154180',4224
190001,190001019,'1154219',4229
190001,190001019,'1154273',4234
190001,190001019,'1154358',4243
190001,190001019,'1154413',4248
190001,190001019,'1154439',4250
190001,190001019,'1154452',4252
190001,190001019,'1154708',4270
190001,190001019,'1154720',4271
190001,190001019,'1154801',4274
190001,190001019,'1154809',4275
190001,190001019,'1154826',4279
190001,190001019,'1154831',4280
190001,190001019,'1154832',4281
190001,190001019,'1154885',4283
190001,190001019,'1154918',4285
190001,190001019,'1154962',4287
190001,190001019,'1154986',4293
190001,190001019,'1155003',4295
190001,190001019,'1155067',4299
190001,190001019,'1155074',4301
190001,190001019,'1155158',4310
190001,190001019,'1155163',4312
190001,190001019,'1155181',4313
190001,190001019,'1155208',4314
190001,190001019,'1155242',4316
190001,190001019,'1155284',4318
190001,190001019,'1155351',4325
190001,190001019,'1155362',4328
190001,190001019,'1155407',4330
190001,190001019,'1155492',4334
190001,190001019,'1155509',4336
190001,190001019,'1155522',4337
190001,190001029,'1150129',3923
190001,190001029,'1150221',3928
190001,190001029,'1150261',3932
190001,190001029,'1150317',3934
190001,190001029,'1150323',3936
190001,190001029,'1150326',3937
190001,190001029,'1150371',3939
190001,190001029,'1150463',3946
190001,190001029,'1150467',3948
190001,190001029,'1150530',3951
190001,190001029,'1150605',3959
190001,190001029,'1150700',3970
190001,190001029,'1150770',3975
190001,190001029,'1150865',3982
190001,190001029,'1150887',3984
190001,190001029,'1150891',3985
190001,190001029,'1150910',3987
190001,190001029,'1151015',3994
190001,190001029,'1151019',3995
190001,190001029,'1151022',3996
190001,190001029,'1151146',4006
190001,190001029,'1151308',4012
190001,190001029,'1151334',4013
190001,190001029,'1151383',4017
190001,190001029,'1151399',4018
190001,190001029,'1151410',4019
190001,190001029,'1151450',4024
190001,190001029,'1151461',4025
190001,190001029,'1151471',4026
190001,190001029,'1151532',4029
190001,190001029,'1151622',4033
190001,190001029,'1151649',4035
190001,190001029,'1151652',4037
190001,190001029,'1151755',4042
190001,190001029,'1151778',4044
190001,190001029,'1151835',4053
190001,190001029,'1151851',4055
190001,190001029,'1151867',4057
190001,190001029,'1151941',4059
190001,190001029,'1152013',4063
190001,190001029,'1152049',4067
190001,190001029,'1152277',4081
190001,190001029,'1152292',4083
190001,190001029,'1152433',4091
190001,190001029,'1152611',4096
190001,190001029,'1152619',4098
190001,190001029,'1152641',4099
190001,190001029,'1152642',4100
190001,190001029,'1152671',4101
190001,190001029,'1152729',4105
190001,190001029,'1152816',4110
190001,190001029,'1152836',4112
190001,190001029,'1152897',4120
190001,190001029,'1152898',4121
190001,190001029,'1152903',4122
190001,190001029,'1152933',4123
190001,190001029,'1152946',4124
190001,190001029,'1152957',4125
190001,190001029,'1152979',4130
190001,190001029,'1153028',4137
190001,190001029,'1153063',4140
190001,190001029,'1153069',4142
190001,190001029,'1153087',4144
190001,190001029,'1153094',4145
190001,190001029,'1153180',4151
190001,190001029,'1153259',4158
190001,190001029,'1153305',4162
190001,190001029,'1153328',4166
190001,190001029,'1153379',4168
190001,190001029,'1153468',4170
190001,190001029,'1153471',4172
190001,190001029,'1153535',4178
190001,190001029,'1153710',4185
190001,190001029,'1153717',4188
190001,190001029,'1153754',4192
190001,190001029,'1153759',4195
190001,190001029,'1153779',4198
190001,190001029,'1153791',4201
190001,190001029,'1153796',4203
190001,190001029,'1154047',4216
190001,190001029,'1154056',4217
190001,190001029,'1154092',4219
190001,190001029,'1154144',4221
190001,190001029,'1154192',4226
190001,190001029,'1154194',4227
190001,190001029,'1154283',4236
190001,190001029,'1154294',4237
190001,190001029,'1154319',4239
190001,190001029,'1154363',4244
190001,190001029,'1154387',4245
190001,190001029,'1154428',4249
190001,190001029,'1154446',4251
190001,190001029,'1154457',4253
190001,190001029,'1154476',4255
190001,190001029,'1154483',4256
190001,190001029,'1154606',4259
190001,190001029,'1154631',4262
190001,190001029,'1154666',4267
190001,190001029,'1154698',4268
190001,190001029,'1154735',4272
190001,190001029,'1154819',4277
190001,190001029,'1154825',4278
190001,190001029,'1154967',4289
190001,190001029,'1154974',4291
190001,190001029,'1154982',4292
190001,190001029,'1155035',4297
190001,190001029,'1155059',4298
190001,190001029,'1155085',4302
190001,190001029,'1155117',4303
190001,190001029,'1155121',4304
190001,190001029,'1155122',4305
190001,190001029,'1155134',4307
190001,190001029,'1155216',4315
190001,190001029,'1155287',4319
190001,190001029,'1155299',4322
190001,190001029,'1155348',4324
190001,190001029,'1155357',4326
190001,190001029,'1155358',4327
190001,190001029,'1155429',4332
190001,190001029,'1155491',4333
190001,190001029,'1155499',4335
