29029,'1184496',1934,,6107,3,,,0
29029,'1184548',2234,,6108,3,,,0
29029,'1184602',1050,,6109,3,,,0
29029,'1184681',934,,6110,3,,,0
29029,'1184958',2034,,6111,3,,,0
29029,'1185054',950,,6112,3,,,0
29029,'1185079',1235,,6113,3,,,0
29029,'1185411',1350,,6114,3,,,0
29029,'1185428',2334,,6115,3,,,0
29029,'1185454',1550,,6116,3,,,0
29029,'1185554',1035,,6117,3,,,0
29029,'1185817',1450,,6118,3,,,0
29029,'1185830',1335,,6119,3,,,0
29029,'1186029',1150,,6120,3,,,0
29029,'1186121',1250,,6121,3,,,0
29029,'1186538',1435,,6122,3,,,0
29029,'1186653',1735,,6123,3,,,0
29029,'1186838',1535,,6124,3,,,0
29029,'1186879',834,,6125,3,,,0
29029,'1186880',1135,,6126,3,,,0
29029,'1186895',1834,,6127,3,,,0
29029,'1186928',2134,,6128,3,,,0
29029,'1187082',1635,,6129,3,,,0
29029,'1187112',734,,6130,3,,,0
190001029,'1184490',1655,,6961,14,,,0
190001029,'1184527',1157,,6962,14,,,0
190001029,'1184534',855,,6963,14,,,0
190001029,'1184609',640,,6964,14,,,0
190001029,'1184616',1042,,6965,14,,,0
190001029,'1184651',2040,,6966,14,,,0
190001029,'1184661',1627,,6967,14,,,0
190001029,'1184721',2340,,6968,14,,,0
190001029,'1184789',640,,6969,14,,,0
190001029,'1184791',2140,,6970,14,,,0
190001029,'1184794',1340,,6971,14,,,0
190001029,'1184799',1257,,6972,14,,,0
190001029,'1184802',2400,,6973,14,,,0
190001029,'1184839',825,,6974,14,,,0
190001029,'1184889',2210,,6975,14,,,0
190001029,'1184906',1242,,6976,14,,,0
190001029,'1184944',1442,,6977,14,,,0
190001029,'1184980',1955,,6978,14,,,0
190001029,'1184997',1457,,6979,14,,,0
190001029,'1185017',2140,,6980,14,,,0
190001029,'1185025',1355,,6981,14,,,0
190001029,'1185053',1227,,6982,14,,,0
190001029,'1185071',1657,,6983,14,,,0
190001029,'1185119',2240,,6984,14,,,0
190001029,'1185120',1625,,6985,14,,,0
190001029,'1185125',1112,,6986,14,,,0
190001029,'1185166',1055,,6987,14,,,0
190001029,'1185167',1755,,6988,14,,,0
190001029,'1185180',2040,,6989,14,,,0
190001029,'1185201',1825,,6990,14,,,0
190001029,'1185223',1740,,6991,14,,,0
190001029,'1185234',925,,6992,14,,,0
190001029,'1185246',710,,6993,14,,,0
190001029,'1185252',1012,,6994,14,,,0
190001029,'1185262',1255,,6995,14,,,0
190001029,'1185321',2010,,6996,14,,,0
190001029,'1185331',1925,,6997,14,,,0
190001029,'1185351',910,,6998,14,,,0
190001029,'1185355',1527,,6999,14,,,0
190001029,'1185367',910,,7000,14,,,0
190001029,'1185389',2110,,7001,14,,,0
190001029,'1185390',1810,,7002,14,,,0
190001029,'1185410',2310,,7003,14,,,0
190001029,'1185424',810,,7004,14,,,0
190001029,'1185432',740,,7005,14,,,0
190001029,'1185483',1127,,7006,14,,,0
190001029,'1185504',1612,,7007,14,,,0
190001029,'1185587',1510,,7008,14,,,0
190001029,'1185591',1327,,7009,14,,,0
190001029,'1185606',1557,,7010,14,,,0
190001029,'1185626',1840,,7011,14,,,0
190001029,'1185646',1225,,7012,14,,,0
190001029,'1185689',1512,,7013,14,,,0
190001029,'1185714',1142,,7014,14,,,0
190001029,'1185744',1357,,7015,14,,,0
190001029,'1185775',1540,,7016,14,,,0
190001029,'1185855',1410,,7017,14,,,0
190001029,'1185865',955,,7018,14,,,0
190001029,'1185898',1640,,7019,14,,,0
190001029,'1185905',1855,,7020,14,,,0
190001029,'1185932',1642,,7021,14,,,0
190001029,'1185962',755,,7022,14,,,0
190001029,'1186000',1140,,7023,14,,,0
190001029,'1186001',725,,7024,14,,,0
190001029,'1186004',1210,,7025,14,,,0
190001029,'1186023',1240,,7026,14,,,0
190001029,'1186073',1455,,7027,14,,,0
190001029,'1186074',610,,7028,14,,,0
190001029,'1186081',940,,7029,14,,,0
190001029,'1186094',2055,,7030,14,,,0
190001029,'1186100',1725,,7031,14,,,0
190001029,'1186108',1155,,7032,14,,,0
190001029,'1186109',1710,,7033,14,,,0
190001029,'1186134',1312,,7034,14,,,0
190001029,'1186143',1412,,7035,14,,,0
190001029,'1186171',1755,,7036,14,,,0
190001029,'1186182',1025,,7037,14,,,0
190001029,'1186183',2025,,7038,14,,,0
190001029,'1186248',625,,7039,14,,,0
190001029,'1186250',1325,,7040,14,,,0
190001029,'1186307',1910,,7041,14,,,0
190001029,'1186324',2010,,7042,14,,,0
190001029,'1186336',655,,7043,14,,,0
190001029,'1186400',740,,7044,14,,,0
190001029,'1186407',1525,,7045,14,,,0
190001029,'1186448',1555,,7046,14,,,0
190001029,'1186468',1610,,7047,14,,,0
190001029,'1186469',1027,,7048,14,,,0
190001029,'1186472',1825,,7049,14,,,0
190001029,'1186480',1910,,7050,14,,,0
190001029,'1186542',1010,,7051,14,,,0
190001029,'1186570',840,,7052,14,,,0
190001029,'1186592',1727,,7053,14,,,0
190001029,'1186617',1440,,7054,14,,,0
190001029,'1186627',2125,,7055,14,,,0
190001029,'1186718',2310,,7056,14,,,0
190001029,'1186758',1040,,7057,14,,,0
190001029,'1186764',1110,,7058,14,,,0
190001029,'1186808',2240,,7059,14,,,0
190001029,'1186828',1342,,7060,14,,,0
190001029,'1186840',940,,7061,14,,,0
190001029,'1186842',1940,,7062,14,,,0
190001029,'1186847',2110,,7063,14,,,0
190001029,'1186858',1310,,7064,14,,,0
190001029,'1186862',955,,7065,14,,,0
190001029,'1186865',1425,,7066,14,,,0
190001029,'1186868',1940,,7067,14,,,0
190001029,'1186899',1810,,7068,14,,,0
190001029,'1186910',2210,,7069,14,,,0
190001029,'1186923',810,,7070,14,,,0
190001029,'1186947',710,,7071,14,,,0
190001029,'1186965',1542,,7072,14,,,0
190001029,'1186988',1057,,7073,14,,,0
190001029,'1186997',1125,,7074,14,,,0
190001029,'1187034',840,,7075,14,,,0
190001029,'1187119',1212,,7076,14,,,0
190001029,'1187129',1740,,7077,14,,,0
190001029,'1187140',2340,,7078,14,,,0
190001029,'1187146',1712,,7079,14,,,0
190001029,'1187167',1840,,7080,14,,,0
190001029,'1187176',1427,,7081,14,,,0
190001029,'1187611',1542,,7082,14,,,0
190001029,'1187612',710,,7083,14,,,0
190001029,'1187613',1342,,7084,14,,,0
190001029,'1187614',2010,,7085,14,,,0
190001029,'1187615',1755,,7086,14,,,0
190001029,'1187616',1825,,7087,14,,,0
190001029,'1187617',1155,,7088,14,,,0
190001029,'1187618',1255,,7089,14,,,0
190001029,'1187619',1840,,7090,14,,,0
190001029,'1187620',1040,,7091,14,,,0
190001029,'1187621',1710,,7092,14,,,0
190001029,'1187622',810,,7093,14,,,0
190001029,'1187623',1055,,7094,14,,,0
190001029,'1187624',1855,,7095,14,,,0
190001029,'1187625',2340,,7096,14,,,0
190001029,'1187626',940,,7097,14,,,0
190001029,'1187627',1423,,7098,14,,,0
190001029,'1187628',2023,,7099,14,,,0
190001029,'1187629',1640,,7100,14,,,0
190001029,'1187630',825,,7101,14,,,0
190001029,'1187631',1810,,7102,14,,,0
190001029,'1187632',2140,,7103,14,,,0
190001029,'1187633',1740,,7104,14,,,0
190001029,'1187634',2110,,7105,14,,,0
190001029,'1187635',1727,,7106,14,,,0
190001029,'1187636',2125,,7107,14,,,0
190001029,'1187637',2340,,7108,14,,,0
190001029,'1187638',1157,,7109,14,,,0
190001029,'1187639',755,,7110,14,,,0
190001029,'1187640',1440,,7111,14,,,0
190001029,'1187641',2210,,7112,14,,,0
190001029,'1187642',1627,,7113,14,,,0
190001029,'1187643',710,,7114,14,,,0
190001029,'1187644',923,,7115,14,,,0
190001029,'1187645',1340,,7116,14,,,0
190001029,'1187646',1225,,7117,14,,,0
190001029,'1187647',1323,,7118,14,,,0
190001029,'1187648',1123,,7119,14,,,0
190001029,'1187649',1257,,7120,14,,,0
190001029,'1187650',910,,7121,14,,,0
190001029,'1187651',1442,,7122,14,,,0
190001029,'1187652',740,,7123,14,,,0
190001029,'1187653',823,,7124,14,,,0
190001029,'1187654',2310,,7125,14,,,0
190001029,'1187655',1125,,7126,14,,,0
190001029,'1187656',2140,,7127,14,,,0
190001029,'1187657',855,,7128,14,,,0
190001029,'1187658',2040,,7129,14,,,0
190001029,'1187659',1625,,7130,14,,,0
190001029,'1187660',1110,,7131,14,,,0
190001029,'1187661',1412,,7132,14,,,0
190001029,'1187662',1327,,7133,14,,,0
190001029,'1187663',1227,,7134,14,,,0
190001029,'1187664',2223,,7135,14,,,0
190001029,'1187665',1540,,7136,14,,,0
190001029,'1187666',1410,,7137,14,,,0
190001029,'1187667',725,,7138,14,,,0
190001029,'1187668',2110,,7139,14,,,0
190001029,'1187669',910,,7140,14,,,0
190001029,'1187670',1525,,7141,14,,,0
190001029,'1187671',2025,,7142,14,,,0
190001029,'1187672',1925,,7143,14,,,0
190001029,'1187673',1312,,7144,14,,,0
190001029,'1187674',640,,7145,14,,,0
190001029,'1187675',625,,7146,14,,,0
190001029,'1187676',1740,,7147,14,,,0
190001029,'1187677',1242,,7148,14,,,0
190001029,'1187678',1642,,7149,14,,,0
190001029,'1187679',1755,,7150,14,,,0
190001029,'1187680',1112,,7151,14,,,0
190001029,'1187681',1712,,7152,14,,,0
190001029,'1187682',1023,,7153,14,,,0
190001029,'1187683',1557,,7154,14,,,0
190001029,'1187684',1955,,7155,14,,,0
190001029,'1187685',2123,,7156,14,,,0
190001029,'1187686',1657,,7157,14,,,0
190001029,'1187687',1725,,7158,14,,,0
190001029,'1187688',2400,,7159,14,,,0
190001029,'1187689',1825,,7160,14,,,0
190001029,'1187690',2323,,7161,14,,,0
190001029,'1187691',1012,,7162,14,,,0
190001029,'1187692',2055,,7163,14,,,0
190001029,'1187693',2240,,7164,14,,,0
190001029,'1187694',1127,,7165,14,,,0
190001029,'1187695',1240,,7166,14,,,0
190001029,'1187696',1140,,7167,14,,,0
190001029,'1187697',1510,,7168,14,,,0
190001029,'1187698',610,,7169,14,,,0
190001029,'1187699',1057,,7170,14,,,0
190001029,'1187700',1610,,7171,14,,,0
190001029,'1187701',1325,,7172,14,,,0
190001029,'1187702',1923,,7173,14,,,0
190001029,'1187703',1357,,7174,14,,,0
190001029,'1187704',940,,7175,14,,,0
190001029,'1187705',955,,7176,14,,,0
190001029,'1187706',1555,,7177,14,,,0
190001029,'1187707',1840,,7178,14,,,0
190001029,'1187708',1612,,7179,14,,,0
190001029,'1187709',2240,,7180,14,,,0
190001029,'1187710',1355,,7181,14,,,0
190001029,'1187711',1527,,7182,14,,,0
190001029,'1187712',1027,,7183,14,,,0
190001029,'1187713',1910,,7184,14,,,0
190001029,'1187714',1457,,7185,14,,,0
190001029,'1187715',1210,,7186,14,,,0
190001029,'1187716',955,,7187,14,,,0
190001029,'1187717',2040,,7188,14,,,0
190001029,'1187718',840,,7189,14,,,0
190001029,'1187719',1142,,7190,14,,,0
190001029,'1187720',1823,,7191,14,,,0
190001029,'1187721',925,,7192,14,,,0
190001029,'1187722',1042,,7193,14,,,0
190001029,'1187723',655,,7194,14,,,0
190001029,'1187724',640,,7195,14,,,0
190001029,'1187725',1025,,7196,14,,,0
190001029,'1187726',1723,,7197,14,,,0
190001029,'1187727',1940,,7198,14,,,0
190001029,'1187728',1512,,7199,14,,,0
190001029,'1187729',840,,7200,14,,,0
190001029,'1187730',1623,,7201,14,,,0
190001029,'1187731',2210,,7202,14,,,0
190001029,'1187732',1427,,7203,14,,,0
190001029,'1187733',810,,7204,14,,,0
190001029,'1187734',1940,,7205,14,,,0
190001029,'1187735',1223,,7206,14,,,0
190001029,'1187736',1010,,7207,14,,,0
190001029,'1187737',1810,,7208,14,,,0
190001029,'1187738',1655,,7209,14,,,0
190001029,'1187739',1425,,7210,14,,,0
190001029,'1187740',1455,,7211,14,,,0
190001029,'1187741',2010,,7212,14,,,0
190001029,'1187742',1910,,7213,14,,,0
190001029,'1187743',1310,,7214,14,,,0
190001029,'1187744',2310,,7215,14,,,0
190001029,'1187745',1523,,7216,14,,,0
190001029,'1187746',740,,7217,14,,,0
190001029,'1187747',723,,7218,14,,,0
190001029,'1187748',1212,,7219,14,,,0
