10019,'1184691',1350,,4721,17,,,0
10019,'1184710',2120,,4722,17,,,0
10019,'1184932',1250,,4726,17,,,0
10019,'1185103',2220,,4729,17,,,0
10019,'1185108',1050,,4730,17,,,0
10019,'1185124',1920,,4731,17,,,0
10019,'1185169',1820,,4734,17,,,0
10019,'1185191',1550,,4735,17,,,0
10019,'1185284',820,,4737,17,,,0
10019,'1185473',1520,,4740,17,,,0
10019,'1185618',1650,,4745,17,,,0
10019,'1185672',650,,4747,17,,,0
10019,'1185811',1620,,4751,17,,,0
10019,'1185902',1450,,4753,17,,,0
10019,'1186039',850,,4754,17,,,0
10019,'1186042',1720,,4755,17,,,0
10019,'1186096',2020,,4757,17,,,0
10019,'1186123',950,,4758,17,,,0
10019,'1186300',720,,4763,17,,,0
10019,'1186511',920,,4766,17,,,0
10019,'1186560',1750,,4768,17,,,0
10019,'1186575',620,,4769,17,,,0
10019,'1186626',2320,,4770,17,,,0
10019,'1186729',1150,,4772,17,,,0
10019,'1187036',750,,4775,17,,,0
12019,'1184525',1331,,4978,23,,,0
12019,'1184629',1830,,4980,23,,,0
12019,'1184761',1701,,4983,23,,,0
12019,'1184786',1301,,4985,23,,,0
12019,'1184787',1101,,4986,23,,,0
12019,'1184885',1501,,4988,23,,,0
12019,'1184933',630,,4989,23,,,0
12019,'1185003',830,,4991,23,,,0
12019,'1185098',1930,,4995,23,,,0
12019,'1185121',730,,4996,23,,,0
12019,'1185271',2230,,4999,23,,,0
12019,'1185305',1801,,5000,23,,,0
12019,'1185383',1000,,5001,23,,,0
12019,'1185614',1731,,5007,23,,,0
12019,'1185634',1531,,5008,23,,,0
12019,'1185678',1030,,5009,23,,,0
12019,'1185724',1431,,5010,23,,,0
12019,'1185785',2030,,5012,23,,,0
12019,'1185860',1631,,5013,23,,,0
12019,'1185982',1401,,5015,23,,,0
12019,'1186032',2330,,5018,23,,,0
12019,'1186235',1231,,5024,23,,,0
12019,'1186399',900,,5028,23,,,0
12019,'1186555',800,,5030,23,,,0
12019,'1186611',2130,,5031,23,,,0
12019,'1186615',1201,,5032,23,,,0
12019,'1186667',930,,5035,23,,,0
12019,'1186735',1131,,5039,23,,,0
12019,'1186753',1601,,5040,23,,,0
12019,'1186907',700,,5043,23,,,0
