190001029,'1184490',1650,,6961,6,,,0
190001029,'1184527',1150,,6962,6,,,0
190001029,'1184534',850,,6963,6,,,0
190001029,'1184609',635,,6964,6,,,0
190001029,'1184616',1035,,6965,6,,,0
190001029,'1184651',2035,,6966,6,,,0
190001029,'1184661',1620,,6967,6,,,0
190001029,'1184721',2335,,6968,6,,,0
190001029,'1184789',635,,6969,6,,,0
190001029,'1184791',2135,,6970,6,,,0
190001029,'1184794',1335,,6971,6,,,0
190001029,'1184799',1250,,6972,6,,,0
190001029,'1184802',2355,,6973,6,,,0
190001029,'1184839',820,,6974,6,,,0
190001029,'1184889',2205,,6975,6,,,0
190001029,'1184906',1235,,6976,6,,,0
190001029,'1184944',1435,,6977,6,,,0
190001029,'1184980',1950,,6978,6,,,0
190001029,'1184997',1450,,6979,6,,,0
190001029,'1185017',2135,,6980,6,,,0
190001029,'1185025',1350,,6981,6,,,0
190001029,'1185053',1220,,6982,6,,,0
190001029,'1185071',1650,,6983,6,,,0
190001029,'1185119',2235,,6984,6,,,0
190001029,'1185120',1620,,6985,6,,,0
190001029,'1185125',1105,,6986,6,,,0
190001029,'1185166',1050,,6987,6,,,0
190001029,'1185167',1750,,6988,6,,,0
190001029,'1185180',2035,,6989,6,,,0
190001029,'1185201',1820,,6990,6,,,0
190001029,'1185223',1735,,6991,6,,,0
190001029,'1185234',920,,6992,6,,,0
190001029,'1185246',705,,6993,6,,,0
190001029,'1185252',1005,,6994,6,,,0
190001029,'1185262',1250,,6995,6,,,0
190001029,'1185321',2005,,6996,6,,,0
190001029,'1185331',1920,,6997,6,,,0
190001029,'1185351',905,,6998,6,,,0
190001029,'1185355',1520,,6999,6,,,0
190001029,'1185367',905,,7000,6,,,0
190001029,'1185389',2105,,7001,6,,,0
190001029,'1185390',1805,,7002,6,,,0
190001029,'1185410',2305,,7003,6,,,0
190001029,'1185424',805,,7004,6,,,0
190001029,'1185432',735,,7005,6,,,0
190001029,'1185483',1120,,7006,6,,,0
190001029,'1185504',1605,,7007,6,,,0
190001029,'1185587',1505,,7008,6,,,0
190001029,'1185591',1320,,7009,6,,,0
190001029,'1185606',1550,,7010,6,,,0
190001029,'1185626',1835,,7011,6,,,0
190001029,'1185646',1220,,7012,6,,,0
190001029,'1185689',1505,,7013,6,,,0
190001029,'1185714',1135,,7014,6,,,0
190001029,'1185744',1350,,7015,6,,,0
190001029,'1185775',1535,,7016,6,,,0
190001029,'1185855',1405,,7017,6,,,0
190001029,'1185865',950,,7018,6,,,0
190001029,'1185898',1635,,7019,6,,,0
190001029,'1185905',1850,,7020,6,,,0
190001029,'1185932',1635,,7021,6,,,0
190001029,'1185962',750,,7022,6,,,0
190001029,'1186000',1135,,7023,6,,,0
190001029,'1186001',720,,7024,6,,,0
190001029,'1186004',1205,,7025,6,,,0
190001029,'1186023',1235,,7026,6,,,0
190001029,'1186073',1450,,7027,6,,,0
190001029,'1186074',605,,7028,6,,,0
190001029,'1186081',935,,7029,6,,,0
190001029,'1186094',2050,,7030,6,,,0
190001029,'1186100',1720,,7031,6,,,0
190001029,'1186108',1150,,7032,6,,,0
190001029,'1186109',1705,,7033,6,,,0
190001029,'1186134',1305,,7034,6,,,0
190001029,'1186143',1405,,7035,6,,,0
190001029,'1186171',1750,,7036,6,,,0
190001029,'1186182',1020,,7037,6,,,0
190001029,'1186183',2020,,7038,6,,,0
190001029,'1186248',620,,7039,6,,,0
190001029,'1186250',1320,,7040,6,,,0
190001029,'1186307',1905,,7041,6,,,0
190001029,'1186324',2005,,7042,6,,,0
190001029,'1186336',650,,7043,6,,,0
190001029,'1186400',735,,7044,6,,,0
190001029,'1186407',1520,,7045,6,,,0
190001029,'1186448',1550,,7046,6,,,0
190001029,'1186468',1605,,7047,6,,,0
190001029,'1186469',1020,,7048,6,,,0
190001029,'1186472',1820,,7049,6,,,0
190001029,'1186480',1905,,7050,6,,,0
190001029,'1186542',1005,,7051,6,,,0
190001029,'1186570',835,,7052,6,,,0
190001029,'1186592',1720,,7053,6,,,0
190001029,'1186617',1435,,7054,6,,,0
190001029,'1186627',2120,,7055,6,,,0
190001029,'1186718',2305,,7056,6,,,0
190001029,'1186758',1035,,7057,6,,,0
190001029,'1186764',1105,,7058,6,,,0
190001029,'1186808',2235,,7059,6,,,0
190001029,'1186828',1335,,7060,6,,,0
190001029,'1186840',935,,7061,6,,,0
190001029,'1186842',1935,,7062,6,,,0
190001029,'1186847',2105,,7063,6,,,0
190001029,'1186858',1305,,7064,6,,,0
190001029,'1186862',950,,7065,6,,,0
190001029,'1186865',1420,,7066,6,,,0
190001029,'1186868',1935,,7067,6,,,0
190001029,'1186899',1805,,7068,6,,,0
190001029,'1186910',2205,,7069,6,,,0
190001029,'1186923',805,,7070,6,,,0
190001029,'1186947',705,,7071,6,,,0
190001029,'1186965',1535,,7072,6,,,0
190001029,'1186988',1050,,7073,6,,,0
190001029,'1186997',1120,,7074,6,,,0
190001029,'1187034',835,,7075,6,,,0
190001029,'1187119',1205,,7076,6,,,0
190001029,'1187129',1735,,7077,6,,,0
190001029,'1187140',2335,,7078,6,,,0
190001029,'1187146',1705,,7079,6,,,0
190001029,'1187167',1835,,7080,6,,,0
190001029,'1187176',1420,,7081,6,,,0
190001029,'1187611',1535,,7082,6,,,0
190001029,'1187612',705,,7083,6,,,0
190001029,'1187613',1335,,7084,6,,,0
190001029,'1187614',2005,,7085,6,,,0
190001029,'1187615',1750,,7086,6,,,0
190001029,'1187616',1820,,7087,6,,,0
190001029,'1187617',1150,,7088,6,,,0
190001029,'1187618',1250,,7089,6,,,0
190001029,'1187619',1835,,7090,6,,,0
190001029,'1187620',1035,,7091,6,,,0
190001029,'1187621',1705,,7092,6,,,0
190001029,'1187622',805,,7093,6,,,0
190001029,'1187623',1050,,7094,6,,,0
190001029,'1187624',1850,,7095,6,,,0
190001029,'1187625',2335,,7096,6,,,0
190001029,'1187626',935,,7097,6,,,0
190001029,'1187627',1419,,7098,6,,,0
190001029,'1187628',2019,,7099,6,,,0
190001029,'1187629',1635,,7100,6,,,0
190001029,'1187630',820,,7101,6,,,0
190001029,'1187631',1805,,7102,6,,,0
190001029,'1187632',2135,,7103,6,,,0
190001029,'1187633',1735,,7104,6,,,0
190001029,'1187634',2105,,7105,6,,,0
190001029,'1187635',1720,,7106,6,,,0
190001029,'1187636',2120,,7107,6,,,0
190001029,'1187637',2335,,7108,6,,,0
190001029,'1187638',1150,,7109,6,,,0
190001029,'1187639',750,,7110,6,,,0
190001029,'1187640',1435,,7111,6,,,0
190001029,'1187641',2205,,7112,6,,,0
190001029,'1187642',1620,,7113,6,,,0
190001029,'1187643',705,,7114,6,,,0
190001029,'1187644',919,,7115,6,,,0
190001029,'1187645',1335,,7116,6,,,0
190001029,'1187646',1220,,7117,6,,,0
190001029,'1187647',1319,,7118,6,,,0
190001029,'1187648',1119,,7119,6,,,0
190001029,'1187649',1250,,7120,6,,,0
190001029,'1187650',905,,7121,6,,,0
190001029,'1187651',1435,,7122,6,,,0
190001029,'1187652',735,,7123,6,,,0
190001029,'1187653',819,,7124,6,,,0
190001029,'1187654',2305,,7125,6,,,0
190001029,'1187655',1120,,7126,6,,,0
190001029,'1187656',2135,,7127,6,,,0
190001029,'1187657',850,,7128,6,,,0
190001029,'1187658',2035,,7129,6,,,0
190001029,'1187659',1620,,7130,6,,,0
190001029,'1187660',1105,,7131,6,,,0
190001029,'1187661',1405,,7132,6,,,0
190001029,'1187662',1320,,7133,6,,,0
190001029,'1187663',1220,,7134,6,,,0
190001029,'1187664',2219,,7135,6,,,0
190001029,'1187665',1535,,7136,6,,,0
190001029,'1187666',1405,,7137,6,,,0
190001029,'1187667',720,,7138,6,,,0
190001029,'1187668',2105,,7139,6,,,0
190001029,'1187669',905,,7140,6,,,0
190001029,'1187670',1520,,7141,6,,,0
190001029,'1187671',2020,,7142,6,,,0
190001029,'1187672',1920,,7143,6,,,0
190001029,'1187673',1305,,7144,6,,,0
190001029,'1187674',635,,7145,6,,,0
190001029,'1187675',620,,7146,6,,,0
190001029,'1187676',1735,,7147,6,,,0
190001029,'1187677',1235,,7148,6,,,0
190001029,'1187678',1635,,7149,6,,,0
190001029,'1187679',1750,,7150,6,,,0
190001029,'1187680',1105,,7151,6,,,0
190001029,'1187681',1705,,7152,6,,,0
190001029,'1187682',1019,,7153,6,,,0
190001029,'1187683',1550,,7154,6,,,0
190001029,'1187684',1950,,7155,6,,,0
190001029,'1187685',2119,,7156,6,,,0
190001029,'1187686',1650,,7157,6,,,0
190001029,'1187687',1720,,7158,6,,,0
190001029,'1187688',2355,,7159,6,,,0
190001029,'1187689',1820,,7160,6,,,0
190001029,'1187690',2319,,7161,6,,,0
190001029,'1187691',1005,,7162,6,,,0
190001029,'1187692',2050,,7163,6,,,0
190001029,'1187693',2235,,7164,6,,,0
190001029,'1187694',1120,,7165,6,,,0
190001029,'1187695',1235,,7166,6,,,0
190001029,'1187696',1135,,7167,6,,,0
190001029,'1187697',1505,,7168,6,,,0
190001029,'1187698',605,,7169,6,,,0
190001029,'1187699',1050,,7170,6,,,0
190001029,'1187700',1605,,7171,6,,,0
190001029,'1187701',1320,,7172,6,,,0
190001029,'1187702',1919,,7173,6,,,0
190001029,'1187703',1350,,7174,6,,,0
190001029,'1187704',935,,7175,6,,,0
190001029,'1187705',950,,7176,6,,,0
190001029,'1187706',1550,,7177,6,,,0
190001029,'1187707',1835,,7178,6,,,0
190001029,'1187708',1605,,7179,6,,,0
190001029,'1187709',2235,,7180,6,,,0
190001029,'1187710',1350,,7181,6,,,0
190001029,'1187711',1520,,7182,6,,,0
190001029,'1187712',1020,,7183,6,,,0
190001029,'1187713',1905,,7184,6,,,0
190001029,'1187714',1450,,7185,6,,,0
190001029,'1187715',1205,,7186,6,,,0
190001029,'1187716',950,,7187,6,,,0
190001029,'1187717',2035,,7188,6,,,0
190001029,'1187718',835,,7189,6,,,0
190001029,'1187719',1135,,7190,6,,,0
190001029,'1187720',1819,,7191,6,,,0
190001029,'1187721',920,,7192,6,,,0
190001029,'1187722',1035,,7193,6,,,0
190001029,'1187723',650,,7194,6,,,0
190001029,'1187724',635,,7195,6,,,0
190001029,'1187725',1020,,7196,6,,,0
190001029,'1187726',1719,,7197,6,,,0
190001029,'1187727',1935,,7198,6,,,0
190001029,'1187728',1505,,7199,6,,,0
190001029,'1187729',835,,7200,6,,,0
190001029,'1187730',1619,,7201,6,,,0
190001029,'1187731',2205,,7202,6,,,0
190001029,'1187732',1420,,7203,6,,,0
190001029,'1187733',805,,7204,6,,,0
190001029,'1187734',1935,,7205,6,,,0
190001029,'1187735',1219,,7206,6,,,0
190001029,'1187736',1005,,7207,6,,,0
190001029,'1187737',1805,,7208,6,,,0
190001029,'1187738',1650,,7209,6,,,0
190001029,'1187739',1420,,7210,6,,,0
190001029,'1187740',1450,,7211,6,,,0
190001029,'1187741',2005,,7212,6,,,0
190001029,'1187742',1905,,7213,6,,,0
190001029,'1187743',1305,,7214,6,,,0
190001029,'1187744',2305,,7215,6,,,0
190001029,'1187745',1519,,7216,6,,,0
190001029,'1187746',735,,7217,6,,,0
190001029,'1187747',719,,7218,6,,,0
190001029,'1187748',1205,,7219,6,,,0
