12019,'1184525',1333,,4978,27,,,0
12019,'1184629',1832,,4980,27,,,0
12019,'1184761',1703,,4983,27,,,0
12019,'1184786',1303,,4985,27,,,0
12019,'1184787',1103,,4986,27,,,0
12019,'1184885',1503,,4988,27,,,0
12019,'1184933',632,,4989,27,,,0
12019,'1185003',832,,4991,27,,,0
12019,'1185098',1932,,4995,27,,,0
12019,'1185121',732,,4996,27,,,0
12019,'1185271',2232,,4999,27,,,0
12019,'1185305',1803,,5000,27,,,0
12019,'1185383',1002,,5001,27,,,0
12019,'1185614',1733,,5007,27,,,0
12019,'1185634',1533,,5008,27,,,0
12019,'1185678',1032,,5009,27,,,0
12019,'1185724',1433,,5010,27,,,0
12019,'1185785',2032,,5012,27,,,0
12019,'1185860',1633,,5013,27,,,0
12019,'1185982',1403,,5015,27,,,0
12019,'1186032',2332,,5018,27,,,0
12019,'1186235',1233,,5024,27,,,0
12019,'1186399',902,,5028,27,,,0
12019,'1186555',802,,5030,27,,,0
12019,'1186611',2132,,5031,27,,,0
12019,'1186615',1203,,5032,27,,,0
12019,'1186667',932,,5035,27,,,0
12019,'1186735',1133,,5039,27,,,0
12019,'1186753',1603,,5040,27,,,0
12019,'1186907',702,,5043,27,,,0
