11019,'1184526',2222,,4837,14,,,0
11019,'1184558',1123,,4838,14,,,0
11019,'1184570',852,,4839,14,,,0
11019,'1184627',1353,,4840,14,,,0
11019,'1184646',2252,,4841,14,,,0
11019,'1184679',2322,,4842,14,,,0
11019,'1184687',1723,,4843,14,,,0
11019,'1184719',1922,,4844,14,,,0
11019,'1184732',952,,4845,14,,,0
11019,'1184759',1653,,4847,14,,,0
11019,'1184769',722,,4848,14,,,0
11019,'1184814',1523,,4849,14,,,0
11019,'1184824',652,,4850,14,,,0
11019,'1184835',652,,4851,14,,,0
11019,'1184858',1053,,4852,14,,,0
11019,'1185068',1822,,4855,14,,,0
11019,'1185073',1223,,4856,14,,,0
11019,'1185206',1553,,4857,14,,,0
11019,'1185225',2122,,4859,14,,,0
11019,'1185298',1653,,4860,14,,,0
11019,'1185369',1153,,4862,14,,,0
11019,'1185409',2152,,4863,14,,,0
11019,'1185422',1053,,4864,14,,,0
11019,'1185545',752,,4866,14,,,0
11019,'1185559',922,,4867,14,,,0
11019,'1185662',1453,,4870,14,,,0
11019,'1185710',2352,,4872,14,,,0
11019,'1185776',1022,,4874,14,,,0
11019,'1185795',1523,,4875,14,,,0
11019,'1185900',1223,,4877,14,,,0
11019,'1186027',1253,,4880,14,,,0
11019,'1186051',852,,4881,14,,,0
11019,'1186120',1553,,4882,14,,,0
11019,'1186124',752,,4883,14,,,0
11019,'1186241',2052,,4884,14,,,0
11019,'1186252',1723,,4885,14,,,0
11019,'1186257',1453,,4886,14,,,0
11019,'1186291',952,,4887,14,,,0
11019,'1186326',1623,,4888,14,,,0
11019,'1186347',1323,,4889,14,,,0
11019,'1186419',1623,,4892,14,,,0
11019,'1186475',822,,4893,14,,,0
11019,'1186499',2022,,4894,14,,,0
11019,'1186523',1323,,4895,14,,,0
11019,'1186528',1852,,4896,14,,,0
11019,'1186543',1253,,4897,14,,,0
11019,'1186565',622,,4898,14,,,0
11019,'1186593',1952,,4899,14,,,0
11019,'1186722',1353,,4901,14,,,0
11019,'1186872',1753,,4902,14,,,0
11019,'1186939',1153,,4903,14,,,0
11019,'1186960',1423,,4904,14,,,0
11019,'1187079',1753,,4905,14,,,0
11019,'1187164',1423,,4907,14,,,0
11029,'1184506',1359,,4908,17,,,0
11029,'1184513',829,,4909,17,,,0
11029,'1184541',629,,4910,17,,,0
11029,'1184557',1829,,4911,17,,,0
11029,'1184766',1729,,4912,17,,,0
11029,'1184779',1559,,4913,17,,,0
11029,'1184795',929,,4914,17,,,0
11029,'1184850',1529,,4915,17,,,0
11029,'1184878',2159,,4917,17,,,0
11029,'1184880',1329,,4918,17,,,0
11029,'1185026',1359,,4920,17,,,0
11029,'1185042',1729,,4921,17,,,0
11029,'1185074',2229,,4922,17,,,0
11029,'1185127',1429,,4924,17,,,0
11029,'1185162',1259,,4925,17,,,0
11029,'1185277',1559,,4926,17,,,0
11029,'1185286',729,,4927,17,,,0
11029,'1185292',1629,,4928,17,,,0
11029,'1185293',959,,4929,17,,,0
11029,'1185336',2404,,4930,17,,,0
11029,'1185344',1959,,4931,17,,,0
11029,'1185436',1459,,4932,17,,,0
11029,'1185494',1059,,4934,17,,,0
11029,'1185535',1929,,4935,17,,,0
11029,'1185549',1029,,4936,17,,,0
11029,'1185677',659,,4938,17,,,0
11029,'1185922',1659,,4941,17,,,0
11029,'1185954',2029,,4943,17,,,0
11029,'1185961',759,,4944,17,,,0
11029,'1186012',1159,,4945,17,,,0
11029,'1186142',1659,,4948,17,,,0
11029,'1186219',1029,,4949,17,,,0
11029,'1186286',1129,,4950,17,,,0
11029,'1186289',2129,,4951,17,,,0
11029,'1186409',929,,4953,17,,,0
11029,'1186424',2259,,4955,17,,,0
11029,'1186439',1459,,4956,17,,,0
11029,'1186506',2059,,4957,17,,,0
11029,'1186509',1259,,4958,17,,,0
11029,'1186514',1229,,4959,17,,,0
11029,'1186544',859,,4960,17,,,0
11029,'1186550',729,,4961,17,,,0
11029,'1186618',1129,,4963,17,,,0
11029,'1186643',829,,4965,17,,,0
11029,'1186737',1529,,4966,17,,,0
11029,'1186756',1229,,4967,17,,,0
11029,'1186773',1759,,4968,17,,,0
11029,'1186853',1329,,4971,17,,,0
11029,'1186855',1859,,4972,17,,,0
11029,'1186936',2329,,4974,17,,,0
11029,'1186937',1629,,4975,17,,,0
11029,'1187025',1429,,4976,17,,,0
11029,'1187113',1159,,4977,17,,,0
