3019,'1150305',820,,311,28,,,0
3019,'1150481',1221,,313,28,,,0
3019,'1150563',821,,315,28,,,0
3019,'1150811',1820,,317,28,,,0
3019,'1150889',1121,,319,28,,,0
3019,'1151035',1421,,321,28,,,0
3019,'1151203',951,,325,28,,,0
3019,'1151213',1521,,326,28,,,0
3019,'1151256',2320,,328,28,,,0
3019,'1151321',921,,329,28,,,0
3019,'1151393',2050,,330,28,,,0
3019,'1151400',651,,331,28,,,0
3019,'1151491',1221,,332,28,,,0
3019,'1151513',1721,,334,28,,,0
3019,'1151779',1051,,339,28,,,0
3019,'1151871',2020,,343,28,,,0
3019,'1151922',2320,,344,28,,,0
3019,'1152057',1721,,347,28,,,0
3019,'1152063',1521,,348,28,,,0
3019,'1152202',2150,,350,28,,,0
3019,'1152231',1451,,351,28,,,0
3019,'1152571',851,,352,28,,,0
3019,'1152669',1820,,354,28,,,0
3019,'1153248',1950,,365,28,,,0
3019,'1153272',720,,366,28,,,0
3019,'1153282',2020,,367,28,,,0
3019,'1153300',1321,,368,28,,,0
3019,'1153438',1651,,373,28,,,0
3019,'1153604',1751,,375,28,,,0
3019,'1153670',1020,,377,28,,,0
3019,'1153676',2220,,378,28,,,0
3019,'1153785',1351,,380,28,,,0
3019,'1153853',1621,,381,28,,,0
3019,'1154020',1121,,384,28,,,0
3019,'1154065',2420,,386,28,,,0
3019,'1154163',1920,,387,28,,,0
3019,'1154275',1251,,388,28,,,0
3019,'1154394',2120,,390,28,,,0
3019,'1154423',751,,391,28,,,0
3019,'1154499',2120,,394,28,,,0
3019,'1154600',1021,,395,28,,,0
3019,'1154623',1850,,397,28,,,0
3019,'1154659',1621,,398,28,,,0
3019,'1154779',2410,,399,28,,,0
3019,'1154791',920,,400,28,,,0
3019,'1154895',1321,,402,28,,,0
3019,'1154981',1151,,403,28,,,0
3019,'1155129',1551,,404,28,,,0
3019,'1155147',721,,405,28,,,0
3019,'1155272',1920,,407,28,,,0
3019,'1155323',1421,,408,28,,,0
3019,'1155504',2220,,412,28,,,0
4019,'1150173',1413,,519,16,,,0
4019,'1150739',745,,520,16,,,0
4019,'1150908',1743,,521,16,,,0
4019,'1150956',1613,,522,16,,,0
4019,'1151139',1543,,523,16,,,0
4019,'1151875',844,,524,16,,,0
4019,'1152822',714,,525,16,,,0
4019,'1153216',1643,,526,16,,,0
4019,'1153770',1713,,527,16,,,0
4019,'1154133',814,,528,16,,,0
4019,'1154229',1343,,529,16,,,0
4019,'1154526',914,,530,16,,,0
4019,'1154911',1513,,531,16,,,0
4019,'1155331',943,,532,16,,,0
4019,'1155513',1443,,533,16,,,0
