105029,'1150199',2000,,3422,16,,,0
105029,'1150361',630,,3424,16,,,0
105029,'1150640',1216,,3425,16,,,0
105029,'1150831',1615,,3427,16,,,0
105029,'1150967',1715,,3428,16,,,0
105029,'1151263',1716,,3431,16,,,0
105029,'1151286',2200,,3432,16,,,0
105029,'1151500',1431,,3433,16,,,0
105029,'1151551',613,,3434,16,,,0
105029,'1151563',1830,,3435,16,,,0
105029,'1151643',1815,,3437,16,,,0
105029,'1151929',813,,3440,16,,,0
105029,'1152027',1316,,3442,16,,,0
105029,'1152064',1746,,3445,16,,,0
105029,'1152144',2405,,3447,16,,,0
105029,'1152244',2213,,3449,16,,,0
105029,'1152289',1015,,3450,16,,,0
105029,'1152606',1515,,3454,16,,,0
105029,'1152997',1315,,3457,16,,,0
105029,'1153205',2013,,3458,16,,,0
105029,'1153333',1415,,3459,16,,,0
105029,'1153409',1115,,3461,16,,,0
105029,'1153442',2300,,3464,16,,,0
105029,'1153503',1001,,3465,16,,,0
105029,'1153624',1401,,3467,16,,,0
105029,'1153688',1646,,3468,16,,,0
105029,'1154104',1531,,3474,16,,,0
105029,'1154267',800,,3476,16,,,0
105029,'1154372',2100,,3477,16,,,0
105029,'1154485',700,,3479,16,,,0
105029,'1154581',2413,,3481,16,,,0
105029,'1154663',1616,,3482,16,,,0
105029,'1154768',1501,,3486,16,,,0
105029,'1154987',1101,,3487,16,,,0
105029,'1155078',900,,3488,16,,,0
105029,'1155257',1215,,3489,16,,,0
105029,'1155338',730,,3490,16,,,0
106019,'1151884',1545,,3491,16,,,0
106019,'1152474',944,,3492,16,,,0
106019,'1152524',829,,3493,16,,,0
106019,'1152767',714,,3494,16,,,0
106019,'1154013',1815,,3495,16,,,0
106019,'1155307',1700,,3496,16,,,0
