26019,'1150268',1006,,2251,8,,,0
26019,'1150318',1906,,2252,8,,,0
26019,'1150654',2006,,2253,8,,,0
26019,'1150906',2306,,2257,8,,,0
26019,'1151018',1436,,2260,8,,,0
26019,'1151114',1606,,2261,8,,,0
26019,'1151349',2006,,2265,8,,,0
26019,'1151444',1706,,2267,8,,,0
26019,'1151445',1506,,2268,8,,,0
26019,'1151705',1136,,2273,8,,,0
26019,'1151777',2106,,2276,8,,,0
26019,'1151814',1306,,2278,8,,,0
26019,'1152149',606,,2280,8,,,0
26019,'1152176',1706,,2281,8,,,0
26019,'1152424',2206,,2285,8,,,0
26019,'1152562',806,,2287,8,,,0
26019,'1152577',806,,2289,8,,,0
26019,'1152595',1606,,2290,8,,,0
26019,'1152690',1036,,2291,8,,,0
26019,'1152910',1906,,2295,8,,,0
26019,'1152959',606,,2297,8,,,0
26019,'1153348',1106,,2302,8,,,0
26019,'1153366',1506,,2303,8,,,0
26019,'1153674',906,,2307,8,,,0
26019,'1154254',2306,,2313,8,,,0
26019,'1154274',2206,,2314,8,,,0
26019,'1154301',1336,,2316,8,,,0
26019,'1154312',906,,2317,8,,,0
26019,'1154417',1206,,2318,8,,,0
26019,'1154436',1806,,2319,8,,,0
26019,'1154437',2106,,2320,8,,,0
26019,'1154565',1006,,2324,8,,,0
26019,'1154582',706,,2325,8,,,0
26019,'1154611',1806,,2326,8,,,0
26019,'1154622',706,,2327,8,,,0
26019,'1155308',1406,,2334,8,,,0
26019,'1155354',1236,,2335,8,,,0
