10029,'1184529',1554,,4778,20,,,0
10029,'1184564',1624,,4782,20,,,0
10029,'1184573',1124,,4783,20,,,0
10029,'1184943',724,,4788,20,,,0
10029,'1185175',1954,,4795,20,,,0
10029,'1185177',924,,4796,20,,,0
10029,'1185497',824,,4798,20,,,0
10029,'1185542',2359,,4800,20,,,0
10029,'1185616',1654,,4802,20,,,0
10029,'1185656',854,,4803,20,,,0
10029,'1185786',754,,4807,20,,,0
10029,'1185809',2254,,4808,20,,,0
10029,'1185856',624,,4809,20,,,0
10029,'1186049',1724,,4812,20,,,0
10029,'1186157',1454,,4814,20,,,0
10029,'1186205',1324,,4815,20,,,0
10029,'1186261',1754,,4817,20,,,0
10029,'1186450',1524,,4819,20,,,0
10029,'1186478',1024,,4820,20,,,0
10029,'1186548',2054,,4822,20,,,0
10029,'1186573',1854,,4824,20,,,0
10029,'1186648',1424,,4826,20,,,0
10029,'1186655',1224,,4828,20,,,0
10029,'1186719',654,,4830,20,,,0
10029,'1187133',2154,,4836,20,,,0
