3029,'1150202',2003,,417,4,,,0
3029,'1150338',1032,,419,4,,,0
3029,'1150614',632,,422,4,,,0
3029,'1150985',1033,,425,4,,,0
3029,'1151183',1833,,429,4,,,0
3029,'1151192',1632,,430,4,,,0
3029,'1151504',1633,,432,4,,,0
3029,'1151640',1732,,435,4,,,0
3029,'1151683',1502,,437,4,,,0
3029,'1151731',1933,,438,4,,,0
3029,'1151876',2033,,442,4,,,0
3029,'1151984',803,,445,4,,,0
3029,'1152000',1132,,447,4,,,0
3029,'1152164',2232,,450,4,,,0
3029,'1152335',733,,453,4,,,0
3029,'1152374',2233,,454,4,,,0
3029,'1152494',1302,,459,4,,,0
3029,'1152784',903,,463,4,,,0
3029,'1152803',1202,,464,4,,,0
3029,'1152828',1532,,465,4,,,0
3029,'1152863',1003,,466,4,,,0
3029,'1152936',1233,,467,4,,,0
3029,'1153075',1333,,470,4,,,0
3029,'1153143',1702,,473,4,,,0
3029,'1153218',832,,474,4,,,0
3029,'1153269',1802,,475,4,,,0
3029,'1153277',2132,,476,4,,,0
3029,'1153325',932,,477,4,,,0
3029,'1153346',1332,,478,4,,,0
3029,'1153473',1602,,480,4,,,0
3029,'1153476',703,,481,4,,,0
3029,'1153644',1232,,482,4,,,0
3029,'1153678',1832,,483,4,,,0
3029,'1153903',2332,,485,4,,,0
3029,'1153992',1903,,487,4,,,0
3029,'1154123',1932,,491,4,,,0
3029,'1154264',732,,495,4,,,0
3029,'1154368',1432,,497,4,,,0
3029,'1154445',833,,498,4,,,0
3029,'1154525',2032,,500,4,,,0
3029,'1154677',2103,,502,4,,,0
3029,'1154694',1133,,503,4,,,0
3029,'1154731',1103,,504,4,,,0
3029,'1154736',2203,,505,4,,,0
3029,'1154807',633,,506,4,,,0
3029,'1154840',2330,,508,4,,,0
3029,'1155071',1533,,511,4,,,0
3029,'1155137',1402,,512,4,,,0
3029,'1155140',1433,,513,4,,,0
3029,'1155180',933,,514,4,,,0
3029,'1155345',2133,,516,4,,,0
3029,'1155451',1733,,518,4,,,0
4029,'1150488',1427,,534,4,,,0
4029,'1150534',957,,535,4,,,0
4029,'1150809',827,,536,4,,,0
4029,'1150905',1527,,537,4,,,0
4029,'1151009',727,,538,4,,,0
4029,'1151572',857,,539,4,,,0
4029,'1151800',1457,,540,4,,,0
4029,'1152734',927,,541,4,,,0
4029,'1152848',1357,,542,4,,,0
4029,'1153740',1657,,543,4,,,0
4029,'1154197',1557,,544,4,,,0
4029,'1154409',757,,545,4,,,0
4029,'1154674',1627,,546,4,,,0
4029,'1155056',1757,,547,4,,,0
4029,'1155206',1727,,548,4,,,0
