104029,'1150508',1744,,3292,17,,,0
104029,'1150833',1239,,3301,17,,,0
104029,'1150856',2258,,3302,17,,,0
104029,'1151008',1454,,3304,17,,,0
104029,'1151097',2128,,3305,17,,,0
104029,'1151285',1154,,3310,17,,,0
104029,'1151623',758,,3312,17,,,0
104029,'1151632',1624,,3313,17,,,0
104029,'1151639',1028,,3314,17,,,0
104029,'1151734',913,,3316,17,,,0
104029,'1151896',643,,3319,17,,,0
104029,'1152059',558,,3322,17,,,0
104029,'1152405',713,,3325,17,,,0
104029,'1152789',1539,,3333,17,,,0
104029,'1153825',1958,,3339,17,,,0
104029,'1154373',828,,3341,17,,,0
104029,'1154842',943,,3344,17,,,0
104029,'1154990',1709,,3347,17,,,0
104029,'1155225',1828,,3350,17,,,0
104029,'1155342',1409,,3352,17,,,0
104029,'1155435',1324,,3353,17,,,0
104029,'1174582',1028,,4339,17,,,0
104029,'1174742',1643,,4340,17,,,0
104029,'1174783',2028,,4341,17,,,0
104029,'1174936',758,,4342,17,,,0
104029,'1175045',643,,4343,17,,,0
104029,'1175446',1758,,4344,17,,,0
104029,'1175466',1528,,4345,17,,,0
104029,'1175637',913,,4346,17,,,0
104029,'1175833',1413,,4347,17,,,0
104029,'1175995',1258,,4348,17,,,0
104029,'1176420',1913,,4349,17,,,0
104029,'1176424',1143,,4350,17,,,0
104029,'1176552',2258,,4351,17,,,0
104029,'1177233',2143,,4352,17,,,0
104029,'1181155',1409,,4353,17,,,0
104029,'1181212',1154,,4354,17,,,0
104029,'1181411',1454,,4355,17,,,0
104029,'1181445',1239,,4356,17,,,0
104029,'1181463',758,,4357,17,,,0
104029,'1181465',1028,,4358,17,,,0
104029,'1181610',1744,,4359,17,,,0
104029,'1181818',2128,,4360,17,,,0
104029,'1181976',943,,4361,17,,,0
104029,'1181990',558,,4362,17,,,0
104029,'1182344',1324,,4363,17,,,0
104029,'1182649',913,,4364,17,,,0
104029,'1182756',2258,,4365,17,,,0
104029,'1182765',1828,,4366,17,,,0
104029,'1183191',1709,,4367,17,,,0
104029,'1183225',713,,4368,17,,,0
104029,'1183615',828,,4369,17,,,0
104029,'1183699',1958,,4370,17,,,0
104029,'1183734',1624,,4371,17,,,0
104029,'1184115',1539,,4372,17,,,0
104029,'1184200',643,,4373,17,,,0
