105019,'1150133',940,,3356,21,,,0
105019,'1150519',1758,,3358,21,,,0
105019,'1150723',651,,3359,21,,,0
105019,'1150755',1443,,3360,21,,,0
105019,'1150957',840,,3364,21,,,0
105019,'1150991',1258,,3365,21,,,0
105019,'1151148',1053,,3367,21,,,0
105019,'1151174',1253,,3368,21,,,0
105019,'1151428',810,,3371,21,,,0
105019,'1151680',1828,,3374,21,,,0
105019,'1151743',740,,3375,21,,,0
105019,'1152002',2238,,3380,21,,,0
105019,'1152300',1353,,3381,21,,,0
105019,'1152360',638,,3382,21,,,0
105019,'1152386',710,,3383,21,,,0
105019,'1152506',1728,,3384,21,,,0
105019,'1152547',608,,3385,21,,,0
105019,'1152647',2138,,3386,21,,,0
105019,'1152697',2338,,3387,21,,,0
105019,'1153054',1453,,3390,21,,,0
105019,'1153337',1853,,3392,21,,,0
105019,'1153487',538,,3393,21,,,0
105019,'1153863',1153,,3395,21,,,0
105019,'1153895',1513,,3397,21,,,0
105019,'1154206',2038,,3398,21,,,0
105019,'1154598',1753,,3402,21,,,0
105019,'1154605',1653,,3403,21,,,0
105019,'1154691',1043,,3404,21,,,0
105019,'1154711',1553,,3406,21,,,0
105019,'1154821',1358,,3407,21,,,0
105019,'1154915',1908,,3409,21,,,0
105019,'1154933',1658,,3410,21,,,0
105019,'1155111',2251,,3412,21,,,0
105019,'1155143',1613,,3413,21,,,0
105019,'1155198',1143,,3415,21,,,0
105019,'1155339',1543,,3419,21,,,0
105019,'1155343',2051,,3420,21,,,0
105019,'1155497',851,,3421,21,,,0
