105019,'1184475',1915,,6445,88,,,0
105019,'1184709',1845,,6446,88,,,0
105019,'1184819',827,,6448,88,,,0
105019,'1184825',2320,,6449,88,,,0
105019,'1184879',1530,,6450,88,,,0
105019,'1184888',1027,,6451,88,,,0
105019,'1185176',720,,6455,88,,,0
105019,'1185212',650,,6456,88,,,0
105019,'1185498',1950,,6458,88,,,0
105019,'1185569',1815,,6462,88,,,0
105019,'1185641',927,,6463,88,,,0
105019,'1185695',1345,,6465,88,,,0
105019,'1185708',2120,,6466,88,,,0
105019,'1185894',1230,,6469,88,,,0
105019,'1186015',1445,,6470,88,,,0
105019,'1186061',1630,,6471,88,,,0
105019,'1186380',1130,,6473,88,,,0
105019,'1186477',1700,,6475,88,,,0
105019,'1186601',1745,,6478,88,,,0
105019,'1186602',757,,6479,88,,,0
105019,'1186864',2420,,6484,88,,,0
105019,'1186870',620,,6485,88,,,0
105019,'1186896',857,,6486,88,,,0
105019,'1187009',2220,,6488,88,,,0
105019,'1187061',1600,,6489,88,,,0
106029,'1184503',1016,,6543,19,,,0
106029,'1184668',1848,,6544,19,,,0
106029,'1185934',1733,,6545,19,,,0
106029,'1185946',1618,,6546,19,,,0
106029,'1186791',901,,6547,19,,,0
106029,'1186882',746,,6548,19,,,0
