13029,'1184622',1501,,5183,19,,,0
13029,'1184913',1201,,5187,19,,,0
13029,'1185007',1731,,5191,19,,,0
13029,'1185049',2129,,5192,19,,,0
13029,'1185060',2329,,5193,19,,,0
13029,'1185250',659,,5197,19,,,0
13029,'1185377',1301,,5200,19,,,0
13029,'1185394',759,,5201,19,,,0
13029,'1185484',930,,5203,19,,,0
13029,'1185580',1801,,5205,19,,,0
13029,'1185937',1701,,5210,19,,,0
13029,'1185958',829,,5211,19,,,0
13029,'1185992',2229,,5212,19,,,0
13029,'1186268',1929,,5216,19,,,0
13029,'1186340',2029,,5218,19,,,0
13029,'1186403',1029,,5219,19,,,0
13029,'1186434',1401,,5220,19,,,0
13029,'1186504',729,,5222,19,,,0
13029,'1186525',1102,,5223,19,,,0
13029,'1186673',1829,,5224,19,,,0
13029,'1186687',629,,5225,19,,,0
13029,'1186818',1000,,5227,19,,,0
13029,'1186830',1532,,5228,20,,,0
13029,'1186955',1601,,5235,19,,,0
13029,'1186976',900,,5236,19,,,0
13029,'1187030',1631,,5239,19,,,0
101019,'1184796',1913,,6136,52,,,0
101019,'1184925',2112,,6139,52,,,0
101019,'1185023',1213,,6140,52,,,0
101019,'1185092',1815,,6141,52,,,0
101019,'1185625',1113,,6145,52,,,0
101019,'1185636',913,,6146,52,,,0
101019,'1185751',1515,,6148,52,,,0
101019,'1185803',1013,,6149,52,,,0
101019,'1185998',1415,,6150,52,,,0
101019,'1186087',2313,,6153,52,,,0
101019,'1186331',613,,6156,52,,,0
101019,'1186580',1615,,6157,52,,,0
101019,'1186587',1715,,6158,52,,,0
101019,'1187155',813,,6161,52,,,0
