10029,'1184529',1611,,4778,45,,,0
10029,'1184533',2241,,4779,45,,,0
10029,'1184556',1241,,4781,45,,,0
10029,'1184564',1641,,4782,45,,,0
10029,'1184573',1141,,4783,45,,,0
10029,'1184797',1041,,4786,45,,,0
10029,'1184859',1341,,4787,45,,,0
10029,'1184943',741,,4788,45,,,0
10029,'1185045',2341,,4792,45,,,0
10029,'1185131',1841,,4793,45,,,0
10029,'1185170',741,,4794,45,,,0
10029,'1185175',2011,,4795,45,,,0
10029,'1185177',941,,4796,45,,,0
10029,'1185497',841,,4798,45,,,0
10029,'1185531',1741,,4799,45,,,0
10029,'1185542',2416,,4800,45,,,0
10029,'1185576',1141,,4801,45,,,0
10029,'1185616',1711,,4802,45,,,0
10029,'1185656',911,,4803,45,,,0
10029,'1185755',1641,,4805,45,,,0
10029,'1185786',811,,4807,45,,,0
10029,'1185809',2311,,4808,45,,,0
10029,'1185856',641,,4809,45,,,0
10029,'1186049',1741,,4812,45,,,0
10029,'1186157',1511,,4814,45,,,0
10029,'1186205',1341,,4815,45,,,0
10029,'1186237',2041,,4816,45,,,0
10029,'1186261',1811,,4817,45,,,0
10029,'1186406',1941,,4818,45,,,0
10029,'1186450',1541,,4819,45,,,0
10029,'1186478',1041,,4820,45,,,0
10029,'1186481',1541,,4821,45,,,0
10029,'1186548',2111,,4822,45,,,0
10029,'1186573',1911,,4824,45,,,0
10029,'1186648',1441,,4826,45,,,0
10029,'1186649',941,,4827,45,,,0
10029,'1186655',1241,,4828,45,,,0
10029,'1186719',711,,4830,45,,,0
10029,'1186827',841,,4831,45,,,0
10029,'1186869',1441,,4832,45,,,0
10029,'1186902',2141,,4833,45,,,0
10029,'1187133',2211,,4836,45,,,0
