105019,'1150133',1026,,3356,85,,,0
105019,'1150519',1844,,3358,85,,,0
105019,'1150723',732,,3359,85,,,0
105019,'1150755',1529,,3360,85,,,0
105019,'1150957',926,,3364,85,,,0
105019,'1150991',1344,,3365,85,,,0
105019,'1151148',1133,,3367,85,,,0
105019,'1151174',1333,,3368,85,,,0
105019,'1151428',856,,3371,85,,,0
105019,'1151680',1914,,3374,85,,,0
105019,'1151743',826,,3375,85,,,0
105019,'1152002',2319,,3380,85,,,0
105019,'1152300',1433,,3381,85,,,0
105019,'1152360',719,,3382,85,,,0
105019,'1152386',756,,3383,85,,,0
105019,'1152506',1814,,3384,85,,,0
105019,'1152547',649,,3385,85,,,0
105019,'1152647',2219,,3386,85,,,0
105019,'1152697',2419,,3387,85,,,0
105019,'1153054',1533,,3390,85,,,0
105019,'1153337',1933,,3392,85,,,0
105019,'1153487',619,,3393,85,,,0
105019,'1153863',1233,,3395,85,,,0
105019,'1153895',1559,,3397,85,,,0
105019,'1154206',2119,,3398,85,,,0
105019,'1154598',1833,,3402,85,,,0
105019,'1154605',1733,,3403,85,,,0
105019,'1154691',1129,,3404,85,,,0
105019,'1154711',1633,,3406,85,,,0
105019,'1154821',1444,,3407,85,,,0
105019,'1154915',1949,,3409,85,,,0
105019,'1154933',1744,,3410,85,,,0
105019,'1155111',2332,,3412,85,,,0
105019,'1155143',1659,,3413,85,,,0
105019,'1155198',1229,,3415,85,,,0
105019,'1155339',1629,,3419,85,,,0
105019,'1155343',2132,,3420,85,,,0
105019,'1155497',932,,3421,85,,,0
106019,'1151884',1558,,3491,28,,,0
106019,'1152474',956,,3492,28,,,0
106019,'1152524',841,,3493,28,,,0
106019,'1152767',726,,3494,28,,,0
106019,'1154013',1828,,3495,28,,,0
106019,'1155307',1713,,3496,28,,,0
