20019,'1150303',1635,,1629,1,,,0
20019,'1150364',1205,,1630,1,,,0
20019,'1150489',1505,,1631,1,,,0
20019,'1150747',2405,,1634,1,,,0
20019,'1150854',1305,,1635,1,,,0
20019,'1151024',705,,1637,1,,,0
20019,'1151122',2135,,1640,1,,,0
20019,'1151303',2235,,1643,1,,,0
20019,'1151373',1835,,1647,1,,,0
20019,'1151387',1235,,1648,1,,,0
20019,'1151433',1605,,1651,1,,,0
20019,'1151762',835,,1656,1,,,0
20019,'1151886',1105,,1658,1,,,0
20019,'1151931',1335,,1659,1,,,0
20019,'1152721',1005,,1670,1,,,0
20019,'1152762',1935,,1671,1,,,0
20019,'1152786',635,,1672,1,,,0
20019,'1152918',1405,,1675,1,,,0
20019,'1153149',1635,,1677,1,,,0
20019,'1153158',735,,1678,1,,,0
20019,'1153200',1535,,1680,1,,,0
20019,'1153211',1805,,1681,1,,,0
20019,'1153280',2035,,1683,1,,,0
20019,'1153430',1735,,1684,1,,,0
20019,'1153443',805,,1685,1,,,0
20019,'1153668',605,,1687,1,,,0
20019,'1153787',2335,,1688,1,,,0
20019,'1153845',1435,,1690,1,,,0
20019,'1153869',735,,1691,1,,,0
20019,'1154012',2005,,1692,1,,,0
20019,'1154297',1035,,1699,1,,,0
20019,'1154396',2105,,1701,1,,,0
20019,'1154561',935,,1703,1,,,0
20019,'1154717',1905,,1704,1,,,0
20019,'1154777',1135,,1705,1,,,0
20019,'1154972',2305,,1708,1,,,0
20019,'1155160',635,,1712,1,,,0
20019,'1155229',905,,1713,1,,,0
20019,'1155285',2205,,1714,1,,,0
20019,'1155406',1705,,1716,1,,,0
20019,'1155462',1735,,1717,1,,,0
20029,'1150443',2100,,1720,13,4,,0
20029,'1150518',1300,,1722,13,4,,0
20029,'1150558',1233,,1723,13,4,,0
20029,'1150595',1901,,1724,13,4,,0
20029,'1150715',932,,1726,13,4,,0
20029,'1150789',1732,,1731,13,4,,0
20029,'1150855',1032,,1732,13,4,,0
20029,'1150951',1000,,1733,13,4,,0
20029,'1151182',1132,,1738,13,4,,0
20029,'1151252',1534,,1739,13,4,,0
20029,'1151298',2331,,1740,13,4,,0
20029,'1151315',1800,,1741,13,4,,0
20029,'1151530',2359,,1742,13,4,,0
20029,'1151590',1633,,1743,13,4,,0
20029,'1152131',2001,,1752,13,4,,0
20029,'1152153',659,,1753,13,4,,0
20029,'1152501',1400,,1757,13,4,,0
20029,'1152640',859,,1758,13,4,,0
20029,'1152750',630,,1759,13,4,,0
20029,'1152826',1433,,1760,13,4,,0
20029,'1152948',1802,,1762,13,4,,0
20029,'1153117',2300,,1763,13,4,,0
20029,'1153480',1200,,1771,13,4,,0
20029,'1153714',801,,1774,13,4,,0
20029,'1153811',759,,1776,13,4,,0
20029,'1153829',1703,,1777,13,4,,0
20029,'1153858',2200,,1778,13,4,,0
20029,'1154049',1500,,1779,13,4,,0
20029,'1154088',1832,,1780,13,4,,0
20029,'1154095',1700,,1781,13,4,,0
20029,'1154425',2231,,1790,13,4,,0
20029,'1154500',1100,,1792,13,4,,0
20029,'1154533',2131,,1793,13,4,,0
20029,'1154750',1600,,1796,13,4,,0
20029,'1154788',832,,1797,13,4,,0
20029,'1154811',700,,1798,13,4,,0
20029,'1155011',2032,,1799,13,4,,0
20029,'1155237',1932,,1802,13,4,,0
20029,'1155373',731,,1806,13,4,,0
20029,'1155443',1333,,1808,13,4,,0
22019,'1150441',1405,,1811,1,,,0
22019,'1150800',1005,,1812,1,,,0
22019,'1151346',1235,,1813,1,,,0
22019,'1152264',1805,,1814,1,,,0
22019,'1152425',1435,,1815,1,,,0
22019,'1152712',1605,,1817,1,,,0
22019,'1152891',1035,,1818,1,,,0
22019,'1154152',1205,,1821,1,,,0
22019,'1154488',805,,1822,1,,,0
22019,'1154626',835,,1823,1,,,0
22029,'1150220',1026,,1827,10,4,,0
22029,'1150933',1257,,1828,10,4,,0
22029,'1150935',825,,1829,10,4,,0
22029,'1151147',856,,1830,10,4,,0
22029,'1151839',1056,,1832,10,4,,0
22029,'1152014',1426,,1833,10,4,,0
22029,'1152171',1626,,1834,10,4,,0
22029,'1153526',1457,,1837,10,4,,0
22029,'1154636',1826,,1840,10,4,,0
22029,'1154908',1226,,1841,10,4,,0
23019,'1150641',1305,,1846,1,,,0
23019,'1150844',1705,,1847,1,,,0
23019,'1151865',1535,,1849,1,,,0
23019,'1152093',1105,,1850,1,,,0
23019,'1152479',1335,,1851,1,,,0
23019,'1152622',1505,,1852,1,,,0
23019,'1152908',1135,,1853,1,,,0
23019,'1153524',935,,1854,1,,,0
23019,'1153718',905,,1855,1,,,0
23029,'1150768',1530,,1859,19,4,,0
23029,'1151003',1130,,1860,19,4,,0
23029,'1151972',1602,,1861,19,4,,0
23029,'1152184',1331,,1863,19,4,,0
23029,'1152439',1401,,1865,19,4,,0
23029,'1153255',929,,1866,19,4,,0
23029,'1154303',1730,,1867,19,4,,0
23029,'1155381',1201,,1869,19,4,,0
23029,'1155476',959,,1870,19,4,,0
102029,'1150114',725,,3028,26,4,,0
102029,'1150311',841,,3029,26,4,,0
102029,'1150365',1826,,3031,26,4,,0
102029,'1150624',2256,,3033,26,4,,0
102029,'1151025',2225,,3035,26,4,,0
102029,'1151033',1455,,3036,26,4,,0
102029,'1151098',1956,,3037,26,4,,0
102029,'1151612',1526,,3042,26,4,,0
102029,'1151626',1625,,3043,26,4,,0
102029,'1152179',1356,,3051,26,4,,0
102029,'1152187',1226,,3052,26,4,,0
102029,'1152338',1741,,3054,26,4,,0
102029,'1152412',1925,,3055,26,4,,0
102029,'1152737',2126,,3061,26,4,,0
102029,'1152743',1656,,3063,26,4,,0
102029,'1152778',1755,,3064,26,4,,0
102029,'1152823',1025,,3065,26,4,,0
102029,'1152926',2055,,3067,26,4,,0
102029,'1152934',1325,,3068,26,4,,0
102029,'1152972',2355,,3069,26,4,,0
102029,'1152993',1155,,3070,26,4,,0
102029,'1153440',855,,3074,26,4,,0
102029,'1153653',711,,3075,26,4,,0
102029,'1153772',2426,,3079,26,4,,0
102029,'1153821',926,,3081,26,4,,0
102029,'1153896',756,,3082,26,4,,0
102029,'1154767',1611,,3086,26,4,,0
102029,'1154835',1056,,3088,26,4,,0
102029,'1154970',1011,,3090,26,4,,0
102029,'1155173',1441,,3092,26,4,,0
102029,'1155411',626,,3093,26,4,,0
103019,'1150581',850,,3099,1,,,0
103019,'1150650',1405,,3100,1,,,0
103019,'1150807',2105,,3102,1,,,0
103019,'1151036',1450,,3105,1,,,0
103019,'1151535',935,,3109,1,,,0
103019,'1151614',1235,,3112,1,,,0
103019,'1151765',2135,,3115,1,,,0
103019,'1151829',1835,,3116,1,,,0
103019,'1152005',805,,3120,1,,,0
103019,'1152137',905,,3121,1,,,0
103019,'1152317',2305,,3124,1,,,0
103019,'1152724',1935,,3126,1,,,0
103019,'1152808',2235,,3128,1,,,0
103019,'1153162',1705,,3130,1,,,0
103019,'1153376',1635,,3132,1,,,0
103019,'1153872',1105,,3136,1,,,0
103019,'1153926',1205,,3137,1,,,0
103019,'1154277',1335,,3140,1,,,0
103019,'1154296',720,,3141,1,,,0
103019,'1154523',2005,,3142,1,,,0
103019,'1154594',1620,,3143,1,,,0
103019,'1154619',1535,,3144,1,,,0
103019,'1154654',735,,3145,1,,,0
103019,'1154776',635,,3146,1,,,0
103019,'1154794',1805,,3148,1,,,0
103019,'1154837',1505,,3150,1,,,0
103019,'1154924',1035,,3152,1,,,0
140001019,'1150287',635,,3510,1,,,0
140001019,'1150304',2135,,3511,1,,,0
140001019,'1150384',1720,,3513,1,,,0
140001019,'1150451',950,,3517,1,,,0
140001019,'1150506',2330,,3518,1,,,0
140001019,'1150536',1805,,3519,1,,,0
140001019,'1150598',1805,,3521,1,,,0
140001019,'1150609',850,,3522,1,,,0
140001019,'1150610',1509,,3523,1,,,0
140001019,'1150664',1005,,3524,1,,,0
140001019,'1150692',2205,,3525,1,,,0
140001019,'1150716',650,,3526,1,,,0
140001019,'1150784',1935,,3527,1,,,0
140001019,'1150853',1835,,3528,1,,,0
140001019,'1150869',1820,,3529,1,,,0
140001019,'1150882',1520,,3530,1,,,0
140001019,'1151105',1150,,3536,1,,,0
140001019,'1151119',1235,,3537,1,,,0
140001019,'1151195',1420,,3538,1,,,0
140001019,'1151208',805,,3539,1,,,0
140001019,'1151216',2035,,3541,1,,,0
140001019,'1151218',1905,,3542,1,,,0
140001019,'1151225',1550,,3543,1,,,0
140001019,'1151265',2020,,3544,1,,,0
140001019,'1151361',805,,3548,1,,,0
140001019,'1151371',1735,,3549,1,,,0
140001019,'1151441',2035,,3550,1,,,0
140001019,'1151470',1150,,3551,1,,,0
140001019,'1151474',2235,,3553,1,,,0
140001019,'1151528',1020,,3554,1,,,0
140001019,'1151558',735,,3555,1,,,0
140001019,'1151606',1350,,3559,1,,,0
140001019,'1151654',1350,,3562,1,,,0
140001019,'1151658',2050,,3563,1,,,0
140001019,'1151695',1850,,3565,1,,,0
140001019,'1151710',1220,,3567,1,,,0
140001019,'1151751',705,,3571,1,,,0
140001019,'1151754',720,,3572,1,,,0
140001019,'1151804',1624,,3573,1,,,0
140001019,'1151901',1650,,3576,1,,,0
140001019,'1152066',2405,,3579,1,,,0
140001019,'1152068',2005,,3580,1,,,0
140001019,'1152104',1820,,3581,1,,,0
140001019,'1152107',1724,,3582,1,,,0
140001019,'1152123',635,,3583,1,,,0
140001019,'1152165',1020,,3584,1,,,0
140001019,'1152232',1535,,3585,1,,,0
140001019,'1152240',2135,,3586,1,,,0
140001019,'1152423',1250,,3590,1,,,0
140001019,'1152471',1750,,3592,1,,,0
140001019,'1152480',1005,,3593,1,,,0
140001019,'1152565',1035,,3597,1,,,0
140001019,'1152674',905,,3600,1,,,0
140001019,'1152758',1205,,3604,1,,,0
140001019,'1152773',935,,3605,1,,,0
140001019,'1152818',1609,,3606,1,,,0
140001019,'1152831',2205,,3607,1,,,0
140001019,'1152874',1320,,3608,1,,,0
140001019,'1152907',1105,,3610,1,,,0
140001019,'1152920',1450,,3611,1,,,0
140001019,'1152942',1335,,3614,1,,,0
140001019,'1152950',1220,,3615,1,,,0
140001019,'1152961',1635,,3616,1,,,0
140001019,'1152981',1335,,3618,1,,,0
140001019,'1152999',2235,,3619,1,,,0
140001019,'1153096',1120,,3620,1,,,0
140001019,'1153139',950,,3622,1,,,0
140001019,'1153145',2305,,3623,1,,,0
140001019,'1153153',835,,3624,1,,,0
140001019,'1153208',1705,,3626,1,,,0
140001019,'1153252',1620,,3628,1,,,0
140001019,'1153294',1905,,3629,1,,,0
140001019,'1153322',1305,,3631,1,,,0
140001019,'1153327',835,,3632,1,,,0
140001019,'1153380',1505,,3635,1,,,0
140001019,'1153393',1935,,3637,1,,,0
140001019,'1153607',705,,3642,1,,,0
140001019,'1153629',1105,,3644,1,,,0
140001019,'1153737',1539,,3645,1,,,0
140001019,'1153742',2405,,3646,1,,,0
140001019,'1153757',1050,,3647,1,,,0
140001019,'1153879',2105,,3648,1,,,0
140001019,'1153928',1605,,3649,1,,,0
140001019,'1153949',1454,,3651,1,,,0
140001019,'1153978',1424,,3653,1,,,0
140001019,'1154051',2335,,3655,1,,,0
140001019,'1154078',1439,,3656,1,,,0
140001019,'1154230',1409,,3662,1,,,0
140001019,'1154259',1435,,3663,1,,,0
140001019,'1154323',1120,,3665,1,,,0
140001019,'1154329',2305,,3667,1,,,0
140001019,'1154451',1920,,3670,1,,,0
140001019,'1154489',1739,,3671,1,,,0
140001019,'1154490',1405,,3672,1,,,0
140001019,'1154529',1709,,3673,1,,,0
140001019,'1154538',820,,3674,1,,,0
140001019,'1154628',1654,,3676,1,,,0
140001019,'1154634',920,,3677,1,,,0
140001019,'1154642',1135,,3678,1,,,0
140001019,'1154758',1035,,3681,1,,,0
140001019,'1154789',1950,,3682,1,,,0
140001019,'1154820',750,,3683,1,,,0
140001019,'1154851',735,,3684,1,,,0
140001019,'1154866',1235,,3685,1,,,0
140001019,'1154965',1305,,3687,1,,,0
140001019,'1154991',905,,3689,1,,,0
140001019,'1154994',1835,,3690,1,,,0
140001019,'1155094',1250,,3691,1,,,0
140001019,'1155108',935,,3692,1,,,0
140001019,'1155222',2105,,3698,1,,,0
140001019,'1155223',1524,,3699,1,,,0
140001019,'1155228',1205,,3700,1,,,0
140001019,'1155236',1320,,3702,1,,,0
140001019,'1155259',2005,,3703,1,,,0
140001019,'1155279',1751,,3704,1,,,0
140001019,'1155314',1850,,3705,1,,,0
140001019,'1155327',1135,,3707,1,,,0
140001019,'1155399',1050,,3709,1,,,0
140001019,'1155422',1554,,3710,1,,,0
140001019,'1155482',1639,,3711,1,,,0
140001029,'1150107',730,,3712,24,4,,0
140001029,'1150153',1631,,3714,24,4,,0
140001029,'1150285',1348,,3718,24,4,,0
140001029,'1150345',2405,,3720,24,4,,0
140001029,'1150377',1203,,3722,24,4,,0
140001029,'1150391',1830,,3725,24,4,,0
140001029,'1150407',1419,,3726,24,4,,0
140001029,'1150453',1646,,3727,24,4,,0
140001029,'1150462',1148,,3728,24,4,,0
140001029,'1150529',1902,,3730,24,4,,0
140001029,'1150555',1048,,3732,24,4,,0
140001029,'1150559',1118,,3733,24,4,,0
140001029,'1150603',1303,,3734,24,4,,0
140001029,'1150660',2017,,3736,24,4,,0
140001029,'1150758',1000,,3738,24,4,,0
140001029,'1150812',2000,,3742,24,4,,0
140001029,'1150969',1619,,3746,24,4,,0
140001029,'1151075',1519,,3747,24,4,,0
140001029,'1151083',1201,,3748,24,4,,0
140001029,'1151132',1549,,3749,24,4,,0
140001029,'1151187',1346,,3753,24,4,,0
140001029,'1151190',1146,,3754,24,4,,0
140001029,'1151211',1001,,3755,24,4,,0
140001029,'1151220',1248,,3756,24,4,,0
140001029,'1151255',2002,,3758,24,4,,0
140001029,'1151297',1131,,3759,24,4,,0
140001029,'1151376',1832,,3763,24,4,,0
140001029,'1151388',945,,3765,24,4,,0
140001029,'1151430',700,,3767,24,4,,0
140001029,'1151583',1716,,3772,24,4,,0
140001029,'1151585',1801,,3773,24,4,,0
140001029,'1151597',1601,,3774,24,4,,0
140001029,'1151676',1817,,3776,24,4,,0
140001029,'1151682',1318,,3777,24,4,,0
140001029,'1151698',1218,,3778,24,4,,0
140001029,'1151726',1734,,3781,24,4,,0
140001029,'1151760',645,,3783,24,4,,0
140001029,'1151781',630,,3784,24,4,,0
140001029,'1151793',1701,,3786,24,4,,0
140001029,'1151812',1449,,3787,24,4,,0
140001029,'1151837',1231,,3790,24,4,,0
140001029,'1151882',2230,,3791,24,4,,0
140001029,'1151969',1434,,3792,24,4,,0
140001029,'1152073',1101,,3795,24,4,,0
140001029,'1152090',2130,,3796,24,4,,0
140001029,'1152101',731,,3798,24,4,,0
140001029,'1152157',1932,,3800,24,4,,0
140001029,'1152234',1416,,3802,24,4,,0
140001029,'1152255',1216,,3803,24,4,,0
140001029,'1152278',1649,,3805,24,4,,0
140001029,'1152287',1116,,3806,24,4,,0
140001029,'1152299',715,,3807,24,4,,0
140001029,'1152375',1719,,3808,24,4,,0
140001029,'1152383',1103,,3809,24,4,,0
140001029,'1152402',745,,3810,24,4,,0
140001029,'1152437',1815,,3811,24,4,,0
140001029,'1152493',1917,,3814,24,4,,0
140001029,'1152528',1404,,3818,24,4,,0
140001029,'1152530',2102,,3819,24,4,,0
140001029,'1152532',631,,3820,24,4,,0
140001029,'1152635',1033,,3824,24,4,,0
140001029,'1152653',801,,3825,24,4,,0
140001029,'1152735',1431,,3826,24,4,,0
140001029,'1152747',2230,,3827,24,4,,0
140001029,'1152751',1546,,3828,24,4,,0
140001029,'1152759',830,,3829,24,4,,0
140001029,'1152783',1504,,3830,24,4,,0
140001029,'1152811',1331,,3833,24,4,,0
140001029,'1152854',701,,3834,24,4,,0
140001029,'1152865',1516,,3835,24,4,,0
140001029,'1152945',1016,,3836,24,4,,0
140001029,'1152973',1501,,3837,24,4,,0
140001029,'1152983',2047,,3838,24,4,,0
140001029,'1153104',900,,3839,24,4,,0
140001029,'1153197',1930,,3841,24,4,,0
140001029,'1153253',1847,,3843,24,4,,0
140001029,'1153265',901,,3844,24,4,,0
140001029,'1153267',1401,,3845,24,4,,0
140001029,'1153287',845,,3846,24,4,,0
140001029,'1153315',1802,,3847,24,4,,0
140001029,'1153339',1704,,3848,24,4,,0
140001029,'1153342',2032,,3850,24,4,,0
140001029,'1153372',1031,,3852,24,4,,0
140001029,'1153465',815,,3853,24,4,,0
140001029,'1153475',1018,,3854,24,4,,0
140001029,'1153486',1746,,3856,24,4,,0
140001029,'1153536',2400,,3857,24,4,,0
140001029,'1153567',2200,,3858,24,4,,0
140001029,'1153584',2300,,3860,24,4,,0
140001029,'1153592',1316,,3861,24,4,,0
140001029,'1153654',1749,,3862,24,4,,0
140001029,'1153683',1233,,3864,24,4,,0
140001029,'1153820',1900,,3866,24,4,,0
140001029,'1154107',931,,3873,24,4,,0
140001029,'1154113',915,,3874,24,4,,0
140001029,'1154137',1947,,3876,24,4,,0
140001029,'1154215',946,,3878,24,4,,0
140001029,'1154249',1333,,3879,24,4,,0
140001029,'1154385',2130,,3881,24,4,,0
140001029,'1154399',1845,,3882,24,4,,0
140001029,'1154474',1046,,3884,24,4,,0
140001029,'1154555',1534,,3886,24,4,,0
140001029,'1154579',1246,,3887,24,4,,0
140001029,'1154703',1446,,3890,24,4,,0
140001029,'1154716',1133,,3891,24,4,,0
140001029,'1154813',800,,3893,24,4,,0
140001029,'1154814',2330,,3894,24,4,,0
140001029,'1154828',2300,,3895,24,4,,0
140001029,'1154875',2200,,3897,24,4,,0
140001029,'1155029',1301,,3903,24,4,,0
140001029,'1155046',1604,,3904,24,4,,0
140001029,'1155054',1616,,3905,24,4,,0
140001029,'1155081',930,,3906,24,4,,0
140001029,'1155141',1731,,3909,24,4,,0
140001029,'1155189',1634,,3911,24,4,,0
140001029,'1155197',1531,,3912,24,4,,0
140001029,'1155294',2100,,3915,24,4,,0
140001029,'1155302',831,,3916,24,4,,0
140001029,'1155305',2030,,3917,24,4,,0
140001029,'1155377',2330,,3918,24,4,,0
