3019,'1184522',1821,,4586,29,,,0
3019,'1184608',2321,,4588,29,,,0
3019,'1184631',1151,,4589,29,,,0
3019,'1184649',1721,,4590,29,,,0
3019,'1184676',2410,,4591,29,,,0
3019,'1184760',1921,,4592,29,,,0
3019,'1184770',1521,,4593,29,,,0
3019,'1184856',1421,,4594,29,,,0
3019,'1184874',1251,,4595,29,,,0
3019,'1184909',851,,4596,29,,,0
3019,'1184934',2021,,4597,29,,,0
3019,'1185010',1821,,4598,29,,,0
3019,'1185056',1121,,4599,29,,,0
3019,'1185058',921,,4600,29,,,0
3019,'1185117',721,,4602,29,,,0
3019,'1185375',1721,,4606,29,,,0
3019,'1185421',1751,,4608,29,,,0
3019,'1185443',1651,,4609,29,,,0
3019,'1185561',1621,,4611,29,,,0
3019,'1185578',2021,,4612,29,,,0
3019,'1185590',1421,,4613,29,,,0
3019,'1185597',921,,4614,29,,,0
3019,'1185658',2320,,4615,29,,,0
3019,'1185706',1351,,4617,29,,,0
3019,'1185767',2121,,4618,29,,,0
3019,'1185843',951,,4619,29,,,0
3019,'1185867',1321,,4620,29,,,0
3019,'1185911',821,,4622,29,,,0
3019,'1185927',1451,,4623,29,,,0
3019,'1185935',2221,,4624,29,,,0
3019,'1185955',2421,,4625,29,,,0
3019,'1185979',1521,,4626,29,,,0
3019,'1186113',1051,,4627,29,,,0
3019,'1186177',651,,4628,29,,,0
3019,'1186216',1021,,4629,29,,,0
3019,'1186304',821,,4630,29,,,0
3019,'1186501',1551,,4633,29,,,0
3019,'1186516',2121,,4635,29,,,0
3019,'1186518',751,,4636,29,,,0
3019,'1186666',2221,,4640,29,,,0
3019,'1186762',1221,,4642,29,,,0
3019,'1186821',1121,,4644,29,,,0
3019,'1186834',1921,,4646,29,,,0
3019,'1186857',1321,,4647,29,,,0
3019,'1186883',1021,,4649,29,,,0
3019,'1186894',721,,4650,29,,,0
3019,'1187105',1221,,4651,29,,,0
3019,'1187174',1621,,4652,29,,,0
