105029,'1184521',1750,,6491,23,,,0
105029,'1184537',1320,,6492,23,,,0
105029,'1184580',904,,6493,23,,,0
105029,'1184670',1535,,6494,23,,,0
105029,'1184808',2304,,6496,23,,,0
105029,'1184833',1005,,6497,23,,,0
105029,'1184834',2409,,6498,23,,,0
105029,'1184863',1220,,6499,23,,,0
105029,'1185135',704,,6501,23,,,0
105029,'1185332',1834,,6505,23,,,0
105029,'1185350',2004,,6506,23,,,0
105029,'1185359',2204,,6507,23,,,0
105029,'1185440',1620,,6510,23,,,0
105029,'1185668',734,,6513,23,,,0
105029,'1185827',2104,,6515,23,,,0
105029,'1185938',1435,,6516,23,,,0
105029,'1186005',1650,,6517,23,,,0
105029,'1186279',1505,,6519,23,,,0
105029,'1186282',1405,,6520,23,,,0
105029,'1186470',1105,,6525,23,,,0
105029,'1186861',634,,6531,23,,,0
105029,'1186874',1720,,6532,23,,,0
105029,'1187005',804,,6534,23,,,0
