13029,'1184622',1504,,5183,22,,,0
13029,'1184913',1204,,5187,22,,,0
13029,'1185007',1734,,5191,22,,,0
13029,'1185049',2131,,5192,22,,,0
13029,'1185060',2331,,5193,22,,,0
13029,'1185250',701,,5197,22,,,0
13029,'1185377',1304,,5200,22,,,0
13029,'1185394',801,,5201,22,,,0
13029,'1185484',932,,5203,22,,,0
13029,'1185580',1804,,5205,22,,,0
13029,'1185937',1704,,5210,22,,,0
13029,'1185958',831,,5211,22,,,0
13029,'1185992',2231,,5212,22,,,0
13029,'1186268',1931,,5216,22,,,0
13029,'1186340',2031,,5218,22,,,0
13029,'1186403',1031,,5219,22,,,0
13029,'1186434',1404,,5220,22,,,0
13029,'1186504',731,,5222,22,,,0
13029,'1186525',1105,,5223,22,,,0
13029,'1186673',1831,,5224,22,,,0
13029,'1186687',631,,5225,22,,,0
13029,'1186818',1002,,5227,22,,,0
13029,'1186830',1535,,5228,23,,,0
13029,'1186955',1604,,5235,22,,,0
13029,'1186976',902,,5236,22,,,0
13029,'1187030',1634,,5239,22,,,0
101019,'1184796',1915,,6136,55,,,0
101019,'1184925',2114,,6139,55,,,0
101019,'1185023',1215,,6140,55,,,0
101019,'1185092',1817,,6141,55,,,0
101019,'1185625',1115,,6145,55,,,0
101019,'1185636',915,,6146,55,,,0
101019,'1185751',1517,,6148,55,,,0
101019,'1185803',1015,,6149,55,,,0
101019,'1185998',1417,,6150,55,,,0
101019,'1186087',2315,,6153,55,,,0
101019,'1186331',615,,6156,55,,,0
101019,'1186580',1617,,6157,55,,,0
101019,'1186587',1717,,6158,55,,,0
101019,'1187155',815,,6161,55,,,0
