12029,'1184489',1731,,5050,29,,,0
12029,'1184508',901,,5051,29,,,0
12029,'1184603',1401,,5052,29,,,0
12029,'1184653',2331,,5053,29,,,0
12029,'1184672',2131,,5054,29,,,0
12029,'1184705',701,,5055,29,,,0
12029,'1184792',1901,,5056,29,,,0
12029,'1184793',1431,,5057,29,,,0
12029,'1184864',1601,,5058,29,,,0
12029,'1184919',1631,,5059,29,,,0
12029,'1184946',731,,5060,29,,,0
12029,'1184975',1031,,5061,29,,,0
12029,'1184990',1001,,5062,29,,,0
12029,'1185014',2406,,5063,29,,,0
12029,'1185085',1331,,5065,29,,,0
12029,'1185128',1201,,5066,29,,,0
12029,'1185239',1431,,5067,29,,,0
12029,'1185264',1731,,5068,29,,,0
12029,'1185324',1331,,5070,29,,,0
12029,'1185339',1131,,5071,29,,,0
12029,'1185471',2201,,5072,29,,,0
12029,'1185556',1231,,5074,29,,,0
12029,'1185612',1831,,5076,29,,,0
12029,'1185613',1031,,5077,29,,,0
12029,'1185757',1101,,5081,29,,,0
12029,'1185758',1701,,5082,29,,,0
12029,'1185875',2101,,5083,29,,,0
12029,'1185878',1501,,5084,29,,,0
12029,'1185933',1301,,5085,29,,,0
12029,'1185999',1501,,5087,29,,,0
12029,'1186050',831,,5088,29,,,0
12029,'1186139',631,,5089,29,,,0
12029,'1186210',1201,,5090,29,,,0
12029,'1186290',1531,,5091,29,,,0
12029,'1186423',1801,,5092,29,,,0
12029,'1186463',731,,5094,29,,,0
12029,'1186502',1701,,5096,29,,,0
12029,'1186551',1531,,5098,29,,,0
12029,'1186588',1401,,5099,29,,,0
12029,'1186638',1631,,5101,29,,,0
12029,'1186685',831,,5103,29,,,0
12029,'1186763',2031,,5105,29,,,0
12029,'1186814',1131,,5106,29,,,0
12029,'1186824',1231,,5107,29,,,0
12029,'1186878',2001,,5109,29,,,0
12029,'1186945',1301,,5110,29,,,0
12029,'1186973',2301,,5112,29,,,0
12029,'1187037',931,,5113,29,,,0
12029,'1187044',2231,,5114,29,,,0
12029,'1187072',1931,,5115,29,,,0
12029,'1187141',1101,,5116,29,,,0
12029,'1187166',1601,,5117,29,,,0
12029,'1187188',931,,5119,29,,,0
12029,'1187196',801,,5120,29,,,0
103029,'1184553',1908,,6317,25,,,0
103029,'1184582',1440,,6318,25,,,0
103029,'1184715',941,,6319,25,,,0
103029,'1184852',1740,,6321,25,,,0
103029,'1184872',1655,,6322,25,,,0
103029,'1184905',2010,,6323,25,,,0
103029,'1185063',2208,,6324,25,,,0
103029,'1185157',811,,6325,25,,,0
103029,'1185199',1711,,6326,25,,,0
103029,'1185213',1411,,6327,25,,,0
103029,'1185276',1111,,6328,25,,,0
103029,'1185363',1525,,6330,25,,,0
103029,'1185419',1008,,6333,25,,,0
103029,'1185520',1310,,6334,25,,,0
103029,'1185558',753,,6335,25,,,0
103029,'1185665',1241,,6336,25,,,0
103029,'1185765',1140,,6337,25,,,0
103029,'1185899',1610,,6338,25,,,0
103029,'1185963',2038,,6339,25,,,0
103029,'1185965',1840,,6340,25,,,0
103029,'1186147',923,,6342,25,,,0
103029,'1186270',2338,,6343,25,,,0
103029,'1186283',1541,,6345,25,,,0
103029,'1186329',2310,,6347,25,,,0
103029,'1186366',641,,6348,25,,,0
103029,'1186405',838,,6349,25,,,0
103029,'1186699',708,,6350,25,,,0
103029,'1186983',2140,,6351,25,,,0
