26019,'1184685',2109,,5755,11,,,0
26019,'1184742',709,,5756,11,,,0
26019,'1184996',1909,,5759,11,,,0
26019,'1185012',1609,,5760,11,,,0
26019,'1185046',2209,,5761,11,,,0
26019,'1185230',2309,,5763,11,,,0
26019,'1185360',1409,,5765,11,,,0
26019,'1185364',2209,,5766,11,,,0
26019,'1185370',1709,,5767,11,,,0
26019,'1185487',1909,,5770,11,,,0
26019,'1185598',909,,5773,11,,,0
26019,'1185603',1309,,5774,11,,,0
26019,'1185627',1709,,5775,11,,,0
26019,'1185632',1809,,5776,11,,,0
26019,'1185655',1009,,5777,11,,,0
26019,'1185664',1809,,5778,11,,,0
26019,'1185694',1109,,5779,11,,,0
26019,'1185728',809,,5780,11,,,0
26019,'1185873',1039,,5781,11,,,0
26019,'1186043',1239,,5782,11,,,0
26019,'1186159',1139,,5785,11,,,0
26019,'1186179',2009,,5786,11,,,0
26019,'1186208',1209,,5788,11,,,0
26019,'1186292',1509,,5790,11,,,0
26019,'1186376',1509,,5791,11,,,0
26019,'1186465',609,,5792,11,,,0
26019,'1186513',1439,,5793,11,,,0
26019,'1186522',709,,5794,11,,,0
26019,'1186524',609,,5795,11,,,0
26019,'1186682',1009,,5798,11,,,0
26019,'1186770',909,,5799,11,,,0
26019,'1186790',2309,,5800,11,,,0
26019,'1186794',809,,5801,11,,,0
26019,'1187013',1339,,5804,11,,,0
26019,'1187074',2009,,5805,11,,,0
26019,'1187076',1609,,5806,11,,,0
26019,'1187117',2109,,5807,11,,,0
