3019,'1190650',1312,,7432,18,,,0
3019,'1190836',1542,,7433,18,,,0
3019,'1190847',1428,,7434,18,,,0
3019,'1190866',1012,,7435,18,,,0
3019,'1190945',1912,,7436,18,,,0
3019,'1190971',1242,,7437,18,,,0
3019,'1191034',828,,7438,18,,,0
3019,'1191126',2012,,7439,18,,,0
3019,'1191134',2012,,7440,18,,,0
3019,'1191168',1712,,7441,18,,,0
3019,'1191214',1742,,7442,18,,,0
3019,'1191270',1412,,7443,18,,,0
3019,'1191302',912,,7444,18,,,0
3019,'1191317',1912,,7445,18,,,0
3019,'1191328',712,,7446,18,,,0
3019,'1191509',2311,,7447,18,,,0
3019,'1191526',812,,7448,18,,,0
3019,'1191582',1028,,7449,18,,,0
3019,'1191602',942,,7451,18,,,0
3019,'1191652',1612,,7452,18,,,0
3019,'1191729',2312,,7453,18,,,0
3019,'1191754',1142,,7454,18,,,0
3019,'1191767',1642,,7455,18,,,0
3019,'1191779',1112,,7456,18,,,0
3019,'1191821',1128,,7457,18,,,0
3019,'1191856',1612,,7458,18,,,0
3019,'1191868',642,,7459,18,,,0
3019,'1191905',1928,,7460,18,,,0
3019,'1191978',1342,,7461,18,,,0
3019,'1191997',1212,,7462,18,,,0
3019,'1192065',2028,,7463,18,,,0
3019,'1192079',2212,,7464,18,,,0
3019,'1192105',2112,,7465,18,,,0
3019,'1192112',2412,,7466,18,,,0
3019,'1192146',1312,,7467,18,,,0
3019,'1192160',2112,,7468,18,,,0
3019,'1192171',812,,7469,18,,,0
3019,'1192197',1712,,7470,18,,,0
3019,'1192385',1328,,7471,18,,,0
3019,'1192413',1528,,7472,18,,,0
3019,'1192416',1042,,7473,18,,,0
3019,'1192443',728,,7474,18,,,0
3019,'1192454',842,,7475,18,,,0
3019,'1192525',2128,,7477,18,,,0
3019,'1192527',1628,,7478,18,,,0
3019,'1192640',1212,,7479,18,,,0
3019,'1192641',1112,,7480,18,,,0
3019,'1192643',2212,,7481,18,,,0
3019,'1192658',1828,,7482,18,,,0
3019,'1192695',928,,7483,18,,,0
3019,'1192711',2328,,7484,18,,,0
3019,'1192747',1412,,7485,18,,,0
3019,'1192824',2401,,7486,18,,,0
3019,'1192891',1442,,7487,18,,,0
3019,'1192906',742,,7488,18,,,0
3019,'1192926',2228,,7489,18,,,0
3019,'1192964',1512,,7490,18,,,0
3019,'1192967',1012,,7491,18,,,0
3019,'1192982',712,,7492,18,,,0
3019,'1193008',1812,,7493,18,,,0
3019,'1193046',1728,,7494,18,,,0
3019,'1193092',1228,,7495,18,,,0
3019,'1193159',1812,,7496,18,,,0
3019,'1193189',912,,7497,18,,,0
3019,'1193294',1512,,7498,18,,,0
