14019,'1184716',1556,,5245,24,,,0
14019,'1184750',1526,,5248,24,,,0
14019,'1184836',2025,,5249,24,,,0
14019,'1184987',1656,,5251,24,,,0
14019,'1185168',1756,,5255,24,,,0
14019,'1185211',925,,5256,24,,,0
14019,'1185255',855,,5257,24,,,0
14019,'1185335',2325,,5260,24,,,0
14019,'1185505',655,,5262,24,,,0
14019,'1185624',1156,,5266,24,,,0
14019,'1185808',1825,,5269,24,,,0
14019,'1185845',725,,5270,24,,,0
14019,'1185852',1456,,5271,24,,,0
14019,'1186014',1626,,5273,24,,,0
14019,'1186156',1356,,5277,24,,,0
14019,'1186173',1925,,5279,24,,,0
14019,'1186421',755,,5288,24,,,0
14019,'1186443',2125,,5289,24,,,0
14019,'1186532',825,,5292,24,,,0
14019,'1186609',1726,,5295,24,,,0
14019,'1186632',1056,,5296,24,,,0
14019,'1186671',2225,,5298,24,,,0
14019,'1186767',1256,,5299,24,,,0
14019,'1187071',955,,5301,24,,,0
