24019,'1150105',807,,1871,12,,,0
24019,'1150252',1309,,1872,12,,,0
24019,'1150297',1707,,1873,12,,,0
24019,'1150370',1739,,1876,12,,,0
24019,'1150419',1807,,1877,12,,,0
24019,'1150426',1209,,1878,12,,,0
24019,'1150718',2237,,1885,12,,,0
24019,'1150819',2037,,1887,12,,,0
24019,'1151157',2307,,1890,12,,,0
24019,'1151201',1837,,1891,12,,,0
24019,'1151268',1308,,1893,12,,,0
24019,'1151299',1907,,1894,12,,,0
24019,'1151600',1007,,1897,12,,,0
24019,'1151675',1108,,1898,12,,,0
24019,'1151788',2007,,1901,12,,,0
24019,'1151937',1539,,1903,12,,,0
24019,'1152096',2107,,1907,12,,,0
24019,'1152175',1639,,1908,12,,,0
24019,'1152438',707,,1911,12,,,0
24019,'1152463',1509,,1913,12,,,0
24019,'1152569',1508,,1915,12,,,0
24019,'1152830',807,,1917,12,,,0
24019,'1153165',1408,,1922,12,,,0
24019,'1153232',1709,,1924,12,,,0
24019,'1153313',637,,1926,12,,,0
24019,'1153329',1409,,1927,12,,,0
24019,'1153504',1208,,1929,12,,,0
24019,'1153783',737,,1934,12,,,0
24019,'1153981',2137,,1941,12,,,0
24019,'1154057',2207,,1943,12,,,0
24019,'1154255',937,,1944,12,,,0
24019,'1154332',607,,1945,12,,,0
24019,'1154432',1439,,1946,12,,,0
24019,'1154504',1008,,1947,12,,,0
24019,'1154528',907,,1949,12,,,0
24019,'1154718',707,,1952,12,,,0
24019,'1154886',1609,,1953,12,,,0
24019,'1154890',1937,,1954,12,,,0
24019,'1154891',908,,1955,12,,,0
24019,'1155021',2357,,1956,12,,,0
24019,'1155162',1607,,1959,12,,,0
24019,'1155258',837,,1962,12,,,0
24019,'1155344',1109,,1965,12,,,0
