22019,'1150441',1409,,1811,5,,,0
22019,'1150800',1009,,1812,5,,,0
22019,'1151346',1239,,1813,5,,,0
22019,'1152264',1809,,1814,5,,,0
22019,'1152425',1439,,1815,5,,,0
22019,'1152695',1809,,1816,5,,,0
22019,'1152712',1609,,1817,5,,,0
22019,'1152891',1039,,1818,5,,,0
22019,'1153159',1609,,1819,5,,,0
22019,'1153570',1209,,1820,5,,,0
22019,'1154152',1209,,1821,5,,,0
22019,'1154488',809,,1822,5,,,0
22019,'1154626',839,,1823,5,,,0
22019,'1154882',809,,1824,5,,,0
22019,'1155378',1009,,1825,5,,,0
22019,'1155508',1409,,1826,5,,,0
