2019,'1184478',938,,4374,13,,,0
2019,'1184493',1653,,4376,13,,,0
2019,'1184635',2008,,4379,13,,,0
2019,'1184644',1123,,4381,13,,,0
2019,'1184673',1838,,4383,13,,,0
2019,'1184695',1708,,4384,13,,,0
2019,'1184777',1538,,4386,13,,,0
2019,'1184873',1308,,4388,13,,,0
2019,'1184875',2137,,4389,13,,,0
2019,'1185034',823,,4391,13,,,0
2019,'1185067',953,,4392,13,,,0
2019,'1185089',1723,,4393,13,,,0
2019,'1185138',1008,,4395,13,,,0
2019,'1185159',2207,,4396,13,,,0
2019,'1185185',1153,,4397,13,,,0
2019,'1185186',1608,,4398,13,,,0
2019,'1185210',1023,,4400,13,,,0
2019,'1185302',1808,,4401,13,,,0
2019,'1185349',1238,,4403,13,,,0
2019,'1185380',1423,,4404,13,,,0
2019,'1185475',753,,4410,13,,,0
2019,'1185486',1623,,4411,13,,,0
2019,'1185503',1223,,4412,13,,,0
2019,'1185530',1523,,4413,13,,,0
2019,'1185629',2357,,4417,13,,,0
2019,'1185712',1338,,4420,13,,,0
2019,'1185783',2107,,4422,13,,,0
2019,'1185790',1438,,4423,13,,,0
2019,'1185864',2307,,4426,13,,,0
2019,'1185870',2237,,4427,13,,,0
2019,'1185887',1753,,4428,13,,,0
2019,'1185891',638,,4429,13,,,0
2019,'1185901',1208,,4430,13,,,0
2019,'1185914',853,,4431,13,,,0
2019,'1185947',2038,,4432,13,,,0
2019,'1186079',708,,4435,13,,,0
2019,'1186092',1253,,4436,13,,,0
2019,'1186200',1453,,4437,13,,,0
2019,'1186232',1353,,4439,13,,,0
2019,'1186306',1638,,4442,13,,,0
2019,'1186352',923,,4444,13,,,0
2019,'1186385',723,,4446,13,,,0
2019,'1186389',1038,,4447,13,,,0
2019,'1186533',2337,,4451,13,,,0
2019,'1186546',738,,4452,13,,,0
2019,'1186563',808,,4453,13,,,0
2019,'1186697',838,,4456,13,,,0
2019,'1186701',1553,,4457,13,,,0
2019,'1186724',1323,,4458,13,,,0
2019,'1186755',1408,,4460,13,,,0
2019,'1186766',1508,,4461,13,,,0
2019,'1186795',1053,,4463,13,,,0
2019,'1186802',1138,,4464,13,,,0
2019,'1186918',908,,4466,13,,,0
2019,'1186929',1108,,4467,13,,,0
2019,'1186952',653,,4468,13,,,0
2019,'1187031',1908,,4471,13,,,0
2019,'1187083',1738,,4473,13,,,0
2019,'1187179',1938,,4477,13,,,0
