3019,'1184522',1804,,4586,7,,,0
3019,'1184631',1134,,4589,7,,,0
3019,'1184649',1704,,4590,7,,,0
3019,'1184676',2354,,4591,7,,,0
3019,'1184760',1904,,4592,7,,,0
3019,'1184874',1234,,4595,7,,,0
3019,'1184909',834,,4596,7,,,0
3019,'1185421',1734,,4608,7,,,0
3019,'1185443',1634,,4609,7,,,0
3019,'1185578',2004,,4612,7,,,0
3019,'1185590',1404,,4613,7,,,0
3019,'1185597',904,,4614,7,,,0
3019,'1185658',2304,,4615,7,,,0
3019,'1185706',1334,,4617,7,,,0
3019,'1185843',934,,4619,7,,,0
3019,'1185867',1304,,4620,7,,,0
3019,'1185927',1434,,4623,7,,,0
3019,'1185935',2204,,4624,7,,,0
3019,'1185979',1504,,4626,7,,,0
3019,'1186113',1034,,4627,7,,,0
3019,'1186177',634,,4628,7,,,0
3019,'1186216',1004,,4629,7,,,0
3019,'1186304',804,,4630,7,,,0
3019,'1186501',1534,,4633,7,,,0
3019,'1186516',2104,,4635,7,,,0
3019,'1186518',734,,4636,7,,,0
3019,'1186762',1204,,4642,7,,,0
3019,'1186821',1104,,4644,7,,,0
3019,'1186894',704,,4650,7,,,0
3019,'1187174',1604,,4652,7,,,0
