105029,'1184521',1817,,6491,75,,,0
105029,'1184537',1347,,6492,75,,,0
105029,'1184580',929,,6493,75,,,0
105029,'1184670',1602,,6494,75,,,0
105029,'1184808',2329,,6496,75,,,0
105029,'1184833',1032,,6497,75,,,0
105029,'1184834',2434,,6498,75,,,0
105029,'1184863',1247,,6499,75,,,0
105029,'1185104',1743,,6500,75,,,0
105029,'1185135',729,,6501,75,,,0
105029,'1185184',1343,,6502,75,,,0
105029,'1185215',1643,,6503,75,,,0
105029,'1185332',1859,,6505,75,,,0
105029,'1185350',2029,,6506,75,,,0
105029,'1185359',2229,,6507,75,,,0
105029,'1185398',1043,,6508,75,,,0
105029,'1185412',841,,6509,75,,,0
105029,'1185440',1647,,6510,75,,,0
105029,'1185523',1443,,6511,75,,,0
105029,'1185668',759,,6513,75,,,0
105029,'1185827',2129,,6515,75,,,0
105029,'1185938',1502,,6516,75,,,0
105029,'1186005',1717,,6517,75,,,0
105029,'1186007',641,,6518,75,,,0
105029,'1186279',1532,,6519,75,,,0
105029,'1186282',1432,,6520,75,,,0
105029,'1186299',1543,,6521,75,,,0
105029,'1186335',2441,,6522,75,,,0
105029,'1186387',1143,,6524,75,,,0
105029,'1186470',1132,,6525,75,,,0
105029,'1186485',2241,,6526,75,,,0
105029,'1186740',1243,,6530,75,,,0
105029,'1186861',659,,6531,75,,,0
105029,'1186874',1747,,6532,75,,,0
105029,'1186924',1843,,6533,75,,,0
105029,'1187005',829,,6534,75,,,0
105029,'1187132',2041,,6536,75,,,0
