25019,'1184495',704,,5635,4,,,0
25019,'1184757',1534,,5639,4,,,0
25019,'1184771',1704,,5640,4,,,0
25019,'1184903',2234,,5642,4,,,0
25019,'1185100',1734,,5648,4,,,0
25019,'1185110',1634,,5649,4,,,0
25019,'1185173',934,,5650,4,,,0
25019,'1185179',2134,,5651,4,,,0
25019,'1185244',734,,5654,4,,,0
25019,'1185338',904,,5655,4,,,0
25019,'1185434',1104,,5657,4,,,0
25019,'1185653',1004,,5661,4,,,0
25019,'1185731',1204,,5663,4,,,0
25019,'1185741',2034,,5665,4,,,0
25019,'1185991',834,,5668,4,,,0
25019,'1186131',1834,,5670,4,,,0
25019,'1186625',1304,,5677,4,,,0
25019,'1186803',634,,5682,4,,,0
25019,'1186914',1434,,5684,4,,,0
25019,'1186957',804,,5685,4,,,0
25019,'1186996',1404,,5687,4,,,0
25019,'1187059',1604,,5688,4,,,0
25019,'1187086',1504,,5691,4,,,0
25019,'1187127',1934,,5693,4,,,0
25019,'1187154',2354,,5694,4,,,0
104019,'1184559',718,,6357,3,,,0
104019,'1184877',1449,,6361,3,,,0
104019,'1184922',748,,6362,3,,,0
104019,'1184979',1703,,6363,3,,,0
104019,'1185193',948,,6365,3,,,0
104019,'1185307',2048,,6367,3,,,0
104019,'1185701',833,,6372,3,,,0
104019,'1185733',1748,,6374,3,,,0
104019,'1186067',1234,,6376,3,,,0
104019,'1186077',633,,6377,3,,,0
104019,'1186167',1534,,6381,3,,,0
104019,'1186273',1619,,6382,3,,,0
104019,'1186364',1149,,6384,3,,,0
104019,'1186429',1104,,6385,3,,,0
104019,'1186457',2218,,6386,3,,,0
104019,'1186711',903,,6392,3,,,0
104019,'1187029',1319,,6395,3,,,0
104019,'1187094',1404,,6398,3,,,0
104019,'1187116',2353,,6399,3,,,0
104019,'1187157',1918,,6400,3,,,0
