13019,'1150207',827,,1247,22,,,0
13019,'1150227',927,,1248,22,,,0
13019,'1150493',927,,1249,22,,,0
13019,'1150585',1757,,1251,22,,,0
13019,'1150628',1459,,1253,22,,,0
13019,'1150643',2227,,1254,22,,,0
13019,'1150645',1659,,1255,22,,,0
13019,'1150729',1627,,1256,22,,,0
13019,'1150851',1729,,1257,22,,,0
13019,'1151123',1229,,1265,22,,,0
13019,'1151365',757,,1267,22,,,0
13019,'1151417',1029,,1269,22,,,0
13019,'1151524',1527,,1273,22,,,0
13019,'1151771',1629,,1275,22,,,0
13019,'1151796',857,,1276,22,,,0
13019,'1151799',2257,,1277,22,,,0
13019,'1151808',2057,,1278,22,,,0
13019,'1152195',1127,,1281,22,,,0
13019,'1152254',2157,,1283,22,,,0
13019,'1152429',727,,1285,22,,,0
13019,'1152560',1827,,1288,22,,,0
13019,'1152603',1327,,1289,22,,,0
13019,'1152985',1329,,1296,22,,,0
13019,'1153202',2127,,1297,22,,,0
13019,'1153301',1129,,1300,22,,,0
13019,'1153469',1727,,1303,22,,,0
13019,'1153618',827,,1306,22,,,0
13019,'1153699',1529,,1310,22,,,0
13019,'1154058',1027,,1314,22,,,0
13019,'1154251',627,,1316,22,,,0
13019,'1154276',957,,1317,22,,,0
13019,'1154383',1429,,1319,22,,,0
13019,'1154424',2027,,1320,22,,,0
13019,'1154456',1227,,1321,22,,,0
13019,'1154547',1957,,1324,22,,,0
13019,'1154651',657,,1325,22,,,0
13019,'1154956',1559,,1327,22,,,0
13019,'1155135',727,,1331,22,,,0
13019,'1155249',1427,,1333,22,,,0
13019,'1155251',2402,,1334,22,,,0
13019,'1155283',1857,,1336,22,,,0
13019,'1155329',1927,,1337,22,,,0
13019,'1155371',2327,,1339,22,,,0
