11029,'1150094',1606,,737,33,,,0
11029,'1150136',1908,,738,33,,,0
11029,'1150251',2008,,740,33,,,0
11029,'1150257',2148,,741,33,,,0
11029,'1150260',2435,,742,33,,,0
11029,'1150315',1436,,743,33,,,0
11029,'1150362',819,,744,33,,,0
11029,'1150395',1821,,746,33,,,0
11029,'1150398',804,,747,33,,,0
11029,'1150408',1651,,748,33,,,0
11029,'1150418',919,,750,33,,,0
11029,'1150503',734,,751,33,,,0
11029,'1150565',1004,,752,33,,,0
11029,'1150594',1406,,753,33,,,0
11029,'1150694',1551,,755,33,,,0
11029,'1150946',1034,,761,33,,,0
11029,'1150979',1521,,762,33,,,0
11029,'1151013',1848,,763,33,,,0
11029,'1151028',1650,,764,33,,,0
11029,'1151212',1204,,767,33,,,0
11029,'1151228',834,,768,33,,,0
11029,'1151266',904,,770,33,,,0
11029,'1151288',1008,,772,33,,,0
11029,'1151317',849,,773,33,,,0
11029,'1151379',1706,,775,33,,,0
11029,'1151495',1948,,776,33,,,0
11029,'1151501',1536,,777,33,,,0
11029,'1151570',1720,,778,33,,,0
11029,'1151605',1320,,780,33,,,0
11029,'1151662',1234,,781,33,,,0
11029,'1151677',1621,,782,33,,,0
11029,'1151681',1208,,783,33,,,0
11029,'1151696',1451,,784,33,,,0
11029,'1151854',1219,,786,33,,,0
11029,'1151888',2208,,787,33,,,0
11029,'1152006',2415,,792,33,,,0
11029,'1152021',2108,,794,33,,,0
11029,'1152139',1108,,796,33,,,0
11029,'1152148',1620,,797,33,,,0
11029,'1152172',1736,,798,33,,,0
11029,'1152323',1019,,800,33,,,0
11029,'1152476',1350,,803,33,,,0
11029,'1152508',1149,,805,33,,,0
11029,'1152540',908,,807,33,,,0
11029,'1152655',2408,,810,33,,,0
11029,'1152678',2248,,811,33,,,0
11029,'1152705',2218,,814,33,,,0
11029,'1152829',934,,815,33,,,0
11029,'1152889',2318,,817,33,,,0
11029,'1152890',2018,,818,33,,,0
11029,'1152893',1049,,819,33,,,0
11029,'1152955',1251,,821,33,,,0
11029,'1153079',1820,,824,33,,,0
11029,'1153114',1351,,825,33,,,0
11029,'1153126',1420,,827,33,,,0
11029,'1153213',719,,830,33,,,0
11029,'1153336',708,,834,33,,,0
11029,'1153651',1751,,837,33,,,0
11029,'1153681',1450,,838,33,,,0
11029,'1153694',1104,,839,33,,,0
11029,'1153712',1520,,840,33,,,0
11029,'1153871',1306,,841,33,,,0
11029,'1153888',2345,,842,33,,,0
11029,'1153932',1636,,843,33,,,0
11029,'1154011',634,,844,33,,,0
11029,'1154028',2118,,845,33,,,0
11029,'1154067',1918,,846,33,,,0
11029,'1154075',1550,,847,33,,,0
11029,'1154129',1248,,849,33,,,0
11029,'1154218',2048,,851,33,,,0
11029,'1154331',1421,,854,33,,,0
11029,'1154388',1321,,855,33,,,0
11029,'1154440',1134,,856,33,,,0
11029,'1154442',1336,,857,33,,,0
11029,'1154675',1506,,861,33,,,0
11029,'1154748',949,,862,33,,,0
11029,'1154769',704,,864,33,,,0
11029,'1154884',1119,,867,33,,,0
11029,'1154901',2308,,868,33,,,0
11029,'1154909',1750,,869,33,,,0
11029,'1155052',1836,,871,33,,,0
11029,'1155138',808,,872,33,,,0
11029,'1155227',749,,874,33,,,0
11029,'1155231',1806,,875,33,,,0
11029,'1155469',1721,,878,33,,,0
