104029,'1150508',1752,,3292,30,,,0
104029,'1150833',1248,,3301,30,,,0
104029,'1150856',2306,,3302,30,,,0
104029,'1151008',1503,,3304,30,,,0
104029,'1151097',2136,,3305,30,,,0
104029,'1151285',1203,,3310,30,,,0
104029,'1151623',806,,3312,30,,,0
104029,'1151632',1633,,3313,30,,,0
104029,'1151639',1036,,3314,30,,,0
104029,'1151734',921,,3316,30,,,0
104029,'1151896',651,,3319,30,,,0
104029,'1152059',606,,3322,30,,,0
104029,'1152405',721,,3325,30,,,0
104029,'1152789',1548,,3333,30,,,0
104029,'1153825',2006,,3339,30,,,0
104029,'1154373',836,,3341,30,,,0
104029,'1154842',951,,3344,30,,,0
104029,'1154990',1718,,3347,30,,,0
104029,'1155225',1836,,3350,30,,,0
104029,'1155342',1418,,3352,30,,,0
104029,'1155435',1333,,3353,30,,,0
104029,'1174582',1036,,4339,30,,,0
104029,'1174742',1651,,4340,30,,,0
104029,'1174783',2036,,4341,30,,,0
104029,'1174936',806,,4342,30,,,0
104029,'1175045',651,,4343,30,,,0
104029,'1175446',1806,,4344,30,,,0
104029,'1175466',1536,,4345,30,,,0
104029,'1175637',921,,4346,30,,,0
104029,'1175833',1421,,4347,30,,,0
104029,'1175995',1306,,4348,30,,,0
104029,'1176420',1921,,4349,30,,,0
104029,'1176424',1151,,4350,30,,,0
104029,'1176552',2306,,4351,30,,,0
104029,'1177233',2151,,4352,30,,,0
104029,'1181155',1418,,4353,30,,,0
104029,'1181212',1203,,4354,30,,,0
104029,'1181411',1503,,4355,30,,,0
104029,'1181445',1248,,4356,30,,,0
104029,'1181463',806,,4357,30,,,0
104029,'1181465',1036,,4358,30,,,0
104029,'1181610',1752,,4359,30,,,0
104029,'1181818',2136,,4360,30,,,0
104029,'1181976',951,,4361,30,,,0
104029,'1181990',606,,4362,30,,,0
104029,'1182344',1333,,4363,30,,,0
104029,'1182649',921,,4364,30,,,0
104029,'1182756',2306,,4365,30,,,0
104029,'1182765',1836,,4366,30,,,0
104029,'1183191',1718,,4367,30,,,0
104029,'1183225',721,,4368,30,,,0
104029,'1183615',836,,4369,30,,,0
104029,'1183699',2006,,4370,30,,,0
104029,'1183734',1633,,4371,30,,,0
104029,'1184115',1548,,4372,30,,,0
104029,'1184200',651,,4373,30,,,0
