2029,'1184566',2156,,4482,8,,,0
2029,'1184598',1512,,4484,8,,,0
2029,'1184638',942,,4486,8,,,0
2029,'1184654',1442,,4487,8,,,0
2029,'1184698',1727,,4489,8,,,0
2029,'1184706',827,,4491,8,,,0
2029,'1184876',2326,,4494,8,,,0
2029,'1184908',1612,,4498,8,,,0
2029,'1184917',1142,,4500,8,,,0
2029,'1185001',1227,,4502,8,,,0
2029,'1185029',812,,4503,8,,,0
2029,'1185044',1412,,4504,8,,,0
2029,'1185070',957,,4505,8,,,0
2029,'1185172',1157,,4507,8,,,0
2029,'1185219',1257,,4508,8,,,0
2029,'1185249',1457,,4510,8,,,0
2029,'1185288',1542,,4511,8,,,0
2029,'1185446',927,,4517,8,,,0
2029,'1185462',2126,,4518,8,,,0
2029,'1185467',1042,,4519,8,,,0
2029,'1185472',857,,4520,8,,,0
2029,'1185582',1712,,4523,8,,,0
2029,'1185696',1657,,4524,8,,,0
2029,'1185770',1312,,4527,8,,,0
2029,'1185818',1357,,4529,8,,,0
2029,'1185829',1127,,4530,8,,,0
2029,'1185846',1926,,4531,8,,,0
2029,'1185976',712,,4534,8,,,0
2029,'1185986',657,,4535,8,,,0
2029,'1185988',1757,,4536,8,,,0
2029,'1186019',1826,,4537,8,,,0
2029,'1186024',842,,4538,8,,,0
2029,'1186217',1012,,4542,8,,,0
2029,'1186239',1327,,4543,8,,,0
2029,'1186355',1212,,4546,8,,,0
2029,'1186379',1642,,4547,8,,,0
2029,'1186386',2026,,4548,8,,,0
2029,'1186404',2356,,4549,8,,,0
2029,'1186428',1242,,4550,8,,,0
2029,'1186455',727,,4552,8,,,0
2029,'1186482',1742,,4553,8,,,0
2029,'1186498',1112,,4555,8,,,0
2029,'1186508',1527,,4557,8,,,0
2029,'1186636',1027,,4558,8,,,0
2029,'1186650',1812,,4559,8,,,0
2029,'1186652',757,,4560,8,,,0
2029,'1186678',2416,,4563,8,,,0
2029,'1186698',642,,4565,8,,,0
2029,'1186780',1856,,4566,8,,,0
2029,'1186820',2226,,4568,8,,,0
2029,'1186843',1627,,4570,8,,,0
2029,'1186942',1557,,4574,8,,,0
2029,'1186967',912,,4575,8,,,0
2029,'1186984',2056,,4576,8,,,0
2029,'1186986',2256,,4577,8,,,0
2029,'1187003',1427,,4578,8,,,0
2029,'1187004',1342,,4579,8,,,0
2029,'1187018',742,,4580,8,,,0
2029,'1187126',1956,,4582,8,,,0
2029,'1187168',1057,,4585,8,,,0
103019,'1184504',1407,,6279,3,,,0
103019,'1184910',1107,,6281,3,,,0
103019,'1184918',637,,6282,3,,,0
103019,'1185273',2137,,6285,3,,,0
103019,'1185405',1837,,6287,3,,,0
103019,'1185533',852,,6289,3,,,0
103019,'1185539',2007,,6290,3,,,0
103019,'1185749',1537,,6293,3,,,0
103019,'1185800',722,,6294,3,,,0
103019,'1185862',1237,,6296,3,,,0
103019,'1186013',937,,6299,3,,,0
103019,'1186148',1452,,6300,3,,,0
103019,'1186231',807,,6302,3,,,0
103019,'1186278',2307,,6304,3,,,0
103019,'1186561',1622,,6307,3,,,0
103019,'1186769',1707,,6312,3,,,0
