24029,'1150189',852,,1970,12,,,0
24029,'1150273',1424,,1971,12,,,0
24029,'1150702',2122,,1975,12,,,0
24029,'1150782',1224,,1976,12,,,0
24029,'1150828',2152,,1978,12,,,0
24029,'1150842',1524,,1979,12,,,0
24029,'1151093',1424,,1983,12,,,0
24029,'1151627',1524,,1991,12,,,0
24029,'1151815',822,,1992,12,,,0
24029,'1151853',823,,1993,12,,,0
24029,'1151861',2252,,1994,12,,,0
24029,'1151934',722,,1995,12,,,0
24029,'1151953',722,,1996,12,,,0
24029,'1151997',1654,,1998,12,,,0
24029,'1152062',1623,,1999,12,,,0
24029,'1152072',2412,,2000,12,,,0
24029,'1152228',1124,,2001,12,,,0
24029,'1152271',1224,,2002,12,,,0
24029,'1152346',1324,,2003,12,,,0
24029,'1152617',652,,2006,12,,,0
24029,'1152880',622,,2007,12,,,0
24029,'1153025',1724,,2008,12,,,0
24029,'1153113',752,,2009,12,,,0
24029,'1153402',1822,,2016,12,,,0
24029,'1153439',924,,2018,12,,,0
24029,'1153502',1324,,2019,12,,,0
24029,'1153621',2222,,2020,12,,,0
24029,'1153961',1952,,2027,12,,,0
24029,'1154014',1754,,2028,12,,,0
24029,'1154023',2322,,2029,12,,,0
24029,'1154055',1124,,2031,12,,,0
24029,'1154317',1852,,2036,12,,,0
24029,'1154514',1024,,2040,12,,,0
24029,'1154712',922,,2043,12,,,0
24029,'1154730',2052,,2044,12,,,0
24029,'1154757',1922,,2045,12,,,0
24029,'1154843',1723,,2048,12,,,0
24029,'1154905',1022,,2049,12,,,0
24029,'1155045',1554,,2051,12,,,0
24029,'1155093',2022,,2052,12,,,0
24029,'1155099',1454,,2053,12,,,0
24029,'1155144',952,,2054,12,,,0
24029,'1155453',1624,,2060,12,,,0
27019,'1150137',2249,,2425,11,,,0
27019,'1150631',2349,,2429,11,,,0
27019,'1150670',1049,,2430,11,,,0
27019,'1150840',749,,2434,11,,,0
27019,'1150942',1249,,2437,11,,,0
27019,'1151259',1049,,2441,11,,,0
27019,'1151292',649,,2443,11,,,0
27019,'1151692',2049,,2449,11,,,0
27019,'1152142',1919,,2454,11,,,0
27019,'1152177',1649,,2456,11,,,0
27019,'1152336',1649,,2457,11,,,0
27019,'1152339',1149,,2458,11,,,0
27019,'1152364',1349,,2461,11,,,0
27019,'1152426',949,,2462,11,,,0
27019,'1152643',949,,2464,11,,,0
27019,'1152766',649,,2465,11,,,0
27019,'1152827',749,,2466,11,,,0
27019,'1152846',1849,,2467,11,,,0
27019,'1152906',1349,,2469,11,,,0
27019,'1152912',1249,,2470,11,,,0
27019,'1152915',1449,,2471,11,,,0
27019,'1153074',1749,,2472,11,,,0
27019,'1153392',2319,,2477,11,,,0
27019,'1153472',1549,,2478,11,,,0
27019,'1153709',1849,,2483,11,,,0
27019,'1153729',1149,,2485,11,,,0
27019,'1153884',2019,,2487,11,,,0
27019,'1154003',1949,,2488,11,,,0
27019,'1154210',2149,,2493,11,,,0
27019,'1154337',1449,,2495,11,,,0
27019,'1154494',2219,,2498,11,,,0
27019,'1154583',1549,,2499,11,,,0
27019,'1154759',2119,,2500,11,,,0
27019,'1154847',1749,,2501,11,,,0
27019,'1155286',849,,2506,11,,,0
27019,'1155356',849,,2508,11,,,0
105019,'1150133',1048,,3356,114,,,0
105019,'1150519',1906,,3358,114,,,0
105019,'1150723',751,,3359,114,,,0
105019,'1150755',1551,,3360,114,,,0
105019,'1150957',948,,3364,114,,,0
105019,'1150991',1406,,3365,114,,,0
105019,'1151148',1153,,3367,114,,,0
105019,'1151174',1353,,3368,114,,,0
105019,'1151428',918,,3371,114,,,0
105019,'1151680',1936,,3374,114,,,0
105019,'1151743',848,,3375,114,,,0
105019,'1152002',2339,,3380,114,,,0
105019,'1152300',1453,,3381,114,,,0
105019,'1152360',739,,3382,114,,,0
105019,'1152386',818,,3383,114,,,0
105019,'1152506',1836,,3384,114,,,0
105019,'1152547',709,,3385,114,,,0
105019,'1152647',2239,,3386,114,,,0
105019,'1152697',2439,,3387,114,,,0
105019,'1153054',1553,,3390,114,,,0
105019,'1153337',1953,,3392,114,,,0
105019,'1153487',639,,3393,114,,,0
105019,'1153863',1253,,3395,114,,,0
105019,'1153895',1621,,3397,114,,,0
105019,'1154206',2139,,3398,114,,,0
105019,'1154598',1853,,3402,114,,,0
105019,'1154605',1753,,3403,114,,,0
105019,'1154691',1151,,3404,114,,,0
105019,'1154711',1653,,3406,114,,,0
105019,'1154821',1506,,3407,114,,,0
105019,'1154915',2009,,3409,114,,,0
105019,'1154933',1806,,3410,114,,,0
105019,'1155111',2351,,3412,114,,,0
105019,'1155143',1721,,3413,114,,,0
105019,'1155198',1251,,3415,114,,,0
105019,'1155339',1651,,3419,114,,,0
105019,'1155343',2151,,3420,114,,,0
105019,'1155497',951,,3421,114,,,0
106029,'1150415',805,,3497,45,,,0
106029,'1152319',1035,,3498,45,,,0
106029,'1153399',1752,,3499,45,,,0
106029,'1153977',1637,,3500,45,,,0
106029,'1155105',1907,,3501,45,,,0
106029,'1155380',920,,3502,45,,,0
140001019,'1150287',652,,3510,24,,,0
140001019,'1150304',2152,,3511,24,,,0
140001019,'1150384',1739,,3513,24,,,0
140001019,'1150451',1007,,3517,24,,,0
140001019,'1150506',2347,,3518,24,,,0
140001019,'1150536',1824,,3519,24,,,0
140001019,'1150598',1823,,3521,24,,,0
140001019,'1150609',907,,3522,24,,,0
140001019,'1150610',1533,,3523,24,,,0
140001019,'1150664',1022,,3524,24,,,0
140001019,'1150692',2220,,3525,24,,,0
140001019,'1150716',707,,3526,24,,,0
140001019,'1150784',1952,,3527,24,,,0
140001019,'1150853',1853,,3528,24,,,0
140001019,'1150869',1837,,3529,24,,,0
140001019,'1150882',1539,,3530,24,,,0
140001019,'1151105',1209,,3536,24,,,0
140001019,'1151119',1254,,3537,24,,,0
140001019,'1151195',1439,,3538,24,,,0
140001019,'1151208',822,,3539,24,,,0
140001019,'1151216',2052,,3541,24,,,0
140001019,'1151218',1923,,3542,24,,,0
140001019,'1151225',1609,,3543,24,,,0
140001019,'1151265',2038,,3544,24,,,0
140001019,'1151361',822,,3548,24,,,0
140001019,'1151371',1754,,3549,24,,,0
140001019,'1151441',2053,,3550,24,,,0
140001019,'1151470',1209,,3551,24,,,0
140001019,'1151474',2250,,3553,24,,,0
140001019,'1151528',1039,,3554,24,,,0
140001019,'1151558',752,,3555,24,,,0
140001019,'1151606',1409,,3559,24,,,0
140001019,'1151654',1409,,3562,24,,,0
140001019,'1151658',2108,,3563,24,,,0
140001019,'1151695',1907,,3565,24,,,0
140001019,'1151710',1239,,3567,24,,,0
140001019,'1151751',722,,3571,24,,,0
140001019,'1151754',737,,3572,24,,,0
140001019,'1151804',1648,,3573,24,,,0
140001019,'1151901',1709,,3576,24,,,0
140001019,'1152066',2420,,3579,24,,,0
140001019,'1152068',2022,,3580,24,,,0
140001019,'1152104',1838,,3581,24,,,0
140001019,'1152107',1748,,3582,24,,,0
140001019,'1152123',652,,3583,24,,,0
140001019,'1152165',1037,,3584,24,,,0
140001019,'1152232',1554,,3585,24,,,0
140001019,'1152240',2150,,3586,24,,,0
140001019,'1152423',1309,,3590,24,,,0
140001019,'1152471',1809,,3592,24,,,0
140001019,'1152480',1022,,3593,24,,,0
140001019,'1152565',1052,,3597,24,,,0
140001019,'1152674',922,,3600,24,,,0
140001019,'1152758',1224,,3604,24,,,0
140001019,'1152773',952,,3605,24,,,0
140001019,'1152818',1633,,3606,24,,,0
140001019,'1152831',2222,,3607,24,,,0
140001019,'1152874',1339,,3608,24,,,0
140001019,'1152907',1122,,3610,24,,,0
140001019,'1152920',1509,,3611,24,,,0
140001019,'1152942',1354,,3614,24,,,0
140001019,'1152950',1239,,3615,24,,,0
140001019,'1152961',1654,,3616,24,,,0
140001019,'1152981',1354,,3618,24,,,0
140001019,'1152999',2252,,3619,24,,,0
140001019,'1153096',1139,,3620,24,,,0
140001019,'1153139',1007,,3622,24,,,0
140001019,'1153145',2320,,3623,24,,,0
140001019,'1153153',852,,3624,24,,,0
140001019,'1153208',1724,,3626,24,,,0
140001019,'1153252',1639,,3628,24,,,0
140001019,'1153294',1922,,3629,24,,,0
140001019,'1153322',1324,,3631,24,,,0
140001019,'1153327',852,,3632,24,,,0
140001019,'1153380',1524,,3635,24,,,0
140001019,'1153393',1953,,3637,24,,,0
140001019,'1153607',722,,3642,24,,,0
140001019,'1153629',1124,,3644,24,,,0
140001019,'1153737',1603,,3645,24,,,0
140001019,'1153742',2422,,3646,24,,,0
140001019,'1153757',1107,,3647,24,,,0
140001019,'1153879',2122,,3648,24,,,0
140001019,'1153928',1624,,3649,24,,,0
140001019,'1153949',1518,,3651,24,,,0
140001019,'1153978',1448,,3653,24,,,0
140001019,'1154051',2350,,3655,24,,,0
140001019,'1154078',1503,,3656,24,,,0
140001019,'1154230',1433,,3662,24,,,0
140001019,'1154259',1454,,3663,24,,,0
140001019,'1154323',1139,,3665,24,,,0
140001019,'1154329',2322,,3667,24,,,0
140001019,'1154451',1938,,3670,24,,,0
140001019,'1154489',1803,,3671,24,,,0
140001019,'1154490',1424,,3672,24,,,0
140001019,'1154529',1733,,3673,24,,,0
140001019,'1154538',837,,3674,24,,,0
140001019,'1154628',1718,,3676,24,,,0
140001019,'1154634',937,,3677,24,,,0
140001019,'1154642',1154,,3678,24,,,0
140001019,'1154758',1054,,3681,24,,,0
140001019,'1154789',2008,,3682,24,,,0
140001019,'1154820',807,,3683,24,,,0
140001019,'1154851',752,,3684,24,,,0
140001019,'1154866',1254,,3685,24,,,0
140001019,'1154965',1324,,3687,24,,,0
140001019,'1154991',922,,3689,24,,,0
140001019,'1154994',1852,,3690,24,,,0
140001019,'1155094',1309,,3691,24,,,0
140001019,'1155108',952,,3692,24,,,0
140001019,'1155222',2123,,3698,24,,,0
140001019,'1155223',1548,,3699,24,,,0
140001019,'1155228',1224,,3700,24,,,0
140001019,'1155236',1339,,3702,24,,,0
140001019,'1155259',2023,,3703,24,,,0
140001019,'1155279',1809,,3704,24,,,0
140001019,'1155314',1908,,3705,24,,,0
140001019,'1155327',1154,,3707,24,,,0
140001019,'1155399',1109,,3709,24,,,0
140001019,'1155422',1618,,3710,24,,,0
140001019,'1155482',1703,,3711,24,,,0
