4019,'1150173',1403,,519,5,,,0
4019,'1150739',733,,520,5,,,0
4019,'1150908',1733,,521,5,,,0
4019,'1150956',1603,,522,5,,,0
4019,'1151139',1533,,523,5,,,0
4019,'1151875',833,,524,5,,,0
4019,'1152822',703,,525,5,,,0
4019,'1153216',1633,,526,5,,,0
4019,'1153770',1703,,527,5,,,0
4019,'1154133',803,,528,5,,,0
4019,'1154229',1333,,529,5,,,0
4019,'1154526',903,,530,5,,,0
4019,'1154911',1503,,531,5,,,0
4019,'1155331',933,,532,5,,,0
4019,'1155513',1433,,533,5,,,0
10029,'1150182',918,,646,5,,,0
10029,'1150266',2318,,648,5,,,0
10029,'1150349',1948,,649,5,,,0
10029,'1150424',1418,,650,5,,,0
10029,'1150440',1918,,651,5,,,0
10029,'1150450',1618,,653,5,,,0
10029,'1150454',1718,,654,5,,,0
10029,'1150680',718,,656,5,,,0
10029,'1150683',1218,,657,5,,,0
10029,'1150947',1018,,659,5,,,0
10029,'1151232',2118,,662,5,,,0
10029,'1151240',918,,663,5,,,0
10029,'1151358',1018,,666,5,,,0
10029,'1151389',2148,,667,5,,,0
10029,'1151548',1318,,668,5,,,0
10029,'1151699',1418,,674,5,,,0
10029,'1151704',2353,,676,5,,,0
10029,'1151927',2048,,678,5,,,0
10029,'1152089',818,,679,5,,,0
10029,'1152120',1518,,680,5,,,0
10029,'1152213',1748,,682,5,,,0
10029,'1152237',1118,,683,5,,,0
10029,'1152276',618,,685,5,,,0
10029,'1152614',1718,,692,5,,,0
10029,'1152687',1648,,693,5,,,0
10029,'1152696',818,,694,5,,,0
10029,'1152744',1548,,697,5,,,0
10029,'1152927',1318,,700,5,,,0
10029,'1153201',718,,704,5,,,0
10029,'1153510',1618,,706,5,,,0
10029,'1153532',2018,,707,5,,,0
10029,'1153887',2218,,712,5,,,0
10029,'1154165',748,,715,5,,,0
10029,'1154182',1518,,716,5,,,0
10029,'1154281',1218,,718,5,,,0
10029,'1154360',2248,,719,5,,,0
10029,'1154531',1448,,720,5,,,0
10029,'1154688',648,,722,5,,,0
10029,'1154710',1818,,723,5,,,0
10029,'1155230',848,,733,5,,,0
10029,'1155449',1848,,734,5,,,0
10029,'1155474',1118,,735,5,,,0
