105029,'1150199',2031,,3422,82,,,0
105029,'1150361',701,,3424,82,,,0
105029,'1150640',1249,,3425,82,,,0
105029,'1150831',1645,,3427,82,,,0
105029,'1150967',1745,,3428,82,,,0
105029,'1151263',1749,,3431,82,,,0
105029,'1151286',2231,,3432,82,,,0
105029,'1151500',1504,,3433,82,,,0
105029,'1151551',643,,3434,82,,,0
105029,'1151563',1901,,3435,82,,,0
105029,'1151643',1845,,3437,82,,,0
105029,'1151929',843,,3440,82,,,0
105029,'1152027',1349,,3442,82,,,0
105029,'1152064',1819,,3445,82,,,0
105029,'1152144',2436,,3447,82,,,0
105029,'1152244',2243,,3449,82,,,0
105029,'1152289',1045,,3450,82,,,0
105029,'1152606',1545,,3454,82,,,0
105029,'1152997',1345,,3457,82,,,0
105029,'1153205',2043,,3458,82,,,0
105029,'1153333',1445,,3459,82,,,0
105029,'1153409',1145,,3461,82,,,0
105029,'1153442',2331,,3464,82,,,0
105029,'1153503',1034,,3465,82,,,0
105029,'1153624',1434,,3467,82,,,0
105029,'1153688',1719,,3468,82,,,0
105029,'1154104',1604,,3474,82,,,0
105029,'1154267',831,,3476,82,,,0
105029,'1154372',2131,,3477,82,,,0
105029,'1154485',731,,3479,82,,,0
105029,'1154581',2443,,3481,82,,,0
105029,'1154663',1649,,3482,82,,,0
105029,'1154768',1534,,3486,82,,,0
105029,'1154987',1134,,3487,82,,,0
105029,'1155078',931,,3488,82,,,0
105029,'1155257',1245,,3489,82,,,0
105029,'1155338',801,,3490,82,,,0
