103019,'1150581',908,,3099,18,,,0
103019,'1150650',1424,,3100,18,,,0
103019,'1150807',2123,,3102,18,,,0
103019,'1151036',1509,,3105,18,,,0
103019,'1151535',953,,3109,18,,,0
103019,'1151614',1254,,3112,18,,,0
103019,'1151765',2153,,3115,18,,,0
103019,'1151829',1853,,3116,18,,,0
103019,'1152005',823,,3120,18,,,0
103019,'1152137',922,,3121,18,,,0
103019,'1152317',2323,,3124,18,,,0
103019,'1152724',1953,,3126,18,,,0
103019,'1152808',2253,,3128,18,,,0
103019,'1153162',1724,,3130,18,,,0
103019,'1153376',1654,,3132,18,,,0
103019,'1153872',1124,,3136,18,,,0
103019,'1153926',1223,,3137,18,,,0
103019,'1154277',1354,,3140,18,,,0
103019,'1154296',738,,3141,18,,,0
103019,'1154523',2023,,3142,18,,,0
103019,'1154594',1639,,3143,18,,,0
103019,'1154619',1554,,3144,18,,,0
103019,'1154654',752,,3145,18,,,0
103019,'1154776',653,,3146,18,,,0
103019,'1154794',1823,,3148,18,,,0
103019,'1154815',622,,3149,5,,,0
103019,'1154837',1524,,3150,18,,,0
103019,'1154924',1052,,3152,18,,,0
