11029,'1150094',1605,,737,30,,,0
11029,'1150136',1906,,738,30,,,0
11029,'1150251',2006,,740,30,,,0
11029,'1150257',2146,,741,30,,,0
11029,'1150260',2433,,742,30,,,0
11029,'1150315',1435,,743,30,,,0
11029,'1150362',818,,744,30,,,0
11029,'1150395',1820,,746,30,,,0
11029,'1150398',803,,747,30,,,0
11029,'1150408',1650,,748,30,,,0
11029,'1150418',918,,750,30,,,0
11029,'1150503',733,,751,30,,,0
11029,'1150565',1003,,752,30,,,0
11029,'1150594',1405,,753,30,,,0
11029,'1150694',1550,,755,30,,,0
11029,'1150946',1033,,761,30,,,0
11029,'1150979',1520,,762,30,,,0
11029,'1151013',1846,,763,30,,,0
11029,'1151028',1648,,764,30,,,0
11029,'1151212',1203,,767,30,,,0
11029,'1151228',833,,768,30,,,0
11029,'1151266',903,,770,30,,,0
11029,'1151288',1006,,772,30,,,0
11029,'1151317',848,,773,30,,,0
11029,'1151379',1705,,775,30,,,0
11029,'1151495',1946,,776,30,,,0
11029,'1151501',1535,,777,30,,,0
11029,'1151570',1718,,778,30,,,0
11029,'1151605',1318,,780,30,,,0
11029,'1151662',1233,,781,30,,,0
11029,'1151677',1620,,782,30,,,0
11029,'1151681',1206,,783,30,,,0
11029,'1151696',1450,,784,30,,,0
11029,'1151854',1218,,786,30,,,0
11029,'1151888',2206,,787,30,,,0
11029,'1152006',2413,,792,30,,,0
11029,'1152021',2106,,794,30,,,0
11029,'1152139',1106,,796,30,,,0
11029,'1152148',1618,,797,30,,,0
11029,'1152172',1735,,798,30,,,0
11029,'1152323',1018,,800,30,,,0
11029,'1152476',1348,,803,30,,,0
11029,'1152508',1148,,805,30,,,0
11029,'1152540',906,,807,30,,,0
11029,'1152655',2406,,810,30,,,0
11029,'1152678',2246,,811,30,,,0
11029,'1152705',2216,,814,30,,,0
11029,'1152829',933,,815,30,,,0
11029,'1152889',2316,,817,30,,,0
11029,'1152890',2016,,818,30,,,0
11029,'1152893',1048,,819,30,,,0
11029,'1152955',1250,,821,30,,,0
11029,'1153079',1818,,824,30,,,0
11029,'1153114',1350,,825,30,,,0
11029,'1153126',1418,,827,30,,,0
11029,'1153213',718,,830,30,,,0
11029,'1153336',706,,834,30,,,0
11029,'1153651',1750,,837,30,,,0
11029,'1153681',1448,,838,30,,,0
11029,'1153694',1103,,839,30,,,0
11029,'1153712',1518,,840,30,,,0
11029,'1153871',1305,,841,30,,,0
11029,'1153888',2343,,842,30,,,0
11029,'1153932',1635,,843,30,,,0
11029,'1154011',633,,844,30,,,0
11029,'1154028',2116,,845,30,,,0
11029,'1154067',1916,,846,30,,,0
11029,'1154075',1548,,847,30,,,0
11029,'1154129',1246,,849,30,,,0
11029,'1154218',2046,,851,30,,,0
11029,'1154331',1420,,854,30,,,0
11029,'1154388',1320,,855,30,,,0
11029,'1154440',1133,,856,30,,,0
11029,'1154442',1335,,857,30,,,0
11029,'1154675',1505,,861,30,,,0
11029,'1154748',948,,862,30,,,0
11029,'1154769',703,,864,30,,,0
11029,'1154884',1118,,867,30,,,0
11029,'1154901',2306,,868,30,,,0
11029,'1154909',1748,,869,30,,,0
11029,'1155052',1835,,871,30,,,0
11029,'1155138',806,,872,30,,,0
11029,'1155227',748,,874,30,,,0
11029,'1155231',1805,,875,30,,,0
11029,'1155469',1720,,878,30,,,0
