105019,'1190616',2254,,9291,97,,,0
105019,'1190769',1451,,9292,97,,,0
105019,'1190825',1654,,9293,97,,,0
105019,'1190865',1851,,9294,97,,,0
105019,'1190975',1921,,9295,97,,,0
105019,'1190992',1840,,9296,97,,,0
105019,'1190998',1240,,9297,97,,,0
105019,'1191007',1751,,9298,97,,,0
105019,'1191038',1540,,9299,97,,,0
105019,'1191063',1033,,9300,97,,,0
105019,'1191065',1351,,9301,97,,,0
105019,'1191145',726,,9302,97,,,0
105019,'1191217',2339,,9303,97,,,0
105019,'1191294',1440,,9304,97,,,0
105019,'1191329',939,,9305,97,,,0
105019,'1191413',1054,,9306,97,,,0
105019,'1191457',1340,,9307,97,,,0
105019,'1191557',933,,9308,97,,,0
105019,'1191709',833,,9309,97,,,0
105019,'1191750',2325,,9310,97,,,0
105019,'1191859',739,,9311,97,,,0
105019,'1191891',1821,,9312,97,,,0
105019,'1192052',1940,,9313,97,,,0
105019,'1192113',656,,9314,97,,,0
105019,'1192142',1640,,9315,97,,,0
105019,'1192176',854,,9316,97,,,0
105019,'1192218',2425,,9317,97,,,0
105019,'1192236',1454,,9318,97,,,0
105019,'1192248',2125,,9319,97,,,0
105019,'1192267',1740,,9320,97,,,0
105019,'1192318',1140,,9321,97,,,0
105019,'1192337',1706,,9322,97,,,0
105019,'1192353',1536,,9323,97,,,0
105019,'1192579',1236,,9324,97,,,0
105019,'1192586',1254,,9325,97,,,0
105019,'1192598',2054,,9326,97,,,0
105019,'1192614',803,,9327,97,,,0
105019,'1192661',2225,,9328,97,,,0
105019,'1192725',1606,,9329,97,,,0
105019,'1192735',1955,,9330,97,,,0
105019,'1192821',2139,,9331,97,,,0
105019,'1192836',1854,,9332,97,,,0
105019,'1192847',626,,9333,97,,,0
105019,'1192875',1636,,9334,97,,,0
105019,'1193045',903,,9335,97,,,0
105019,'1193298',1136,,9336,97,,,0
106029,'1190782',751,,9389,28,,,0
106029,'1191556',1853,,9390,28,,,0
106029,'1191771',1623,,9391,28,,,0
106029,'1192044',1738,,9392,28,,,0
106029,'1192429',906,,9393,28,,,0
106029,'1193063',1021,,9394,28,,,0
