104029,'1184515',1752,,6402,32,,,0
104029,'1184569',1504,,6403,32,,,0
104029,'1184607',952,,6404,32,,,0
104029,'1184753',1037,,6406,32,,,0
104029,'1185072',1249,,6408,32,,,0
104029,'1185283',922,,6412,32,,,0
104029,'1185308',1634,,6413,32,,,0
104029,'1185376',722,,6417,32,,,0
104029,'1185608',807,,6418,32,,,0
104029,'1185732',837,,6420,32,,,0
104029,'1185743',607,,6421,32,,,0
104029,'1186088',2137,,6425,32,,,0
104029,'1186151',2307,,6426,32,,,0
104029,'1186191',1334,,6428,32,,,0
104029,'1186192',1549,,6429,32,,,0
104029,'1186354',1719,,6432,32,,,0
104029,'1186398',652,,6433,32,,,0
104029,'1186854',1419,,6439,32,,,0
104029,'1186944',1837,,6440,32,,,0
104029,'1187100',1204,,6442,32,,,0
104029,'1187128',2007,,6443,32,,,0
