10029,'1184529',1549,,4778,8,,,0
10029,'1184564',1619,,4782,8,,,0
10029,'1184573',1119,,4783,8,,,0
10029,'1184943',719,,4788,8,,,0
10029,'1185175',1949,,4795,8,,,0
10029,'1185177',919,,4796,8,,,0
10029,'1185497',819,,4798,8,,,0
10029,'1185542',2354,,4800,8,,,0
10029,'1185616',1649,,4802,8,,,0
10029,'1185656',849,,4803,8,,,0
10029,'1185786',749,,4807,8,,,0
10029,'1185809',2249,,4808,8,,,0
10029,'1185856',619,,4809,8,,,0
10029,'1186049',1719,,4812,8,,,0
10029,'1186157',1449,,4814,8,,,0
10029,'1186205',1319,,4815,8,,,0
10029,'1186261',1749,,4817,8,,,0
10029,'1186450',1519,,4819,8,,,0
10029,'1186478',1019,,4820,8,,,0
10029,'1186548',2049,,4822,8,,,0
10029,'1186573',1849,,4824,8,,,0
10029,'1186648',1419,,4826,8,,,0
10029,'1186655',1219,,4828,8,,,0
10029,'1186719',649,,4830,8,,,0
10029,'1187133',2149,,4836,8,,,0
