12029,'1190603',1223,,7896,12,,,0
12029,'1190623',922,,7897,12,,,0
12029,'1190638',1822,,7898,12,,,0
12029,'1190684',2223,,7899,12,,,0
12029,'1190691',2052,,7900,12,,,0
12029,'1190731',1622,,7901,12,,,0
12029,'1190743',1922,,7902,12,,,0
12029,'1190753',2123,,7903,12,,,0
12029,'1190777',752,,7904,12,,,0
12029,'1190812',2252,,7905,12,,,0
12029,'1190880',2152,,7906,12,,,0
12029,'1190932',1423,,7907,12,,,0
12029,'1190940',1752,,7908,12,,,0
12029,'1191029',1352,,7909,12,,,0
12029,'1191043',1722,,7910,12,,,0
12029,'1191093',1652,,7911,12,,,0
12029,'1191133',1052,,7912,12,,,0
12029,'1191256',923,,7913,12,,,0
12029,'1191281',1122,,7914,12,,,0
12029,'1191303',822,,7915,12,,,0
12029,'1191335',1622,,7916,12,,,0
12029,'1191382',1052,,7917,12,,,0
12029,'1191410',1652,,7918,12,,,0
12029,'1191500',1152,,7919,12,,,0
12029,'1191501',2023,,7920,12,,,0
12029,'1191528',1422,,7921,12,,,0
12029,'1191555',2122,,7922,12,,,0
12029,'1191588',2357,,7923,12,,,0
12029,'1191595',1322,,7924,12,,,0
12029,'1191653',622,,7925,12,,,0
12029,'1191692',823,,7926,12,,,0
12029,'1191696',1923,,7927,12,,,0
12029,'1191708',2022,,7928,12,,,0
12029,'1191789',1523,,7929,12,,,0
12029,'1191811',1123,,7930,12,,,0
12029,'1191813',922,,7931,12,,,0
12029,'1191831',1023,,7932,12,,,0
12029,'1191874',1352,,7933,12,,,0
12029,'1191998',1722,,7934,12,,,0
12029,'1192059',2323,,7935,12,,,0
12029,'1192129',1823,,7936,12,,,0
12029,'1192133',1122,,7937,12,,,0
12029,'1192152',1552,,7938,12,,,0
12029,'1192260',852,,7939,12,,,0
12029,'1192279',1252,,7940,12,,,0
12029,'1192294',723,,7941,12,,,0
12029,'1192306',952,,7942,12,,,0
12029,'1192361',1252,,7943,12,,,0
12029,'1192410',822,,7944,12,,,0
12029,'1192567',1222,,7945,12,,,0
12029,'1192578',1623,,7946,12,,,0
12029,'1192673',1152,,7947,12,,,0
12029,'1192741',1422,,7948,12,,,0
12029,'1192809',652,,7949,12,,,0
12029,'1192877',2322,,7950,12,,,0
12029,'1192898',1452,,7951,12,,,0
12029,'1192950',722,,7952,12,,,0
12029,'1193043',722,,7953,12,,,0
12029,'1193053',1022,,7954,12,,,0
12029,'1193054',1952,,7955,12,,,0
12029,'1193056',1552,,7956,12,,,0
12029,'1193058',1323,,7957,12,,,0
12029,'1193093',1723,,7958,12,,,0
12029,'1193102',1522,,7959,12,,,0
12029,'1193103',1452,,7960,12,,,0
12029,'1193156',1022,,7961,12,,,0
12029,'1193195',1322,,7962,12,,,0
12029,'1193220',1222,,7963,12,,,0
12029,'1193227',1852,,7964,12,,,0
12029,'1193272',1522,,7965,12,,,0
12029,'1193321',2222,,7966,12,,,0
