2019,'1150113',1535,,1,9,,,0
2019,'1150127',920,,2,9,,,0
2019,'1150145',1706,,3,9,,,0
2019,'1150159',2350,,4,9,,,0
2019,'1150185',1805,,5,9,,,0
2019,'1150334',1135,,8,9,,,0
2019,'1150346',2205,,9,9,,,0
2019,'1150354',1636,,10,9,,,0
2019,'1150373',1605,,11,9,,,0
2019,'1150544',1721,,14,9,,,0
2019,'1150626',835,,16,9,,,0
2019,'1150633',935,,17,9,,,0
2019,'1150888',1205,,21,9,,,0
2019,'1150927',635,,22,9,,,0
2019,'1150962',750,,23,9,,,0
2019,'1150968',1651,,24,9,,,0
2019,'1150996',1050,,25,9,,,0
2019,'1151007',1621,,26,9,,,0
2019,'1151436',2105,,29,9,,,0
2019,'1151448',1551,,30,9,,,0
2019,'1151460',1206,,31,9,,,0
2019,'1151566',1235,,33,9,,,0
2019,'1151592',1736,,34,9,,,0
2019,'1151689',1335,,36,9,,,0
2019,'1151728',1221,,38,9,,,0
2019,'1152109',1635,,45,9,,,0
2019,'1152151',1421,,47,9,,,0
2019,'1152161',1406,,48,9,,,0
2019,'1152206',850,,50,9,,,0
2019,'1152208',1150,,51,9,,,0
2019,'1152274',1120,,53,9,,,0
2019,'1152290',1536,,54,9,,,0
2019,'1152296',1905,,55,9,,,0
2019,'1152309',1035,,56,9,,,0
2019,'1152398',1606,,57,9,,,0
2019,'1152414',2005,,58,9,,,0
2019,'1152435',1521,,59,9,,,0
2019,'1152475',1835,,62,9,,,0
2019,'1152625',805,,65,9,,,0
2019,'1152627',1005,,66,9,,,0
2019,'1152633',1835,,67,9,,,0
2019,'1152645',1920,,69,9,,,0
2019,'1152714',1005,,70,9,,,0
2019,'1152842',2355,,72,9,,,0
2019,'1153005',1735,,75,9,,,0
2019,'1153049',1436,,76,9,,,0
2019,'1153134',1935,,77,9,,,0
2019,'1153154',650,,78,9,,,0
2019,'1153166',2305,,79,9,,,0
2019,'1153254',905,,81,9,,,0
2019,'1153309',1506,,82,9,,,0
2019,'1153345',720,,83,9,,,0
2019,'1153437',705,,84,9,,,0
2019,'1153490',1251,,85,9,,,0
2019,'1153575',1405,,91,9,,,0
2019,'1153580',750,,92,9,,,0
2019,'1153597',950,,93,9,,,0
2019,'1153634',1105,,95,9,,,0
2019,'1153734',820,,98,9,,,0
2019,'1153808',1135,,100,9,,,0
2019,'1153812',1305,,101,9,,,0
2019,'1153843',2050,,103,9,,,0
2019,'1153849',1435,,104,9,,,0
2019,'1153857',2335,,105,9,,,0
2019,'1153933',1705,,106,9,,,0
2019,'1154005',1321,,108,9,,,0
2019,'1154135',2220,,111,9,,,0
2019,'1154176',735,,114,9,,,0
2019,'1154184',1751,,115,9,,,0
2019,'1154213',1451,,118,9,,,0
2019,'1154261',1505,,119,9,,,0
2019,'1154395',1351,,122,9,,,0
2019,'1154406',1336,,123,9,,,0
2019,'1154427',2005,,124,9,,,0
2019,'1154537',2305,,126,9,,,0
2019,'1154545',705,,127,9,,,0
2019,'1154578',1236,,129,9,,,0
2019,'1154617',1035,,130,9,,,0
2019,'1154656',1306,,131,9,,,0
2019,'1154684',835,,132,9,,,0
2019,'1154726',1805,,133,9,,,0
2019,'1154850',2035,,135,9,,,0
2019,'1154999',1105,,138,9,,,0
2019,'1155070',920,,140,9,,,0
2019,'1155246',2135,,143,9,,,0
2019,'1155364',2135,,146,9,,,0
2019,'1155383',1020,,147,9,,,0
2019,'1155465',2235,,152,9,,,0
