14029,'1184744',724,,5304,18,,,0
14029,'1184869',624,,5306,18,,,0
14029,'1184981',1654,,5310,18,,,0
14029,'1184993',1724,,5311,18,,,0
14029,'1185190',1954,,5312,18,,,0
14029,'1185265',824,,5314,18,,,0
14029,'1185322',1424,,5317,18,,,0
14029,'1185408',1454,,5319,18,,,0
14029,'1185491',1624,,5322,18,,,0
14029,'1185568',1524,,5325,18,,,0
14029,'1185828',2254,,5328,18,,,0
14029,'1185866',2359,,5330,18,,,0
14029,'1186118',654,,5334,18,,,0
14029,'1186154',924,,5335,18,,,0
14029,'1186312',2154,,5336,18,,,0
14029,'1186319',1554,,5337,18,,,0
14029,'1186327',1324,,5338,18,,,0
14029,'1186377',1224,,5340,18,,,0
14029,'1186418',1024,,5341,18,,,0
14029,'1186771',754,,5348,18,,,0
14029,'1186908',854,,5353,18,,,0
14029,'1186971',2054,,5355,18,,,0
14029,'1187063',1754,,5357,18,,,0
14029,'1187137',1854,,5360,18,,,0
14029,'1187192',1124,,5361,18,,,0
