102029,'1184571',1646,,6236,15,,,0
102029,'1184618',1731,,6237,15,,,0
102029,'1184714',2416,,6239,15,,,0
102029,'1184773',2116,,6240,15,,,0
102029,'1184861',831,,6242,15,,,0
102029,'1184912',1946,,6243,15,,,0
102029,'1184978',1601,,6244,15,,,0
102029,'1185373',1046,,6250,15,,,0
102029,'1185461',746,,6253,15,,,0
102029,'1185534',2246,,6254,15,,,0
102029,'1185681',616,,6255,15,,,0
102029,'1185738',1516,,6256,15,,,0
102029,'1185941',1216,,6258,15,,,0
102029,'1186057',916,,6259,15,,,0
102029,'1186170',1346,,6260,15,,,0
102029,'1186432',1001,,6261,15,,,0
102029,'1186708',1431,,6265,15,,,0
102029,'1186709',1816,,6266,15,,,0
102029,'1186954',701,,6271,15,,,0
