12019,'1190645',1634,,7824,28,,,0
12019,'1190657',1802,,7825,28,,,0
12019,'1190716',703,,7826,28,,,0
12019,'1190720',1902,,7827,28,,,0
12019,'1190795',1702,,7828,28,,,0
12019,'1190815',1502,,7829,28,,,0
12019,'1190831',2202,,7830,28,,,0
12019,'1190872',903,,7831,28,,,0
12019,'1190904',2102,,7832,28,,,0
12019,'1190905',902,,7833,28,,,0
12019,'1190925',2032,,7834,28,,,0
12019,'1190938',1634,,7835,28,,,0
12019,'1191207',1804,,7836,28,,,0
12019,'1191227',1734,,7837,28,,,0
12019,'1191292',1002,,7838,28,,,0
12019,'1191300',1534,,7839,28,,,0
12019,'1191320',2332,,7840,28,,,0
12019,'1191398',2202,,7841,28,,,0
12019,'1191414',1734,,7842,28,,,0
12019,'1191419',1504,,7843,28,,,0
12019,'1191420',2132,,7844,28,,,0
12019,'1191448',803,,7845,28,,,0
12019,'1191466',1704,,7846,28,,,0
12019,'1191470',1504,,7847,28,,,0
12019,'1191522',1104,,7848,28,,,0
12019,'1191559',1402,,7849,28,,,0
12019,'1191598',1204,,7850,28,,,0
12019,'1191639',1234,,7851,28,,,0
12019,'1191674',1134,,7852,28,,,0
12019,'1191686',1334,,7853,28,,,0
12019,'1191724',1602,,7854,28,,,0
12019,'1191785',1202,,7855,28,,,0
12019,'1191790',1102,,7856,28,,,0
12019,'1191803',1304,,7857,28,,,0
12019,'1191804',1604,,7858,28,,,0
12019,'1191818',1404,,7859,28,,,0
12019,'1191855',1902,,7860,28,,,0
12019,'1191973',1134,,7861,28,,,0
12019,'1191984',2402,,7862,28,,,0
12019,'1192006',1033,,7863,28,,,0
12019,'1192018',1304,,7864,28,,,0
12019,'1192022',1932,,7865,28,,,0
12019,'1192099',833,,7866,28,,,0
12019,'1192145',1404,,7867,28,,,0
12019,'1192151',802,,7868,28,,,0
12019,'1192194',733,,7869,28,,,0
12019,'1192261',1204,,7870,28,,,0
12019,'1192280',2232,,7871,28,,,0
12019,'1192281',1334,,7872,28,,,0
12019,'1192299',802,,7873,28,,,0
12019,'1192301',1234,,7874,28,,,0
12019,'1192340',1434,,7875,28,,,0
12019,'1192366',1832,,7876,28,,,0
12019,'1192412',933,,7877,28,,,0
12019,'1192428',902,,7878,28,,,0
12019,'1192530',1534,,7879,28,,,0
12019,'1192561',2402,,7880,28,,,0
12019,'1192582',2002,,7881,28,,,0
12019,'1192611',2302,,7882,28,,,0
12019,'1192642',633,,7883,28,,,0
12019,'1193003',1604,,7884,28,,,0
12019,'1193055',1704,,7885,28,,,0
12019,'1193068',1002,,7886,28,,,0
12019,'1193119',2102,,7887,28,,,0
12019,'1193147',1104,,7888,28,,,0
12019,'1193167',1434,,7889,28,,,0
12019,'1193176',704,,7890,28,,,0
12019,'1193179',2002,,7891,28,,,0
12019,'1193229',1804,,7892,28,,,0
12019,'1193248',1302,,7893,28,,,0
12019,'1193280',2302,,7894,28,,,0
12019,'1193305',1003,,7895,28,,,0
