105029,'1184521',1804,,6491,51,,,0
105029,'1184537',1334,,6492,51,,,0
105029,'1184580',917,,6493,51,,,0
105029,'1184670',1549,,6494,51,,,0
105029,'1184808',2317,,6496,51,,,0
105029,'1184833',1019,,6497,51,,,0
105029,'1184834',2422,,6498,51,,,0
105029,'1184863',1234,,6499,51,,,0
105029,'1185135',717,,6501,51,,,0
105029,'1185332',1847,,6505,51,,,0
105029,'1185350',2017,,6506,51,,,0
105029,'1185359',2217,,6507,51,,,0
105029,'1185440',1634,,6510,51,,,0
105029,'1185668',747,,6513,51,,,0
105029,'1185827',2117,,6515,51,,,0
105029,'1185938',1449,,6516,51,,,0
105029,'1186005',1704,,6517,51,,,0
105029,'1186279',1519,,6519,51,,,0
105029,'1186282',1419,,6520,51,,,0
105029,'1186470',1119,,6525,51,,,0
105029,'1186861',647,,6531,51,,,0
105029,'1186874',1734,,6532,51,,,0
105029,'1187005',817,,6534,51,,,0
