13019,'1150115',638,,1246,10,,,0
13019,'1150207',840,,1247,36,,,0
13019,'1150227',940,,1248,36,,,0
13019,'1150493',939,,1249,36,,,0
13019,'1150585',1809,,1251,36,,,0
13019,'1150628',1511,,1253,36,,,0
13019,'1150643',2239,,1254,36,,,0
13019,'1150645',1711,,1255,36,,,0
13019,'1150729',1639,,1256,36,,,0
13019,'1150851',1741,,1257,36,,,0
13019,'1151123',1241,,1265,36,,,0
13019,'1151365',809,,1267,36,,,0
13019,'1151417',1042,,1269,36,,,0
13019,'1151524',1539,,1273,36,,,0
13019,'1151771',1641,,1275,36,,,0
13019,'1151796',910,,1276,36,,,0
13019,'1151799',2309,,1277,36,,,0
13019,'1151808',2109,,1278,36,,,0
13019,'1152195',1139,,1281,36,,,0
13019,'1152254',2209,,1283,36,,,0
13019,'1152429',739,,1285,36,,,0
13019,'1152560',1839,,1288,36,,,0
13019,'1152603',1339,,1289,36,,,0
13019,'1152985',1341,,1296,36,,,0
13019,'1153202',2139,,1297,36,,,0
13019,'1153301',1141,,1300,36,,,0
13019,'1153469',1739,,1303,36,,,0
13019,'1153618',839,,1306,36,,,0
13019,'1153699',1541,,1310,36,,,0
13019,'1154058',1039,,1314,36,,,0
13019,'1154251',639,,1316,36,,,0
13019,'1154276',1009,,1317,36,,,0
13019,'1154383',1441,,1319,36,,,0
13019,'1154424',2039,,1320,36,,,0
13019,'1154456',1239,,1321,36,,,0
13019,'1154547',2009,,1324,36,,,0
13019,'1154651',709,,1325,36,,,0
13019,'1154956',1611,,1327,36,,,0
13019,'1155135',739,,1331,36,,,0
13019,'1155249',1439,,1333,36,,,0
13019,'1155251',2414,,1334,36,,,0
13019,'1155283',1909,,1336,36,,,0
13019,'1155329',1939,,1337,36,,,0
13019,'1155371',2339,,1339,36,,,0
13019,'1155396',609,,1340,10,,,0
