26019,'1150268',1005,,2251,7,,,0
26019,'1150318',1905,,2252,7,,,0
26019,'1150654',2005,,2253,7,,,0
26019,'1150906',2305,,2257,7,,,0
26019,'1151018',1435,,2260,7,,,0
26019,'1151114',1605,,2261,7,,,0
26019,'1151349',2005,,2265,7,,,0
26019,'1151444',1705,,2267,7,,,0
26019,'1151445',1505,,2268,7,,,0
26019,'1151705',1135,,2273,7,,,0
26019,'1151777',2105,,2276,7,,,0
26019,'1151814',1305,,2278,7,,,0
26019,'1152149',605,,2280,7,,,0
26019,'1152176',1705,,2281,7,,,0
26019,'1152424',2205,,2285,7,,,0
26019,'1152562',805,,2287,7,,,0
26019,'1152577',805,,2289,7,,,0
26019,'1152595',1605,,2290,7,,,0
26019,'1152690',1035,,2291,7,,,0
26019,'1152910',1905,,2295,7,,,0
26019,'1152959',605,,2297,7,,,0
26019,'1153348',1105,,2302,7,,,0
26019,'1153366',1505,,2303,7,,,0
26019,'1153674',905,,2307,7,,,0
26019,'1154254',2305,,2313,7,,,0
26019,'1154274',2205,,2314,7,,,0
26019,'1154301',1335,,2316,7,,,0
26019,'1154312',905,,2317,7,,,0
26019,'1154417',1205,,2318,7,,,0
26019,'1154436',1805,,2319,7,,,0
26019,'1154437',2105,,2320,7,,,0
26019,'1154565',1005,,2324,7,,,0
26019,'1154582',705,,2325,7,,,0
26019,'1154611',1805,,2326,7,,,0
26019,'1154622',705,,2327,7,,,0
26019,'1155308',1405,,2334,7,,,0
26019,'1155354',1235,,2335,7,,,0
