14029,'1150190',1838,,1534,44,,,0
14029,'1150439',838,,1538,44,,,0
14029,'1150459',1339,,1539,44,,,0
14029,'1150588',2308,,1543,44,,,0
14029,'1150672',1509,,1546,44,,,0
14029,'1150717',938,,1547,44,,,0
14029,'1150738',2008,,1548,44,,,0
14029,'1151331',1938,,1555,44,,,0
14029,'1151766',738,,1558,44,,,0
14029,'1151954',1638,,1561,44,,,0
14029,'1152193',2338,,1563,44,,,0
14029,'1152310',1438,,1566,44,,,0
14029,'1152526',1239,,1568,44,,,0
14029,'1152537',938,,1569,44,,,0
14029,'1152587',808,,1573,44,,,0
14029,'1152675',1538,,1575,44,,,0
14029,'1152745',2038,,1576,44,,,0
14029,'1152748',1539,,1577,44,,,0
14029,'1152812',638,,1578,44,,,0
14029,'1152932',2138,,1581,44,,,0
14029,'1152939',1738,,1582,44,,,0
14029,'1153024',1038,,1583,44,,,0
14029,'1153508',738,,1587,44,,,0
14029,'1153585',1609,,1591,44,,,0
14029,'1153659',1338,,1592,44,,,0
14029,'1153682',1639,,1593,44,,,0
14029,'1153912',838,,1596,44,,,0
14029,'1154347',1138,,1598,44,,,0
14029,'1154414',708,,1599,44,,,0
14029,'1154420',908,,1600,44,,,0
14029,'1154562',2238,,1602,44,,,0
14029,'1154601',2208,,1603,44,,,0
14029,'1154633',1709,,1605,44,,,0
14029,'1154637',2413,,1606,44,,,0
14029,'1154683',2108,,1607,44,,,0
14029,'1154906',1739,,1611,44,,,0
14029,'1154942',1808,,1612,44,,,0
14029,'1155036',1238,,1613,44,,,0
14029,'1155042',1039,,1614,44,,,0
14029,'1155063',1439,,1615,44,,,0
14029,'1155252',1908,,1620,44,,,0
14029,'1155490',1139,,1625,44,,,0
29029,'1156000',1458,,2826,13,,,0
29029,'1156001',1543,,2827,13,,,0
29029,'1156003',958,,2828,13,,,0
29029,'1156005',1158,,2830,13,,,0
29029,'1156007',1942,,2831,13,,,0
29029,'1156008',1358,,2832,13,,,0
29029,'1156010',1643,,2834,13,,,0
29029,'1156011',2042,,2835,13,,,0
29029,'1156014',1743,,2838,13,,,0
29029,'1156017',1143,,2841,13,,,0
29029,'1156018',2242,,2842,13,,,0
29029,'1156019',842,,2843,13,,,0
29029,'1156022',1343,,2846,13,,,0
29029,'1156023',1243,,2847,13,,,0
29029,'1156025',1058,,2848,13,,,0
29029,'1156030',2142,,2852,13,,,0
29029,'1156032',742,,2854,13,,,0
29029,'1156034',1842,,2856,13,,,0
29029,'1156037',1558,,2859,13,,,0
29029,'1156043',942,,2862,13,,,0
29029,'1156044',2342,,2863,13,,,0
29029,'1156045',1258,,2864,13,,,0
29029,'1156046',1043,,2865,13,,,0
29029,'1156047',1443,,2866,13,,,0
190001029,'1150129',1531,,3923,22,,,0
190001029,'1150221',1618,,3928,22,,,0
190001029,'1150261',701,,3932,22,,,0
190001029,'1150317',1831,,3934,22,,,0
190001029,'1150323',1046,,3936,22,,,0
190001029,'1150326',1331,,3937,22,,,0
190001029,'1150371',1646,,3939,22,,,0
190001029,'1150463',1916,,3946,22,,,0
190001029,'1150467',2316,,3948,22,,,0
190001029,'1150530',1945,,3951,22,,,0
190001029,'1150605',831,,3959,22,,,0
190001029,'1150700',1446,,3970,22,,,0
190001029,'1150770',1016,,3975,22,,,0
190001029,'1150865',2315,,3982,22,,,0
190001029,'1150887',1403,,3984,22,,,0
190001029,'1150891',1731,,3985,22,,,0
190001029,'1150910',2345,,3987,22,,,0
190001029,'1151015',631,,3994,22,,,0
190001029,'1151019',1648,,3995,22,,,0
190001029,'1151022',2346,,3996,22,,,0
190001029,'1151146',716,,4006,22,,,0
190001029,'1151308',1931,,4012,22,,,0
190001029,'1151334',1448,,4013,22,,,0
190001029,'1151383',2146,,4017,22,,,0
190001029,'1151399',1148,,4018,22,,,0
190001029,'1151410',1416,,4019,22,,,0
190001029,'1151450',815,,4024,22,,,0
190001029,'1151461',1000,,4025,22,,,0
190001029,'1151471',1116,,4026,22,,,0
190001029,'1151532',2145,,4029,22,,,0
190001029,'1151622',1231,,4033,22,,,0
190001029,'1151649',1146,,4035,22,,,0
190001029,'1151652',1633,,4037,22,,,0
190001029,'1151755',1816,,4042,22,,,0
190001029,'1151778',845,,4044,22,,,0
190001029,'1151835',931,,4053,22,,,0
190001029,'1151851',1801,,4055,22,,,0
190001029,'1151867',1033,,4057,22,,,0
190001029,'1151941',1346,,4059,22,,,0
190001029,'1152013',2215,,4063,22,,,0
190001029,'1152049',1233,,4067,22,,,0
190001029,'1152277',1603,,4081,22,,,0
190001029,'1152292',1248,,4083,22,,,0
190001029,'1152433',1533,,4091,22,,,0
190001029,'1152611',1746,,4096,22,,,0
190001029,'1152619',1001,,4098,22,,,0
190001029,'1152641',1333,,4099,22,,,0
190001029,'1152642',1431,,4100,22,,,0
190001029,'1152671',1846,,4101,22,,,0
190001029,'1152729',645,,4105,22,,,0
190001029,'1152816',801,,4110,22,,,0
190001029,'1152836',1316,,4112,22,,,0
190001029,'1152897',1318,,4120,22,,,0
190001029,'1152898',1716,,4121,22,,,0
190001029,'1152903',1503,,4122,22,,,0
190001029,'1152933',945,,4123,22,,,0
190001029,'1152946',1901,,4124,22,,,0
190001029,'1152957',1718,,4125,22,,,0
190001029,'1152979',646,,4130,22,,,0
190001029,'1153028',916,,4137,22,,,0
190001029,'1153063',1103,,4140,22,,,0
190001029,'1153069',1746,,4142,22,,,0
190001029,'1153087',1131,,4144,22,,,0
190001029,'1153094',1216,,4145,22,,,0
190001029,'1153180',2245,,4151,22,,,0
190001029,'1153259',1915,,4158,22,,,0
190001029,'1153305',1018,,4162,22,,,0
190001029,'1153328',1703,,4166,22,,,0
190001029,'1153379',2101,,4168,22,,,0
190001029,'1153468',1815,,4170,22,,,0
190001029,'1153471',1418,,4172,22,,,0
190001029,'1153535',2046,,4178,22,,,0
190001029,'1153710',1433,,4185,22,,,0
190001029,'1153717',1546,,4188,22,,,0
190001029,'1153754',2115,,4192,22,,,0
190001029,'1153759',715,,4195,22,,,0
190001029,'1153779',1101,,4198,22,,,0
190001029,'1153791',1616,,4201,22,,,0
190001029,'1153796',1048,,4203,22,,,0
190001029,'1154047',1501,,4216,22,,,0
190001029,'1154056',731,,4217,22,,,0
190001029,'1154092',1118,,4219,22,,,0
190001029,'1154144',2016,,4221,22,,,0
190001029,'1154192',2015,,4226,22,,,0
190001029,'1154194',2001,,4227,22,,,0
190001029,'1154283',901,,4236,22,,,0
190001029,'1154294',915,,4237,22,,,0
190001029,'1154319',746,,4239,22,,,0
190001029,'1154363',1301,,4244,22,,,0
190001029,'1154387',846,,4245,22,,,0
190001029,'1154428',1801,,4249,22,,,0
190001029,'1154446',1830,,4251,22,,,0
190001029,'1154457',615,,4253,22,,,0
190001029,'1154476',2216,,4255,22,,,0
190001029,'1154483',1631,,4256,22,,,0
190001029,'1154606',1133,,4259,22,,,0
190001029,'1154631',2116,,4262,22,,,0
190001029,'1154666',1201,,4267,22,,,0
190001029,'1154698',1203,,4268,22,,,0
190001029,'1154735',2131,,4272,22,,,0
190001029,'1154819',1548,,4277,22,,,0
190001029,'1154825',1031,,4278,22,,,0
190001029,'1154967',1303,,4289,22,,,0
190001029,'1154974',2406,,4291,22,,,0
190001029,'1154982',1946,,4292,22,,,0
190001029,'1155035',1733,,4297,22,,,0
190001029,'1155059',2246,,4298,22,,,0
190001029,'1155085',1218,,4302,22,,,0
190001029,'1155117',1845,,4303,22,,,0
190001029,'1155121',1701,,4304,22,,,0
190001029,'1155122',816,,4305,22,,,0
190001029,'1155134',1518,,4307,22,,,0
190001029,'1155216',1246,,4315,22,,,0
190001029,'1155287',2031,,4319,22,,,0
190001029,'1155299',1401,,4322,22,,,0
190001029,'1155348',2045,,4324,22,,,0
190001029,'1155357',1348,,4326,22,,,0
190001029,'1155358',1601,,4327,22,,,0
190001029,'1155429',946,,4332,22,,,0
190001029,'1155491',745,,4333,22,,,0
190001029,'1155499',1516,,4335,22,,,0
