2029,'1150099',733,,153,15,,,0
2029,'1150204',2246,,154,15,,,0
2029,'1150205',1429,,155,15,,,0
2029,'1150235',1803,,156,15,,,0
2029,'1150264',1133,,157,15,,,0
2029,'1150359',2146,,159,15,,,0
2029,'1150387',1633,,160,15,,,0
2029,'1150399',1318,,161,15,,,0
2029,'1150596',902,,163,15,,,0
2029,'1150706',1102,,164,15,,,0
2029,'1150737',1548,,166,15,,,0
2029,'1150754',702,,167,15,,,0
2029,'1150835',1017,,171,15,,,0
2029,'1150893',2116,,172,15,,,0
2029,'1150915',1033,,173,15,,,0
2029,'1150964',2342,,174,15,,,0
2029,'1151020',932,,175,15,,,0
2029,'1151059',1618,,176,15,,,0
2029,'1151109',1303,,177,15,,,0
2029,'1151112',2333,,178,15,,,0
2029,'1151287',1203,,183,15,,,0
2029,'1151318',1818,,184,15,,,0
2029,'1151377',1259,,185,15,,,0
2029,'1151512',1748,,187,15,,,0
2029,'1151673',2046,,189,15,,,0
2029,'1151753',2418,,190,15,,,0
2029,'1151810',1147,,192,15,,,0
2029,'1151846',1729,,194,15,,,0
2029,'1151913',1032,,195,15,,,0
2029,'1151977',732,,196,15,,,0
2029,'1151981',1403,,197,15,,,0
2029,'1151987',2412,,199,15,,,0
2029,'1152028',1833,,203,15,,,0
2029,'1152045',947,,204,15,,,0
2029,'1152158',2033,,205,15,,,0
2029,'1152377',1433,,207,15,,,0
2029,'1152464',817,,210,15,,,0
2029,'1152591',1418,,213,15,,,0
2029,'1152677',1459,,217,15,,,0
2029,'1152700',1916,,218,15,,,0
2029,'1152710',1359,,220,15,,,0
2029,'1152711',1648,,221,15,,,0
2029,'1152851',647,,223,15,,,0
2029,'1152909',1117,,224,15,,,0
2029,'1152943',2216,,225,15,,,0
2029,'1152978',1503,,226,15,,,0
2029,'1153006',1518,,227,15,,,0
2029,'1153039',1559,,228,15,,,0
2029,'1153131',1348,,230,15,,,0
2029,'1153150',903,,232,15,,,0
2029,'1153234',1948,,234,15,,,0
2029,'1153375',948,,236,15,,,0
2029,'1153517',1533,,238,15,,,0
2029,'1153626',1329,,242,15,,,0
2029,'1153665',1629,,243,15,,,0
2029,'1153733',1846,,244,15,,,0
2029,'1153775',1217,,247,15,,,0
2029,'1153874',1047,,249,15,,,0
2029,'1153876',1103,,250,15,,,0
2029,'1153897',1333,,252,15,,,0
2029,'1153931',1703,,255,15,,,0
2029,'1154143',847,,257,15,,,0
2029,'1154288',1659,,261,15,,,0
2029,'1154306',1603,,263,15,,,0
2029,'1154316',1733,,264,15,,,0
2029,'1154343',648,,265,15,,,0
2029,'1154350',1202,,266,15,,,0
2029,'1154435',1718,,268,15,,,0
2029,'1154444',1946,,270,15,,,0
2029,'1154549',1759,,272,15,,,0
2029,'1154551',1529,,273,15,,,0
2029,'1154560',1132,,274,15,,,0
2029,'1154588',2316,,275,15,,,0
2029,'1154727',2016,,279,15,,,0
2029,'1154740',1232,,280,15,,,0
2029,'1154770',1002,,281,15,,,0
2029,'1154848',1229,,283,15,,,0
2029,'1154950',2203,,287,15,,,0
2029,'1154993',717,,288,15,,,0
2029,'1155076',2118,,290,15,,,0
2029,'1155100',2432,,292,15,,,0
2029,'1155178',2248,,293,15,,,0
2029,'1155312',747,,296,15,,,0
2029,'1155326',1833,,297,15,,,0
2029,'1155346',1903,,298,15,,,0
2029,'1155405',818,,301,15,,,0
2029,'1155418',917,,302,15,,,0
2029,'1155423',802,,303,15,,,0
2029,'1155457',1448,,304,15,,,0
2029,'1155498',1248,,305,15,,,0
2029,'1155507',832,,306,15,,,0
