101019,'1190633',1149,,8977,28,,,0
101019,'1190779',1327,,8978,28,,,0
101019,'1190804',1126,,8979,28,,,0
101019,'1190956',2127,,8980,28,,,0
101019,'1191198',549,,8981,28,,,0
101019,'1191312',926,,8982,28,,,0
101019,'1191333',2249,,8983,28,,,0
101019,'1191377',1527,,8984,28,,,0
101019,'1191380',2126,,8985,28,,,0
101019,'1191432',1727,,8986,28,,,0
101019,'1191480',1351,,8987,28,,,0
101019,'1191543',1926,,8988,28,,,0
101019,'1191977',1326,,8989,28,,,0
101019,'1192063',849,,8990,28,,,0
101019,'1192135',1049,,8991,28,,,0
101019,'1192166',1849,,8992,28,,,0
101019,'1192271',949,,8993,28,,,0
101019,'1192368',1526,,8994,28,,,0
101019,'1192448',927,,8995,28,,,0
101019,'1192613',749,,8996,28,,,0
101019,'1192782',1651,,8997,28,,,0
101019,'1192859',1127,,8998,28,,,0
101019,'1192896',1927,,8999,28,,,0
101019,'1192902',726,,9000,28,,,0
101019,'1192958',2048,,9001,28,,,0
101019,'1192961',727,,9002,28,,,0
101019,'1192963',2327,,9003,28,,,0
101019,'1193022',1451,,9004,28,,,0
101019,'1193099',1726,,9005,28,,,0
101019,'1193164',1551,,9006,28,,,0
101019,'1193193',1751,,9007,28,,,0
