103019,'1150581',907,,3099,16,,,0
103019,'1150650',1423,,3100,16,,,0
103019,'1150807',2122,,3102,16,,,0
103019,'1151036',1508,,3105,16,,,0
103019,'1151535',952,,3109,16,,,0
103019,'1151614',1253,,3112,16,,,0
103019,'1151765',2152,,3115,16,,,0
103019,'1151829',1852,,3116,16,,,0
103019,'1152005',822,,3120,16,,,0
103019,'1152137',921,,3121,16,,,0
103019,'1152317',2322,,3124,16,,,0
103019,'1152724',1952,,3126,16,,,0
103019,'1152808',2252,,3128,16,,,0
103019,'1153162',1723,,3130,16,,,0
103019,'1153376',1653,,3132,16,,,0
103019,'1153872',1123,,3136,16,,,0
103019,'1153926',1222,,3137,16,,,0
103019,'1154277',1353,,3140,16,,,0
103019,'1154296',737,,3141,16,,,0
103019,'1154523',2022,,3142,16,,,0
103019,'1154594',1638,,3143,16,,,0
103019,'1154619',1553,,3144,16,,,0
103019,'1154654',751,,3145,16,,,0
103019,'1154776',652,,3146,16,,,0
103019,'1154794',1822,,3148,16,,,0
103019,'1154815',621,,3149,3,,,0
103019,'1154837',1523,,3150,16,,,0
103019,'1154924',1051,,3152,16,,,0
