104029,'1181155',1430,,4353,39,,,0
104029,'1181212',1215,,4354,39,,,0
104029,'1181411',1515,,4355,39,,,0
104029,'1181445',1300,,4356,39,,,0
104029,'1181463',817,,4357,39,,,0
104029,'1181465',1047,,4358,39,,,0
104029,'1181610',1803,,4359,39,,,0
104029,'1181818',2147,,4360,39,,,0
104029,'1181976',1002,,4361,39,,,0
104029,'1181990',617,,4362,39,,,0
104029,'1182344',1345,,4363,39,,,0
104029,'1182649',932,,4364,39,,,0
104029,'1182756',2317,,4365,39,,,0
104029,'1182765',1847,,4366,39,,,0
104029,'1183191',1730,,4367,39,,,0
104029,'1183225',732,,4368,39,,,0
104029,'1183615',847,,4369,39,,,0
104029,'1183699',2017,,4370,39,,,0
104029,'1183734',1645,,4371,39,,,0
104029,'1184115',1600,,4372,39,,,0
104029,'1184200',702,,4373,39,,,0
