190001019,'1184477',732,,6823,18,,,0
190001019,'1184538',1118,,6825,18,,,0
190001019,'1184623',717,,6827,18,,,0
190001019,'1184686',2200,,6832,18,,,0
190001019,'1184712',932,,6834,18,,,0
190001019,'1184722',702,,6835,18,,,0
190001019,'1184775',1233,,6836,18,,,0
190001019,'1184812',1403,,6838,18,,,0
190001019,'1184841',2001,,6840,18,,,0
190001019,'1184844',802,,6841,18,,,0
190001019,'1184915',1540,,6846,18,,,0
190001019,'1184930',1440,,6847,18,,,0
190001019,'1185008',817,,6848,18,,,0
190001019,'1185052',1318,,6850,18,,,0
190001019,'1185077',2016,,6853,18,,,0
190001019,'1185090',847,,6854,18,,,0
190001019,'1185150',1755,,6855,18,,,0
190001019,'1185161',1740,,6856,18,,,0
190001019,'1185178',1931,,6857,18,,,0
190001019,'1185194',2400,,6858,18,,,0
190001019,'1185221',2101,,6859,18,,,0
190001019,'1185231',1655,,6860,18,,,0
190001019,'1185343',1610,,6864,18,,,0
190001019,'1185352',1916,,6865,18,,,0
190001019,'1185392',947,,6867,18,,,0
190001019,'1185448',917,,6868,18,,,0
190001019,'1185479',1510,,6869,18,,,0
190001019,'1185532',1002,,6872,18,,,0
190001019,'1185537',2420,,6873,18,,,0
190001019,'1185572',1640,,6875,18,,,0
190001019,'1185600',2330,,6877,18,,,0
190001019,'1185605',1725,,6878,18,,,0
190001019,'1185609',2031,,6879,18,,,0
190001019,'1185645',2145,,6882,18,,,0
190001019,'1185667',1203,,6884,18,,,0
190001019,'1185709',1710,,6886,18,,,0
190001019,'1185796',1555,,6891,18,,,0
190001019,'1185810',1033,,6892,18,,,0
190001019,'1185883',647,,6895,18,,,0
190001019,'1185950',902,,6898,18,,,0
190001019,'1186040',1248,,6902,18,,,0
190001019,'1186058',2116,,6903,18,,,0
190001019,'1186059',1816,,6904,18,,,0
190001019,'1186110',1303,,6907,18,,,0
190001019,'1186115',1103,,6908,18,,,0
190001019,'1186141',1425,,6911,18,,,0
190001019,'1186145',1901,,6912,18,,,0
190001019,'1186149',1148,,6913,18,,,0
190001019,'1186229',1133,,6918,18,,,0
190001019,'1186272',1946,,6922,18,,,0
190001019,'1186285',2046,,6923,18,,,0
190001019,'1186294',1625,,6924,18,,,0
190001019,'1186371',832,,6929,18,,,0
190001019,'1186413',2230,,6931,18,,,0
190001019,'1186619',1846,,6936,18,,,0
190001019,'1186635',747,,6937,18,,,0
190001019,'1186646',1804,,6938,18,,,0
190001019,'1186716',1218,,6939,18,,,0
190001019,'1186726',1048,,6940,18,,,0
190001019,'1186788',2130,,6943,18,,,0
190001019,'1186873',1348,,6946,18,,,0
190001019,'1186969',1831,,6948,18,,,0
190001019,'1187081',1017,,6954,18,,,0
190001019,'1187092',1525,,6955,18,,,0
190001019,'1187150',2300,,6957,18,,,0
190001019,'1187182',1455,,6959,18,,,0
190001019,'1187190',1333,,6960,18,,,0
