14029,'1184744',733,,5304,37,,,0
14029,'1184869',633,,5306,37,,,0
14029,'1184981',1704,,5310,37,,,0
14029,'1184993',1734,,5311,37,,,0
14029,'1185190',2003,,5312,37,,,0
14029,'1185265',833,,5314,37,,,0
14029,'1185322',1434,,5317,37,,,0
14029,'1185408',1504,,5319,37,,,0
14029,'1185491',1634,,5322,37,,,0
14029,'1185568',1534,,5325,37,,,0
14029,'1185828',2303,,5328,37,,,0
14029,'1185866',2408,,5330,37,,,0
14029,'1186118',703,,5334,37,,,0
14029,'1186154',933,,5335,37,,,0
14029,'1186312',2203,,5336,37,,,0
14029,'1186319',1604,,5337,37,,,0
14029,'1186327',1334,,5338,37,,,0
14029,'1186377',1234,,5340,37,,,0
14029,'1186418',1034,,5341,37,,,0
14029,'1186771',803,,5348,37,,,0
14029,'1186908',903,,5353,37,,,0
14029,'1186971',2103,,5355,37,,,0
14029,'1187063',1803,,5357,37,,,0
14029,'1187137',1903,,5360,37,,,0
14029,'1187192',1134,,5361,37,,,0
