13019,'1184512',1231,,5122,25,,,0
13019,'1184594',2259,,5124,25,,,0
13019,'1184597',629,,5125,25,,,0
13019,'1184763',659,,5130,25,,,0
13019,'1184782',1031,,5131,25,,,0
13019,'1184816',759,,5132,25,,,0
13019,'1184967',1531,,5133,25,,,0
13019,'1185101',1701,,5134,25,,,0
13019,'1185148',1759,,5135,25,,,0
13019,'1185153',929,,5136,25,,,0
13019,'1185449',2404,,5141,25,,,0
13019,'1185552',829,,5143,25,,,0
13019,'1185574',859,,5144,25,,,0
13019,'1185882',1431,,5153,25,,,0
13019,'1185890',1731,,5154,25,,,0
13019,'1185910',1331,,5157,25,,,0
13019,'1185952',2059,,5160,25,,,0
13019,'1186127',2159,,5163,25,,,0
13019,'1186271',1959,,5165,25,,,0
13019,'1186295',729,,5166,25,,,0
13019,'1186370',1131,,5168,25,,,0
13019,'1186730',959,,5172,25,,,0
13019,'1186805',1859,,5173,25,,,0
13019,'1187103',1631,,5179,25,,,0
13019,'1187170',1601,,5180,25,,,0
13019,'1187172',1501,,5181,25,,,0
101029,'1184516',2400,,6162,16,,,0
101029,'1184684',1740,,6164,16,,,0
101029,'1184724',940,,6165,16,,,0
101029,'1184785',1442,,6166,16,,,0
101029,'1185015',740,,6169,16,,,0
101029,'1185619',1040,,6174,16,,,0
101029,'1186082',1642,,6180,16,,,0
101029,'1186135',640,,6182,16,,,0
101029,'1186184',840,,6184,16,,,0
101029,'1186356',2140,,6185,16,,,0
101029,'1186597',1542,,6187,16,,,0
101029,'1186784',1940,,6189,16,,,0
101029,'1186815',1342,,6191,16,,,0
101029,'1187194',1242,,6192,16,,,0
