12019,'1150154',1321,,1020,7,,,0
12019,'1150175',1850,,1022,7,,,0
12019,'1150184',1920,,1023,7,,,0
12019,'1150234',1451,,1024,7,,,0
12019,'1150259',2320,,1025,7,,,0
12019,'1150277',2150,,1026,7,,,0
12019,'1150366',1020,,1027,7,,,0
12019,'1150385',1221,,1028,7,,,0
12019,'1150392',750,,1029,7,,,0
12019,'1150604',650,,1033,7,,,0
12019,'1150653',1621,,1034,7,,,0
12019,'1150742',1421,,1035,7,,,0
12019,'1150791',1321,,1038,7,,,0
12019,'1150924',1950,,1042,7,,,0
12019,'1151080',1521,,1043,7,,,0
12019,'1151133',1651,,1045,7,,,0
12019,'1151142',1121,,1046,7,,,0
12019,'1151177',1221,,1047,7,,,0
12019,'1151270',750,,1049,7,,,0
12019,'1151362',1251,,1050,7,,,0
12019,'1151391',850,,1051,7,,,0
12019,'1151499',652,,1053,7,,,0
12019,'1151718',1521,,1059,7,,,0
12019,'1152145',1820,,1067,7,,,0
12019,'1152225',1651,,1068,7,,,0
12019,'1152395',1751,,1073,7,,,0
12019,'1152487',1551,,1075,7,,,0
12019,'1152602',2120,,1079,7,,,0
12019,'1152688',1151,,1080,7,,,0
12019,'1152713',1351,,1081,7,,,0
12019,'1152992',1151,,1082,7,,,0
12019,'1153089',1721,,1086,7,,,0
12019,'1153148',850,,1087,7,,,0
12019,'1153225',950,,1088,7,,,0
12019,'1153303',1351,,1089,7,,,0
12019,'1153363',950,,1091,7,,,0
12019,'1153936',1621,,1101,7,,,0
12019,'1153983',720,,1102,7,,,0
12019,'1154016',1751,,1103,7,,,0
12019,'1154114',1121,,1105,7,,,0
12019,'1154338',1051,,1106,7,,,0
12019,'1154371',2020,,1108,7,,,0
12019,'1154398',1451,,1109,7,,,0
12019,'1154614',620,,1113,7,,,0
12019,'1154699',2250,,1114,7,,,0
12019,'1154864',2220,,1118,7,,,0
12019,'1154979',2350,,1119,7,,,0
12019,'1154992',1551,,1120,7,,,0
12019,'1155019',1421,,1122,7,,,0
12019,'1155075',820,,1123,7,,,0
12019,'1155095',1051,,1124,7,,,0
12019,'1155235',1721,,1126,7,,,0
12019,'1155248',2050,,1127,7,,,0
12019,'1155350',1251,,1131,7,,,0
12019,'1155503',920,,1133,7,,,0
