102019,'1150569',1604,,2964,19,,,0
102019,'1150627',1334,,2965,19,,,0
102019,'1150699',1504,,2966,19,,,0
102019,'1150863',1004,,2967,19,,,0
102019,'1151084',1034,,2969,19,,,0
102019,'1151787',1204,,2975,19,,,0
102019,'1151885',819,,2976,19,,,0
102019,'1152084',1734,,2978,19,,,0
102019,'1152215',604,,2986,19,,,0
102019,'1152229',1419,,2987,19,,,0
102019,'1152320',2034,,2988,19,,,0
102019,'1152337',1549,,2989,19,,,0
102019,'1152355',2334,,2990,19,,,0
102019,'1152636',2104,,2991,19,,,0
102019,'1152650',704,,2992,19,,,0
102019,'1152929',1134,,2996,19,,,0
102019,'1153088',1434,,2999,19,,,0
102019,'1153135',2234,,3000,19,,,0
102019,'1153320',834,,3001,19,,,0
102019,'1153698',1804,,3006,19,,,0
102019,'1153746',1904,,3008,19,,,0
102019,'1154007',1719,,3012,19,,,0
102019,'1154026',1304,,3013,19,,,0
102019,'1154131',734,,3015,19,,,0
102019,'1154161',2204,,3016,19,,,0
102019,'1154713',2404,,3020,19,,,0
102019,'1154782',1934,,3021,19,,,0
102019,'1154957',904,,3022,19,,,0
102019,'1155014',649,,3023,19,,,0
102019,'1155062',1634,,3024,19,,,0
102019,'1155467',949,,3027,19,,,0
