10029,'1184529',1550,,4778,10,,,0
10029,'1184533',2220,,4779,10,,,0
10029,'1184556',1220,,4781,10,,,0
10029,'1184564',1620,,4782,10,,,0
10029,'1184573',1120,,4783,10,,,0
10029,'1184797',1020,,4786,10,,,0
10029,'1184859',1320,,4787,10,,,0
10029,'1184943',720,,4788,10,,,0
10029,'1185045',2320,,4792,10,,,0
10029,'1185131',1820,,4793,10,,,0
10029,'1185170',720,,4794,10,,,0
10029,'1185175',1950,,4795,10,,,0
10029,'1185177',920,,4796,10,,,0
10029,'1185497',820,,4798,10,,,0
10029,'1185531',1720,,4799,10,,,0
10029,'1185542',2355,,4800,10,,,0
10029,'1185576',1120,,4801,10,,,0
10029,'1185616',1650,,4802,10,,,0
10029,'1185656',850,,4803,10,,,0
10029,'1185755',1620,,4805,10,,,0
10029,'1185786',750,,4807,10,,,0
10029,'1185809',2250,,4808,10,,,0
10029,'1185856',620,,4809,10,,,0
10029,'1186049',1720,,4812,10,,,0
10029,'1186157',1450,,4814,10,,,0
10029,'1186205',1320,,4815,10,,,0
10029,'1186237',2020,,4816,10,,,0
10029,'1186261',1750,,4817,10,,,0
10029,'1186406',1920,,4818,10,,,0
10029,'1186450',1520,,4819,10,,,0
10029,'1186478',1020,,4820,10,,,0
10029,'1186481',1520,,4821,10,,,0
10029,'1186548',2050,,4822,10,,,0
10029,'1186573',1850,,4824,10,,,0
10029,'1186648',1420,,4826,10,,,0
10029,'1186649',920,,4827,10,,,0
10029,'1186655',1220,,4828,10,,,0
10029,'1186719',650,,4830,10,,,0
10029,'1186827',820,,4831,10,,,0
10029,'1186869',1420,,4832,10,,,0
10029,'1186902',2120,,4833,10,,,0
10029,'1187133',2150,,4836,10,,,0
