24019,'1184560',2326,,5515,16,,,0
24019,'1184619',610,,5516,16,,,0
24019,'1184689',2310,,5517,16,,,0
24019,'1184697',810,,5518,16,,,0
24019,'1184701',1411,,5519,16,,,0
24019,'1184720',2241,,5520,16,,,0
24019,'1184783',1513,,5521,16,,,0
24019,'1184820',1026,,5522,16,,,0
24019,'1184838',1326,,5523,16,,,0
24019,'1184989',726,,5524,16,,,0
24019,'1185006',711,,5525,16,,,0
24019,'1185016',1713,,5526,16,,,0
24019,'1185028',1810,,5527,16,,,0
24019,'1185031',1613,,5528,16,,,0
24019,'1185105',1113,,5529,16,,,0
24019,'1185134',1543,,5530,16,,,0
24019,'1185220',2226,,5531,16,,,0
24019,'1185311',1311,,5532,16,,,0
24019,'1185652',710,,5533,16,,,0
24019,'1185680',911,,5534,16,,,0
24019,'1185686',2141,,5535,16,,,0
24019,'1185754',641,,5536,16,,,0
24019,'1185781',2110,,5537,16,,,0
24019,'1185861',841,,5538,16,,,0
24019,'1185884',1426,,5539,16,,,0
24019,'1186018',1643,,5540,16,,,0
24019,'1186037',1826,,5541,16,,,0
24019,'1186137',1226,,5542,16,,,0
24019,'1186166',1213,,5543,16,,,0
24019,'1186186',926,,5544,16,,,0
24019,'1186258',1626,,5545,16,,,0
24019,'1186359',2401,,5546,16,,,0
24019,'1186391',1313,,5547,16,,,0
24019,'1186431',1841,,5548,16,,,0
24019,'1186446',1443,,5549,16,,,0
24019,'1186476',1910,,5550,16,,,0
24019,'1186515',941,,5551,16,,,0
24019,'1186633',741,,5552,16,,,0
24019,'1186642',1926,,5553,16,,,0
24019,'1186693',2041,,5554,16,,,0
24019,'1186696',1511,,5555,16,,,0
24019,'1186725',1413,,5556,16,,,0
24019,'1186741',1126,,5557,16,,,0
24019,'1186817',1211,,5558,16,,,0
24019,'1186826',1526,,5559,16,,,0
24019,'1186904',1743,,5560,16,,,0
24019,'1186919',826,,5561,16,,,0
24019,'1186963',1111,,5562,16,,,0
24019,'1186974',1011,,5563,16,,,0
24019,'1186989',911,,5564,16,,,0
24019,'1187048',1011,,5565,16,,,0
24019,'1187054',2026,,5566,16,,,0
24019,'1187060',1726,,5567,16,,,0
24019,'1187065',2010,,5568,16,,,0
24019,'1187078',1941,,5569,16,,,0
24019,'1187091',2126,,5570,16,,,0
24019,'1187097',1610,,5571,16,,,0
24019,'1187111',1710,,5572,16,,,0
24019,'1187158',811,,5573,16,,,0
24019,'1187189',2210,,5574,16,,,0
