105029,'1184521',1819,,6491,81,,,0
105029,'1184537',1349,,6492,81,,,0
105029,'1184580',931,,6493,81,,,0
105029,'1184670',1604,,6494,81,,,0
105029,'1184808',2331,,6496,81,,,0
105029,'1184833',1034,,6497,81,,,0
105029,'1184834',2436,,6498,81,,,0
105029,'1184863',1249,,6499,81,,,0
105029,'1185135',731,,6501,81,,,0
105029,'1185332',1901,,6505,81,,,0
105029,'1185350',2031,,6506,81,,,0
105029,'1185359',2231,,6507,81,,,0
105029,'1185440',1649,,6510,81,,,0
105029,'1185668',801,,6513,81,,,0
105029,'1185827',2131,,6515,81,,,0
105029,'1185938',1504,,6516,81,,,0
105029,'1186005',1719,,6517,81,,,0
105029,'1186279',1534,,6519,81,,,0
105029,'1186282',1434,,6520,81,,,0
105029,'1186470',1134,,6525,81,,,0
105029,'1186861',701,,6531,81,,,0
105029,'1186874',1749,,6532,81,,,0
105029,'1187005',831,,6534,81,,,0
