105019,'1184475',1852,,6445,52,,,0
105019,'1184709',1822,,6446,52,,,0
105019,'1184754',1115,,6447,52,,,0
105019,'1184819',804,,6448,52,,,0
105019,'1184825',2300,,6449,52,,,0
105019,'1184879',1507,,6450,52,,,0
105019,'1184888',1004,,6451,52,,,0
105019,'1184928',1215,,6452,52,,,0
105019,'1184969',2313,,6453,52,,,0
105019,'1185022',2113,,6454,52,,,0
105019,'1185176',700,,6455,52,,,0
105019,'1185212',630,,6456,52,,,0
105019,'1185354',1915,,6457,52,,,0
105019,'1185498',1930,,6458,52,,,0
105019,'1185528',2031,,6459,52,,,0
105019,'1185550',1415,,6460,52,,,0
105019,'1185555',2231,,6461,52,,,0
105019,'1185569',1752,,6462,52,,,0
105019,'1185641',904,,6463,52,,,0
105019,'1185643',1831,,6464,52,,,0
105019,'1185695',1322,,6465,52,,,0
105019,'1185708',2100,,6466,52,,,0
105019,'1185807',1631,,6467,52,,,0
105019,'1185822',1315,,6468,52,,,0
105019,'1185894',1207,,6469,52,,,0
105019,'1186015',1422,,6470,52,,,0
105019,'1186061',1607,,6471,52,,,0
105019,'1186284',1431,,6472,52,,,0
105019,'1186380',1107,,6473,52,,,0
105019,'1186411',1231,,6474,52,,,0
105019,'1186477',1637,,6475,52,,,0
105019,'1186479',1031,,6476,52,,,0
105019,'1186519',1715,,6477,52,,,0
105019,'1186601',1722,,6478,52,,,0
105019,'1186602',734,,6479,52,,,0
105019,'1186613',831,,6480,52,,,0
105019,'1186624',1615,,6481,52,,,0
105019,'1186706',1815,,6482,52,,,0
105019,'1186813',913,,6483,52,,,0
105019,'1186864',2400,,6484,52,,,0
105019,'1186870',600,,6485,52,,,0
105019,'1186896',834,,6486,52,,,0
105019,'1187008',713,,6487,52,,,0
105019,'1187009',2200,,6488,52,,,0
105019,'1187061',1537,,6489,52,,,0
105019,'1187069',1515,,6490,52,,,0
106029,'1184503',1008,,6543,3,,,0
106029,'1184668',1840,,6544,3,,,0
106029,'1185934',1725,,6545,3,,,0
106029,'1185946',1610,,6546,3,,,0
106029,'1186791',853,,6547,3,,,0
106029,'1186882',738,,6548,3,,,0
