28019,'1184531',1817,,5965,18,,,0
28019,'1184536',747,,5966,18,,,0
28019,'1184590',847,,5968,18,,,0
28019,'1184806',1417,,5969,18,,,0
28019,'1185009',1747,,5973,18,,,0
28019,'1185083',1317,,5974,18,,,0
28019,'1185095',1617,,5976,18,,,0
28019,'1185229',1017,,5979,18,,,0
28019,'1185263',2117,,5981,18,,,0
28019,'1185469',1917,,5984,18,,,0
28019,'1185615',2217,,5986,18,,,0
28019,'1185768',647,,5988,18,,,0
28019,'1185787',1517,,5989,18,,,0
28019,'1185880',2017,,5993,18,,,0
28019,'1185920',2317,,5994,18,,,0
28019,'1186085',1117,,5997,18,,,0
28019,'1186130',1217,,5998,18,,,0
28019,'1186293',817,,6002,18,,,0
28019,'1186574',617,,6009,18,,,0
28019,'1186585',1717,,6010,18,,,0
28019,'1186743',1647,,6012,18,,,0
28019,'1186761',1847,,6015,18,,,0
28019,'1186844',917,,6017,18,,,0
28019,'1187017',717,,6020,18,,,0
