20019,'1190619',638,,8208,4,,,0
20019,'1190641',1708,,8209,4,,,0
20019,'1190738',608,,8210,4,,,0
20019,'1190758',1638,,8211,4,,,0
20019,'1190774',1838,,8212,4,,,0
20019,'1190805',1408,,8213,4,,,0
20019,'1190807',1533,,8214,4,,,0
20019,'1190842',933,,8215,4,,,0
20019,'1190858',2338,,8216,4,,,0
20019,'1190934',1733,,8217,4,,,0
20019,'1190997',808,,8218,4,,,0
20019,'1191053',838,,8219,4,,,0
20019,'1191089',2138,,8220,4,,,0
20019,'1191136',1908,,8221,4,,,0
20019,'1191180',1338,,8222,4,,,0
20019,'1191184',2233,,8223,4,,,0
20019,'1191306',708,,8224,4,,,0
20019,'1191365',2108,,8225,4,,,0
20019,'1191367',2038,,8226,4,,,0
20019,'1191384',1033,,8227,4,,,0
20019,'1191430',1538,,8228,4,,,0
20019,'1191441',1738,,8229,4,,,0
20019,'1191475',1833,,8230,4,,,0
20019,'1191503',938,,8231,4,,,0
20019,'1191504',1933,,8232,4,,,0
20019,'1191515',638,,8233,4,,,0
20019,'1191641',1808,,8234,4,,,0
20019,'1191710',2133,,8235,4,,,0
20019,'1191735',1938,,8236,4,,,0
20019,'1191765',1038,,8237,4,,,0
20019,'1191794',833,,8238,4,,,0
20019,'1191882',2238,,8239,4,,,0
20019,'1191930',1638,,8240,4,,,0
20019,'1191994',1108,,8241,4,,,0
20019,'1192132',1308,,8242,4,,,0
20019,'1192365',1738,,8243,4,,,0
20019,'1192376',1208,,8244,4,,,0
20019,'1192411',1333,,8245,4,,,0
20019,'1192417',1433,,8246,4,,,0
20019,'1192420',1233,,8247,4,,,0
20019,'1192518',738,,8248,4,,,0
20019,'1192652',2333,,8249,4,,,0
20019,'1192666',2033,,8250,4,,,0
20019,'1192708',733,,8251,4,,,0
20019,'1192714',1138,,8252,4,,,0
20019,'1192729',1008,,8253,4,,,0
20019,'1192784',2208,,8254,4,,,0
20019,'1192905',1608,,8255,4,,,0
20019,'1192913',1133,,8256,4,,,0
20019,'1192933',2008,,8257,4,,,0
20019,'1193041',2308,,8258,4,,,0
20019,'1193116',2408,,8259,4,,,0
20019,'1193175',738,,8260,4,,,0
20019,'1193197',908,,8261,4,,,0
20019,'1193231',1238,,8262,4,,,0
20019,'1193236',1438,,8263,4,,,0
20019,'1193271',1633,,8264,4,,,0
20019,'1193274',1508,,8265,4,,,0
102019,'1190597',2053,,9039,4,,,0
102019,'1190642',1207,,9040,4,,,0
102019,'1190683',1323,,9041,4,,,0
102019,'1190693',2223,,9042,4,,,0
102019,'1190718',1853,,9043,4,,,0
102019,'1190741',1123,,9044,4,,,0
102019,'1190744',2237,,9045,4,,,0
102019,'1190821',1637,,9046,4,,,0
102019,'1190958',2323,,9047,4,,,0
102019,'1191221',638,,9048,4,,,0
102019,'1191235',953,,9049,4,,,0
102019,'1191363',823,,9050,4,,,0
102019,'1191366',1937,,9051,4,,,0
102019,'1191400',2107,,9052,4,,,0
102019,'1191449',1623,,9053,4,,,0
102019,'1191519',1423,,9054,4,,,0
102019,'1191533',938,,9055,4,,,0
102019,'1191546',907,,9056,4,,,0
102019,'1191550',1553,,9057,4,,,0
102019,'1191628',1723,,9058,4,,,0
102019,'1191743',1253,,9059,4,,,0
102019,'1191774',853,,9060,4,,,0
102019,'1191788',1408,,9061,4,,,0
102019,'1191823',2023,,9062,4,,,0
102019,'1192057',1337,,9063,4,,,0
102019,'1192080',1923,,9064,4,,,0
102019,'1192239',1153,,9065,4,,,0
102019,'1192244',2353,,9066,4,,,0
102019,'1192255',1023,,9067,4,,,0
102019,'1192441',553,,9068,4,,,0
102019,'1192464',653,,9069,4,,,0
102019,'1192471',1037,,9070,4,,,0
102019,'1192484',808,,9071,4,,,0
102019,'1192625',1708,,9072,4,,,0
102019,'1192766',2153,,9073,4,,,0
102019,'1192942',1753,,9074,4,,,0
102019,'1192981',1507,,9075,4,,,0
102019,'1193042',1807,,9076,4,,,0
102019,'1193104',1538,,9077,4,,,0
102019,'1193216',1453,,9078,4,,,0
102019,'1193256',737,,9079,4,,,0
102019,'1193275',723,,9080,4,,,0
