104029,'1184515',1754,,6402,35,,,0
104029,'1184569',1505,,6403,35,,,0
104029,'1184607',954,,6404,35,,,0
104029,'1184753',1039,,6406,35,,,0
104029,'1185072',1250,,6408,35,,,0
104029,'1185283',924,,6412,35,,,0
104029,'1185308',1635,,6413,35,,,0
104029,'1185376',724,,6417,35,,,0
104029,'1185608',809,,6418,35,,,0
104029,'1185732',839,,6420,35,,,0
104029,'1185743',609,,6421,35,,,0
104029,'1186088',2139,,6425,35,,,0
104029,'1186151',2309,,6426,35,,,0
104029,'1186191',1335,,6428,35,,,0
104029,'1186192',1550,,6429,35,,,0
104029,'1186354',1720,,6432,35,,,0
104029,'1186398',654,,6433,35,,,0
104029,'1186854',1420,,6439,35,,,0
104029,'1186944',1839,,6440,35,,,0
104029,'1187100',1205,,6442,35,,,0
104029,'1187128',2009,,6443,35,,,0
