2019,'1184478',946,,4374,21,,,0
2019,'1184484',1646,,4375,21,,,0
2019,'1184493',1701,,4376,21,,,0
2019,'1184604',2314,,4378,21,,,0
2019,'1184635',2016,,4379,21,,,0
2019,'1184640',1146,,4380,21,,,0
2019,'1184644',1131,,4381,21,,,0
2019,'1184664',1045,,4382,21,,,0
2019,'1184673',1846,,4383,21,,,0
2019,'1184695',1716,,4384,21,,,0
2019,'1184735',2014,,4385,21,,,0
2019,'1184777',1546,,4386,21,,,0
2019,'1184829',2059,,4387,21,,,0
2019,'1184873',1316,,4388,21,,,0
2019,'1184875',2144,,4389,21,,,0
2019,'1184947',715,,4390,21,,,0
2019,'1185034',831,,4391,21,,,0
2019,'1185067',1001,,4392,21,,,0
2019,'1185089',1731,,4393,21,,,0
2019,'1185138',1016,,4395,21,,,0
2019,'1185159',2214,,4396,21,,,0
2019,'1185185',1201,,4397,21,,,0
2019,'1185186',1616,,4398,21,,,0
2019,'1185205',1216,,4399,21,,,0
2019,'1185210',1031,,4400,21,,,0
2019,'1185302',1816,,4401,21,,,0
2019,'1185315',1716,,4402,21,,,0
2019,'1185349',1246,,4403,21,,,0
2019,'1185380',1431,,4404,21,,,0
2019,'1185381',1446,,4405,21,,,0
2019,'1185413',1546,,4406,21,,,0
2019,'1185427',2359,,4407,21,,,0
2019,'1185444',2144,,4408,21,,,0
2019,'1185460',1616,,4409,21,,,0
2019,'1185475',801,,4410,21,,,0
2019,'1185486',1631,,4411,21,,,0
2019,'1185503',1231,,4412,21,,,0
2019,'1185530',1531,,4413,21,,,0
2019,'1185565',1416,,4414,21,,,0
2019,'1185579',1346,,4415,21,,,0
2019,'1185601',2229,,4416,21,,,0
2019,'1185629',2404,,4417,21,,,0
2019,'1185661',1844,,4419,21,,,0
2019,'1185712',1346,,4420,21,,,0
2019,'1185783',2114,,4422,21,,,0
2019,'1185790',1446,,4423,21,,,0
2019,'1185814',800,,4424,21,,,0
2019,'1185837',1116,,4425,21,,,0
2019,'1185864',2314,,4426,21,,,0
2019,'1185870',2244,,4427,21,,,0
2019,'1185887',1801,,4428,21,,,0
2019,'1185891',646,,4429,21,,,0
2019,'1185901',1216,,4430,21,,,0
2019,'1185914',901,,4431,21,,,0
2019,'1185947',2046,,4432,21,,,0
2019,'1185964',1746,,4433,21,,,0
2019,'1186028',930,,4434,21,,,0
2019,'1186079',716,,4435,21,,,0
2019,'1186092',1301,,4436,21,,,0
2019,'1186200',1501,,4437,21,,,0
2019,'1186201',1246,,4438,21,,,0
2019,'1186232',1401,,4439,21,,,0
2019,'1186267',845,,4440,21,,,0
2019,'1186302',1316,,4441,21,,,0
2019,'1186306',1646,,4442,21,,,0
2019,'1186344',1516,,4443,21,,,0
2019,'1186352',931,,4444,21,,,0
2019,'1186385',731,,4446,21,,,0
2019,'1186389',1046,,4447,21,,,0
2019,'1186471',1929,,4448,21,,,0
2019,'1186507',1015,,4450,21,,,0
2019,'1186533',2344,,4451,21,,,0
2019,'1186546',746,,4452,21,,,0
2019,'1186563',816,,4453,21,,,0
2019,'1186697',846,,4456,21,,,0
2019,'1186701',1601,,4457,21,,,0
2019,'1186724',1331,,4458,21,,,0
2019,'1186755',1416,,4460,21,,,0
2019,'1186766',1516,,4461,21,,,0
2019,'1186795',1101,,4463,21,,,0
2019,'1186802',1146,,4464,21,,,0
2019,'1186918',916,,4466,21,,,0
2019,'1186929',1116,,4467,21,,,0
2019,'1186952',701,,4468,21,,,0
2019,'1186977',1814,,4469,21,,,0
2019,'1187031',1916,,4471,21,,,0
2019,'1187083',1746,,4473,21,,,0
2019,'1187179',1946,,4477,21,,,0
