26029,'1184587',1246,,5812,10,,,0
26029,'1184730',2016,,5815,10,,,0
26029,'1184884',916,,5817,10,,,0
26029,'1184890',816,,5818,10,,,0
26029,'1184923',1346,,5819,10,,,0
26029,'1185261',1716,,5825,10,,,0
26029,'1185279',1516,,5826,10,,,0
26029,'1185365',616,,5827,10,,,0
26029,'1185507',2316,,5831,10,,,0
26029,'1185525',1916,,5832,10,,,0
26029,'1185621',2116,,5835,10,,,0
26029,'1185697',1816,,5837,10,,,0
26029,'1185769',2216,,5838,10,,,0
26029,'1185849',716,,5841,10,,,0
26029,'1185956',1446,,5842,10,,,0
26029,'1186441',1617,,5848,10,,,0
26029,'1186684',1146,,5854,10,,,0
26029,'1186884',1046,,5856,10,,,0
26029,'1186941',1016,,5857,10,,,0
