12019,'1184525',1328,,4978,17,,,0
12019,'1184575',757,,4979,17,,,0
12019,'1184629',1827,,4980,17,,,0
12019,'1184682',1658,,4981,17,,,0
12019,'1184756',1058,,4982,17,,,0
12019,'1184761',1658,,4983,17,,,0
12019,'1184784',2257,,4984,17,,,0
12019,'1184786',1258,,4985,17,,,0
12019,'1184787',1058,,4986,17,,,0
12019,'1184846',1528,,4987,17,,,0
12019,'1184885',1458,,4988,17,,,0
12019,'1184933',627,,4989,17,,,0
12019,'1185003',827,,4991,17,,,0
12019,'1185020',659,,4992,17,,,0
12019,'1185027',957,,4993,17,,,0
12019,'1185033',1358,,4994,17,,,0
12019,'1185098',1927,,4995,17,,,0
12019,'1185121',727,,4996,17,,,0
12019,'1185187',857,,4997,17,,,0
12019,'1185218',1758,,4998,17,,,0
12019,'1185271',2227,,4999,17,,,0
12019,'1185305',1758,,5000,17,,,0
12019,'1185383',957,,5001,17,,,0
12019,'1185445',1128,,5003,17,,,0
12019,'1185548',1628,,5006,17,,,0
12019,'1185614',1728,,5007,17,,,0
12019,'1185634',1528,,5008,17,,,0
12019,'1185678',1027,,5009,17,,,0
12019,'1185724',1428,,5010,17,,,0
12019,'1185780',1428,,5011,17,,,0
12019,'1185785',2027,,5012,17,,,0
12019,'1185860',1628,,5013,17,,,0
12019,'1185945',2357,,5014,17,,,0
12019,'1185982',1358,,5015,17,,,0
12019,'1186032',2327,,5018,17,,,0
12019,'1186204',1458,,5020,17,,,0
12019,'1186234',2157,,5023,17,,,0
12019,'1186235',1228,,5024,17,,,0
12019,'1186277',2057,,5025,17,,,0
12019,'1186367',1558,,5027,17,,,0
12019,'1186399',857,,5028,17,,,0
12019,'1186412',1328,,5029,17,,,0
12019,'1186555',757,,5030,17,,,0
12019,'1186611',2127,,5031,17,,,0
12019,'1186615',1158,,5032,17,,,0
12019,'1186667',927,,5035,17,,,0
12019,'1186670',1258,,5036,17,,,0
12019,'1186717',1857,,5038,17,,,0
12019,'1186735',1128,,5039,17,,,0
12019,'1186753',1558,,5040,17,,,0
12019,'1186892',1228,,5042,17,,,0
12019,'1186907',657,,5043,17,,,0
12019,'1186909',1957,,5044,17,,,0
12019,'1186938',1158,,5045,17,,,0
12019,'1187125',1728,,5048,17,,,0
