101029,'1150355',915,,2916,55,,,0
101029,'1150535',1015,,2919,55,,,0
101029,'1150632',1458,,2920,55,,,0
101029,'1151005',1058,,2922,55,,,0
101029,'1151171',1815,,2924,55,,,0
101029,'1151294',815,,2925,55,,,0
101029,'1151635',2215,,2927,55,,,0
101029,'1151840',715,,2929,55,,,0
101029,'1152316',1858,,2930,55,,,0
101029,'1152666',1115,,2933,55,,,0
101029,'1152802',1717,,2934,55,,,0
101029,'1153001',2015,,2938,55,,,0
101029,'1153050',1317,,2939,55,,,0
101029,'1153195',658,,2941,55,,,0
101029,'1153306',1658,,2942,55,,,0
101029,'1153598',2258,,2945,55,,,0
101029,'1153935',1617,,2949,55,,,0
101029,'1154557',2058,,2953,55,,,0
101029,'1154632',2435,,2954,55,,,0
101029,'1154742',1417,,2955,55,,,0
101029,'1154771',858,,2956,55,,,0
101029,'1154943',1258,,2958,55,,,0
101029,'1155502',1517,,2962,55,,,0
