103029,'1190630',1108,,9163,20,,,0
103029,'1190665',1915,,9164,20,,,0
103029,'1190791',920,,9165,20,,,0
103029,'1190798',1136,,9166,20,,,0
103029,'1190809',1538,,9167,20,,,0
103029,'1190864',1436,,9168,20,,,0
103029,'1191002',808,,9169,20,,,0
103029,'1191061',1145,,9170,20,,,0
103029,'1191087',1445,,9171,20,,,0
103029,'1191104',2007,,9172,20,,,0
103029,'1191213',1521,,9173,20,,,0
103029,'1191266',1238,,9174,20,,,0
103029,'1191392',1015,,9175,20,,,0
103029,'1191472',2137,,9176,20,,,0
103029,'1191532',2335,,9177,20,,,0
103029,'1191567',1837,,9178,20,,,0
103029,'1191612',2045,,9179,20,,,0
103029,'1191756',2035,,9180,20,,,0
103029,'1191869',1315,,9181,20,,,0
103029,'1191909',750,,9182,20,,,0
103029,'1191948',1606,,9183,20,,,0
103029,'1192055',2205,,9184,20,,,0
103029,'1192191',2307,,9185,20,,,0
103029,'1192208',1736,,9186,20,,,0
103029,'1192508',1408,,9187,20,,,0
103029,'1192592',638,,9188,20,,,0
103029,'1192628',2215,,9189,20,,,0
103029,'1192659',705,,9190,20,,,0
103029,'1192683',1615,,9191,20,,,0
103029,'1192749',1708,,9192,20,,,0
103029,'1192860',1745,,9193,20,,,0
103029,'1192948',1306,,9194,20,,,0
103029,'1193006',845,,9195,20,,,0
103029,'1193036',1005,,9196,20,,,0
103029,'1193074',835,,9197,20,,,0
103029,'1193169',1651,,9198,20,,,0
103029,'1193174',938,,9199,20,,,0
103029,'1193259',1905,,9200,20,,,0
