105019,'1150133',1007,,3356,59,,,0
105019,'1150519',1825,,3358,59,,,0
105019,'1150723',716,,3359,59,,,0
105019,'1150755',1510,,3360,59,,,0
105019,'1150957',907,,3364,59,,,0
105019,'1150991',1325,,3365,59,,,0
105019,'1151148',1118,,3367,59,,,0
105019,'1151174',1318,,3368,59,,,0
105019,'1151428',837,,3371,59,,,0
105019,'1151680',1855,,3374,59,,,0
105019,'1151743',807,,3375,59,,,0
105019,'1152002',2303,,3380,59,,,0
105019,'1152300',1418,,3381,59,,,0
105019,'1152360',703,,3382,59,,,0
105019,'1152386',737,,3383,59,,,0
105019,'1152506',1755,,3384,59,,,0
105019,'1152547',633,,3385,59,,,0
105019,'1152647',2203,,3386,59,,,0
105019,'1152697',2403,,3387,59,,,0
105019,'1153054',1518,,3390,59,,,0
105019,'1153337',1918,,3392,59,,,0
105019,'1153487',603,,3393,59,,,0
105019,'1153863',1218,,3395,59,,,0
105019,'1153895',1540,,3397,59,,,0
105019,'1154206',2103,,3398,59,,,0
105019,'1154598',1818,,3402,59,,,0
105019,'1154605',1718,,3403,59,,,0
105019,'1154691',1110,,3404,59,,,0
105019,'1154711',1618,,3406,59,,,0
105019,'1154821',1425,,3407,59,,,0
105019,'1154915',1933,,3409,59,,,0
105019,'1154933',1725,,3410,59,,,0
105019,'1155111',2316,,3412,59,,,0
105019,'1155143',1640,,3413,59,,,0
105019,'1155198',1210,,3415,59,,,0
105019,'1155339',1610,,3419,59,,,0
105019,'1155343',2116,,3420,59,,,0
105019,'1155497',916,,3421,59,,,0
106029,'1150415',741,,3497,10,,,0
106029,'1152319',1011,,3498,10,,,0
106029,'1153399',1728,,3499,10,,,0
106029,'1153977',1613,,3500,10,,,0
106029,'1155105',1843,,3501,10,,,0
106029,'1155380',856,,3502,10,,,0
