2029,'1184566',2202,,4482,18,,,0
2029,'1184598',1520,,4484,18,,,0
2029,'1184638',949,,4486,18,,,0
2029,'1184654',1450,,4487,18,,,0
2029,'1184698',1735,,4489,18,,,0
2029,'1184706',834,,4491,18,,,0
2029,'1184876',2332,,4494,18,,,0
2029,'1184908',1620,,4498,18,,,0
2029,'1184917',1150,,4500,18,,,0
2029,'1185001',1235,,4502,18,,,0
2029,'1185029',819,,4503,18,,,0
2029,'1185044',1420,,4504,18,,,0
2029,'1185070',1004,,4505,18,,,0
2029,'1185172',1205,,4507,18,,,0
2029,'1185219',1305,,4508,18,,,0
2029,'1185249',1505,,4510,18,,,0
2029,'1185288',1550,,4511,18,,,0
2029,'1185446',934,,4517,18,,,0
2029,'1185462',2132,,4518,18,,,0
2029,'1185467',1049,,4519,18,,,0
2029,'1185472',904,,4520,18,,,0
2029,'1185582',1720,,4523,18,,,0
2029,'1185696',1705,,4524,18,,,0
2029,'1185770',1320,,4527,18,,,0
2029,'1185818',1405,,4529,18,,,0
2029,'1185829',1135,,4530,18,,,0
2029,'1185846',1933,,4531,18,,,0
2029,'1185976',719,,4534,18,,,0
2029,'1185986',704,,4535,18,,,0
2029,'1185988',1805,,4536,18,,,0
2029,'1186019',1833,,4537,18,,,0
2029,'1186024',849,,4538,18,,,0
2029,'1186217',1019,,4542,18,,,0
2029,'1186239',1335,,4543,18,,,0
2029,'1186355',1220,,4546,18,,,0
2029,'1186379',1650,,4547,18,,,0
2029,'1186386',2033,,4548,18,,,0
2029,'1186404',2402,,4549,18,,,0
2029,'1186428',1250,,4550,18,,,0
2029,'1186455',734,,4552,18,,,0
2029,'1186482',1750,,4553,18,,,0
2029,'1186498',1119,,4555,18,,,0
2029,'1186508',1535,,4557,18,,,0
2029,'1186636',1034,,4558,18,,,0
2029,'1186650',1820,,4559,18,,,0
2029,'1186652',804,,4560,18,,,0
2029,'1186678',2422,,4563,18,,,0
2029,'1186698',649,,4565,18,,,0
2029,'1186780',1903,,4566,18,,,0
2029,'1186820',2232,,4568,18,,,0
2029,'1186843',1635,,4570,18,,,0
2029,'1186942',1605,,4574,18,,,0
2029,'1186967',919,,4575,18,,,0
2029,'1186984',2103,,4576,18,,,0
2029,'1186986',2302,,4577,18,,,0
2029,'1187003',1435,,4578,18,,,0
2029,'1187004',1350,,4579,18,,,0
2029,'1187018',749,,4580,18,,,0
2029,'1187126',2003,,4582,18,,,0
2029,'1187168',1104,,4585,18,,,0
12019,'1184525',1336,,4978,33,,,0
12019,'1184629',1834,,4980,33,,,0
12019,'1184761',1706,,4983,33,,,0
12019,'1184786',1306,,4985,33,,,0
12019,'1184787',1106,,4986,33,,,0
12019,'1184885',1506,,4988,33,,,0
12019,'1184933',635,,4989,33,,,0
12019,'1185003',835,,4991,33,,,0
12019,'1185098',1934,,4995,33,,,0
12019,'1185121',735,,4996,33,,,0
12019,'1185271',2234,,4999,33,,,0
12019,'1185305',1806,,5000,33,,,0
12019,'1185383',1005,,5001,33,,,0
12019,'1185614',1736,,5007,33,,,0
12019,'1185634',1536,,5008,33,,,0
12019,'1185678',1035,,5009,33,,,0
12019,'1185724',1436,,5010,33,,,0
12019,'1185785',2034,,5012,33,,,0
12019,'1185860',1636,,5013,33,,,0
12019,'1185982',1406,,5015,33,,,0
12019,'1186032',2334,,5018,33,,,0
12019,'1186235',1236,,5024,33,,,0
12019,'1186399',905,,5028,33,,,0
12019,'1186555',805,,5030,33,,,0
12019,'1186611',2134,,5031,33,,,0
12019,'1186615',1206,,5032,33,,,0
12019,'1186667',935,,5035,33,,,0
12019,'1186735',1136,,5039,33,,,0
12019,'1186753',1606,,5040,33,,,0
12019,'1186907',705,,5043,33,,,0
