101019,'1184796',1842,,6136,17,,,0
101019,'1184925',2041,,6139,17,,,0
101019,'1185023',1142,,6140,17,,,0
101019,'1185092',1744,,6141,17,,,0
101019,'1185625',1042,,6145,17,,,0
101019,'1185636',842,,6146,17,,,0
101019,'1185751',1444,,6148,17,,,0
101019,'1185803',942,,6149,17,,,0
101019,'1185998',1344,,6150,17,,,0
101019,'1186087',2242,,6153,17,,,0
101019,'1186331',542,,6156,17,,,0
101019,'1186580',1544,,6157,17,,,0
101019,'1186587',1644,,6158,17,,,0
101019,'1187155',742,,6161,17,,,0
101029,'1184516',2428,,6162,46,,,0
101029,'1184684',1808,,6164,46,,,0
101029,'1184724',1008,,6165,46,,,0
101029,'1184785',1510,,6166,46,,,0
101029,'1185015',808,,6169,46,,,0
101029,'1185619',1108,,6174,46,,,0
101029,'1186082',1710,,6180,46,,,0
101029,'1186135',708,,6182,46,,,0
101029,'1186184',908,,6184,46,,,0
101029,'1186356',2208,,6185,46,,,0
101029,'1186597',1610,,6187,46,,,0
101029,'1186784',2008,,6189,46,,,0
101029,'1186815',1410,,6191,46,,,0
101029,'1187194',1310,,6192,46,,,0
