104019,'1184559',730,,6357,12,,,0
104019,'1184877',1503,,6361,12,,,0
104019,'1184922',800,,6362,12,,,0
104019,'1184979',1715,,6363,12,,,0
104019,'1185193',1000,,6365,12,,,0
104019,'1185307',2100,,6367,12,,,0
104019,'1185701',845,,6372,12,,,0
104019,'1185733',1800,,6374,12,,,0
104019,'1186067',1248,,6376,12,,,0
104019,'1186077',645,,6377,12,,,0
104019,'1186167',1548,,6381,12,,,0
104019,'1186273',1633,,6382,12,,,0
104019,'1186364',1203,,6384,12,,,0
104019,'1186429',1118,,6385,12,,,0
104019,'1186457',2230,,6386,12,,,0
104019,'1186711',915,,6392,12,,,0
104019,'1187029',1333,,6395,12,,,0
104019,'1187094',1418,,6398,12,,,0
104019,'1187116',2405,,6399,12,,,0
104019,'1187157',1930,,6400,12,,,0
