10019,'1150177',1826,,551,31,,,0
10019,'1150195',2056,,552,31,,,0
10019,'1150212',1856,,553,31,,,0
10019,'1150401',1527,,556,31,,,0
10019,'1150422',1757,,557,31,,,0
10019,'1150466',656,,558,31,,,0
10019,'1150579',1356,,560,31,,,0
10019,'1150648',2126,,561,31,,,0
10019,'1150771',2256,,562,31,,,0
10019,'1150873',1657,,564,31,,,0
10019,'1151478',1556,,570,31,,,0
10019,'1151671',956,,574,31,,,0
10019,'1151864',1157,,578,31,,,0
10019,'1151877',1256,,579,31,,,0
10019,'1151907',2026,,580,31,,,0
10019,'1151917',1756,,581,31,,,0
10019,'1152017',1257,,582,31,,,0
10019,'1152060',1056,,584,31,,,0
10019,'1152311',956,,588,31,,,0
10019,'1152461',2326,,590,31,,,0
10019,'1152473',856,,591,31,,,0
10019,'1152615',1156,,593,31,,,0
10019,'1152634',2356,,594,31,,,0
10019,'1152791',1057,,597,31,,,0
10019,'1152900',926,,600,31,,,0
10019,'1152904',1956,,601,31,,,0
10019,'1153120',656,,602,31,,,0
10019,'1153228',756,,604,31,,,0
10019,'1153418',2156,,606,31,,,0
10019,'1153451',726,,607,31,,,0
10019,'1153499',856,,609,31,,,0
10019,'1153548',1926,,610,31,,,0
10019,'1153739',756,,613,31,,,0
10019,'1153751',1557,,615,31,,,0
10019,'1153967',2226,,619,31,,,0
10019,'1154257',826,,627,31,,,0
10019,'1154380',1656,,630,31,,,0
10019,'1154723',1627,,635,31,,,0
10019,'1155009',1357,,638,31,,,0
10019,'1155027',1457,,639,31,,,0
10019,'1155413',1456,,640,31,,,0
10019,'1155441',1727,,642,31,,,0
10019,'1155495',627,,643,31,,,0
