3019,'1150305',807,,311,13,,,0
3019,'1150481',1208,,313,13,,,0
3019,'1150563',808,,315,13,,,0
3019,'1150811',1807,,317,13,,,0
3019,'1150889',1108,,319,13,,,0
3019,'1151035',1408,,321,13,,,0
3019,'1151203',938,,325,13,,,0
3019,'1151213',1508,,326,13,,,0
3019,'1151256',2307,,328,13,,,0
3019,'1151321',908,,329,13,,,0
3019,'1151393',2037,,330,13,,,0
3019,'1151400',638,,331,13,,,0
3019,'1151491',1208,,332,13,,,0
3019,'1151513',1708,,334,13,,,0
3019,'1151779',1038,,339,13,,,0
3019,'1151871',2007,,343,13,,,0
3019,'1151922',2307,,344,13,,,0
3019,'1152057',1708,,347,13,,,0
3019,'1152063',1508,,348,13,,,0
3019,'1152202',2137,,350,13,,,0
3019,'1152231',1438,,351,13,,,0
3019,'1152571',838,,352,13,,,0
3019,'1152669',1807,,354,13,,,0
3019,'1153248',1937,,365,13,,,0
3019,'1153272',707,,366,13,,,0
3019,'1153282',2007,,367,13,,,0
3019,'1153300',1308,,368,13,,,0
3019,'1153438',1638,,373,13,,,0
3019,'1153604',1738,,375,13,,,0
3019,'1153670',1007,,377,13,,,0
3019,'1153676',2207,,378,13,,,0
3019,'1153785',1338,,380,13,,,0
3019,'1153853',1608,,381,13,,,0
3019,'1154020',1108,,384,13,,,0
3019,'1154065',2407,,386,13,,,0
3019,'1154163',1907,,387,13,,,0
3019,'1154275',1238,,388,13,,,0
3019,'1154394',2107,,390,13,,,0
3019,'1154423',738,,391,13,,,0
3019,'1154499',2107,,394,13,,,0
3019,'1154600',1008,,395,13,,,0
3019,'1154623',1837,,397,13,,,0
3019,'1154659',1608,,398,13,,,0
3019,'1154779',2357,,399,13,,,0
3019,'1154791',907,,400,13,,,0
3019,'1154895',1308,,402,13,,,0
3019,'1154981',1138,,403,13,,,0
3019,'1155129',1538,,404,13,,,0
3019,'1155147',708,,405,13,,,0
3019,'1155272',1907,,407,13,,,0
3019,'1155323',1408,,408,13,,,0
3019,'1155504',2207,,412,13,,,0
