101019,'1184498',2306,,6132,2,,,0
101019,'1184591',1106,,6135,2,,,0
101019,'1184796',1826,,6136,2,,,0
101019,'1184902',1506,,6137,2,,,0
101019,'1184924',906,,6138,2,,,0
101019,'1184925',2025,,6139,2,,,0
101019,'1185023',1126,,6140,2,,,0
101019,'1185092',1729,,6141,2,,,0
101019,'1185544',706,,6142,2,,,0
101019,'1185625',1026,,6145,2,,,0
101019,'1185636',826,,6146,2,,,0
101019,'1185684',1906,,6147,2,,,0
101019,'1185751',1429,,6148,2,,,0
101019,'1185803',926,,6149,2,,,0
101019,'1185998',1329,,6150,2,,,0
101019,'1186087',2226,,6153,2,,,0
101019,'1186263',2106,,6154,2,,,0
101019,'1186308',1306,,6155,2,,,0
101019,'1186331',526,,6156,2,,,0
101019,'1186580',1529,,6157,2,,,0
101019,'1186587',1629,,6158,2,,,0
101019,'1186594',1706,,6159,2,,,0
101019,'1187155',726,,6161,2,,,0
