105019,'1150133',1032,,3356,96,,,0
105019,'1150519',1850,,3358,96,,,0
105019,'1150723',738,,3359,96,,,0
105019,'1150755',1535,,3360,96,,,0
105019,'1150957',932,,3364,96,,,0
105019,'1150991',1350,,3365,96,,,0
105019,'1151148',1139,,3367,96,,,0
105019,'1151174',1339,,3368,96,,,0
105019,'1151428',902,,3371,96,,,0
105019,'1151680',1920,,3374,96,,,0
105019,'1151743',832,,3375,96,,,0
105019,'1152002',2325,,3380,96,,,0
105019,'1152300',1439,,3381,96,,,0
105019,'1152360',725,,3382,96,,,0
105019,'1152386',802,,3383,96,,,0
105019,'1152506',1820,,3384,96,,,0
105019,'1152547',655,,3385,96,,,0
105019,'1152647',2225,,3386,96,,,0
105019,'1152697',2425,,3387,96,,,0
105019,'1153054',1539,,3390,96,,,0
105019,'1153337',1939,,3392,96,,,0
105019,'1153487',625,,3393,96,,,0
105019,'1153863',1239,,3395,96,,,0
105019,'1153895',1605,,3397,96,,,0
105019,'1154206',2125,,3398,96,,,0
105019,'1154598',1839,,3402,96,,,0
105019,'1154605',1739,,3403,96,,,0
105019,'1154691',1135,,3404,96,,,0
105019,'1154711',1639,,3406,96,,,0
105019,'1154821',1450,,3407,96,,,0
105019,'1154915',1955,,3409,96,,,0
105019,'1154933',1750,,3410,96,,,0
105019,'1155111',2338,,3412,96,,,0
105019,'1155143',1705,,3413,96,,,0
105019,'1155198',1235,,3415,96,,,0
105019,'1155339',1635,,3419,96,,,0
105019,'1155343',2138,,3420,96,,,0
105019,'1155497',938,,3421,96,,,0
106029,'1150415',751,,3497,27,,,0
106029,'1152319',1021,,3498,27,,,0
106029,'1153399',1738,,3499,27,,,0
106029,'1153977',1623,,3500,27,,,0
106029,'1155105',1853,,3501,27,,,0
106029,'1155380',906,,3502,27,,,0
