20029,'1184486',1532,,5421,12,,,0
20029,'1184501',2129,,5422,12,,,0
20029,'1184581',628,,5426,12,,,0
20029,'1184725',1431,,5430,12,,,0
20029,'1184817',759,,5434,12,,,0
20029,'1184971',658,,5436,12,,,0
20029,'1185019',1800,,5438,12,,,0
20029,'1185075',2329,,5439,12,,,0
20029,'1185595',1631,,5448,12,,,0
20029,'1185644',1331,,5450,12,,,0
20029,'1185951',1730,,5454,12,,,0
20029,'1185978',2229,,5455,12,,,0
20029,'1186009',830,,5457,12,,,0
20029,'1186060',1930,,5459,12,,,0
20029,'1186122',930,,5460,12,,,0
20029,'1186358',1830,,5464,12,,,0
20029,'1186614',1701,,5465,12,,,0
20029,'1186645',2030,,5466,12,,,0
20029,'1186654',1030,,5468,12,,,0
20029,'1186787',1231,,5470,12,,,0
20029,'1186985',1130,,5474,12,,,0
20029,'1187148',729,,5475,12,,,0
23029,'1184815',1600,,5506,18,,,0
23029,'1185599',957,,5509,18,,,0
23029,'1185835',1159,,5512,18,,,0
23029,'1185916',1359,,5513,18,,,0
102029,'1184571',1654,,6236,25,,,0
102029,'1184618',1739,,6237,25,,,0
102029,'1184714',2424,,6239,25,,,0
102029,'1184773',2124,,6240,25,,,0
102029,'1184861',839,,6242,25,,,0
102029,'1184912',1954,,6243,25,,,0
102029,'1184978',1609,,6244,25,,,0
102029,'1185373',1054,,6250,25,,,0
102029,'1185461',754,,6253,25,,,0
102029,'1185534',2254,,6254,25,,,0
102029,'1185681',624,,6255,25,,,0
102029,'1185738',1524,,6256,25,,,0
102029,'1185941',1224,,6258,25,,,0
102029,'1186057',924,,6259,25,,,0
102029,'1186170',1354,,6260,25,,,0
102029,'1186432',1009,,6261,25,,,0
102029,'1186708',1439,,6265,25,,,0
102029,'1186709',1824,,6266,25,,,0
102029,'1186954',709,,6271,25,,,0
