102029,'1184571',1640,,6236,7,,,0
102029,'1184618',1725,,6237,7,,,0
102029,'1184714',2410,,6239,7,,,0
102029,'1184773',2110,,6240,7,,,0
102029,'1184861',825,,6242,7,,,0
102029,'1184912',1940,,6243,7,,,0
102029,'1184978',1555,,6244,7,,,0
102029,'1185373',1040,,6250,7,,,0
102029,'1185461',740,,6253,7,,,0
102029,'1185534',2240,,6254,7,,,0
102029,'1185681',610,,6255,7,,,0
102029,'1185738',1510,,6256,7,,,0
102029,'1185941',1210,,6258,7,,,0
102029,'1186057',910,,6259,7,,,0
102029,'1186170',1340,,6260,7,,,0
102029,'1186432',955,,6261,7,,,0
102029,'1186708',1425,,6265,7,,,0
102029,'1186709',1810,,6266,7,,,0
102029,'1186954',655,,6271,7,,,0
