20019,'1184488',2016,,5362,16,,,0
20019,'1184554',1716,,5363,16,,,0
20019,'1184748',2146,,5366,16,,,0
20019,'1184821',1846,,5368,16,,,0
20019,'1184897',1016,,5370,16,,,0
20019,'1184938',1746,,5371,16,,,0
20019,'1184957',1216,,5373,16,,,0
20019,'1184972',1645,,5374,16,,,0
20019,'1184999',746,,5375,16,,,0
20019,'1185051',1145,,5377,16,,,0
20019,'1185144',1646,,5379,16,,,0
20019,'1185227',1816,,5380,16,,,0
20019,'1185251',1116,,5381,16,,,0
20019,'1185282',916,,5382,16,,,0
20019,'1185289',1045,,5383,16,,,0
20019,'1185337',645,,5384,16,,,0
20019,'1185458',816,,5386,16,,,0
20019,'1185518',1545,,5387,16,,,0
20019,'1185553',945,,5390,16,,,0
20019,'1185592',2116,,5391,16,,,0
20019,'1185700',2316,,5393,16,,,0
20019,'1185747',1316,,5394,16,,,0
20019,'1185774',1946,,5395,16,,,0
20019,'1185789',1516,,5396,16,,,0
20019,'1185888',615,,5397,16,,,0
20019,'1185929',1345,,5398,16,,,0
20019,'1185943',1745,,5399,16,,,0
20019,'1185949',845,,5400,16,,,0
20019,'1185968',2046,,5401,16,,,0
20019,'1186055',1445,,5402,16,,,0
20019,'1186063',2416,,5403,16,,,0
20019,'1186155',1616,,5404,16,,,0
20019,'1186449',645,,5409,16,,,0
20019,'1186680',716,,5411,16,,,0
20019,'1186692',2345,,5412,16,,,0
20019,'1186734',2216,,5413,16,,,0
20019,'1186752',1416,,5414,16,,,0
20019,'1186775',1916,,5415,16,,,0
20019,'1186893',1245,,5417,16,,,0
20019,'1186932',745,,5418,16,,,0
20019,'1187026',2246,,5419,16,,,0
