105019,'1184475',1833,,6445,24,,,0
105019,'1184709',1803,,6446,24,,,0
105019,'1184819',745,,6448,24,,,0
105019,'1184825',2243,,6449,24,,,0
105019,'1184879',1448,,6450,24,,,0
105019,'1184888',945,,6451,24,,,0
105019,'1185176',643,,6455,24,,,0
105019,'1185212',613,,6456,24,,,0
105019,'1185498',1913,,6458,24,,,0
105019,'1185569',1733,,6462,24,,,0
105019,'1185641',845,,6463,24,,,0
105019,'1185695',1303,,6465,24,,,0
105019,'1185708',2043,,6466,24,,,0
105019,'1185894',1148,,6469,24,,,0
105019,'1186015',1403,,6470,24,,,0
105019,'1186061',1548,,6471,24,,,0
105019,'1186380',1048,,6473,24,,,0
105019,'1186477',1618,,6475,24,,,0
105019,'1186601',1703,,6478,24,,,0
105019,'1186602',715,,6479,24,,,0
105019,'1186864',2343,,6484,24,,,0
105019,'1186870',543,,6485,24,,,0
105019,'1186896',815,,6486,24,,,0
105019,'1187009',2143,,6488,24,,,0
105019,'1187061',1518,,6489,24,,,0
