12019,'1190645',1623,,7824,10,,,0
12019,'1190657',1752,,7825,10,,,0
12019,'1190716',652,,7826,10,,,0
12019,'1190720',1852,,7827,10,,,0
12019,'1190795',1652,,7828,10,,,0
12019,'1190815',1452,,7829,10,,,0
12019,'1190831',2152,,7830,10,,,0
12019,'1190872',852,,7831,10,,,0
12019,'1190904',2052,,7832,10,,,0
12019,'1190905',852,,7833,10,,,0
12019,'1190925',2022,,7834,10,,,0
12019,'1190938',1623,,7835,10,,,0
12019,'1191207',1753,,7836,10,,,0
12019,'1191227',1723,,7837,10,,,0
12019,'1191292',952,,7838,10,,,0
12019,'1191300',1523,,7839,10,,,0
12019,'1191320',2322,,7840,10,,,0
12019,'1191398',2152,,7841,10,,,0
12019,'1191414',1723,,7842,10,,,0
12019,'1191419',1453,,7843,10,,,0
12019,'1191420',2122,,7844,10,,,0
12019,'1191448',752,,7845,10,,,0
12019,'1191466',1653,,7846,10,,,0
12019,'1191470',1453,,7847,10,,,0
12019,'1191522',1053,,7848,10,,,0
12019,'1191559',1352,,7849,10,,,0
12019,'1191598',1153,,7850,10,,,0
12019,'1191639',1223,,7851,10,,,0
12019,'1191674',1123,,7852,10,,,0
12019,'1191686',1323,,7853,10,,,0
12019,'1191724',1552,,7854,10,,,0
12019,'1191785',1152,,7855,10,,,0
12019,'1191790',1052,,7856,10,,,0
12019,'1191803',1253,,7857,10,,,0
12019,'1191804',1553,,7858,10,,,0
12019,'1191818',1353,,7859,10,,,0
12019,'1191855',1852,,7860,10,,,0
12019,'1191973',1123,,7861,10,,,0
12019,'1191984',2352,,7862,10,,,0
12019,'1192006',1022,,7863,10,,,0
12019,'1192018',1253,,7864,10,,,0
12019,'1192022',1922,,7865,10,,,0
12019,'1192099',822,,7866,10,,,0
12019,'1192145',1353,,7867,10,,,0
12019,'1192151',752,,7868,10,,,0
12019,'1192194',722,,7869,10,,,0
12019,'1192261',1153,,7870,10,,,0
12019,'1192280',2222,,7871,10,,,0
12019,'1192281',1323,,7872,10,,,0
12019,'1192299',752,,7873,10,,,0
12019,'1192301',1223,,7874,10,,,0
12019,'1192340',1423,,7875,10,,,0
12019,'1192366',1822,,7876,10,,,0
12019,'1192412',922,,7877,10,,,0
12019,'1192428',852,,7878,10,,,0
12019,'1192530',1523,,7879,10,,,0
12019,'1192561',2352,,7880,10,,,0
12019,'1192582',1952,,7881,10,,,0
12019,'1192611',2252,,7882,10,,,0
12019,'1192642',622,,7883,10,,,0
12019,'1193003',1553,,7884,10,,,0
12019,'1193055',1653,,7885,10,,,0
12019,'1193068',952,,7886,10,,,0
12019,'1193119',2052,,7887,10,,,0
12019,'1193147',1053,,7888,10,,,0
12019,'1193167',1423,,7889,10,,,0
12019,'1193176',654,,7890,10,,,0
12019,'1193179',1952,,7891,10,,,0
12019,'1193229',1753,,7892,10,,,0
12019,'1193248',1252,,7893,10,,,0
12019,'1193280',2252,,7894,10,,,0
12019,'1193305',952,,7895,10,,,0
