104019,'1184517',731,,6355,18,,,0
104019,'1184528',1502,,6356,18,,,0
104019,'1184559',732,,6357,18,,,0
104019,'1184617',931,,6359,18,,,0
104019,'1184688',617,,6360,18,,,0
104019,'1184877',1506,,6361,18,,,0
104019,'1184922',802,,6362,18,,,0
104019,'1184979',1717,,6363,18,,,0
104019,'1185038',1531,,6364,18,,,0
104019,'1185193',1002,,6365,18,,,0
104019,'1185278',2002,,6366,18,,,0
104019,'1185307',2102,,6367,18,,,0
104019,'1185470',2117,,6368,18,,,0
104019,'1185654',1847,,6370,18,,,0
104019,'1185670',2347,,6371,18,,,0
104019,'1185701',847,,6372,18,,,0
104019,'1185725',2131,,6373,18,,,0
104019,'1185733',1802,,6374,18,,,0
104019,'1185907',1732,,6375,18,,,0
104019,'1186067',1251,,6376,18,,,0
104019,'1186077',647,,6377,18,,,0
104019,'1186132',1002,,6378,18,,,0
104019,'1186146',1347,,6379,18,,,0
104019,'1186158',1131,,6380,18,,,0
104019,'1186167',1551,,6381,18,,,0
104019,'1186273',1636,,6382,18,,,0
104019,'1186311',1331,,6383,18,,,0
104019,'1186364',1206,,6384,18,,,0
104019,'1186429',1121,,6385,18,,,0
104019,'1186457',2232,,6386,18,,,0
104019,'1186466',1931,,6387,18,,,0
104019,'1186556',2331,,6388,18,,,0
104019,'1186581',2232,,6389,18,,,0
104019,'1186599',1731,,6390,18,,,0
104019,'1186640',1232,,6391,18,,,0
104019,'1186711',917,,6392,18,,,0
104019,'1186886',1617,,6393,18,,,0
104019,'1186953',847,,6394,18,,,0
104019,'1187029',1336,,6395,18,,,0
104019,'1187040',732,,6396,18,,,0
104019,'1187094',1421,,6398,18,,,0
104019,'1187116',2407,,6399,18,,,0
104019,'1187157',1932,,6400,18,,,0
104019,'1187171',1117,,6401,18,,,0
