10029,'1150182',935,,646,33,,,0
10029,'1150266',2335,,648,33,,,0
10029,'1150349',2005,,649,33,,,0
10029,'1150424',1435,,650,33,,,0
10029,'1150440',1935,,651,33,,,0
10029,'1150450',1635,,653,33,,,0
10029,'1150454',1735,,654,33,,,0
10029,'1150680',735,,656,33,,,0
10029,'1150683',1235,,657,33,,,0
10029,'1150947',1035,,659,33,,,0
10029,'1151232',2135,,662,33,,,0
10029,'1151240',935,,663,33,,,0
10029,'1151358',1035,,666,33,,,0
10029,'1151389',2205,,667,33,,,0
10029,'1151548',1335,,668,33,,,0
10029,'1151699',1435,,674,33,,,0
10029,'1151704',2410,,676,33,,,0
10029,'1151927',2105,,678,33,,,0
10029,'1152089',835,,679,33,,,0
10029,'1152120',1535,,680,33,,,0
10029,'1152213',1805,,682,33,,,0
10029,'1152237',1135,,683,33,,,0
10029,'1152276',635,,685,33,,,0
10029,'1152614',1735,,692,33,,,0
10029,'1152687',1705,,693,33,,,0
10029,'1152696',835,,694,33,,,0
10029,'1152744',1605,,697,33,,,0
10029,'1152927',1335,,700,33,,,0
10029,'1153201',735,,704,33,,,0
10029,'1153510',1635,,706,33,,,0
10029,'1153532',2035,,707,33,,,0
10029,'1153887',2235,,712,33,,,0
10029,'1154165',805,,715,33,,,0
10029,'1154182',1535,,716,33,,,0
10029,'1154281',1235,,718,33,,,0
10029,'1154360',2305,,719,33,,,0
10029,'1154531',1505,,720,33,,,0
10029,'1154688',705,,722,33,,,0
10029,'1154710',1835,,723,33,,,0
10029,'1155230',905,,733,33,,,0
10029,'1155449',1905,,734,33,,,0
10029,'1155474',1135,,735,33,,,0
