12029,'1190603',1234,,7896,33,,,0
12029,'1190623',935,,7897,33,,,0
12029,'1190638',1835,,7898,33,,,0
12029,'1190684',2234,,7899,33,,,0
12029,'1190691',2105,,7900,33,,,0
12029,'1190731',1636,,7901,33,,,0
12029,'1190743',1935,,7902,33,,,0
12029,'1190753',2134,,7903,33,,,0
12029,'1190777',806,,7904,33,,,0
12029,'1190812',2305,,7905,33,,,0
12029,'1190880',2205,,7906,33,,,0
12029,'1190932',1434,,7907,33,,,0
12029,'1190940',1805,,7908,33,,,0
12029,'1191029',1406,,7909,33,,,0
12029,'1191043',1736,,7910,33,,,0
12029,'1191093',1706,,7911,33,,,0
12029,'1191133',1106,,7912,33,,,0
12029,'1191256',934,,7913,33,,,0
12029,'1191281',1136,,7914,33,,,0
12029,'1191303',836,,7915,33,,,0
12029,'1191335',1636,,7916,33,,,0
12029,'1191382',1106,,7917,33,,,0
12029,'1191410',1706,,7918,33,,,0
12029,'1191500',1206,,7919,33,,,0
12029,'1191501',2034,,7920,33,,,0
12029,'1191528',1436,,7921,33,,,0
12029,'1191555',2135,,7922,33,,,0
12029,'1191588',2410,,7923,33,,,0
12029,'1191595',1336,,7924,33,,,0
12029,'1191653',636,,7925,33,,,0
12029,'1191692',834,,7926,33,,,0
12029,'1191696',1934,,7927,33,,,0
12029,'1191708',2035,,7928,33,,,0
12029,'1191789',1534,,7929,33,,,0
12029,'1191811',1134,,7930,33,,,0
12029,'1191813',936,,7931,33,,,0
12029,'1191831',1034,,7932,33,,,0
12029,'1191874',1406,,7933,33,,,0
12029,'1191998',1736,,7934,33,,,0
12029,'1192059',2334,,7935,33,,,0
12029,'1192129',1834,,7936,33,,,0
12029,'1192133',1136,,7937,33,,,0
12029,'1192152',1606,,7938,33,,,0
12029,'1192260',906,,7939,33,,,0
12029,'1192279',1306,,7940,33,,,0
12029,'1192294',734,,7941,33,,,0
12029,'1192306',1006,,7942,33,,,0
12029,'1192361',1306,,7943,33,,,0
12029,'1192410',835,,7944,33,,,0
12029,'1192567',1236,,7945,33,,,0
12029,'1192578',1634,,7946,33,,,0
12029,'1192673',1206,,7947,33,,,0
12029,'1192741',1436,,7948,33,,,0
12029,'1192809',706,,7949,33,,,0
12029,'1192877',2335,,7950,33,,,0
12029,'1192898',1506,,7951,33,,,0
12029,'1192950',736,,7952,33,,,0
12029,'1193043',735,,7953,33,,,0
12029,'1193053',1036,,7954,33,,,0
12029,'1193054',2005,,7955,33,,,0
12029,'1193056',1606,,7956,33,,,0
12029,'1193058',1334,,7957,33,,,0
12029,'1193093',1734,,7958,33,,,0
12029,'1193102',1536,,7959,33,,,0
12029,'1193103',1506,,7960,33,,,0
12029,'1193156',1036,,7961,33,,,0
12029,'1193195',1336,,7962,33,,,0
12029,'1193220',1236,,7963,33,,,0
12029,'1193227',1905,,7964,33,,,0
12029,'1193272',1536,,7965,33,,,0
12029,'1193321',2235,,7966,33,,,0
23029,'1190732',1350,,8352,5,,,0
23029,'1190742',1150,,8353,5,,,0
23029,'1190848',1519,,8354,5,,,0
23029,'1191071',918,,8355,5,,,0
23029,'1191280',1320,,8356,5,,,0
23029,'1191342',948,,8357,5,,,0
23029,'1191679',1719,,8358,5,,,0
23029,'1192283',1119,,8359,5,,,0
23029,'1192955',1550,,8360,5,,,0
