3029,'1150202',2014,,417,19,,,0
3029,'1150338',1045,,419,19,,,0
3029,'1150614',645,,422,19,,,0
3029,'1150985',1046,,425,19,,,0
3029,'1151183',1844,,429,19,,,0
3029,'1151192',1647,,430,19,,,0
3029,'1151504',1647,,432,19,,,0
3029,'1151640',1747,,435,19,,,0
3029,'1151683',1517,,437,19,,,0
3029,'1151731',1944,,438,19,,,0
3029,'1151876',2044,,442,19,,,0
3029,'1151984',816,,445,19,,,0
3029,'1152000',1147,,447,19,,,0
3029,'1152164',2245,,450,19,,,0
3029,'1152335',746,,453,19,,,0
3029,'1152374',2244,,454,19,,,0
3029,'1152494',1317,,459,19,,,0
3029,'1152784',916,,463,19,,,0
3029,'1152803',1217,,464,19,,,0
3029,'1152828',1547,,465,19,,,0
3029,'1152863',1016,,466,19,,,0
3029,'1152936',1247,,467,19,,,0
3029,'1153075',1347,,470,19,,,0
3029,'1153143',1717,,473,19,,,0
3029,'1153218',845,,474,19,,,0
3029,'1153269',1817,,475,19,,,0
3029,'1153277',2145,,476,19,,,0
3029,'1153325',945,,477,19,,,0
3029,'1153346',1347,,478,19,,,0
3029,'1153473',1617,,480,19,,,0
3029,'1153476',716,,481,19,,,0
3029,'1153644',1247,,482,19,,,0
3029,'1153678',1845,,483,19,,,0
3029,'1153903',2345,,485,19,,,0
3029,'1153992',1914,,487,19,,,0
3029,'1154123',1945,,491,19,,,0
3029,'1154264',745,,495,19,,,0
3029,'1154368',1447,,497,19,,,0
3029,'1154445',846,,498,19,,,0
3029,'1154525',2045,,500,19,,,0
3029,'1154677',2114,,502,19,,,0
3029,'1154694',1147,,503,19,,,0
3029,'1154731',1116,,504,19,,,0
3029,'1154736',2214,,505,19,,,0
3029,'1154807',646,,506,19,,,0
3029,'1154840',2341,,508,19,,,0
3029,'1155071',1547,,511,19,,,0
3029,'1155137',1417,,512,19,,,0
3029,'1155140',1447,,513,19,,,0
3029,'1155180',946,,514,19,,,0
3029,'1155345',2144,,516,19,,,0
3029,'1155451',1747,,518,19,,,0
