11019,'1150143',654,,880,15,,,0
11019,'1150149',1824,,881,15,,,0
11019,'1150435',1725,,887,15,,,0
11019,'1150556',1354,,889,15,,,0
11019,'1150629',1625,,890,15,,,0
11019,'1150657',824,,891,15,,,0
11019,'1150677',2024,,892,15,,,0
11019,'1150686',2359,,893,15,,,0
11019,'1150726',1555,,894,15,,,0
11019,'1150735',1440,,895,15,,,0
11019,'1150744',1610,,896,15,,,0
11019,'1150925',1454,,899,15,,,0
11019,'1150938',1324,,901,15,,,0
11019,'1151038',924,,902,15,,,0
11019,'1151140',1009,,905,15,,,0
11019,'1151144',2209,,906,15,,,0
11019,'1151191',1210,,908,15,,,0
11019,'1151326',1939,,910,15,,,0
11019,'1151442',839,,913,15,,,0
11019,'1151502',1524,,914,15,,,0
11019,'1151687',724,,917,15,,,0
11019,'1151694',1325,,918,15,,,0
11019,'1151697',1640,,919,15,,,0
11019,'1151715',709,,920,15,,,0
11019,'1151806',824,,923,15,,,0
11019,'1151889',1224,,925,15,,,0
11019,'1151897',1655,,926,15,,,0
11019,'1151910',809,,927,15,,,0
11019,'1152031',924,,929,15,,,0
11019,'1152198',954,,932,15,,,0
11019,'1152246',1154,,933,15,,,0
11019,'1152286',639,,934,15,,,0
11019,'1152347',2139,,936,15,,,0
11019,'1152358',1839,,937,15,,,0
11019,'1152422',2339,,939,15,,,0
11019,'1152449',1740,,940,15,,,0
11019,'1152484',1139,,941,15,,,0
11019,'1152597',1410,,943,15,,,0
11019,'1152670',1755,,944,15,,,0
11019,'1152706',1340,,945,15,,,0
11019,'1152810',1525,,947,15,,,0
11019,'1152872',1425,,948,15,,,0
11019,'1152996',909,,951,15,,,0
11019,'1153015',1254,,952,15,,,0
11019,'1153067',2224,,953,15,,,0
11019,'1153085',724,,955,15,,,0
11019,'1153098',1724,,956,15,,,0
11019,'1153395',1124,,962,15,,,0
11019,'1153405',1710,,963,15,,,0
11019,'1153484',2309,,965,15,,,0
11019,'1153506',1624,,967,15,,,0
11019,'1153527',939,,969,15,,,0
11019,'1153562',1255,,971,15,,,0
11019,'1153565',1455,,972,15,,,0
11019,'1153586',2239,,973,15,,,0
11019,'1153587',1310,,974,15,,,0
11019,'1153669',1654,,977,15,,,0
11019,'1153677',1024,,978,15,,,0
11019,'1153881',1240,,981,15,,,0
11019,'1153984',1510,,984,15,,,0
11019,'1154120',2009,,986,15,,,0
11019,'1154168',1355,,987,15,,,0
11019,'1154195',1024,,988,15,,,0
11019,'1154287',854,,989,15,,,0
11019,'1154314',1154,,990,15,,,0
11019,'1154475',1225,,991,15,,,0
11019,'1154577',2124,,993,15,,,0
11019,'1154613',1109,,994,15,,,0
11019,'1154616',754,,995,15,,,0
11019,'1154627',624,,996,15,,,0
11019,'1154690',1039,,998,15,,,0
11019,'1154863',1124,,1000,15,,,0
11019,'1154896',2109,,1001,15,,,0
11019,'1155038',1924,,1006,15,,,0
11019,'1155047',1540,,1007,15,,,0
11019,'1155187',2039,,1009,15,,,0
11019,'1155194',1554,,1010,15,,,0
11019,'1155204',1809,,1011,15,,,0
11019,'1155245',739,,1012,15,,,0
11019,'1155289',1424,,1013,15,,,0
11019,'1155293',1054,,1014,15,,,0
11019,'1155433',2324,,1016,15,,,0
11019,'1155512',1909,,1018,15,,,0
