101029,'1150355',901,,2916,36,,,0
101029,'1150535',1001,,2919,36,,,0
101029,'1150632',1444,,2920,36,,,0
101029,'1151005',1044,,2922,36,,,0
101029,'1151171',1801,,2924,36,,,0
101029,'1151294',801,,2925,36,,,0
101029,'1151635',2201,,2927,36,,,0
101029,'1151840',701,,2929,36,,,0
101029,'1152316',1844,,2930,36,,,0
101029,'1152666',1101,,2933,36,,,0
101029,'1152802',1703,,2934,36,,,0
101029,'1153001',2001,,2938,36,,,0
101029,'1153050',1303,,2939,36,,,0
101029,'1153195',644,,2941,36,,,0
101029,'1153306',1644,,2942,36,,,0
101029,'1153598',2244,,2945,36,,,0
101029,'1153935',1603,,2949,36,,,0
101029,'1154557',2044,,2953,36,,,0
101029,'1154632',2421,,2954,36,,,0
101029,'1154742',1403,,2955,36,,,0
101029,'1154771',844,,2956,36,,,0
101029,'1154943',1244,,2958,36,,,0
101029,'1155502',1503,,2962,36,,,0
