105029,'1184521',1752,,6491,29,,,0
105029,'1184537',1322,,6492,29,,,0
105029,'1184580',906,,6493,29,,,0
105029,'1184670',1537,,6494,29,,,0
105029,'1184683',1137,,6495,29,,,0
105029,'1184808',2306,,6496,29,,,0
105029,'1184833',1007,,6497,29,,,0
105029,'1184834',2411,,6498,29,,,0
105029,'1184863',1222,,6499,29,,,0
105029,'1185104',1721,,6500,29,,,0
105029,'1185135',706,,6501,29,,,0
105029,'1185184',1321,,6502,29,,,0
105029,'1185215',1621,,6503,29,,,0
105029,'1185318',1337,,6504,29,,,0
105029,'1185332',1836,,6505,29,,,0
105029,'1185350',2006,,6506,29,,,0
105029,'1185359',2206,,6507,29,,,0
105029,'1185398',1021,,6508,29,,,0
105029,'1185412',819,,6509,29,,,0
105029,'1185440',1622,,6510,29,,,0
105029,'1185523',1421,,6511,29,,,0
105029,'1185630',2337,,6512,29,,,0
105029,'1185668',736,,6513,29,,,0
105029,'1185720',1937,,6514,29,,,0
105029,'1185827',2106,,6515,29,,,0
105029,'1185938',1437,,6516,29,,,0
105029,'1186005',1652,,6517,29,,,0
105029,'1186007',619,,6518,29,,,0
105029,'1186279',1507,,6519,29,,,0
105029,'1186282',1407,,6520,29,,,0
105029,'1186299',1521,,6521,29,,,0
105029,'1186335',2419,,6522,29,,,0
105029,'1186345',2137,,6523,29,,,0
105029,'1186387',1121,,6524,29,,,0
105029,'1186470',1107,,6525,29,,,0
105029,'1186485',2219,,6526,29,,,0
105029,'1186492',937,,6527,29,,,0
105029,'1186520',1737,,6528,29,,,0
105029,'1186715',737,,6529,29,,,0
105029,'1186740',1221,,6530,29,,,0
105029,'1186861',636,,6531,29,,,0
105029,'1186874',1722,,6532,29,,,0
105029,'1186924',1821,,6533,29,,,0
105029,'1187005',806,,6534,29,,,0
105029,'1187093',1537,,6535,29,,,0
105029,'1187132',2019,,6536,29,,,0
106019,'1185164',1715,,6537,33,,,0
106019,'1185303',1830,,6538,33,,,0
106019,'1185356',728,,6539,33,,,0
106019,'1185885',843,,6540,33,,,0
106019,'1186388',958,,6541,33,,,0
106019,'1186998',1600,,6542,33,,,0
