101019,'1150144',1526,,2867,26,,,0
101019,'1150380',1048,,2869,26,,,0
101019,'1150746',1926,,2873,26,,,0
101019,'1150862',2126,,2874,26,,,0
101019,'1150954',548,,2875,26,,,0
101019,'1150998',1350,,2876,26,,,0
101019,'1151001',726,,2877,26,,,0
101019,'1151295',1750,,2880,26,,,0
101019,'1151359',748,,2881,26,,,0
101019,'1151610',1148,,2883,26,,,0
101019,'1151994',1726,,2886,26,,,0
101019,'1152080',1650,,2887,26,,,0
101019,'1152371',1550,,2888,26,,,0
101019,'1152676',848,,2890,26,,,0
101019,'1152765',2047,,2891,26,,,0
101019,'1152944',2326,,2893,26,,,0
101019,'1153556',2248,,2899,26,,,0
101019,'1153641',1126,,2900,26,,,0
101019,'1153864',1326,,2903,26,,,0
101019,'1154431',1450,,2908,26,,,0
101019,'1154552',1848,,2909,26,,,0
101019,'1155432',926,,2913,26,,,0
101019,'1155460',948,,2914,26,,,0
