101019,'1150144',1522,,2867,19,,,0
101019,'1150380',1045,,2869,19,,,0
101019,'1150746',1922,,2873,19,,,0
101019,'1150862',2122,,2874,19,,,0
101019,'1150954',545,,2875,19,,,0
101019,'1150998',1347,,2876,19,,,0
101019,'1151001',722,,2877,19,,,0
101019,'1151295',1747,,2880,19,,,0
101019,'1151359',745,,2881,19,,,0
101019,'1151610',1145,,2883,19,,,0
101019,'1151994',1722,,2886,19,,,0
101019,'1152080',1647,,2887,19,,,0
101019,'1152371',1547,,2888,19,,,0
101019,'1152676',845,,2890,19,,,0
101019,'1152765',2044,,2891,19,,,0
101019,'1152944',2322,,2893,19,,,0
101019,'1153556',2245,,2899,19,,,0
101019,'1153641',1122,,2900,19,,,0
101019,'1153864',1322,,2903,19,,,0
101019,'1154431',1447,,2908,19,,,0
101019,'1154552',1845,,2909,19,,,0
101019,'1155432',922,,2913,19,,,0
101019,'1155460',945,,2914,19,,,0
101029,'1150355',911,,2916,48,,,0
101029,'1150535',1011,,2919,48,,,0
101029,'1150632',1454,,2920,48,,,0
101029,'1151005',1054,,2922,48,,,0
101029,'1151171',1811,,2924,48,,,0
101029,'1151294',811,,2925,48,,,0
101029,'1151635',2211,,2927,48,,,0
101029,'1151840',711,,2929,48,,,0
101029,'1152316',1854,,2930,48,,,0
101029,'1152666',1111,,2933,48,,,0
101029,'1152802',1713,,2934,48,,,0
101029,'1153001',2011,,2938,48,,,0
101029,'1153050',1313,,2939,48,,,0
101029,'1153195',654,,2941,48,,,0
101029,'1153306',1654,,2942,48,,,0
101029,'1153598',2254,,2945,48,,,0
101029,'1153935',1613,,2949,48,,,0
101029,'1154557',2054,,2953,48,,,0
101029,'1154632',2431,,2954,48,,,0
101029,'1154742',1413,,2955,48,,,0
101029,'1154771',854,,2956,48,,,0
101029,'1154943',1254,,2958,48,,,0
101029,'1155502',1513,,2962,48,,,0
