20019,'1190619',650,,8208,24,,,0
20019,'1190641',1722,,8209,24,,,0
20019,'1190738',620,,8210,24,,,0
20019,'1190758',1652,,8211,24,,,0
20019,'1190774',1851,,8212,24,,,0
20019,'1190805',1422,,8213,24,,,0
20019,'1190807',1541,,8214,24,,,0
20019,'1190842',941,,8215,24,,,0
20019,'1190858',2350,,8216,24,,,0
20019,'1190934',1741,,8217,24,,,0
20019,'1190997',822,,8218,24,,,0
20019,'1191053',850,,8219,24,,,0
20019,'1191089',2151,,8220,24,,,0
20019,'1191136',1922,,8221,24,,,0
20019,'1191180',1350,,8222,24,,,0
20019,'1191184',2241,,8223,24,,,0
20019,'1191306',721,,8224,24,,,0
20019,'1191365',2121,,8225,24,,,0
20019,'1191367',2051,,8226,24,,,0
20019,'1191384',1041,,8227,24,,,0
20019,'1191430',1550,,8228,24,,,0
20019,'1191441',1752,,8229,24,,,0
20019,'1191475',1841,,8230,24,,,0
20019,'1191503',950,,8231,24,,,0
20019,'1191504',1941,,8232,24,,,0
20019,'1191515',650,,8233,24,,,0
20019,'1191641',1822,,8234,24,,,0
20019,'1191710',2141,,8235,24,,,0
20019,'1191735',1951,,8236,24,,,0
20019,'1191765',1050,,8237,24,,,0
20019,'1191794',841,,8238,24,,,0
20019,'1191882',2251,,8239,24,,,0
20019,'1191930',1650,,8240,24,,,0
20019,'1191994',1122,,8241,24,,,0
20019,'1192132',1322,,8242,24,,,0
20019,'1192365',1750,,8243,24,,,0
20019,'1192376',1222,,8244,24,,,0
20019,'1192411',1341,,8245,24,,,0
20019,'1192417',1441,,8246,24,,,0
20019,'1192420',1241,,8247,24,,,0
20019,'1192518',751,,8248,24,,,0
20019,'1192652',2341,,8249,24,,,0
20019,'1192666',2041,,8250,24,,,0
20019,'1192708',741,,8251,24,,,0
20019,'1192714',1150,,8252,24,,,0
20019,'1192729',1022,,8253,24,,,0
20019,'1192784',2221,,8254,24,,,0
20019,'1192905',1622,,8255,24,,,0
20019,'1192913',1141,,8256,24,,,0
20019,'1192933',2022,,8257,24,,,0
20019,'1193041',2321,,8258,24,,,0
20019,'1193116',2421,,8259,24,,,0
20019,'1193175',750,,8260,24,,,0
20019,'1193197',922,,8261,24,,,0
20019,'1193231',1250,,8262,24,,,0
20019,'1193236',1450,,8263,24,,,0
20019,'1193271',1641,,8264,24,,,0
20019,'1193274',1522,,8265,24,,,0
