101029,'1150355',919,,2916,60,,,0
101029,'1150535',1019,,2919,60,,,0
101029,'1150632',1502,,2920,60,,,0
101029,'1151005',1102,,2922,60,,,0
101029,'1151171',1819,,2924,60,,,0
101029,'1151294',819,,2925,60,,,0
101029,'1151635',2219,,2927,60,,,0
101029,'1151840',719,,2929,60,,,0
101029,'1152316',1902,,2930,60,,,0
101029,'1152666',1119,,2933,60,,,0
101029,'1152802',1722,,2934,60,,,0
101029,'1153001',2019,,2938,60,,,0
101029,'1153050',1322,,2939,60,,,0
101029,'1153195',702,,2941,60,,,0
101029,'1153306',1702,,2942,60,,,0
101029,'1153598',2302,,2945,60,,,0
101029,'1153935',1622,,2949,60,,,0
101029,'1154557',2102,,2953,60,,,0
101029,'1154632',2439,,2954,60,,,0
101029,'1154742',1422,,2955,60,,,0
101029,'1154771',902,,2956,60,,,0
101029,'1154943',1302,,2958,60,,,0
101029,'1155502',1522,,2962,60,,,0
