14029,'1184567',2030,,5303,30,,,0
14029,'1184744',730,,5304,30,,,0
14029,'1184869',630,,5306,30,,,0
14029,'1184894',1630,,5307,30,,,0
14029,'1184948',2130,,5308,30,,,0
14029,'1184981',1701,,5310,30,,,0
14029,'1184993',1731,,5311,30,,,0
14029,'1185190',2000,,5312,30,,,0
14029,'1185265',830,,5314,30,,,0
14029,'1185266',2230,,5315,30,,,0
14029,'1185306',730,,5316,30,,,0
14029,'1185322',1431,,5317,30,,,0
14029,'1185345',1330,,5318,30,,,0
14029,'1185408',1501,,5319,30,,,0
14029,'1185480',1230,,5321,30,,,0
14029,'1185491',1631,,5322,30,,,0
14029,'1185496',1830,,5323,30,,,0
14029,'1185512',1930,,5324,30,,,0
14029,'1185568',1531,,5325,30,,,0
14029,'1185647',1030,,5326,30,,,0
14029,'1185828',2300,,5328,30,,,0
14029,'1185866',2405,,5330,30,,,0
14029,'1185960',830,,5331,30,,,0
14029,'1185970',930,,5332,30,,,0
14029,'1186076',1730,,5333,30,,,0
14029,'1186118',700,,5334,30,,,0
14029,'1186154',930,,5335,30,,,0
14029,'1186312',2200,,5336,30,,,0
14029,'1186319',1601,,5337,30,,,0
14029,'1186327',1331,,5338,30,,,0
14029,'1186377',1231,,5340,30,,,0
14029,'1186418',1031,,5341,30,,,0
14029,'1186554',1530,,5343,30,,,0
14029,'1186577',2330,,5344,30,,,0
14029,'1186746',1430,,5346,30,,,0
14029,'1186757',1130,,5347,30,,,0
14029,'1186771',800,,5348,30,,,0
14029,'1186908',900,,5353,30,,,0
14029,'1186971',2100,,5355,30,,,0
14029,'1187063',1800,,5357,30,,,0
14029,'1187137',1900,,5360,30,,,0
14029,'1187192',1131,,5361,30,,,0
