26029,'1150100',1418,,2338,11,,,0
26029,'1150123',1447,,2339,11,,,0
26029,'1150271',1518,,2342,11,,,0
26029,'1150324',1318,,2343,11,,,0
26029,'1150367',2217,,2344,11,,,0
26029,'1150583',1517,,2346,11,,,0
26029,'1150914',1047,,2351,11,,,0
26029,'1151447',617,,2358,11,,,0
26029,'1151768',1017,,2361,11,,,0
26029,'1152227',1817,,2368,11,,,0
26029,'1152563',2018,,2373,11,,,0
26029,'1152589',1218,,2374,11,,,0
26029,'1152694',1618,,2376,11,,,0
26029,'1152967',1347,,2379,11,,,0
26029,'1153010',2017,,2381,11,,,0
26029,'1153161',2317,,2383,11,,,0
26029,'1153226',717,,2385,11,,,0
26029,'1153388',1618,,2386,11,,,0
26029,'1153444',717,,2388,11,,,0
26029,'1153679',1018,,2393,11,,,0
26029,'1153836',2217,,2397,11,,,0
26029,'1153996',1247,,2399,11,,,0
26029,'1154146',617,,2401,11,,,0
26029,'1154204',2117,,2402,11,,,0
26029,'1154235',1918,,2404,11,,,0
26029,'1154258',1818,,2405,11,,,0
26029,'1154345',817,,2407,11,,,0
26029,'1154397',1917,,2409,11,,,0
26029,'1154512',1118,,2410,11,,,0
26029,'1154536',1147,,2411,11,,,0
26029,'1154620',917,,2413,11,,,0
26029,'1154679',2118,,2414,11,,,0
26029,'1154682',917,,2415,11,,,0
26029,'1154861',1718,,2416,11,,,0
26029,'1155188',1717,,2420,11,,,0
26029,'1155234',817,,2421,11,,,0
26029,'1155304',2317,,2423,11,,,0
