14029,'1184744',736,,5304,41,,,0
14029,'1184869',636,,5306,41,,,0
14029,'1184981',1707,,5310,41,,,0
14029,'1184993',1737,,5311,41,,,0
14029,'1185190',2006,,5312,41,,,0
14029,'1185265',836,,5314,41,,,0
14029,'1185322',1437,,5317,41,,,0
14029,'1185408',1507,,5319,41,,,0
14029,'1185491',1637,,5322,41,,,0
14029,'1185568',1537,,5325,41,,,0
14029,'1185828',2306,,5328,41,,,0
14029,'1185866',2411,,5330,41,,,0
14029,'1186118',706,,5334,41,,,0
14029,'1186154',936,,5335,41,,,0
14029,'1186312',2206,,5336,41,,,0
14029,'1186319',1607,,5337,41,,,0
14029,'1186327',1337,,5338,41,,,0
14029,'1186377',1237,,5340,41,,,0
14029,'1186418',1037,,5341,41,,,0
14029,'1186771',806,,5348,41,,,0
14029,'1186908',906,,5353,41,,,0
14029,'1186971',2106,,5355,41,,,0
14029,'1187063',1806,,5357,41,,,0
14029,'1187137',1906,,5360,41,,,0
14029,'1187192',1137,,5361,41,,,0
