10029,'1193661',1538,,7624,38,,,0
10029,'1193662',1138,,7625,38,,,0
10029,'1193664',2038,,7626,38,,,0
10029,'1193666',1338,,7627,38,,,0
10029,'1193669',2338,,7628,38,,,0
10029,'1193670',1638,,7629,38,,,0
10029,'1193671',1538,,7630,38,,,0
10029,'1193672',908,,7631,38,,,0
10029,'1193673',2138,,7632,38,,,0
10029,'1193674',1438,,7633,38,,,0
10029,'1193676',1908,,7634,38,,,0
10029,'1193677',738,,7635,38,,,0
10029,'1193683',738,,7636,38,,,0
10029,'1193684',1738,,7637,38,,,0
10029,'1193685',1038,,7638,38,,,0
10029,'1193688',938,,7639,38,,,0
10029,'1193689',808,,7640,38,,,0
10029,'1193690',2008,,7641,38,,,0
10029,'1193692',2238,,7642,38,,,0
10029,'1193693',938,,7643,38,,,0
10029,'1193694',1338,,7644,38,,,0
10029,'1193695',708,,7645,38,,,0
10029,'1193696',638,,7646,38,,,0
10029,'1193699',2108,,7647,38,,,0
10029,'1193702',1138,,7648,38,,,0
10029,'1193705',1338,,7649,38,,,0
10029,'1193706',838,,7650,38,,,0
10029,'1193712',1838,,7651,38,,,0
10029,'1193713',2308,,7652,38,,,0
10029,'1193714',1738,,7653,38,,,0
10029,'1193716',1938,,7654,38,,,0
10029,'1193719',1438,,7655,38,,,0
10029,'1193721',1038,,7656,38,,,0
10029,'1193722',1238,,7657,38,,,0
10029,'1193723',938,,7658,38,,,0
10029,'1193726',1738,,7659,38,,,0
10029,'1193727',838,,7660,38,,,0
10029,'1193728',738,,7661,38,,,0
10029,'1193729',838,,7662,38,,,0
10029,'1193736',2413,,7663,38,,,0
10029,'1193741',2208,,7664,38,,,0
10029,'1193742',2038,,7665,38,,,0
10029,'1193744',1508,,7666,38,,,0
10029,'1193745',1608,,7667,38,,,0
10029,'1193746',1138,,7668,38,,,0
10029,'1193748',2238,,7669,38,,,0
10029,'1193750',1938,,7670,38,,,0
10029,'1193751',1038,,7671,38,,,0
10029,'1193753',1638,,7672,38,,,0
10029,'1193757',1238,,7673,38,,,0
10029,'1193758',1438,,7674,38,,,0
10029,'1193760',1238,,7675,38,,,0
10029,'1193762',1538,,7676,38,,,0
10029,'1193763',1708,,7677,38,,,0
10029,'1193764',1838,,7678,38,,,0
10029,'1193775',2338,,7679,38,,,0
10029,'1193776',2138,,7680,38,,,0
10029,'1193777',1808,,7681,38,,,0
10029,'1193778',1638,,7682,38,,,0
