10029,'1150182',936,,646,34,,,0
10029,'1150266',2336,,648,34,,,0
10029,'1150349',2006,,649,34,,,0
10029,'1150424',1436,,650,34,,,0
10029,'1150440',1936,,651,34,,,0
10029,'1150450',1636,,653,34,,,0
10029,'1150454',1736,,654,34,,,0
10029,'1150680',736,,656,34,,,0
10029,'1150683',1236,,657,34,,,0
10029,'1150947',1036,,659,34,,,0
10029,'1151232',2136,,662,34,,,0
10029,'1151240',936,,663,34,,,0
10029,'1151358',1036,,666,34,,,0
10029,'1151389',2206,,667,34,,,0
10029,'1151548',1336,,668,34,,,0
10029,'1151699',1436,,674,34,,,0
10029,'1151704',2411,,676,34,,,0
10029,'1151927',2106,,678,34,,,0
10029,'1152089',836,,679,34,,,0
10029,'1152120',1536,,680,34,,,0
10029,'1152213',1806,,682,34,,,0
10029,'1152237',1136,,683,34,,,0
10029,'1152276',636,,685,34,,,0
10029,'1152614',1736,,692,34,,,0
10029,'1152687',1706,,693,34,,,0
10029,'1152696',836,,694,34,,,0
10029,'1152744',1606,,697,34,,,0
10029,'1152927',1336,,700,34,,,0
10029,'1153201',736,,704,34,,,0
10029,'1153510',1636,,706,34,,,0
10029,'1153532',2036,,707,34,,,0
10029,'1153887',2236,,712,34,,,0
10029,'1154165',806,,715,34,,,0
10029,'1154182',1536,,716,34,,,0
10029,'1154281',1236,,718,34,,,0
10029,'1154360',2306,,719,34,,,0
10029,'1154531',1506,,720,34,,,0
10029,'1154688',706,,722,34,,,0
10029,'1154710',1836,,723,34,,,0
10029,'1155230',906,,733,34,,,0
10029,'1155449',1906,,734,34,,,0
10029,'1155474',1136,,735,34,,,0
