105029,'1184521',1806,,6491,57,,,0
105029,'1184537',1336,,6492,57,,,0
105029,'1184580',919,,6493,57,,,0
105029,'1184670',1551,,6494,57,,,0
105029,'1184808',2319,,6496,57,,,0
105029,'1184833',1021,,6497,57,,,0
105029,'1184834',2424,,6498,57,,,0
105029,'1184863',1236,,6499,57,,,0
105029,'1185104',1734,,6500,57,,,0
105029,'1185135',719,,6501,57,,,0
105029,'1185184',1334,,6502,57,,,0
105029,'1185215',1634,,6503,57,,,0
105029,'1185332',1849,,6505,57,,,0
105029,'1185350',2019,,6506,57,,,0
105029,'1185359',2219,,6507,57,,,0
105029,'1185398',1034,,6508,57,,,0
105029,'1185412',832,,6509,57,,,0
105029,'1185440',1636,,6510,57,,,0
105029,'1185523',1434,,6511,57,,,0
105029,'1185668',749,,6513,57,,,0
105029,'1185827',2119,,6515,57,,,0
105029,'1185938',1451,,6516,57,,,0
105029,'1186005',1706,,6517,57,,,0
105029,'1186007',632,,6518,57,,,0
105029,'1186279',1521,,6519,57,,,0
105029,'1186282',1421,,6520,57,,,0
105029,'1186299',1534,,6521,57,,,0
105029,'1186335',2432,,6522,57,,,0
105029,'1186387',1134,,6524,57,,,0
105029,'1186470',1121,,6525,57,,,0
105029,'1186485',2232,,6526,57,,,0
105029,'1186740',1234,,6530,57,,,0
105029,'1186861',649,,6531,57,,,0
105029,'1186874',1736,,6532,57,,,0
105029,'1186924',1834,,6533,57,,,0
105029,'1187005',819,,6534,57,,,0
105029,'1187132',2032,,6536,57,,,0
