12029,'1155758',2005,,1134,34,,,0
12029,'1155760',1136,,1135,34,,,0
12029,'1155761',1036,,1136,34,,,0
12029,'1155763',1506,,1137,34,,,0
12029,'1155764',836,,1138,34,,,0
12029,'1155766',1306,,1139,34,,,0
12029,'1155772',2205,,1141,34,,,0
12029,'1155776',1406,,1143,34,,,0
12029,'1155779',2105,,1145,34,,,0
12029,'1155795',1606,,1150,34,,,0
12029,'1155797',1636,,1151,34,,,0
12029,'1155798',1805,,1152,34,,,0
12029,'1155804',1636,,1155,34,,,0
12029,'1155821',2135,,1161,34,,,0
12029,'1155822',1236,,1162,34,,,0
12029,'1155827',1736,,1164,34,,,0
12029,'1155832',1436,,1167,34,,,0
12029,'1155838',1536,,1170,34,,,0
12029,'1155840',1706,,1172,34,,,0
12029,'1155845',1106,,1175,34,,,0
12029,'1155848',906,,1176,34,,,0
12029,'1155849',706,,1177,34,,,0
12029,'1155850',1436,,1178,34,,,0
12029,'1155852',1136,,1179,34,,,0
12029,'1155860',936,,1182,34,,,0
12029,'1155861',736,,1183,34,,,0
12029,'1155868',2035,,1185,34,,,0
12029,'1155871',935,,1187,34,,,0
12029,'1155872',1006,,1188,34,,,0
12029,'1155878',1336,,1193,34,,,0
12029,'1155879',735,,1194,34,,,0
12029,'1155880',1736,,1195,34,,,0
12029,'1155882',835,,1196,34,,,0
12029,'1155883',1106,,1197,34,,,0
12029,'1155884',636,,1198,34,,,0
12029,'1155886',1935,,1199,34,,,0
12029,'1155891',1206,,1202,34,,,0
12029,'1155901',2305,,1207,34,,,0
12029,'1155903',1835,,1208,34,,,0
12029,'1155908',1606,,1211,34,,,0
12029,'1155909',1905,,1212,34,,,0
12029,'1155915',1706,,1214,34,,,0
12029,'1155917',1036,,1216,34,,,0
12029,'1155920',806,,1218,34,,,0
12029,'1155927',2335,,1223,34,,,0
12029,'1155930',1306,,1226,34,,,0
12029,'1155932',1506,,1227,34,,,0
12029,'1155934',1406,,1229,34,,,0
12029,'1155940',1236,,1232,34,,,0
12029,'1155942',1536,,1233,34,,,0
12029,'1155945',2410,,1234,34,,,0
12029,'1155953',1206,,1236,34,,,0
12029,'1155963',2235,,1242,34,,,0
12029,'1155964',1336,,1243,34,,,0
23029,'1150768',1519,,1859,6,,,0
23029,'1151003',1119,,1860,6,,,0
23029,'1151972',1550,,1861,6,,,0
23029,'1152184',1320,,1863,6,,,0
23029,'1152439',1350,,1865,6,,,0
23029,'1153255',918,,1866,6,,,0
23029,'1154303',1719,,1867,6,,,0
23029,'1155381',1150,,1869,6,,,0
23029,'1155476',948,,1870,6,,,0
