105019,'1190616',2238,,9291,69,,,0
105019,'1190769',1430,,9292,69,,,0
105019,'1190825',1638,,9293,69,,,0
105019,'1190865',1830,,9294,69,,,0
105019,'1190975',1900,,9295,69,,,0
105019,'1190992',1822,,9296,69,,,0
105019,'1190998',1222,,9297,69,,,0
105019,'1191007',1730,,9298,69,,,0
105019,'1191038',1522,,9299,69,,,0
105019,'1191063',1012,,9300,69,,,0
105019,'1191065',1330,,9301,69,,,0
105019,'1191145',708,,9302,69,,,0
105019,'1191217',2320,,9303,69,,,0
105019,'1191294',1422,,9304,69,,,0
105019,'1191329',920,,9305,69,,,0
105019,'1191413',1038,,9306,69,,,0
105019,'1191457',1322,,9307,69,,,0
105019,'1191557',912,,9308,69,,,0
105019,'1191709',812,,9309,69,,,0
105019,'1191750',2307,,9310,69,,,0
105019,'1191859',720,,9311,69,,,0
105019,'1191891',1800,,9312,69,,,0
105019,'1192052',1922,,9313,69,,,0
105019,'1192113',638,,9314,69,,,0
105019,'1192142',1622,,9315,69,,,0
105019,'1192176',838,,9316,69,,,0
105019,'1192218',2407,,9317,69,,,0
105019,'1192236',1438,,9318,69,,,0
105019,'1192248',2107,,9319,69,,,0
105019,'1192267',1722,,9320,69,,,0
105019,'1192318',1122,,9321,69,,,0
105019,'1192337',1645,,9322,69,,,0
105019,'1192353',1515,,9323,69,,,0
105019,'1192579',1215,,9324,69,,,0
105019,'1192586',1238,,9325,69,,,0
105019,'1192598',2038,,9326,69,,,0
105019,'1192614',742,,9327,69,,,0
105019,'1192661',2207,,9328,69,,,0
105019,'1192725',1545,,9329,69,,,0
105019,'1192735',1937,,9330,69,,,0
105019,'1192821',2120,,9331,69,,,0
105019,'1192836',1838,,9332,69,,,0
105019,'1192847',608,,9333,69,,,0
105019,'1192875',1615,,9334,69,,,0
105019,'1193045',842,,9335,69,,,0
105019,'1193298',1115,,9336,69,,,0
