29019,'1184481',1346,,6083,14,,,0
29019,'1184585',1830,,6084,14,,,0
29019,'1184901',1331,,6085,14,,,0
29019,'1184916',730,,6086,14,,,0
29019,'1184951',2030,,6087,14,,,0
29019,'1185146',1031,,6088,14,,,0
29019,'1185320',1731,,6089,14,,,0
29019,'1185391',1431,,6090,14,,,0
29019,'1185521',1246,,6091,14,,,0
29019,'1185584',2130,,6092,14,,,0
29019,'1185791',1930,,6093,14,,,0
29019,'1185904',1531,,6094,14,,,0
29019,'1185918',830,,6095,14,,,0
29019,'1186034',1231,,6096,14,,,0
29019,'1186091',1146,,6097,14,,,0
29019,'1186162',1631,,6098,14,,,0
29019,'1186392',1131,,6099,14,,,0
29019,'1186688',930,,6100,14,,,0
29019,'1186733',946,,6101,14,,,0
29019,'1186835',1446,,6102,14,,,0
29019,'1186911',1046,,6103,14,,,0
29019,'1187002',2230,,6104,14,,,0
29019,'1187090',1546,,6105,14,,,0
29019,'1187169',2330,,6106,14,,,0
