13019,'1184512',1244,,5122,44,,,0
13019,'1184594',2312,,5124,44,,,0
13019,'1184597',642,,5125,44,,,0
13019,'1184763',712,,5130,44,,,0
13019,'1184782',1045,,5131,44,,,0
13019,'1184816',812,,5132,44,,,0
13019,'1184967',1544,,5133,44,,,0
13019,'1185101',1714,,5134,44,,,0
13019,'1185148',1812,,5135,44,,,0
13019,'1185153',943,,5136,44,,,0
13019,'1185449',2417,,5141,44,,,0
13019,'1185552',843,,5143,44,,,0
13019,'1185574',913,,5144,44,,,0
13019,'1185838',612,,5149,18,,,0
13019,'1185882',1444,,5153,44,,,0
13019,'1185890',1744,,5154,44,,,0
13019,'1185910',1344,,5157,44,,,0
13019,'1185952',2112,,5160,44,,,0
13019,'1186127',2212,,5163,44,,,0
13019,'1186271',2012,,5165,44,,,0
13019,'1186295',742,,5166,44,,,0
13019,'1186370',1144,,5168,44,,,0
13019,'1186730',1012,,5172,44,,,0
13019,'1186805',1912,,5173,44,,,0
13019,'1187103',1644,,5179,44,,,0
13019,'1187170',1614,,5180,44,,,0
13019,'1187172',1514,,5181,44,,,0
101029,'1184516',2407,,6162,25,,,0
101029,'1184684',1747,,6164,25,,,0
101029,'1184724',947,,6165,25,,,0
101029,'1184785',1449,,6166,25,,,0
101029,'1185015',747,,6169,25,,,0
101029,'1185619',1047,,6174,25,,,0
101029,'1186082',1649,,6180,25,,,0
101029,'1186135',647,,6182,25,,,0
101029,'1186184',847,,6184,25,,,0
101029,'1186356',2147,,6185,25,,,0
101029,'1186597',1549,,6187,25,,,0
101029,'1186784',1947,,6189,25,,,0
101029,'1186815',1349,,6191,25,,,0
101029,'1187194',1249,,6192,25,,,0
