14029,'1184567',2034,,5303,38,,,0
14029,'1184744',734,,5304,38,,,0
14029,'1184869',634,,5306,38,,,0
14029,'1184894',1634,,5307,38,,,0
14029,'1184948',2134,,5308,38,,,0
14029,'1184981',1705,,5310,38,,,0
14029,'1184993',1735,,5311,38,,,0
14029,'1185190',2004,,5312,38,,,0
14029,'1185265',834,,5314,38,,,0
14029,'1185266',2234,,5315,38,,,0
14029,'1185306',734,,5316,38,,,0
14029,'1185322',1435,,5317,38,,,0
14029,'1185345',1334,,5318,38,,,0
14029,'1185408',1505,,5319,38,,,0
14029,'1185480',1234,,5321,38,,,0
14029,'1185491',1635,,5322,38,,,0
14029,'1185496',1834,,5323,38,,,0
14029,'1185512',1934,,5324,38,,,0
14029,'1185568',1535,,5325,38,,,0
14029,'1185647',1034,,5326,38,,,0
14029,'1185828',2304,,5328,38,,,0
14029,'1185866',2409,,5330,38,,,0
14029,'1185960',834,,5331,38,,,0
14029,'1185970',934,,5332,38,,,0
14029,'1186076',1734,,5333,38,,,0
14029,'1186118',704,,5334,38,,,0
14029,'1186154',934,,5335,38,,,0
14029,'1186312',2204,,5336,38,,,0
14029,'1186319',1605,,5337,38,,,0
14029,'1186327',1335,,5338,38,,,0
14029,'1186377',1235,,5340,38,,,0
14029,'1186418',1035,,5341,38,,,0
14029,'1186554',1534,,5343,38,,,0
14029,'1186577',2334,,5344,38,,,0
14029,'1186746',1434,,5346,38,,,0
14029,'1186757',1134,,5347,38,,,0
14029,'1186771',804,,5348,38,,,0
14029,'1186908',904,,5353,38,,,0
14029,'1186971',2104,,5355,38,,,0
14029,'1187063',1804,,5357,38,,,0
14029,'1187137',1904,,5360,38,,,0
14029,'1187192',1135,,5361,38,,,0
