101019,'1190633',1150,,8977,29,,,0
101019,'1190779',1327,,8978,29,,,0
101019,'1190804',1127,,8979,29,,,0
101019,'1190956',2127,,8980,29,,,0
101019,'1191198',550,,8981,29,,,0
101019,'1191312',927,,8982,29,,,0
101019,'1191333',2250,,8983,29,,,0
101019,'1191377',1527,,8984,29,,,0
101019,'1191380',2127,,8985,29,,,0
101019,'1191432',1727,,8986,29,,,0
101019,'1191480',1352,,8987,29,,,0
101019,'1191543',1927,,8988,29,,,0
101019,'1191977',1327,,8989,29,,,0
101019,'1192063',850,,8990,29,,,0
101019,'1192135',1050,,8991,29,,,0
101019,'1192166',1850,,8992,29,,,0
101019,'1192271',950,,8993,29,,,0
101019,'1192368',1527,,8994,29,,,0
101019,'1192448',927,,8995,29,,,0
101019,'1192613',750,,8996,29,,,0
101019,'1192782',1652,,8997,29,,,0
101019,'1192859',1127,,8998,29,,,0
101019,'1192896',1927,,8999,29,,,0
101019,'1192902',727,,9000,29,,,0
101019,'1192958',2049,,9001,29,,,0
101019,'1192961',727,,9002,29,,,0
101019,'1192963',2327,,9003,29,,,0
101019,'1193022',1452,,9004,29,,,0
101019,'1193099',1727,,9005,29,,,0
101019,'1193164',1552,,9006,29,,,0
101019,'1193193',1752,,9007,29,,,0
