24029,'1190659',1634,,8421,7,,,0
24029,'1190749',1619,,8422,7,,,0
24029,'1190778',1420,,8423,7,,,0
24029,'1190797',2409,,8424,7,,,0
24029,'1190885',1334,,8425,7,,,0
24029,'1191013',2249,,8426,7,,,0
24029,'1191021',934,,8427,7,,,0
24029,'1191023',2149,,8428,7,,,0
24029,'1191096',1551,,8429,7,,,0
24029,'1191111',919,,8430,7,,,0
24029,'1191208',1220,,8431,7,,,0
24029,'1191257',1320,,8432,7,,,0
24029,'1191267',2019,,8433,7,,,0
24029,'1191278',1321,,8434,7,,,0
24029,'1191288',719,,8435,7,,,0
24029,'1191296',834,,8436,7,,,0
24029,'1191426',749,,8437,7,,,0
24029,'1191479',1020,,8438,7,,,0
24029,'1191530',2234,,8439,7,,,0
24029,'1191542',649,,8440,7,,,0
24029,'1191565',734,,8441,7,,,0
24029,'1191626',2219,,8442,7,,,0
24029,'1191637',1221,,8443,7,,,0
24029,'1191667',1520,,8444,7,,,0
24029,'1191676',2049,,8445,7,,,0
24029,'1191744',1120,,8446,7,,,0
24029,'1191836',1819,,8447,7,,,0
24029,'1191879',949,,8448,7,,,0
24029,'1191917',2334,,8449,7,,,0
24029,'1191967',1034,,8450,7,,,0
24029,'1191983',849,,8451,7,,,0
24029,'1192013',1719,,8452,7,,,0
24029,'1192023',920,,8453,7,,,0
24029,'1192045',1019,,8454,7,,,0
24029,'1192070',1934,,8455,7,,,0
24029,'1192071',1721,,8456,7,,,0
24029,'1192162',1534,,8457,7,,,0
24029,'1192212',1849,,8458,7,,,0
24029,'1192216',2119,,8459,7,,,0
24029,'1192217',1234,,8460,7,,,0
24029,'1192266',1434,,8461,7,,,0
24029,'1192268',2319,,8462,7,,,0
24029,'1192314',1651,,8463,7,,,0
24029,'1192322',1734,,8464,7,,,0
24029,'1192424',1919,,8465,7,,,0
24029,'1192452',1134,,8466,7,,,0
24029,'1192545',819,,8467,7,,,0
24029,'1192560',1751,,8468,7,,,0
24029,'1192570',2134,,8469,7,,,0
24029,'1192633',1421,,8470,7,,,0
24029,'1192772',1621,,8471,7,,,0
24029,'1192808',1949,,8472,7,,,0
24029,'1192813',1121,,8473,7,,,0
24029,'1192816',819,,8474,7,,,0
24029,'1192829',2034,,8475,7,,,0
24029,'1192854',1451,,8476,7,,,0
24029,'1192965',1834,,8477,7,,,0
24029,'1192991',1521,,8478,7,,,0
24029,'1193184',718,,8479,7,,,0
24029,'1193211',618,,8480,7,,,0
105019,'1190616',2303,,9291,109,,,0
105019,'1190769',1502,,9292,109,,,0
105019,'1190825',1703,,9293,109,,,0
105019,'1190865',1902,,9294,109,,,0
105019,'1190975',1932,,9295,109,,,0
105019,'1190992',1849,,9296,109,,,0
105019,'1190998',1249,,9297,109,,,0
105019,'1191007',1802,,9298,109,,,0
105019,'1191038',1549,,9299,109,,,0
105019,'1191063',1044,,9300,109,,,0
105019,'1191065',1402,,9301,109,,,0
105019,'1191145',736,,9302,109,,,0
105019,'1191217',2348,,9303,109,,,0
105019,'1191294',1449,,9304,109,,,0
105019,'1191329',948,,9305,109,,,0
105019,'1191413',1103,,9306,109,,,0
105019,'1191457',1349,,9307,109,,,0
105019,'1191557',944,,9308,109,,,0
105019,'1191709',844,,9309,109,,,0
105019,'1191750',2335,,9310,109,,,0
105019,'1191859',748,,9311,109,,,0
105019,'1191891',1832,,9312,109,,,0
105019,'1192052',1949,,9313,109,,,0
105019,'1192113',706,,9314,109,,,0
105019,'1192142',1649,,9315,109,,,0
105019,'1192176',903,,9316,109,,,0
105019,'1192218',2435,,9317,109,,,0
105019,'1192236',1503,,9318,109,,,0
105019,'1192248',2135,,9319,109,,,0
105019,'1192267',1749,,9320,109,,,0
105019,'1192318',1149,,9321,109,,,0
105019,'1192337',1717,,9322,109,,,0
105019,'1192353',1547,,9323,109,,,0
105019,'1192579',1247,,9324,109,,,0
105019,'1192586',1303,,9325,109,,,0
105019,'1192598',2103,,9326,109,,,0
105019,'1192614',814,,9327,109,,,0
105019,'1192661',2235,,9328,109,,,0
105019,'1192725',1617,,9329,109,,,0
105019,'1192735',2005,,9330,109,,,0
105019,'1192821',2148,,9331,109,,,0
105019,'1192836',1903,,9332,109,,,0
105019,'1192847',636,,9333,109,,,0
105019,'1192875',1647,,9334,109,,,0
105019,'1193045',914,,9335,109,,,0
105019,'1193298',1147,,9336,109,,,0
106029,'1190782',801,,9389,40,,,0
106029,'1191556',1903,,9390,40,,,0
106029,'1191771',1633,,9391,40,,,0
106029,'1192044',1748,,9392,40,,,0
106029,'1192429',916,,9393,40,,,0
106029,'1193063',1031,,9394,40,,,0
140001019,'1190631',1405,,9395,19,,,0
140001019,'1190636',1150,,9396,19,,,0
140001019,'1190649',1712,,9397,19,,,0
140001019,'1190660',1505,,9398,19,,,0
140001019,'1190668',2418,,9399,19,,,0
140001019,'1190697',1135,,9400,19,,,0
140001019,'1190750',1848,,9401,19,,,0
140001019,'1190763',1105,,9402,19,,,0
140001019,'1190768',2248,,9403,19,,,0
140001019,'1190802',1705,,9404,19,,,0
140001019,'1190822',1949,,9405,19,,,0
140001019,'1190830',2348,,9406,19,,,0
140001019,'1190841',1757,,9407,19,,,0
140001019,'1190852',1003,,9408,19,,,0
140001019,'1190870',2004,,9409,19,,,0
140001019,'1190873',1405,,9410,19,,,0
140001019,'1190888',1035,,9411,19,,,0
140001019,'1190922',2049,,9412,19,,,0
140001019,'1190923',1750,,9413,19,,,0
140001019,'1190968',1612,,9414,19,,,0
140001019,'1190976',1427,,9415,19,,,0
140001019,'1190979',1520,,9416,19,,,0
140001019,'1190980',2218,,9417,19,,,0
140001019,'1190982',803,,9418,19,,,0
140001019,'1190987',1103,,9419,19,,,0
140001019,'1191035',1918,,9420,19,,,0
140001019,'1191146',1834,,9421,19,,,0
140001019,'1191160',1048,,9422,19,,,0
140001019,'1191162',848,,9423,19,,,0
140001019,'1191165',2019,,9424,19,,,0
140001019,'1191177',1135,,9425,19,,,0
140001019,'1191204',1820,,9426,19,,,0
140001019,'1191212',2318,,9427,19,,,0
140001019,'1191215',718,,9428,19,,,0
140001019,'1191276',2305,,9429,19,,,0
140001019,'1191289',1948,,9430,19,,,0
140001019,'1191299',2148,,9431,19,,,0
140001019,'1191305',1050,,9432,19,,,0
140001019,'1191313',1934,,9433,19,,,0
140001019,'1191331',1250,,9434,19,,,0
140001019,'1191356',2119,,9435,19,,,0
140001019,'1191364',1405,,9436,19,,,0
140001019,'1191379',2205,,9437,19,,,0
140001019,'1191393',1105,,9438,19,,,0
140001019,'1191394',1535,,9439,19,,,0
140001019,'1191473',1642,,9440,19,,,0
140001019,'1191484',1720,,9441,19,,,0
140001019,'1191489',1904,,9442,19,,,0
140001019,'1191578',1018,,9443,19,,,0
140001019,'1191592',1235,,9444,19,,,0
140001019,'1191603',1335,,9445,19,,,0
140001019,'1191608',948,,9446,19,,,0
140001019,'1191621',1742,,9447,19,,,0
140001019,'1191634',1819,,9448,19,,,0
140001019,'1191651',1205,,9449,19,,,0
140001019,'1191665',1542,,9450,19,,,0
140001019,'1191677',1435,,9451,19,,,0
140001019,'1191683',833,,9452,19,,,0
140001019,'1191720',1705,,9453,19,,,0
140001019,'1191753',1205,,9454,19,,,0
140001019,'1191755',903,,9455,19,,,0
140001019,'1191764',648,,9456,19,,,0
140001019,'1191766',918,,9457,19,,,0
140001019,'1191775',1305,,9458,19,,,0
140001019,'1191778',733,,9459,19,,,0
140001019,'1191783',1505,,9460,19,,,0
140001019,'1191828',748,,9461,19,,,0
140001019,'1191833',1235,,9462,19,,,0
140001019,'1191839',2318,,9463,19,,,0
140001019,'1191847',905,,9464,19,,,0
140001019,'1191860',1220,,9465,19,,,0
140001019,'1191878',2005,,9466,19,,,0
140001019,'1191907',2048,,9467,19,,,0
140001019,'1191924',2104,,9468,19,,,0
140001019,'1191986',648,,9469,19,,,0
140001019,'1191995',1005,,9470,19,,,0
140001019,'1192017',1805,,9471,19,,,0
140001019,'1192024',1903,,9472,19,,,0
140001019,'1192066',1320,,9473,19,,,0
140001019,'1192107',1512,,9474,19,,,0
140001019,'1192144',1120,,9475,19,,,0
140001019,'1192184',848,,9476,19,,,0
140001019,'1192207',1305,,9477,19,,,0
140001019,'1192211',2034,,9478,19,,,0
140001019,'1192278',1335,,9479,19,,,0
140001019,'1192346',1635,,9480,19,,,0
140001019,'1192348',1442,,9481,19,,,0
140001019,'1192349',1018,,9482,19,,,0
140001019,'1192369',1457,,9483,19,,,0
140001019,'1192375',1420,,9484,19,,,0
140001019,'1192393',1305,,9485,19,,,0
140001019,'1192397',2018,,9486,19,,,0
140001019,'1192398',933,,9487,19,,,0
140001019,'1192407',1735,,9488,19,,,0
140001019,'1192409',703,,9489,19,,,0
140001019,'1192507',1919,,9490,19,,,0
140001019,'1192524',1003,,9491,19,,,0
140001019,'1192535',1650,,9492,19,,,0
140001019,'1192537',1557,,9493,19,,,0
140001019,'1192551',1605,,9494,19,,,0
140001019,'1192620',2118,,9495,19,,,0
140001019,'1192630',1527,,9496,19,,,0
140001019,'1192655',948,,9497,19,,,0
140001019,'1192688',2405,,9498,19,,,0
140001019,'1192690',1605,,9499,19,,,0
140001019,'1192691',2248,,9500,19,,,0
140001019,'1192720',1905,,9501,19,,,0
140001019,'1192769',718,,9502,19,,,0
140001019,'1192797',818,,9503,19,,,0
140001019,'1192798',2343,,9504,19,,,0
140001019,'1192805',1118,,9505,19,,,0
140001019,'1192806',1350,,9506,19,,,0
140001019,'1192822',1350,,9507,19,,,0
140001019,'1192844',1805,,9508,19,,,0
140001019,'1192862',1220,,9509,19,,,0
140001019,'1192889',2218,,9510,19,,,0
140001019,'1192903',2418,,9511,19,,,0
140001019,'1192904',2105,,9512,19,,,0
140001019,'1192960',1727,,9513,19,,,0
140001019,'1192983',1550,,9514,19,,,0
140001019,'1192989',1849,,9515,19,,,0
140001019,'1192993',1657,,9516,19,,,0
140001019,'1193007',748,,9517,19,,,0
140001019,'1193020',1450,,9518,19,,,0
140001019,'1193031',1627,,9519,19,,,0
140001019,'1193032',1808,,9520,19,,,0
140001019,'1193078',1150,,9521,19,,,0
140001019,'1193098',1033,,9522,19,,,0
140001019,'1193106',818,,9523,19,,,0
140001019,'1193123',1205,,9524,19,,,0
140001019,'1193183',805,,9525,19,,,0
140001019,'1193198',2148,,9526,19,,,0
140001019,'1193200',1320,,9527,19,,,0
140001019,'1193214',1620,,9528,19,,,0
140001019,'1193222',918,,9529,19,,,0
140001019,'1193255',1833,,9530,19,,,0
140001019,'1193261',1250,,9531,19,,,0
