25019,'1150209',1707,,2062,9,,,0
25019,'1150247',837,,2063,9,,,0
25019,'1150329',1207,,2064,9,,,0
25019,'1150363',1236,,2065,9,,,0
25019,'1150425',2037,,2066,9,,,0
25019,'1150527',1536,,2069,9,,,0
25019,'1150689',707,,2071,9,,,0
25019,'1150696',1736,,2072,9,,,0
25019,'1150730',2336,,2074,9,,,0
25019,'1150988',1436,,2075,9,,,0
25019,'1151062',2136,,2076,9,,,0
25019,'1151067',937,,2077,9,,,0
25019,'1151104',936,,2078,9,,,0
25019,'1151242',2237,,2079,9,,,0
25019,'1151384',1107,,2082,9,,,0
25019,'1151534',1336,,2085,9,,,0
25019,'1151656',2036,,2086,9,,,0
25019,'1151791',1437,,2088,9,,,0
25019,'1151809',2236,,2089,9,,,0
25019,'1151820',807,,2090,9,,,0
25019,'1151857',1836,,2091,9,,,0
25019,'1151998',836,,2093,9,,,0
25019,'1152331',1007,,2098,9,,,0
25019,'1152372',1607,,2100,9,,,0
25019,'1152581',1036,,2104,9,,,0
25019,'1152998',636,,2110,9,,,0
25019,'1153199',1936,,2114,9,,,0
25019,'1153262',1636,,2115,9,,,0
25019,'1153285',1507,,2118,9,,,0
25019,'1153297',1136,,2119,9,,,0
25019,'1153352',737,,2121,9,,,0
25019,'1153432',1537,,2123,9,,,0
25019,'1153859',2357,,2126,9,,,0
25019,'1154166',1637,,2128,9,,,0
25019,'1154390',1407,,2131,9,,,0
25019,'1154610',1837,,2135,9,,,0
25019,'1154641',907,,2136,9,,,0
25019,'1154763',1307,,2140,9,,,0
25019,'1154910',736,,2145,9,,,0
25019,'1154988',2137,,2148,9,,,0
25019,'1155012',1937,,2149,9,,,0
25019,'1155109',637,,2150,9,,,0
25019,'1155210',1737,,2151,9,,,0
