101029,'1150355',920,,2916,63,,,0
101029,'1150535',1020,,2919,63,,,0
101029,'1150632',1503,,2920,63,,,0
101029,'1151005',1103,,2922,63,,,0
101029,'1151171',1820,,2924,63,,,0
101029,'1151294',820,,2925,63,,,0
101029,'1151635',2220,,2927,63,,,0
101029,'1151840',720,,2929,63,,,0
101029,'1152316',1903,,2930,63,,,0
101029,'1152666',1120,,2933,63,,,0
101029,'1152802',1723,,2934,63,,,0
101029,'1153001',2020,,2938,63,,,0
101029,'1153050',1323,,2939,63,,,0
101029,'1153195',703,,2941,63,,,0
101029,'1153306',1703,,2942,63,,,0
101029,'1153598',2303,,2945,63,,,0
101029,'1153935',1623,,2949,63,,,0
101029,'1154557',2103,,2953,63,,,0
101029,'1154632',2440,,2954,63,,,0
101029,'1154742',1423,,2955,63,,,0
101029,'1154771',903,,2956,63,,,0
101029,'1154943',1303,,2958,63,,,0
101029,'1155502',1523,,2962,63,,,0
