105019,'1184475',1856,,6445,61,,,0
105019,'1184709',1826,,6446,61,,,0
105019,'1184819',808,,6448,61,,,0
105019,'1184825',2304,,6449,61,,,0
105019,'1184879',1511,,6450,61,,,0
105019,'1184888',1008,,6451,61,,,0
105019,'1185176',704,,6455,61,,,0
105019,'1185212',634,,6456,61,,,0
105019,'1185498',1934,,6458,61,,,0
105019,'1185569',1756,,6462,61,,,0
105019,'1185641',908,,6463,61,,,0
105019,'1185695',1326,,6465,61,,,0
105019,'1185708',2104,,6466,61,,,0
105019,'1185894',1211,,6469,61,,,0
105019,'1186015',1426,,6470,61,,,0
105019,'1186061',1611,,6471,61,,,0
105019,'1186380',1111,,6473,61,,,0
105019,'1186477',1641,,6475,61,,,0
105019,'1186601',1726,,6478,61,,,0
105019,'1186602',738,,6479,61,,,0
105019,'1186864',2404,,6484,61,,,0
105019,'1186870',604,,6485,61,,,0
105019,'1186896',838,,6486,61,,,0
105019,'1187009',2204,,6488,61,,,0
105019,'1187061',1541,,6489,61,,,0
106029,'1184503',1012,,6543,12,,,0
106029,'1184668',1844,,6544,12,,,0
106029,'1185934',1729,,6545,12,,,0
106029,'1185946',1614,,6546,12,,,0
106029,'1186791',857,,6547,12,,,0
106029,'1186882',742,,6548,12,,,0
