25019,'1184495',714,,5635,23,,,0
25019,'1184514',1843,,5636,23,,,0
25019,'1184642',1143,,5638,23,,,0
25019,'1184757',1544,,5639,23,,,0
25019,'1184771',1714,,5640,23,,,0
25019,'1184811',642,,5641,23,,,0
25019,'1184903',2244,,5642,23,,,0
25019,'1184942',843,,5643,23,,,0
25019,'1184959',943,,5644,23,,,0
25019,'1185039',1443,,5646,23,,,0
25019,'1185100',1744,,5648,23,,,0
25019,'1185110',1644,,5649,23,,,0
25019,'1185173',944,,5650,23,,,0
25019,'1185179',2144,,5651,23,,,0
25019,'1185182',2342,,5652,23,,,0
25019,'1185244',744,,5654,23,,,0
25019,'1185338',914,,5655,23,,,0
25019,'1185434',1114,,5657,23,,,0
25019,'1185566',2143,,5660,23,,,0
25019,'1185653',1014,,5661,23,,,0
25019,'1185731',1214,,5663,23,,,0
25019,'1185741',2044,,5665,23,,,0
25019,'1185764',2243,,5666,23,,,0
25019,'1185802',1043,,5667,23,,,0
25019,'1185991',844,,5668,23,,,0
25019,'1186008',1643,,5669,23,,,0
25019,'1186131',1844,,5670,23,,,0
25019,'1186381',1243,,5672,23,,,0
25019,'1186473',1943,,5674,23,,,0
25019,'1186484',742,,5675,23,,,0
25019,'1186541',1343,,5676,23,,,0
25019,'1186625',1314,,5677,23,,,0
25019,'1186803',644,,5682,23,,,0
25019,'1186914',1444,,5684,23,,,0
25019,'1186957',814,,5685,23,,,0
25019,'1186996',1414,,5687,23,,,0
25019,'1187059',1614,,5688,23,,,0
25019,'1187075',1743,,5689,23,,,0
25019,'1187077',1543,,5690,23,,,0
25019,'1187086',1514,,5691,23,,,0
25019,'1187122',2043,,5692,23,,,0
25019,'1187127',1944,,5693,23,,,0
25019,'1187154',2404,,5694,23,,,0
