105019,'1150133',935,,3356,4,,,0
105019,'1150519',1753,,3358,4,,,0
105019,'1150723',647,,3359,4,,,0
105019,'1150755',1438,,3360,4,,,0
105019,'1150957',835,,3364,4,,,0
105019,'1150991',1253,,3365,4,,,0
105019,'1151148',1049,,3367,4,,,0
105019,'1151174',1249,,3368,4,,,0
105019,'1151428',805,,3371,4,,,0
105019,'1151680',1823,,3374,4,,,0
105019,'1151743',735,,3375,4,,,0
105019,'1152002',2233,,3380,4,,,0
105019,'1152300',1349,,3381,4,,,0
105019,'1152360',633,,3382,4,,,0
105019,'1152386',705,,3383,4,,,0
105019,'1152506',1723,,3384,4,,,0
105019,'1152547',603,,3385,4,,,0
105019,'1152647',2133,,3386,4,,,0
105019,'1152697',2333,,3387,4,,,0
105019,'1153054',1449,,3390,4,,,0
105019,'1153337',1849,,3392,4,,,0
105019,'1153487',533,,3393,4,,,0
105019,'1153863',1149,,3395,4,,,0
105019,'1153895',1508,,3397,4,,,0
105019,'1154206',2033,,3398,4,,,0
105019,'1154598',1749,,3402,4,,,0
105019,'1154605',1649,,3403,4,,,0
105019,'1154691',1038,,3404,4,,,0
105019,'1154711',1549,,3406,4,,,0
105019,'1154821',1353,,3407,4,,,0
105019,'1154915',1903,,3409,4,,,0
105019,'1154933',1653,,3410,4,,,0
105019,'1155111',2247,,3412,4,,,0
105019,'1155143',1608,,3413,4,,,0
105019,'1155198',1138,,3415,4,,,0
105019,'1155339',1538,,3419,4,,,0
105019,'1155343',2047,,3420,4,,,0
105019,'1155497',847,,3421,4,,,0
