14029,'1184744',730,,5304,29,,,0
14029,'1184869',630,,5306,29,,,0
14029,'1184981',1701,,5310,29,,,0
14029,'1184993',1731,,5311,29,,,0
14029,'1185190',2000,,5312,29,,,0
14029,'1185265',830,,5314,29,,,0
14029,'1185322',1431,,5317,29,,,0
14029,'1185408',1501,,5319,29,,,0
14029,'1185491',1631,,5322,29,,,0
14029,'1185568',1531,,5325,29,,,0
14029,'1185828',2300,,5328,29,,,0
14029,'1185866',2405,,5330,29,,,0
14029,'1186118',700,,5334,29,,,0
14029,'1186154',930,,5335,29,,,0
14029,'1186312',2200,,5336,29,,,0
14029,'1186319',1601,,5337,29,,,0
14029,'1186327',1331,,5338,29,,,0
14029,'1186377',1231,,5340,29,,,0
14029,'1186418',1031,,5341,29,,,0
14029,'1186771',800,,5348,29,,,0
14029,'1186908',900,,5353,29,,,0
14029,'1186971',2100,,5355,29,,,0
14029,'1187063',1800,,5357,29,,,0
14029,'1187137',1900,,5360,29,,,0
14029,'1187192',1131,,5361,29,,,0
