25019,'1190672',2244,,8481,22,,,0
25019,'1190682',927,,8482,22,,,0
25019,'1190694',744,,8483,22,,,0
25019,'1190780',2342,,8484,22,,,0
25019,'1190819',714,,8485,22,,,0
25019,'1190912',1844,,8486,22,,,0
25019,'1191039',1727,,8487,22,,,0
25019,'1191069',1943,,8488,22,,,0
25019,'1191124',2043,,8489,22,,,0
25019,'1191161',1643,,8490,22,,,0
25019,'1191291',827,,8491,22,,,0
25019,'1191327',1414,,8492,22,,,0
25019,'1191338',1043,,8493,22,,,0
25019,'1191351',1944,,8494,22,,,0
25019,'1191352',1444,,8495,22,,,0
25019,'1191409',943,,8496,22,,,0
25019,'1191435',1227,,8497,22,,,0
25019,'1191471',2127,,8498,22,,,0
25019,'1191478',2243,,8499,22,,,0
25019,'1191511',1744,,8500,22,,,0
25019,'1191525',1443,,8501,22,,,0
25019,'1191551',642,,8502,22,,,0
25019,'1191579',843,,8503,22,,,0
25019,'1191591',2327,,8504,22,,,0
25019,'1191596',2144,,8505,22,,,0
25019,'1191642',814,,8506,22,,,0
25019,'1191659',1627,,8507,22,,,0
25019,'1191842',1843,,8508,22,,,0
25019,'1191928',2044,,8509,22,,,0
25019,'1191935',844,,8510,22,,,0
25019,'1191950',1243,,8511,22,,,0
25019,'1191964',1543,,8512,22,,,0
25019,'1192103',2143,,8513,22,,,0
25019,'1192106',1214,,8514,22,,,0
25019,'1192141',2227,,8515,22,,,0
25019,'1192147',1327,,8516,22,,,0
25019,'1192241',2027,,8517,22,,,0
25019,'1192259',1343,,8518,22,,,0
25019,'1192277',1743,,8519,22,,,0
25019,'1192343',1114,,8520,22,,,0
25019,'1192356',1544,,8521,22,,,0
25019,'1192389',1427,,8522,22,,,0
25019,'1192432',1614,,8523,22,,,0
25019,'1192459',1027,,8524,22,,,0
25019,'1192477',2404,,8525,22,,,0
25019,'1192541',727,,8526,22,,,0
25019,'1192596',1514,,8527,22,,,0
25019,'1192742',1014,,8528,22,,,0
25019,'1192751',1143,,8529,22,,,0
25019,'1192774',1714,,8530,22,,,0
25019,'1192796',1314,,8531,22,,,0
25019,'1192828',1927,,8532,22,,,0
25019,'1192849',944,,8533,22,,,0
25019,'1192959',644,,8534,22,,,0
25019,'1193109',1644,,8535,22,,,0
25019,'1193121',742,,8536,22,,,0
25019,'1193125',1827,,8537,22,,,0
25019,'1193301',1127,,8538,22,,,0
25019,'1193312',1527,,8539,22,,,0
25019,'1193315',914,,8540,22,,,0
