104019,'1184559',732,,6357,19,,,0
104019,'1184877',1506,,6361,19,,,0
104019,'1184922',802,,6362,19,,,0
104019,'1184979',1717,,6363,19,,,0
104019,'1185193',1002,,6365,19,,,0
104019,'1185307',2102,,6367,19,,,0
104019,'1185701',847,,6372,19,,,0
104019,'1185733',1802,,6374,19,,,0
104019,'1186067',1251,,6376,19,,,0
104019,'1186077',647,,6377,19,,,0
104019,'1186167',1551,,6381,19,,,0
104019,'1186273',1636,,6382,19,,,0
104019,'1186364',1206,,6384,19,,,0
104019,'1186429',1121,,6385,19,,,0
104019,'1186457',2232,,6386,19,,,0
104019,'1186711',917,,6392,19,,,0
104019,'1187029',1336,,6395,19,,,0
104019,'1187094',1421,,6398,19,,,0
104019,'1187116',2407,,6399,19,,,0
104019,'1187157',1932,,6400,19,,,0
