190001029,'1190604',1049,,9807,4,,,0
190001029,'1190620',2103,,9808,4,,,0
190001029,'1190635',1704,,9809,4,,,0
190001029,'1190652',1203,,9810,4,,,0
190001029,'1190699',1948,,9811,4,,,0
190001029,'1190704',2203,,9812,4,,,0
190001029,'1190726',948,,9813,4,,,0
190001029,'1190746',1303,,9814,4,,,0
190001029,'1190747',1604,,9815,4,,,0
190001029,'1190752',1018,,9816,4,,,0
190001029,'1190800',1034,,9817,4,,,0
190001029,'1190837',1649,,9818,4,,,0
190001029,'1190876',2033,,9819,4,,,0
190001029,'1190881',1519,,9820,4,,,0
190001029,'1190882',2318,,9821,4,,,0
190001029,'1190898',1818,,9822,4,,,0
190001029,'1190900',1104,,9823,4,,,0
190001029,'1190913',1418,,9824,4,,,0
190001029,'1190939',1018,,9825,4,,,0
190001029,'1191041',933,,9826,4,,,0
190001029,'1191131',703,,9827,4,,,0
190001029,'1191140',1404,,9828,4,,,0
190001029,'1191151',1119,,9829,4,,,0
190001029,'1191155',1103,,9830,4,,,0
190001029,'1191175',1304,,9831,4,,,0
190001029,'1191188',1703,,9832,4,,,0
190001029,'1191192',833,,9833,4,,,0
190001029,'1191210',1648,,9834,4,,,0
190001029,'1191272',1348,,9835,4,,,0
190001029,'1191286',1603,,9836,4,,,0
190001029,'1191290',733,,9837,4,,,0
190001029,'1191343',1733,,9838,4,,,0
190001029,'1191359',948,,9839,4,,,0
190001029,'1191421',1903,,9840,4,,,0
190001029,'1191463',2333,,9841,4,,,0
190001029,'1191487',2103,,9842,4,,,0
190001029,'1191580',1918,,9843,4,,,0
190001029,'1191605',1004,,9844,4,,,0
190001029,'1191633',1533,,9845,4,,,0
190001029,'1191662',733,,9846,4,,,0
190001029,'1191689',2003,,9847,4,,,0
190001029,'1191715',2118,,9848,4,,,0
190001029,'1191738',903,,9849,4,,,0
190001029,'1191741',2118,,9850,4,,,0
190001029,'1191763',1503,,9851,4,,,0
190001029,'1191769',1933,,9852,4,,,0
190001029,'1191772',1449,,9853,4,,,0
190001029,'1191819',718,,9854,4,,,0
190001029,'1191840',2303,,9855,4,,,0
190001029,'1191845',1149,,9856,4,,,0
190001029,'1191890',1019,,9857,4,,,0
190001029,'1191949',1718,,9858,4,,,0
190001029,'1191957',918,,9859,4,,,0
190001029,'1191961',1918,,9860,4,,,0
190001029,'1192025',1204,,9861,4,,,0
190001029,'1192034',1618,,9862,4,,,0
190001029,'1192074',803,,9863,4,,,0
190001029,'1192078',2133,,9864,4,,,0
190001029,'1192086',933,,9865,4,,,0
190001029,'1192094',1818,,9866,4,,,0
190001029,'1192100',1634,,9867,4,,,0
190001029,'1192108',1234,,9868,4,,,0
190001029,'1192115',2353,,9869,4,,,0
190001029,'1192131',1518,,9870,4,,,0
190001029,'1192167',1148,,9871,4,,,0
190001029,'1192168',1549,,9872,4,,,0
190001029,'1192196',903,,9873,4,,,0
190001029,'1192215',1048,,9874,4,,,0
190001029,'1192300',1548,,9875,4,,,0
190001029,'1192307',1433,,9876,4,,,0
190001029,'1192321',1718,,9877,4,,,0
190001029,'1192327',1118,,9878,4,,,0
190001029,'1192333',2303,,9879,4,,,0
190001029,'1192357',2203,,9880,4,,,0
190001029,'1192359',1219,,9881,4,,,0
190001029,'1192363',1418,,9882,4,,,0
190001029,'1192384',818,,9883,4,,,0
190001029,'1192390',1903,,9884,4,,,0
190001029,'1192392',1334,,9885,4,,,0
190001029,'1192394',2003,,9886,4,,,0
190001029,'1192400',1233,,9887,4,,,0
190001029,'1192402',1318,,9888,4,,,0
190001029,'1192405',1803,,9889,4,,,0
190001029,'1192414',1848,,9890,4,,,0
190001029,'1192419',1218,,9891,4,,,0
190001029,'1192438',1733,,9892,4,,,0
190001029,'1192439',1748,,9893,4,,,0
190001029,'1192455',2018,,9894,4,,,0
190001029,'1192476',848,,9895,4,,,0
190001029,'1192483',633,,9896,4,,,0
190001029,'1192502',1619,,9897,4,,,0
190001029,'1192514',2333,,9898,4,,,0
190001029,'1192552',2233,,9899,4,,,0
190001029,'1192557',1818,,9900,4,,,0
190001029,'1192563',1933,,9901,4,,,0
190001029,'1192591',2133,,9902,4,,,0
190001029,'1192595',603,,9903,4,,,0
190001029,'1192601',1318,,9904,4,,,0
190001029,'1192619',1748,,9905,4,,,0
190001029,'1192629',1403,,9906,4,,,0
190001029,'1192672',1218,,9907,4,,,0
190001029,'1192689',2048,,9908,4,,,0
190001029,'1192702',748,,9909,4,,,0
190001029,'1192706',1419,,9910,4,,,0
190001029,'1192712',703,,9911,4,,,0
190001029,'1192759',1249,,9912,4,,,0
190001029,'1192761',1133,,9913,4,,,0
190001029,'1192765',648,,9914,4,,,0
190001029,'1192818',1803,,9915,4,,,0
190001029,'1192833',833,,9916,4,,,0
190001029,'1192834',633,,9917,4,,,0
190001029,'1192883',1349,,9918,4,,,0
190001029,'1192908',1118,,9919,4,,,0
190001029,'1192931',1033,,9920,4,,,0
190001029,'1192934',818,,9921,4,,,0
190001029,'1192949',1618,,9922,4,,,0
190001029,'1192974',1248,,9923,4,,,0
190001029,'1192979',2233,,9924,4,,,0
190001029,'1192998',1633,,9925,4,,,0
190001029,'1193024',2033,,9926,4,,,0
190001029,'1193025',1534,,9927,4,,,0
190001029,'1193033',1833,,9928,4,,,0
190001029,'1193044',1504,,9929,4,,,0
190001029,'1193133',803,,9930,4,,,0
190001029,'1193135',1518,,9931,4,,,0
190001029,'1193172',1333,,9932,4,,,0
190001029,'1193204',2218,,9933,4,,,0
190001029,'1193207',1003,,9934,4,,,0
190001029,'1193228',1833,,9935,4,,,0
190001029,'1193238',1434,,9936,4,,,0
190001029,'1193246',1319,,9937,4,,,0
190001029,'1193250',718,,9938,4,,,0
190001029,'1193257',918,,9939,4,,,0
190001029,'1193265',1719,,9940,4,,,0
190001029,'1193266',1134,,9941,4,,,0
190001029,'1193267',1448,,9942,4,,,0
190001029,'1193270',2018,,9943,4,,,0
190001029,'1193276',618,,9944,4,,,0
