2019,'1184478',946,,4374,22,,,0
2019,'1184484',1647,,4375,22,,,0
2019,'1184493',1701,,4376,22,,,0
2019,'1184604',2315,,4378,22,,,0
2019,'1184635',2016,,4379,22,,,0
2019,'1184640',1147,,4380,22,,,0
2019,'1184644',1131,,4381,22,,,0
2019,'1184664',1046,,4382,22,,,0
2019,'1184673',1846,,4383,22,,,0
2019,'1184695',1716,,4384,22,,,0
2019,'1184735',2015,,4385,22,,,0
2019,'1184777',1546,,4386,22,,,0
2019,'1184829',2100,,4387,22,,,0
2019,'1184873',1316,,4388,22,,,0
2019,'1184875',2145,,4389,22,,,0
2019,'1184947',716,,4390,22,,,0
2019,'1185034',831,,4391,22,,,0
2019,'1185067',1001,,4392,22,,,0
2019,'1185089',1731,,4393,22,,,0
2019,'1185138',1016,,4395,22,,,0
2019,'1185159',2215,,4396,22,,,0
2019,'1185185',1201,,4397,22,,,0
2019,'1185186',1616,,4398,22,,,0
2019,'1185205',1217,,4399,22,,,0
2019,'1185210',1031,,4400,22,,,0
2019,'1185302',1816,,4401,22,,,0
2019,'1185315',1717,,4402,22,,,0
2019,'1185349',1246,,4403,22,,,0
2019,'1185380',1431,,4404,22,,,0
2019,'1185381',1447,,4405,22,,,0
2019,'1185413',1547,,4406,22,,,0
2019,'1185427',2400,,4407,22,,,0
2019,'1185444',2145,,4408,22,,,0
2019,'1185460',1617,,4409,22,,,0
2019,'1185475',801,,4410,22,,,0
2019,'1185486',1631,,4411,22,,,0
2019,'1185503',1231,,4412,22,,,0
2019,'1185530',1531,,4413,22,,,0
2019,'1185565',1417,,4414,22,,,0
2019,'1185579',1347,,4415,22,,,0
2019,'1185601',2230,,4416,22,,,0
2019,'1185629',2405,,4417,22,,,0
2019,'1185661',1845,,4419,22,,,0
2019,'1185712',1346,,4420,22,,,0
2019,'1185783',2115,,4422,22,,,0
2019,'1185790',1446,,4423,22,,,0
2019,'1185814',801,,4424,22,,,0
2019,'1185837',1117,,4425,22,,,0
2019,'1185864',2315,,4426,22,,,0
2019,'1185870',2245,,4427,22,,,0
2019,'1185887',1801,,4428,22,,,0
2019,'1185891',646,,4429,22,,,0
2019,'1185901',1216,,4430,22,,,0
2019,'1185914',901,,4431,22,,,0
2019,'1185947',2046,,4432,22,,,0
2019,'1185964',1747,,4433,22,,,0
2019,'1186028',931,,4434,22,,,0
2019,'1186079',716,,4435,22,,,0
2019,'1186092',1301,,4436,22,,,0
2019,'1186200',1501,,4437,22,,,0
2019,'1186201',1247,,4438,22,,,0
2019,'1186232',1401,,4439,22,,,0
2019,'1186267',846,,4440,22,,,0
2019,'1186302',1317,,4441,22,,,0
2019,'1186306',1646,,4442,22,,,0
2019,'1186344',1517,,4443,22,,,0
2019,'1186352',931,,4444,22,,,0
2019,'1186385',731,,4446,22,,,0
2019,'1186389',1046,,4447,22,,,0
2019,'1186471',1930,,4448,22,,,0
2019,'1186507',1016,,4450,22,,,0
2019,'1186533',2345,,4451,22,,,0
2019,'1186546',746,,4452,22,,,0
2019,'1186563',816,,4453,22,,,0
2019,'1186697',846,,4456,22,,,0
2019,'1186701',1601,,4457,22,,,0
2019,'1186724',1331,,4458,22,,,0
2019,'1186755',1416,,4460,22,,,0
2019,'1186766',1516,,4461,22,,,0
2019,'1186795',1101,,4463,22,,,0
2019,'1186802',1146,,4464,22,,,0
2019,'1186918',916,,4466,22,,,0
2019,'1186929',1116,,4467,22,,,0
2019,'1186952',701,,4468,22,,,0
2019,'1186977',1815,,4469,22,,,0
2019,'1187031',1916,,4471,22,,,0
2019,'1187083',1746,,4473,22,,,0
2019,'1187179',1946,,4477,22,,,0
