3019,'1184522',1825,,4586,38,,,0
3019,'1184608',2325,,4588,38,,,0
3019,'1184631',1155,,4589,38,,,0
3019,'1184649',1725,,4590,38,,,0
3019,'1184676',2414,,4591,38,,,0
3019,'1184760',1925,,4592,38,,,0
3019,'1184770',1525,,4593,38,,,0
3019,'1184856',1425,,4594,38,,,0
3019,'1184874',1255,,4595,38,,,0
3019,'1184909',855,,4596,38,,,0
3019,'1184934',2025,,4597,38,,,0
3019,'1185010',1825,,4598,38,,,0
3019,'1185056',1125,,4599,38,,,0
3019,'1185058',925,,4600,38,,,0
3019,'1185117',725,,4602,38,,,0
3019,'1185375',1725,,4606,38,,,0
3019,'1185421',1755,,4608,38,,,0
3019,'1185443',1655,,4609,38,,,0
3019,'1185561',1625,,4611,38,,,0
3019,'1185578',2025,,4612,38,,,0
3019,'1185590',1425,,4613,38,,,0
3019,'1185597',925,,4614,38,,,0
3019,'1185658',2324,,4615,38,,,0
3019,'1185706',1355,,4617,38,,,0
3019,'1185767',2125,,4618,38,,,0
3019,'1185843',955,,4619,38,,,0
3019,'1185867',1325,,4620,38,,,0
3019,'1185881',628,,4621,8,,,0
3019,'1185911',825,,4622,38,,,0
3019,'1185927',1455,,4623,38,,,0
3019,'1185935',2225,,4624,38,,,0
3019,'1185955',2425,,4625,38,,,0
3019,'1185979',1525,,4626,38,,,0
3019,'1186113',1055,,4627,38,,,0
3019,'1186177',655,,4628,38,,,0
3019,'1186216',1025,,4629,38,,,0
3019,'1186304',825,,4630,38,,,0
3019,'1186501',1555,,4633,38,,,0
3019,'1186516',2125,,4635,38,,,0
3019,'1186518',755,,4636,38,,,0
3019,'1186666',2225,,4640,38,,,0
3019,'1186762',1225,,4642,38,,,0
3019,'1186783',628,,4643,8,,,0
3019,'1186821',1125,,4644,38,,,0
3019,'1186834',1925,,4646,38,,,0
3019,'1186857',1325,,4647,38,,,0
3019,'1186883',1025,,4649,38,,,0
3019,'1186894',725,,4650,38,,,0
3019,'1187105',1225,,4651,38,,,0
3019,'1187174',1625,,4652,38,,,0
