10029,'1184529',1554,,4778,18,,,0
10029,'1184564',1624,,4782,18,,,0
10029,'1184573',1123,,4783,18,,,0
10029,'1184943',723,,4788,18,,,0
10029,'1185175',1954,,4795,18,,,0
10029,'1185177',923,,4796,18,,,0
10029,'1185497',823,,4798,18,,,0
10029,'1185542',2358,,4800,18,,,0
10029,'1185616',1654,,4802,18,,,0
10029,'1185656',853,,4803,18,,,0
10029,'1185786',753,,4807,18,,,0
10029,'1185809',2253,,4808,18,,,0
10029,'1185856',623,,4809,18,,,0
10029,'1186049',1724,,4812,18,,,0
10029,'1186157',1453,,4814,18,,,0
10029,'1186205',1323,,4815,18,,,0
10029,'1186261',1754,,4817,18,,,0
10029,'1186450',1524,,4819,18,,,0
10029,'1186478',1023,,4820,18,,,0
10029,'1186548',2054,,4822,18,,,0
10029,'1186573',1854,,4824,18,,,0
10029,'1186648',1423,,4826,18,,,0
10029,'1186655',1223,,4828,18,,,0
10029,'1186719',653,,4830,18,,,0
10029,'1187133',2154,,4836,18,,,0
