2019,1000,1,0
2019,1035,2,0
2019,4165,3,0
2019,4167,4,0
2019,4168,5,0
2019,4170,6,0
2019,4172,7,0
2019,4185,8,0
2019,4325,9,0
2019,4335,10,0
2019,4346,11,0
2019,4366,12,0
2019,4373,13,0
2019,4356,14,0
2019,6600,15,0
2019,6770,16,0
2019,6785,17,0
2019,6915,18,0
2019,6925,19,0
2019,7070,20,0
2019,7080,21,0
2019,7090,22,0
2019,7100,23,0
2019,7110,24,1
2029,7110,1,0
2029,7095,2,0
2029,7085,3,0
2029,7075,4,0
2029,7065,5,0
2029,6930,6,0
2029,6920,7,0
2029,6780,8,0
2029,6775,9,0
2029,6595,10,0
2029,4361,11,0
2029,4371,12,0
2029,4351,13,0
2029,4341,14,0
2029,4330,15,0
2029,4320,16,0
2029,4190,17,0
2029,4180,18,0
2029,4175,19,0
2029,4163,20,0
2029,4160,21,0
2029,1040,22,0
2029,1025,23,0
2029,1015,24,0
2029,1000,25,1
3019,1000,1,0
3019,1005,2,0
3019,1095,3,0
3019,1090,4,0
3019,4805,5,0
3019,4815,6,0
3019,4830,7,0
3019,4840,8,0
3019,4850,9,0
3019,4860,10,0
3019,4870,11,0
3019,4985,12,0
3019,4995,13,0
3019,5005,14,0
3019,5015,15,0
3019,5010,16,0
3019,5420,17,0
3019,5430,18,0
3019,5440,19,0
3019,5450,20,0
3019,5460,21,0
3019,5470,22,0
3019,5660,23,0
3019,5505,24,0
3019,5515,25,0
3019,5525,26,0
3019,5540,27,0
3019,5550,28,0
3019,5620,29,0
3019,5630,30,0
3019,5640,31,0
3019,5650,32,0
3019,5655,33,0
3019,5645,34,0
3019,5635,35,0
3019,5625,36,0
3019,5603,37,0
3019,5601,38,0
3019,5596,39,0
3019,5595,40,0
3019,5590,41,0
3019,5575,42,0
3019,5565,43,1
3029,5565,1,0
3029,5555,2,0
3029,5551,3,0
3029,5553,4,0
3029,5545,5,0
3029,5535,6,0
3029,5530,7,0
3029,5520,8,0
3029,5510,9,0
3029,5500,10,0
3029,5465,11,0
3029,5455,12,0
3029,5445,13,0
3029,5435,14,0
3029,5425,15,0
3029,5415,16,0
3029,5000,17,0
3029,4990,18,0
3029,4865,19,0
3029,4855,20,0
3029,4845,21,0
3029,4835,22,0
3029,4825,23,0
3029,4820,24,0
3029,4810,25,0
3029,1105,26,0
3029,1110,27,0
3029,1080,28,0
3029,1060,29,0
3029,1005,30,0
3029,1000,31,1
10019,4635,1,0
10019,4630,2,0
10019,4625,3,0
10019,4622,4,0
10019,4615,5,0
10019,4610,6,0
10019,4595,7,0
10019,4545,8,0
10019,4542,9,0
10019,4540,10,0
10019,4539,11,0
10019,4380,12,0
10019,4310,13,0
10019,4300,14,0
10019,4290,15,0
10019,4280,16,0
10019,4270,17,0
10019,4155,18,0
10019,4145,19,0
10019,4135,20,0
10019,4125,21,0
10019,4115,22,0
10019,4113,23,0
10019,4105,24,0
10019,4095,25,0
10019,4085,26,0
10019,4075,27,0
10019,4073,28,0
10019,4050,29,0
10019,4040,30,0
10019,4020,31,0
10019,4010,32,0
10019,4005,33,0
10019,3995,34,0
10019,1110,35,0
10019,1080,36,0
10019,1060,37,0
10019,1005,38,0
10019,1000,39,1
10029,1000,1,0
10029,1002,2,0
10029,1075,3,0
10029,1085,4,0
10029,1115,5,0
10029,3990,6,0
10029,4000,7,0
10029,4013,8,0
10029,4015,9,0
10029,4045,10,0
10029,4055,11,0
10029,4074,12,0
10029,4080,13,0
10029,4090,14,0
10029,4100,15,0
10029,4114,16,0
10029,4110,17,0
10029,4120,18,0
10029,4130,19,0
10029,4140,20,0
10029,4150,21,0
10029,4275,22,0
10029,4285,23,0
10029,4295,24,0
10029,4305,25,0
10029,4315,26,0
10029,4385,27,0
10029,4555,28,0
10029,4550,29,0
10029,8045,30,0
10029,8050,31,0
10029,4575,32,0
10029,4580,33,0
10029,4585,34,0
10029,4590,35,0
10029,4600,36,0
10029,4605,37,0
10029,4614,38,0
10029,4620,39,0
10029,4640,40,0
10029,4645,41,0
10029,4650,42,0
10029,4652,43,0
10029,4654,44,0
10029,4670,45,0
10029,4675,46,0
10029,4680,47,0
10029,4685,48,0
10029,4635,49,1
11019,6935,1,0
11019,6585,2,0
11019,6575,3,0
11019,6350,4,0
11019,6340,5,0
11019,6330,6,0
11019,6320,7,0
11019,6310,8,0
11019,6300,9,0
11019,6290,10,0
11019,6280,11,0
11019,6210,12,0
11019,8040,13,0
11019,1900,14,0
11019,1530,15,0
11019,1535,16,0
11019,1540,17,0
11019,1545,18,0
11019,1550,19,0
11019,1555,20,0
11019,1560,21,0
11019,1565,22,0
11019,1570,23,0
11019,1500,24,0
11019,1490,25,0
11019,1480,26,0
11019,1470,27,0
11019,1455,28,0
11019,1445,29,0
11019,1452,30,0
11019,1055,31,0
11019,1000,32,1
11029,1000,1,0
11029,1002,2,0
11029,1440,3,0
11029,1450,4,0
11029,1460,5,0
11029,1465,6,0
11029,1475,7,0
11029,1485,8,0
11029,1495,9,0
11029,1505,10,0
11029,8470,11,0
11029,8010,12,0
11029,8015,13,0
11029,8020,14,0
11029,8025,15,0
11029,8035,16,0
11029,1900,17,0
11029,1905,18,0
11029,1910,19,0
11029,6215,20,0
11029,6285,21,0
11029,6295,22,0
11029,6305,23,0
11029,6315,24,0
11029,6325,25,0
11029,6335,26,0
11029,6345,27,0
11029,6355,28,0
11029,6580,29,0
11029,6590,30,0
11029,6935,31,1
12019,6940,1,0
12019,6930,2,0
12019,6705,3,0
12019,6695,4,0
12019,6685,5,0
12019,6655,6,0
12019,6645,7,0
12019,6635,8,0
12019,6625,9,0
12019,6615,10,0
12019,6605,11,0
12019,4515,12,0
12019,4500,13,0
12019,4440,14,0
12019,4420,15,0
12019,4410,16,0
12019,4400,17,0
12019,4390,18,0
12019,4310,19,0
12019,4300,20,0
12019,4290,21,0
12019,4280,22,0
12019,4270,23,0
12019,4260,24,0
12019,4250,25,0
12019,4240,26,0
12019,4235,27,0
12019,4225,28,0
12019,4210,29,0
12019,4202,30,0
12019,4200,31,0
12019,4190,32,0
12019,4180,33,0
12019,4175,34,0
12019,4163,35,0
12019,4160,36,0
12019,1040,37,0
12019,1025,38,0
12019,1015,39,0
12019,1000,40,1
12029,1000,1,0
12029,1035,2,0
12029,4165,3,0
12029,4167,4,0
12029,4168,5,0
12029,4170,6,0
12029,4172,7,0
12029,4185,8,0
12029,4195,9,0
12029,4205,10,0
12029,4215,11,0
12029,4220,12,0
12029,4230,13,0
12029,4245,14,0
12029,4255,15,0
12029,4265,16,0
12029,4275,17,0
12029,4285,18,0
12029,4295,19,0
12029,4305,20,0
12029,4315,21,0
12029,4395,22,0
12029,4405,23,0
12029,4415,24,0
12029,4425,25,0
12029,4430,26,0
12029,4435,27,0
12029,4505,28,0
12029,8005,29,0
12029,4356,30,0
12029,6610,31,0
12029,6618,32,0
12029,6620,33,0
12029,6630,34,0
12029,6640,35,0
12029,6650,36,0
12029,6660,37,0
12029,6680,38,0
12029,6690,39,0
12029,6700,40,0
12029,6915,41,0
12029,6940,42,1
13019,1000,1,0
13019,1002,2,0
13019,1070,3,0
13019,1145,4,0
13019,1155,5,0
13019,1065,6,0
13019,1175,7,0
13019,1925,8,0
13019,1938,9,0
13019,1940,10,0
13019,1950,11,0
13019,1960,12,0
13019,1965,13,0
13019,2000,14,0
13019,2005,15,0
13019,2020,16,0
13019,2030,17,0
13019,2040,18,0
13019,2045,19,0
13019,2060,20,0
13019,2070,21,0
13019,2075,22,0
13019,2085,23,0
13019,2100,24,0
13019,2095,25,0
13019,2110,26,0
13019,2125,27,0
13019,2135,28,0
13019,2145,29,0
13019,2150,30,0
13019,8055,31,0
13019,2235,32,0
13019,2245,33,0
13019,2255,34,0
13019,2265,35,0
13019,2275,36,0
13019,2285,37,0
13019,2290,38,0
13019,2280,39,0
13019,2270,40,0
13019,2260,41,0
13019,2240,42,0
13019,2230,43,0
13019,2225,44,0
13019,2220,45,0
13019,2170,46,0
13019,2175,47,0
13019,2180,48,0
13019,2185,49,1
13029,2185,1,0
13029,2115,2,0
13029,2090,3,0
13029,2100,4,0
13029,2080,5,0
13029,2065,6,0
13029,2055,7,0
13029,2050,8,0
13029,2035,9,0
13029,2025,10,0
13029,2015,11,0
13029,2010,12,0
13029,1995,13,0
13029,1980,14,0
13029,1970,15,0
13029,1955,16,0
13029,1945,17,0
13029,1935,18,0
13029,1930,19,0
13029,1920,20,0
13029,1922,21,0
13029,1170,22,0
13029,1160,23,0
13029,1150,24,0
13029,1140,25,0
13029,1071,26,0
13029,1060,27,0
13029,1005,28,0
13029,1000,29,1
14019,5830,1,0
14019,5825,2,0
14019,5820,3,0
14019,5812,4,0
14019,5805,5,0
14019,5715,6,0
14019,5695,7,0
14019,5700,8,0
14019,5685,9,0
14019,8065,10,0
14019,5355,11,0
14019,5345,12,0
14019,5335,13,0
14019,5325,14,0
14019,5315,15,0
14019,5265,16,0
14019,5255,17,0
14019,5245,18,0
14019,5235,19,0
14019,5225,20,0
14019,5215,21,0
14019,5205,22,0
14019,5195,23,0
14019,5185,24,0
14019,5175,25,0
14019,5165,26,0
14019,5155,27,0
14019,5145,28,0
14019,5135,29,0
14019,5125,30,0
14019,5115,31,0
14019,4980,32,0
14019,4970,33,0
14019,4960,34,0
14019,4950,35,0
14019,4940,36,0
14019,4930,37,0
14019,4920,38,0
14019,4910,39,0
14019,4900,40,0
14019,4890,41,0
14019,4880,42,0
14019,1105,43,0
14019,1110,44,0
14019,1080,45,0
14019,1060,46,0
14019,1005,47,0
14019,1000,48,1
14029,1000,1,0
14029,1005,2,0
14029,1095,3,0
14029,1090,4,0
14029,4875,5,0
14029,4885,6,0
14029,4895,7,0
14029,4905,8,0
14029,4915,9,0
14029,4925,10,0
14029,4935,11,0
14029,4945,12,0
14029,4955,13,0
14029,4965,14,0
14029,4975,15,0
14029,5120,16,0
14029,5130,17,0
14029,5140,18,0
14029,5150,19,0
14029,5160,20,0
14029,5170,21,0
14029,5180,22,0
14029,5190,23,0
14029,5200,24,0
14029,5210,25,0
14029,5220,26,0
14029,5230,27,0
14029,5240,28,0
14029,5250,29,0
14029,5260,30,0
14029,5270,31,0
14029,5320,32,0
14029,5330,33,0
14029,5340,34,0
14029,5350,35,0
14029,5360,36,0
14029,8060,37,0
14029,5690,38,0
14029,5705,39,0
14029,5710,40,0
14029,5720,41,0
14029,5800,42,0
14029,5810,43,0
14029,5822,44,0
14029,5826,45,0
14029,5830,46,1
20019,6935,1,0
20019,7000,2,0
20019,7010,3,0
20019,7020,4,0
20019,7030,5,0
20019,7235,6,0
20019,7240,7,0
20019,7250,8,0
20019,7280,9,0
20019,7290,10,0
20019,7300,11,0
20019,7225,12,0
20019,7220,13,0
20019,7215,14,0
20019,7210,15,0
20019,7205,16,0
20019,7060,17,0
20019,7055,18,0
20019,7050,19,0
20019,7045,20,0
20019,7040,21,0
20019,7155,22,0
20019,7160,23,0
20019,7170,24,0
20019,7175,25,0
20019,7180,26,1
20029,7180,1,0
20029,7185,2,0
20029,7190,3,0
20029,7195,4,0
20029,7165,5,0
20029,7150,6,0
20029,7145,7,0
20029,7135,8,0
20029,7125,9,0
20029,8075,10,0
20029,7005,11,0
20029,6995,12,0
20029,6935,13,1
22019,6935,1,0
22019,6585,2,0
22019,6575,3,0
22019,6565,4,0
22019,6555,5,0
22019,6550,6,0
22019,6545,7,0
22019,6535,8,0
22019,6525,9,0
22019,6505,10,0
22019,6490,11,0
22019,6480,12,0
22019,6470,13,0
22019,6460,14,0
22019,6450,15,0
22019,6440,16,0
22019,6435,17,0
22019,6420,18,0
22019,6410,19,0
22019,6400,20,0
22019,6390,21,0
22019,6380,22,0
22019,6370,23,0
22019,6360,24,1
22029,6360,1,0
22029,6305,2,0
22029,6315,3,0
22029,6325,4,0
22029,6335,5,0
22029,6345,6,0
22029,6355,7,0
22029,6580,8,0
22029,6590,9,0
22029,6935,10,1
23019,6935,1,0
23019,6920,2,0
23019,6910,3,0
23019,6900,4,0
23019,6890,5,0
23019,6880,6,0
23019,6870,7,0
23019,6860,8,0
23019,6850,9,0
23019,6840,10,0
23019,6830,11,0
23019,6820,12,0
23019,6810,13,0
23019,6800,14,0
23019,6790,15,0
23019,6595,16,0
23019,4361,17,1
23029,4361,1,0
23029,8080,2,0
23029,4520,3,0
23029,6610,4,0
23029,6618,5,0
23029,6620,6,0
23029,6945,7,0
23029,6950,8,0
23029,6960,9,0
23029,8090,10,0
23029,8085,11,0
23029,7245,12,0
23029,7237,13,0
23029,7230,14,0
23029,7025,15,0
23029,7015,16,0
23029,7005,17,0
23029,6995,18,0
23029,6935,19,1
24019,1000,1,0
24019,1050,2,0
24019,1660,3,0
24019,1680,4,0
24019,1685,5,0
24019,1690,6,0
24019,1695,7,0
24019,1700,8,0
24019,1850,9,0
24019,1855,10,0
24019,1860,11,0
24019,1865,12,0
24019,1870,13,0
24019,1875,14,0
24019,1880,15,0
24019,1885,16,0
24019,8070,17,0
24019,1785,18,0
24019,1790,19,0
24019,1805,20,1
24029,1805,1,0
24029,1795,2,0
24029,1787,3,0
24029,1780,4,0
24029,1770,5,0
24029,1755,6,0
24029,1745,7,0
24029,1675,8,0
24029,1670,9,0
24029,1655,10,0
24029,1051,11,0
24029,1045,12,0
24029,1000,13,1
25019,1000,1,0
25019,1002,2,0
25019,1070,3,0
25019,1180,4,0
25019,1190,5,0
25019,1220,6,0
25019,8095,7,0
25019,8100,8,0
25019,1240,9,0
25019,1245,10,0
25019,1250,11,0
25019,1255,12,0
25019,1260,13,0
25019,1265,14,0
25019,1270,15,0
25019,1275,16,0
25019,1280,17,0
25019,1285,18,0
25019,1290,19,0
25019,1295,20,0
25019,1300,21,0
25019,1310,22,0
25019,1315,23,0
25019,1322,24,0
25019,1320,25,0
25019,1325,26,0
25019,1330,27,1
25029,1330,1,0
25029,1335,2,0
25029,1340,3,0
25029,1210,4,0
25029,1205,5,0
25029,1195,6,0
25029,1185,7,0
25029,1140,8,0
25029,1071,9,0
25029,1055,10,0
25029,1000,11,1
26019,1000,1,0
26019,8130,2,0
26019,8135,3,0
26019,8140,4,0
26019,1505,5,0
26019,1510,6,0
26019,8105,7,0
26019,8110,8,0
26019,8115,9,0
26019,8120,10,0
26019,8125,11,0
26019,1365,12,0
26019,1370,13,0
26019,1373,14,0
26019,1375,15,1
26029,1375,1,0
26029,1380,2,0
26029,1385,3,0
26029,1390,4,0
26029,1360,5,0
26029,1395,6,0
26029,1400,7,0
26029,1405,8,0
26029,1410,9,0
26029,1415,10,0
26029,1420,11,0
26029,8465,12,0
26029,1210,13,0
26029,1205,14,0
26029,1195,15,0
26029,1185,16,0
26029,1140,17,0
26029,1071,18,0
26029,1060,19,0
26029,1005,20,0
26029,1000,21,1
27019,1830,1,0
27019,1835,2,0
27019,1837,3,0
27019,1840,4,0
27019,1845,5,0
27019,1705,6,0
27019,1710,7,0
27019,1715,8,0
27019,1720,9,0
27019,1725,10,0
27019,1045,11,0
27019,1000,12,1
27029,1000,1,0
27029,1050,2,0
27029,1575,3,0
27029,1580,4,0
27029,1585,5,0
27029,1035,6,0
27029,8145,7,0
27029,8150,8,0
27029,8155,9,0
27029,8160,10,0
27029,1620,11,0
27029,1625,12,0
27029,1630,13,0
27029,1635,14,0
27029,1645,15,0
27029,1650,16,0
27029,1825,17,0
27029,1830,18,1
28019,5830,1,0
28019,5825,2,0
28019,5820,3,0
28019,5812,4,0
28019,5805,5,0
28019,5785,6,0
28019,5854,7,0
28019,5840,8,0
28019,5833,9,0
28019,8165,10,0
28019,5870,11,0
28019,6010,12,0
28019,6020,13,0
28019,6030,14,0
28019,6040,15,0
28019,6050,16,0
28019,6060,17,0
28019,8190,18,0
28019,6110,19,0
28019,6120,20,0
28019,6130,21,0
28019,6140,22,0
28019,6150,23,0
28019,8195,24,0
28019,6200,25,1
28029,6200,1,0
28029,6000,2,0
28029,5990,3,0
28029,5980,4,0
28029,5970,5,0
28029,5960,6,0
28029,5950,7,0
28029,5940,8,0
28029,8175,9,0
28029,8180,10,0
28029,5905,11,0
28029,5915,12,0
28029,5925,13,0
28029,5927,14,0
28029,8185,15,0
28029,5830,16,1
29019,5830,1,0
29019,5825,2,0
29019,5820,3,0
29019,5812,4,0
29019,5805,5,0
29019,5715,6,0
29019,5695,7,0
29019,5700,8,0
29019,5685,9,0
29019,8065,10,0
29019,5380,11,0
29019,5390,12,0
29019,5400,13,0
29019,5410,14,0
29019,5455,15,0
29019,5445,16,0
29019,5505,17,0
29019,5515,18,0
29019,5517,19,1
29029,5517,1,0
29029,5520,2,0
29029,5510,3,0
29029,5500,4,0
29029,5725,5,0
29029,5735,6,0
29029,5740,7,0
29029,5750,8,0
29029,5760,9,0
29029,5770,10,0
29029,5800,11,0
29029,5810,12,0
29029,5822,13,0
29029,5826,14,0
29029,5830,15,1
101019,2453,1,0
101019,2457,2,0
101019,2423,3,0
101019,8525,4,0
101019,2424,5,0
101019,2419,6,0
101019,2413,7,0
101019,2465,8,0
101019,8230,9,0
101019,8235,10,0
101019,8250,11,0
101019,8255,12,0
101019,8260,13,0
101019,8275,14,0
101019,8285,15,0
101019,8290,16,0
101019,8000,17,0
101019,8500,18,0
101019,8280,19,0
101019,8270,20,0
101019,8265,21,0
101019,2478,22,0
101019,8245,23,0
101019,8240,24,0
101019,2462,25,0
101019,2370,26,0
101019,2365,27,0
101019,2355,28,0
101019,2345,29,0
101019,2335,30,0
101019,2325,31,0
101019,2315,32,0
101019,2304,33,0
101019,2300,34,0
101019,8505,35,0
101019,2193,36,0
101019,2195,37,0
101019,2167,38,0
101019,2165,39,0
101019,2155,40,0
101019,2140,41,0
101019,2130,42,0
101019,2120,43,0
101019,2115,44,0
101019,2090,45,0
101019,1980,46,0
101019,1970,47,0
101019,1955,48,0
101019,1945,49,0
101019,1935,50,0
101019,1930,51,0
101019,1920,52,0
101019,1922,53,0
101019,1170,54,0
101019,1160,55,0
101019,1150,56,0
101019,1140,57,0
101019,1071,58,0
101019,1055,59,0
101019,1000,60,1
101029,1000,1,0
101029,1002,2,0
101029,1070,3,0
101029,1145,4,0
101029,1155,5,0
101029,1065,6,0
101029,1175,7,0
101029,1925,8,0
101029,1938,9,0
101029,1940,10,0
101029,1950,11,0
101029,1960,12,0
101029,1965,13,0
101029,8475,14,0
101029,2095,15,0
101029,2110,16,0
101029,2125,17,0
101029,2135,18,0
101029,2145,19,0
101029,2150,20,0
101029,8535,21,0
101029,2240,22,0
101029,2230,23,0
101029,2225,24,0
101029,2220,25,0
101029,2170,26,0
101029,8490,27,0
101029,2190,28,0
101029,8510,29,0
101029,2295,30,0
101029,2305,31,0
101029,2310,32,0
101029,2320,33,0
101029,2330,34,0
101029,2340,35,0
101029,2350,36,0
101029,2360,37,0
101029,8230,38,0
101029,8235,39,0
101029,8250,40,0
101029,8255,41,0
101029,8260,42,0
101029,8275,43,0
101029,8285,44,0
101029,8290,45,0
101029,8000,46,0
101029,8500,47,0
101029,8280,48,0
101029,8270,49,0
101029,8265,50,0
101029,2478,51,0
101029,8245,52,0
101029,8240,53,0
101029,2462,54,0
101029,2380,55,0
101029,2390,56,0
101029,2400,57,0
101029,2415,58,0
101029,2417,59,0
101029,2420,60,0
101029,2427,61,0
101029,2433,62,0
101029,2437,63,0
101029,2443,64,0
101029,2447,65,0
101029,2453,66,1
102019,6940,1,0
102019,7000,2,0
102019,7010,3,0
102019,7020,4,0
102019,7030,5,0
102019,7235,6,0
102019,7240,7,0
102019,7250,8,0
102019,7280,9,0
102019,7290,10,0
102019,7310,11,0
102019,7320,12,0
102019,7330,13,0
102019,7340,14,0
102019,7350,15,0
102019,7360,16,0
102019,7370,17,0
102019,7380,18,0
102019,7390,19,0
102019,7460,20,1
102029,7460,1,0
102029,7445,2,0
102029,7435,3,0
102029,7425,4,0
102029,7415,5,0
102029,7405,6,0
102029,7395,7,0
102029,7385,8,0
102029,7375,9,0
102029,7365,10,0
102029,7355,11,0
102029,7345,12,0
102029,7335,13,0
102029,7325,14,0
102029,7315,15,0
102029,7305,16,0
102029,7295,17,0
102029,7285,18,0
102029,7245,19,0
102029,7237,20,0
102029,7230,21,0
102029,7025,22,0
102029,7015,23,0
102029,7005,24,0
102029,6995,25,0
102029,6930,26,0
102029,6940,27,1
102029,6935,28,1
103019,6935,1,0
103019,6920,2,0
103019,6780,3,0
103019,6775,4,0
103019,6595,5,0
103019,4361,6,0
103019,8080,7,0
103019,4520,8,0
103019,4535,9,0
103019,4652,10,0
103019,4654,11,0
103019,8530,12,0
103019,8600,13,0
103019,8295,14,0
103019,8300,15,0
103019,8305,16,0
103019,8310,17,0
103019,4760,18,0
103019,8315,19,0
103019,8320,20,0
103019,8325,21,1
103029,8325,1,0
103029,8330,2,0
103029,8335,3,0
103029,8340,4,0
103029,8345,5,0
103029,8480,6,0
103029,4635,7,0
103029,4630,8,0
103029,4625,9,0
103029,4622,10,0
103029,4615,11,0
103029,4610,12,0
103029,4595,13,0
103029,4545,14,0
103029,4542,15,0
103029,4540,16,0
103029,4532,17,0
103029,4490,18,0
103029,4480,19,0
103029,4470,20,0
103029,4460,21,0
103029,4455,22,0
103029,4435,23,0
103029,4505,24,0
103029,8005,25,0
103029,4356,26,0
103029,6600,27,0
103029,6770,28,0
103029,6785,29,0
103029,6915,30,0
103029,6940,31,1
104019,1000,1,0
104019,1070,2,0
104019,1180,3,0
104019,1190,4,0
104019,1200,5,0
104019,1208,6,0
104019,1215,7,0
104019,3585,8,0
104019,3595,9,0
104019,3605,10,0
104019,3607,11,0
104019,3615,12,0
104019,3625,13,0
104019,3635,14,0
104019,3645,15,0
104019,3650,16,0
104019,3665,17,0
104019,3675,18,0
104019,3685,19,0
104019,3695,20,0
104019,3705,21,0
104019,3715,22,0
104019,3725,23,0
104019,3735,24,0
104019,3775,25,0
104019,3793,26,0
104019,3805,27,0
104019,3815,28,0
104019,3825,29,0
104019,3835,30,0
104019,3845,31,0
104019,3855,32,0
104019,3865,33,0
104019,8350,34,0
104019,8355,35,0
104019,8360,36,0
104019,3985,37,0
104019,8365,38,0
104019,8370,39,0
104019,8375,40,0
104019,8380,41,0
104019,8385,42,0
104019,8390,43,0
104019,8395,44,0
104019,8400,45,0
104019,8405,46,0
104019,8410,47,0
104019,3905,48,0
104019,8415,49,0
104019,8420,50,0
104019,3860,51,0
104019,3850,52,1
104029,3985,1,0
104029,8365,2,0
104029,8370,3,0
104029,8375,4,0
104029,8380,5,0
104029,8385,6,0
104029,8390,7,0
104029,8395,8,0
104029,8400,9,0
104029,8405,10,0
104029,8410,11,0
104029,3905,12,0
104029,8415,13,0
104029,8420,14,0
104029,3860,15,0
104029,3850,16,0
104029,3840,17,0
104029,3830,18,0
104029,3820,19,0
104029,3810,20,0
104029,3798,21,0
104029,3780,22,0
104029,3770,23,0
104029,3760,24,0
104029,3750,25,0
104029,3740,26,0
104029,3730,27,0
104029,3720,28,0
104029,3710,29,0
104029,3700,30,0
104029,3690,31,0
104029,3680,32,0
104029,3670,33,0
104029,3655,34,0
104029,3660,35,0
104029,3640,36,0
104029,3630,37,0
104029,3620,38,0
104029,3608,39,0
104029,3610,40,0
104029,3600,41,0
104029,3590,42,0
104029,1210,43,0
104029,1205,44,0
104029,1195,45,0
104029,1185,46,0
104029,1140,47,0
104029,1071,48,0
104029,1055,49,0
104029,1000,50,1
105019,3580,1,0
105019,3571,2,0
105019,3560,3,0
105019,3550,4,0
105019,3540,5,0
105019,3530,6,0
105019,3520,7,0
105019,3510,8,0
105019,3500,9,0
105019,3490,10,0
105019,3480,11,0
105019,3470,12,0
105019,3460,13,0
105019,3440,14,0
105019,3455,15,0
105019,3450,16,0
105019,3445,17,0
105019,3435,18,0
105019,3425,19,0
105019,3430,20,0
105019,8550,21,0
105019,8520,22,0
105019,3365,23,0
105019,3355,24,0
105019,3345,25,0
105019,3335,26,0
105019,3325,27,0
105019,3315,28,0
105019,3305,29,0
105019,3295,30,0
105019,3285,31,0
105019,3275,32,0
105019,3225,33,0
105019,3220,34,0
105019,3215,35,0
105019,3210,36,0
105019,8440,37,0
105019,3205,38,0
105019,3200,39,0
105019,3195,40,0
105019,3190,41,0
105019,3185,42,0
105019,3180,43,0
105019,3175,44,0
105019,3170,45,0
105019,3155,46,0
105019,3145,47,0
105019,3125,48,0
105019,3123,49,0
105019,3040,50,0
105019,3030,51,0
105019,3020,52,0
105019,3010,53,0
105019,3000,54,0
105019,2995,55,0
105019,2985,56,0
105019,2975,57,0
105019,2965,58,0
105019,2955,59,0
105019,2945,60,0
105019,2935,61,0
105019,2925,62,0
105019,2915,63,0
105019,2905,64,0
105019,2895,65,0
105019,2880,66,0
105019,2875,67,0
105019,2785,68,0
105019,2795,69,0
105019,2805,70,0
105019,2807,71,0
105019,2815,72,0
105019,2825,73,0
105019,2835,74,0
105019,2845,75,0
105019,2855,76,0
105019,2860,77,0
105019,2850,78,0
105019,2852,79,0
105019,2840,80,0
105019,2830,81,0
105019,2820,82,0
105019,2822,83,0
105019,2810,84,0
105019,2800,85,0
105019,2790,86,0
105019,2780,87,0
105019,2775,88,0
105019,2765,89,0
105019,2755,90,0
105019,2745,91,0
105019,2735,92,0
105019,2725,93,0
105019,2715,94,0
105019,2695,95,0
105019,2685,96,0
105019,2675,97,0
105019,2665,98,0
105019,2655,99,0
105019,2645,100,0
105019,2635,101,0
105019,2625,102,0
105019,1820,103,0
105019,1795,104,0
105019,1787,105,0
105019,1780,106,0
105019,1770,107,0
105019,1755,108,0
105019,1745,109,0
105019,1675,110,0
105019,1670,111,0
105019,1655,112,0
105019,1051,113,0
105019,1045,114,0
105019,1000,115,1
105029,1000,1,0
105029,1050,2,0
105029,1660,3,0
105029,1665,4,0
105029,1730,5,0
105029,1750,6,0
105029,1760,7,0
105029,1765,8,0
105029,1785,9,0
105029,1790,10,0
105029,1815,11,0
105029,2620,12,0
105029,2630,13,0
105029,2640,14,0
105029,2650,15,0
105029,2660,16,0
105029,2670,17,0
105029,2680,18,0
105029,2690,19,0
105029,2710,20,0
105029,2720,21,0
105029,2730,22,0
105029,2740,23,0
105029,2750,24,0
105029,2760,25,0
105029,2770,26,0
105029,2865,27,0
105029,2870,28,0
105029,2885,29,0
105029,2890,30,0
105029,2900,31,0
105029,2910,32,0
105029,2920,33,0
105029,2930,34,0
105029,2940,35,0
105029,2950,36,0
105029,2960,37,0
105029,2970,38,0
105029,2980,39,0
105029,2990,40,0
105029,3005,41,0
105029,3015,42,0
105029,3025,43,0
105029,3035,44,0
105029,3120,45,0
105029,3130,46,0
105029,3140,47,0
105029,3150,48,0
105029,3160,49,0
105029,3230,50,0
105029,3240,51,0
105029,3250,52,0
105029,3260,53,0
105029,3270,54,0
105029,3280,55,0
105029,3290,56,0
105029,3300,57,0
105029,3310,58,0
105029,3320,59,0
105029,3330,60,0
105029,3340,61,0
105029,3350,62,0
105029,3360,63,0
105029,3390,64,0
105029,3395,65,0
105029,3400,66,0
105029,3405,67,0
105029,3410,68,0
105029,3415,69,0
105029,3420,70,0
105029,3465,71,0
105029,3475,72,0
105029,3485,73,0
105029,3495,74,0
105029,3505,75,0
105029,3515,76,0
105029,3525,77,0
105029,3535,78,0
105029,3545,79,0
105029,3555,80,0
105029,3565,81,0
105029,3570,82,0
105029,3575,83,0
105029,3580,84,1
106019,1000,1,0
106019,1050,2,0
106019,1660,3,0
106019,1665,4,0
106019,1730,5,0
106019,1750,6,0
106019,1760,7,0
106019,1765,8,0
106019,1785,9,0
106019,1790,10,0
106019,1815,11,0
106019,2620,12,0
106019,2630,13,0
106019,2640,14,0
106019,2650,15,0
106019,2660,16,0
106019,2670,17,0
106019,2680,18,0
106019,2690,19,0
106019,2710,20,0
106019,8555,21,0
106019,8560,22,0
106019,8565,23,0
106019,8570,24,0
106019,8575,25,0
106019,2820,26,0
106019,2822,27,0
106019,2810,28,0
106019,2800,29,0
106019,2790,30,0
106019,2865,31,0
106019,2870,32,0
106019,2885,33,0
106019,2890,34,0
106019,2900,35,0
106019,2910,36,0
106019,2920,37,0
106019,2930,38,0
106019,2940,39,0
106019,3060,40,0
106019,3070,41,0
106019,3080,42,0
106019,3090,43,0
106019,3100,44,0
106019,3110,45,0
106019,8540,46,0
106019,3040,47,1
106029,3040,1,0
106029,3030,2,0
106029,3020,3,0
106029,3010,4,0
106029,3000,5,0
106029,2995,6,0
106029,2985,7,0
106029,2975,8,0
106029,2965,9,0
106029,2955,10,0
106029,2945,11,0
106029,2935,12,0
106029,2925,13,0
106029,2915,14,0
106029,2905,15,0
106029,2895,16,0
106029,2880,17,0
106029,2875,18,0
106029,2780,19,0
106029,2775,20,0
106029,2765,21,0
106029,2755,22,0
106029,2745,23,0
106029,2735,24,0
106029,2725,25,0
106029,2715,26,0
106029,2695,27,0
106029,2685,28,0
106029,2675,29,0
106029,2665,30,0
106029,2655,31,0
106029,2645,32,0
106029,2635,33,0
106029,2625,34,0
106029,1820,35,0
106029,1795,36,0
106029,1787,37,0
106029,1780,38,0
106029,1770,39,0
106029,1755,40,0
106029,1745,41,0
106029,1675,42,0
106029,1670,43,0
106029,1655,44,0
106029,1051,45,0
106029,1045,46,0
106029,1000,47,1
19000109,5830,1,0
19000109,5825,2,0
19000109,5820,3,0
19000109,5812,4,0
19000109,5805,5,0
19000109,5775,6,0
19000109,5765,7,0
19000109,5755,8,0
19000109,5745,9,0
19000109,5730,10,0
19000109,5660,11,0
19000109,5505,12,0
19000109,5515,13,0
19000109,5517,14,0
19000109,5520,15,0
19000109,5510,16,0
19000109,5495,17,0
19000109,5485,18,0
19000109,5475,19,0
19000109,5035,20,0
19000109,5020,21,0
19000109,1130,22,0
19000109,1000,23,0
19000109,1125,24,0
19000109,5025,25,0
19000109,5030,26,0
19000109,5040,27,0
19000109,5480,28,0
19000109,5490,29,0
19000109,5500,35,0
19000109,5725,36,0
19000109,5735,37,0
19000109,5740,38,0
19000109,5750,39,0
19000109,5760,40,0
19000109,5770,41,0
19000109,5800,42,0
19000109,5810,43,0
19000109,5822,44,0
19000109,5826,45,0
140001019,6935,1,0
140001019,6585,2,0
140001019,6575,3,0
140001019,6350,4,0
140001019,6340,5,0
140001019,6330,6,0
140001019,6320,7,0
140001019,6310,8,0
140001019,6300,9,0
140001019,6290,10,0
140001019,6280,11,0
140001019,6210,12,0
140001019,1820,13,0
140001019,1795,14,0
140001019,1787,15,0
140001019,1780,16,0
140001019,1770,17,0
140001019,1755,18,0
140001019,1745,19,0
140001019,1675,20,0
140001019,1670,21,0
140001019,1655,22,0
140001019,1051,23,0
140001019,1045,24,0
140001019,1000,25,1
140001029,1000,1,0
140001029,1050,2,0
140001029,1660,3,0
140001029,1665,4,0
140001029,1730,5,0
140001029,1750,6,0
140001029,1760,7,0
140001029,1765,8,0
140001029,1785,9,0
140001029,1790,10,0
140001029,1815,11,0
140001029,6205,12,0
140001029,6215,13,0
140001029,6285,14,0
140001029,6295,15,0
140001029,6305,16,0
140001029,6315,17,0
140001029,6325,18,0
140001029,6335,19,0
140001029,6345,20,0
140001029,6355,21,0
140001029,6580,22,0
140001029,6590,23,0
140001029,6935,24,1
