24019,'1184720',2239,,5520,14,,,0
24019,'1184783',1511,,5521,14,,,0
24019,'1185006',709,,5525,14,,,0
24019,'1185016',1711,,5526,14,,,0
24019,'1185031',1611,,5528,14,,,0
24019,'1185105',1111,,5529,14,,,0
24019,'1185134',1541,,5530,14,,,0
24019,'1185680',909,,5534,14,,,0
24019,'1185686',2139,,5535,14,,,0
24019,'1185754',639,,5536,14,,,0
24019,'1185861',839,,5538,14,,,0
24019,'1186018',1641,,5540,14,,,0
24019,'1186166',1211,,5543,14,,,0
24019,'1186359',2359,,5546,14,,,0
24019,'1186391',1311,,5547,14,,,0
24019,'1186431',1839,,5548,14,,,0
24019,'1186446',1441,,5549,14,,,0
24019,'1186515',939,,5551,14,,,0
24019,'1186633',739,,5552,14,,,0
24019,'1186693',2039,,5554,14,,,0
24019,'1186725',1411,,5556,14,,,0
24019,'1186904',1741,,5560,14,,,0
24019,'1186974',1009,,5563,14,,,0
24019,'1187078',1939,,5569,14,,,0
24019,'1187158',809,,5573,14,,,0
