104019,'1184559',731,,6357,15,,,0
104019,'1184877',1504,,6361,15,,,0
104019,'1184922',801,,6362,15,,,0
104019,'1184979',1716,,6363,15,,,0
104019,'1185193',1001,,6365,15,,,0
104019,'1185307',2101,,6367,15,,,0
104019,'1185701',846,,6372,15,,,0
104019,'1185733',1801,,6374,15,,,0
104019,'1186067',1249,,6376,15,,,0
104019,'1186077',646,,6377,15,,,0
104019,'1186167',1549,,6381,15,,,0
104019,'1186273',1634,,6382,15,,,0
104019,'1186364',1204,,6384,15,,,0
104019,'1186429',1119,,6385,15,,,0
104019,'1186457',2231,,6386,15,,,0
104019,'1186711',916,,6392,15,,,0
104019,'1187029',1334,,6395,15,,,0
104019,'1187094',1419,,6398,15,,,0
104019,'1187116',2406,,6399,15,,,0
104019,'1187157',1931,,6400,15,,,0
