12029,'1184508',900,,5051,28,,,0
12029,'1184705',700,,5055,28,,,0
12029,'1184792',1900,,5056,28,,,0
12029,'1184793',1430,,5057,28,,,0
12029,'1184946',730,,5060,28,,,0
12029,'1184990',1000,,5062,28,,,0
12029,'1185014',2405,,5063,28,,,0
12029,'1185264',1730,,5068,28,,,0
12029,'1185324',1330,,5070,28,,,0
12029,'1185471',2200,,5072,28,,,0
12029,'1185613',1030,,5077,28,,,0
12029,'1185758',1700,,5082,28,,,0
12029,'1185875',2100,,5083,28,,,0
12029,'1185933',1300,,5085,28,,,0
12029,'1185999',1500,,5087,28,,,0
12029,'1186050',830,,5088,28,,,0
12029,'1186139',630,,5089,28,,,0
12029,'1186210',1200,,5090,28,,,0
12029,'1186423',1800,,5092,28,,,0
12029,'1186551',1530,,5098,28,,,0
12029,'1186588',1400,,5099,28,,,0
12029,'1186638',1630,,5101,28,,,0
12029,'1186814',1130,,5106,28,,,0
12029,'1186824',1230,,5107,28,,,0
12029,'1186878',2000,,5109,28,,,0
12029,'1186973',2300,,5112,28,,,0
12029,'1187141',1100,,5116,28,,,0
12029,'1187166',1600,,5117,28,,,0
12029,'1187188',930,,5119,28,,,0
12029,'1187196',800,,5120,28,,,0
103029,'1184553',1908,,6317,24,,,0
103029,'1184582',1439,,6318,24,,,0
103029,'1184852',1739,,6321,24,,,0
103029,'1184872',1654,,6322,24,,,0
103029,'1185063',2208,,6324,24,,,0
103029,'1185363',1524,,6330,24,,,0
103029,'1185419',1008,,6333,24,,,0
103029,'1185520',1309,,6334,24,,,0
103029,'1185558',753,,6335,24,,,0
103029,'1185765',1139,,6337,24,,,0
103029,'1185899',1609,,6338,24,,,0
103029,'1185963',2038,,6339,24,,,0
103029,'1186147',923,,6342,24,,,0
103029,'1186270',2338,,6343,24,,,0
103029,'1186405',838,,6349,24,,,0
103029,'1186699',708,,6350,24,,,0
