27029,'1184502',2304,,5913,6,,,0
27029,'1184539',1834,,5914,6,,,0
27029,'1184568',734,,5915,6,,,0
27029,'1184658',1534,,5917,6,,,0
27029,'1184823',1234,,5922,6,,,0
27029,'1184868',1434,,5925,6,,,0
27029,'1184983',934,,5926,6,,,0
27029,'1185115',1904,,5929,6,,,0
27029,'1185209',2104,,5932,6,,,0
27029,'1185560',2004,,5936,6,,,0
27029,'1185850',1034,,5939,6,,,0
27029,'1186114',1134,,5942,6,,,0
27029,'1186373',1334,,5950,6,,,0
27029,'1186534',634,,5951,6,,,0
27029,'1186707',1734,,5954,6,,,0
27029,'1186921',1634,,5958,6,,,0
27029,'1187028',2204,,5961,6,,,0
27029,'1187145',834,,5964,6,,,0
