102019,'1184544',1636,,6194,20,4,,0
102019,'1184563',1736,,6195,20,4,,0
102019,'1184592',2336,,6196,20,4,,0
102019,'1184677',2206,,6199,20,4,,0
102019,'1184703',1136,,6200,20,4,,0
102019,'1184798',2236,,6201,20,4,,0
102019,'1184845',951,,6202,20,4,,0
102019,'1184904',2406,,6203,20,4,,0
102019,'1184994',1606,,6204,20,4,,0
102019,'1185093',1551,,6205,20,4,,0
102019,'1185114',1806,,6206,20,4,,0
102019,'1185228',1506,,6207,20,4,,0
102019,'1185323',1206,,6209,20,4,,0
102019,'1185453',606,,6210,20,4,,0
102019,'1185639',1306,,6211,20,4,,0
102019,'1185693',736,,6212,20,4,,0
102019,'1185825',706,,6213,20,4,,0
102019,'1185919',2036,,6215,20,4,,0
102019,'1186030',1006,,6217,20,4,,0
102019,'1186046',1721,,6218,20,4,,0
102019,'1186119',1421,,6219,20,4,,0
102019,'1186150',821,,6220,20,4,,0
102019,'1186325',1036,,6221,20,4,,0
102019,'1186567',1936,,6225,20,4,,0
102019,'1186658',1336,,6226,20,4,,0
102019,'1186672',1906,,6227,20,4,,0
102019,'1186705',1436,,6228,20,4,,0
102019,'1186774',906,,6229,20,4,,0
102019,'1186786',651,,6230,20,4,,0
102019,'1186915',2106,,6232,20,4,,0
102019,'1186949',836,,6233,20,4,,0
102029,'1184571',1637,,6236,1,,,0
102029,'1184618',1722,,6237,1,,,0
102029,'1184714',2407,,6239,1,,,0
102029,'1184773',2107,,6240,1,,,0
102029,'1184861',822,,6242,1,,,0
102029,'1184912',1937,,6243,1,,,0
102029,'1184978',1552,,6244,1,,,0
102029,'1184982',627,,6245,1,,,0
102029,'1185183',1307,,6246,1,,,0
102029,'1185285',2037,,6248,1,,,0
102029,'1185373',1037,,6250,1,,,0
102029,'1185401',707,,6252,1,,,0
102029,'1185461',737,,6253,1,,,0
102029,'1185534',2237,,6254,1,,,0
102029,'1185681',607,,6255,1,,,0
102029,'1185738',1507,,6256,1,,,0
102029,'1185941',1207,,6258,1,,,0
102029,'1186057',907,,6259,1,,,0
102029,'1186170',1337,,6260,1,,,0
102029,'1186432',952,,6261,1,,,0
102029,'1186531',2337,,6263,1,,,0
102029,'1186607',1437,,6264,1,,,0
102029,'1186708',1422,,6265,1,,,0
102029,'1186709',1807,,6266,1,,,0
102029,'1186819',2207,,6268,1,,,0
102029,'1186863',1737,,6269,1,,,0
102029,'1186954',652,,6271,1,,,0
102029,'1186980',1137,,6272,1,,,0
102029,'1187053',1907,,6274,1,,,0
102029,'1187089',1007,,6275,1,,,0
102029,'1187099',1607,,6276,1,,,0
102029,'1187198',837,,6277,1,,,0
