13019,'1150115',638,,1246,11,,,0
13019,'1150207',840,,1247,37,,,0
13019,'1150227',940,,1248,37,,,0
13019,'1150493',939,,1249,37,,,0
13019,'1150585',1809,,1251,37,,,0
13019,'1150628',1511,,1253,37,,,0
13019,'1150643',2239,,1254,37,,,0
13019,'1150645',1711,,1255,37,,,0
13019,'1150729',1639,,1256,37,,,0
13019,'1150851',1741,,1257,37,,,0
13019,'1151123',1241,,1265,37,,,0
13019,'1151365',809,,1267,37,,,0
13019,'1151417',1042,,1269,37,,,0
13019,'1151524',1539,,1273,37,,,0
13019,'1151771',1641,,1275,37,,,0
13019,'1151796',910,,1276,37,,,0
13019,'1151799',2309,,1277,37,,,0
13019,'1151808',2109,,1278,37,,,0
13019,'1152195',1139,,1281,37,,,0
13019,'1152254',2209,,1283,37,,,0
13019,'1152429',739,,1285,37,,,0
13019,'1152560',1839,,1288,37,,,0
13019,'1152603',1339,,1289,37,,,0
13019,'1152985',1341,,1296,37,,,0
13019,'1153202',2139,,1297,37,,,0
13019,'1153301',1141,,1300,37,,,0
13019,'1153469',1739,,1303,37,,,0
13019,'1153618',839,,1306,37,,,0
13019,'1153699',1541,,1310,37,,,0
13019,'1154058',1039,,1314,37,,,0
13019,'1154251',639,,1316,37,,,0
13019,'1154276',1009,,1317,37,,,0
13019,'1154383',1441,,1319,37,,,0
13019,'1154424',2039,,1320,37,,,0
13019,'1154456',1239,,1321,37,,,0
13019,'1154547',2009,,1324,37,,,0
13019,'1154651',709,,1325,37,,,0
13019,'1154956',1611,,1327,37,,,0
13019,'1155135',739,,1331,37,,,0
13019,'1155249',1439,,1333,37,,,0
13019,'1155251',2414,,1334,37,,,0
13019,'1155283',1909,,1336,37,,,0
13019,'1155329',1939,,1337,37,,,0
13019,'1155371',2339,,1339,37,,,0
13019,'1155396',609,,1340,11,,,0
