105019,'1184475',1853,,6445,54,,,0
105019,'1184709',1823,,6446,54,,,0
105019,'1184819',805,,6448,54,,,0
105019,'1184825',2301,,6449,54,,,0
105019,'1184879',1508,,6450,54,,,0
105019,'1184888',1005,,6451,54,,,0
105019,'1185176',701,,6455,54,,,0
105019,'1185212',631,,6456,54,,,0
105019,'1185498',1931,,6458,54,,,0
105019,'1185569',1753,,6462,54,,,0
105019,'1185641',905,,6463,54,,,0
105019,'1185695',1323,,6465,54,,,0
105019,'1185708',2101,,6466,54,,,0
105019,'1185894',1208,,6469,54,,,0
105019,'1186015',1423,,6470,54,,,0
105019,'1186061',1608,,6471,54,,,0
105019,'1186380',1108,,6473,54,,,0
105019,'1186477',1638,,6475,54,,,0
105019,'1186601',1723,,6478,54,,,0
105019,'1186602',735,,6479,54,,,0
105019,'1186864',2401,,6484,54,,,0
105019,'1186870',601,,6485,54,,,0
105019,'1186896',835,,6486,54,,,0
105019,'1187009',2201,,6488,54,,,0
105019,'1187061',1538,,6489,54,,,0
106029,'1184503',1009,,6543,5,,,0
106029,'1184668',1841,,6544,5,,,0
106029,'1185934',1726,,6545,5,,,0
106029,'1185946',1611,,6546,5,,,0
106029,'1186791',854,,6547,5,,,0
106029,'1186882',739,,6548,5,,,0
